148626978
124883789
65241685
39389944
76344414
92098430
57342876
83415757
153898239
59704469
61128138
61247461
51712800
121264594
49528066
24091042
154531605
25240818
76784406
26306737
133173404
115539489
103083375
80552106
77745850
56886008
152184591
156467479
152870660
163969390
17411412
100266723
49864531
31297940
84045384
47448056
148173338
135742868
39041119
134859974
6675678
37459565
42953110
76699726
59268522
84388891
160567998
104283696
55895593
106206226
81016582
45544044
115957974
129440551
133044664
46758328
103034845
86914363
132904725
21576053
96209166
93982845
122660988
110856056
101604934
79921113
143479658
102617120
27351885
63656855
32847815
19594385
114342923
159201505
119127716
31007765
62647932
12623540
136271143
40475362
48748125
31039009
78230632
43657761
121507908
154623300
126065235
128765713
86037611
99970078
57502669
42858638
68450486
95641447
36797867
105053359
34502618
39228282
7440378
86612174
