148626978
124883789
65241685
39389944
76344414
92098430
57342876
83415757
153898239
59704469
61128138
61247461
51712800
121264594
49528066
24091042
154531605
25240818
76784406
26306737
133173404
115539489
103083375
80552106
77745850
56886008
152184591
156467479
152870660
163969390
17411412
100266723
49864531
31297940
84045384
47448056
148173338
135742868
39041119
134859974
6675678
37459565
42953110
76699726
59268522
84388891
160567998
104283696
55895593
106206226
81016582
45544044
115957974
129440551
133044664
46758328
103034845
86914363
132904725
21576053
96209166
93982845
122660988
110856056
101604934
79921113
143479658
102617120
27351885
63656855
32847815
19594385
114342923
159201505
119127716
31007765
62647932
12623540
136271143
40475362
48748125
31039009
78230632
43657761
121507908
154623300
126065235
128765713
86037611
99970078
57502669
42858638
68450486
95641447
36797867
105053359
34502618
39228282
7440378
86612174
66854343
65507027
63446000
124218436
40343166
84247792
51968355
164797312
73304160
87843364
144724341
109684479
23411183
81614223
18695054
75190922
25611666
159937223
17257140
131112757
20765598
107361295
55100132
51370586
24769136
152305643
21352306
30039772
33076637
63661503
85396821
169354660
12509085
78312301
8146439
80454570
102989489
104181363
74409457
58379005
61305804
4991738
129692960
51135802
109666748
113268677
75016745
24636342
23140961
38859200
115055524
137668563
76695477
100138721
66245255
55562041
103416716
80845013
70936795
66703410
144175488
128182629
19683153
146084901
47163897
39322197
30856611
89602301
89435035
66114979
143587802
86778459
147229633
99353582
84907001
172503356
148619341
99664368
132571838
110721274
13366267
59364829
101186444
59849768
138667235
84077473
18121561
25693162
33854720
145392435
81517533
138573534
42566367
47424095
64859604
36792185
122143780
17678784
117231835
117546367
84448021
60918770
59337380
76631798
50701120
89499932
117989890
83800749
13606790
147033030
103886307
50889297
113796957
58751590
130187956
131031479
82376190
123487791
159721243
39219483
55615156
45016962
44358664
104852653
110557229
22613597
15201622
78086500
120357180
151674302
156413900
67698605
125612746
93785955
65113081
49772291
112771720
49652346
41552171
44151542
62457578
123835922
133178858
39159013
65784843
125621867
126617204
48780893
41668887
43913285
121122623
26529774
34291427
19285240
63126095
97534912
115407021
85150386
40670594
117057029
85848189
108590859
97529792
107157144
60957416
139960439
23629046
73812699
69934318
128656285
123650161
54273392
48815141
51591747
47980353
77001145
73043931
78606732
29551044
77922577
99644116
155867499
50407430
152321561
158972220
138449189
163999620
67372691
79224825
27790337
12376031
47202026
66724211
28011974
169403417
42095978
81139052
117910562
139446606
59820721
84652921
150107857
138665622
44435272
55308600
23106417
47112444
144349219
129478991
13305673
24620001
190551391
83078436
151649187
80218541
43742127
92341462
112262343
7321382
123332425
115444239
168048919
22341851
12164770
69717277
20898915
93804908
81597353
90076262
77465915
85319812
98648196
27173325
151890436
109213119
102781508
110310397
100959087
45355391
91958110
44853103
119423075
50444974
42777111
125213758
26426801
50755861
39239643
122109923
103185802
5468120
42484625
95289801
53086125
136253112
137650387
89832368
69935766
30513449
97210724
75989144
56987370
147883746
42866199
147202800
80106894
51128343
107260773
4119694
64006643
42688821
119642484
88929585
104488668
29219535
162224133
138820593
48033697
52765231
67827068
26997900
58772205
146728382
72523036
15005904
79886888
47876675
45655350
19584974
140209484
64149102
183750629
28187309
88437852
56563669
124418762
76265858
83406905
29086006
41506302
82916295
91936778
146807440
24702357
99181827
87954416
142910895
126052496
126966634
112277672
62478147
43943978
132268892
67618569
81235569
124578619
36622006
161511262
109255150
8957951
129792397
85968374
11396594
79198278
124378556
87859986
66145179
143532890
128138431
150473105
99260286
58575064
156097960
115924636
31641771
86452167
27855301
149648958
116143553
68441024
18894830
67356097
90278425
107267529
109845413
139717616
141888455
106650743
45296411
114317368
92286391
35955370
44256908
28316603
80138059
63690785
51759842
42855183
34956773
56513082
34688525
130943755
168893890
157031320
18565555
20209925
86805387
23059343
107510191
94977424
41856229
88980272
43904406
126566611
8950555
65079110
81858507
56058337
79424369
136237552
105872578
42414539
46210219
162839095
98277888
112587935
88477058
143616447
143461140
49976528
39170048
111944333
154638842
69273746
26176603
65281270
67555051
24973115
44508845
99073035
170383833
121133165
12953178
119798224
130644256
131862802
17270857
56758768
51855084
102945640
25360714
150233468
102674437
16668656
81437764
47195723
105084212
22193127
170979206
96000598
136810420
84827696
84836059
90748728
68191385
143087294
73620980
82872200
81548165
36494296
67995300
98844840
66321726
97168305
87159122
44113431
44549218
35848381
107372709
97486973
49891647
84241848
144250412
106947332
76233895
65795944
161553591
126979668
21083157
26689540
53524570
66042962
34705271
74633379
31874051
77928507
41547108
115606048
159317191
98104904
79671827
45939802
148342636
79476761
127783386
60752899
107540195
157414311
47559494
165983498
91466945
108607259
63080348
86616235
141632465
135645966
21295987
30507292
124601229
78475419
20621173
7716087
91863620
112849188
111315059
36086222
45745127
130552029
50516835
176233627
19876078
29220828
166475072
59058000
165814238
29635114
74313494
112494323
52976471
149236250
88280209
138534692
125037886
43662787
68340330
21199602
93959129
135342539
77947228
24395003
83342238
80900800
117660426
65787068
51937941
172389917
139556909
103414633
18145590
74736484
36108874
112947197
97882220
102504047
42915249
27094377
90125374
75385275
147877154
17792680
70191722
53334233
86236284
111714194
83125423
136013178
25216795
68482501
79979126
80109951
105288218
115858557
185224819
111168679
101493060
24205034
86309021
18991135
114591883
80554277
85888390
121129168
91324625
77908766
127016724
162368492
118918471
150037763
27008925
44023466
97578789
120159409
106966053
44221535
107300391
88511658
61994360
99433624
64045246
158240148
56124439
163373312
42555663
191135320
105137270
82526266
81619401
20728402
160027198
121173851
129711018
89178151
121416936
77333981
61462418
69330352
76102565
114986461
58295952
29978118
74557700
174791996
29943880
148103999
41274664
49504957
101004770
44268376
71722451
75493616
100028519
97230847
51984628
168718873
113637158
108750631
100789045
149365220
152925169
83762346
52678172
141814751
137095815
108453023
141191031
44327655
22694265
138674720
116178627
85509331
92857189
127967773
65381267
45912756
110621072
118482690
93628002
11300179
100141910
76995304
39387663
85049482
98940698
42145196
112010747
82475670
12979952
115889582
137645472
63864440
119088826
39335594
116699708
82596227
121379290
86739722
61398531
69156796
87519074
63084335
102491857
137043590
17019402
135310065
156824893
81259723
89108936
90817179
44655740
82649258
99324486
176694074
58928718
128342570
44254304
127141041
115573000
19856241
70786877
103810519
74538207
22789243
33914238
65973171
48621265
71034301
22406264
79310160
77015016
144343318
108244350
28516444
7869033
57400569
149630594
46453603
142207493
85810404
84353820
58505639
117294071
86979243
82767554
107154599
85118743
79722763
24211779
178006654
101407360
94721419
152743957
82558390
138922815
98138791
100487494
90773621
144659477
85494186
135441915
56907169
29070130
101264014
136541415
189145429
151925593
83341768
91441878
48404232
69030537
49118841
73423929
87034678
130790142
47295620
55094138
132716800
63543566
65389241
71697039
47080286
63781993
131470273
31400620
13075435
153619671
79060337
39191629
49227166
173796795
106435400
96147601
85362080
110893353
113984731
124540916
76501514
139321686
109527480
116097566
74101279
143839615
77004849
37278839
149655308
44287520
141410342
26992811
149445546
71305377
69739162
83102510
47834023
47868202
113502476
71599860
119701070
20429255
42209515
120015579
66820792
47940822
42778294
112743302
45445568
85809020
55010862
65352380
159188264
93733817
148341684
52073021
130689780
26265372
64667290
63018434
84470980
91593528
168773886
28428630
26698051
35446404
65736324
43273162
54274725
23913809
94851647
162072801
66485912
55503884
67757236
35462030
124909530
26394533
165807976
53327901
69315838
112702765
45192992
33796645
49965727
191225608
30713062
74559942
137651691
169825723
52131741
26125541
12277280
63815041
162731076
113373743
21535858
4648372
107921211
146457852
123343920
21784806
58030008
100126495
95631921
103601900
60303576
135070089
22997607
54717447
93737928
67749870
16267579
48351162
164791358
91885951
139946125
73658976
24008241
40673210
145738990
25068666
156791230
59326173
122911217
108904679
121356396
202917957
120023816
78449479
7751209
101046448
75541478
95732739
139892025
89036100
154533945
18160672
141461424
68850512
77723830
86347683
119711886
44899513
33406549
116439990
61915840
27206881
12505829
85038772
87486900
64215911
115349232
43631950
71045069
142186263
164311497
78178318
140600948
113867601
80935948
105606568
31304153
77596304
48132392
37981870
16844281
188664693
158294317
67771007
16276226
32233735
43107867
23341780
118227253
38931187
100886430
60091024
60308869
119752156
53267843
109340441
136905414
103103473
101281205
147021442
38392635
51576317
58671784
168460032
69341706
57245844
62959082
151550724
103166856
44109460
135389882
13387241
63211731
44858056
94393567
128759662
100720418
130016739
131258297
143490929
67424618
75015854
46818630
15811796
51192983
93304924
89234310
148615460
53994929
153334265
102922632
32209212
30230137
37080044
98163290
28351238
85995249
81791396
103408434
136209206
54228268
53354678
66599456
85699588
112425188
134967121
97472210
43982171
107341544
119283703
131761779
73660378
75586899
49740339
86656040
19108669
14787544
124437779
92612657
2989013
98797171
111861915
139700658
20347042
79127843
52276901
16261556
46886965
120395637
100987118
65859986
48923544
96225674
43462883
78427904
132924246
180360067
3604918
73509058
154958505
63049943
68226433
130280398
64617305
98090737
22749282
47228412
25671055
163402424
89646204
128698431
4615146
50985135
138025996
3249940
86093829
91288741
148455397
29935927
18099698
42899093
76079575
66062131
4237231
54121239
60263370
34857892
46749599
104162905
63548613
155304396
136617958
46173573
131901357
136947050
153000451
47776220
97939468
62560188
54827184
56059692
45657473
61333602
60924237
86126455
18088124
70571682
21005203
42668745
90440043
13506207
96460542
25319190
80112208
134438118
138696951
98789412
114447989
85026912
92870145
59330984
50823443
152603679
45049266
93714551
111741848
134021538
88269749
133771181
135026410
12733579
92726188
89069038
149941198
29005900
118990453
84113345
116137420
134972507
51793754
26475061
35753654
136203767
52614244
140248027
85930696
161195904
143531191
22800804
48597213
