35528449
35683712
35783455
36282651
36320460
36536535
36543882
36671341
36677975
36728909
36981939
37103787
37108363
37204730
37211217
37239685
37245970
37351512
37411952
37856305
37955579
38193534
38319196
38462963
38470547
38617359
38759684
38822982
39005782
39053680
39073037
39177408
39258466
39274996
39355485
39468769
39904509
40037975
40083203
40382040
40700531
40781083
40785359
40907048
41110668
41173328
41471858
41500898
41559154
41562091
41640760
41641446
41659396
41766404
41868892
41983871
42056751
42228153
42323825
42371718
43095187
43124589
43155146
43295826
43357683
43498465
43504547
43545330
43593516
43895608
44030583
44281979
44382889
44384855
44472697
44523073
