2989013
3451889
3711475
3761543
3996199
3998778
4177456
4184048
4529613
4540627
4551987
4711464
4743317
4841225
5001386
5170597
5171405
5223124
5309098
5457389
5596338
5684822
5735183
5850599
5853211
5944855
6228659
6229050
6288568
6459009
6540885
6649433
6652352
6898644
6938150
6973953
7004217
7129594
7145399
7205628
7216534
7247513
7408972
7415047
7763429
7948200
8089826
8146439
8957090
9912240
10184429
10980111
11043282
11542679
11572052
11574860
11609751
11686232
11854386
11888620
12069799
12275656
12294699
12303734
12305162
12335782
12365109
12576180
12578570
12680336
12681136
12707236
12858554
12881656
12892487
12907723
12935541
13081316
13120485
13178476
13283331
13308441
13357531
13398178
13400955
13756317
13820966
15365756
15462545
15512180
15637489
15808282
16076550
16248886
16259428
16282438
16320244
16558486
17095978
17173852
17394143
17477493
17540621
17554903
17570082
17675276
17962853
18041181
18149139
18165499
18228637
18282573
