18428975
18637200
18798960
18961161
19012269
19048316
19049995
19066217
19103440
19164077
19195574
19262964
19268390
19388315
19438265
19451624
19461871
19626797
19655348
19660397
19767826
19846520
19920562
20046136
20100595
20152977
20183091
20233959
20315041
20431125
20541066
20611178
20661174
20665477
20707394
20899424
20946384
21264151
21492095
21796279
21834967
21896552
21936606
21962449
22009300
22077539
22110077
22158004
22290139
22368397
22371149
22417226
22616458
22635718
22636981
22724502
22944771
23043281
23342383
23437456
23484968
23915479
24173832
24305231
24364410
24554665
24606091
24693101
24716495
24779164
25006617
25046898
25067296
25093741
25143139
25376737
25401480
25473139
25480268
25728317
25776540
25940831
25992030
25997863
26052203
26052855
26056025
26133888
