119768480
120007543
120127130
120329536
120336870
120480897
120791775
120876474
121431359
121618695
121712645
122109923
122120899
122169422
122170912
122173091
122284799
122311501
122404354
122461278
122656995
123144255
123185948
123403220
123448697
123819887
123838912
123925978
123941420
124061361
124091112
124102086
124512308
124993486
125054288
125081712
125951152
126045824
126122911
126206676
126311145
126546057
126566611
126724674
126773303
127142040
127274972
127362169
128118075
128180286
129046399
129406412
129676352
129917766
130021254
130146007
130319192
130628122
130757102
131340844
131558399
132100829
132261048
132739328
132901458
133050162
133802668
133805452
134194377
134716493
134801711
134810401
134882703
135211118
135317816
135517968
135665856
136054646
136185426
136465178
136513951
137008341
137020164
137320547
137393780
137544295
137855498
138143632
