87160237
87205959
87232827
87278608
87454344
87514437
87618155
87829039
87923215
88101692
88459512
88477928
89089564
89113894
89122637
89170242
89243682
89250075
89524661
90242498
90459827
91991329
92102930
92135511
92664011
92703051
92708385
93143200
93424489
93442785
93752633
93849186
94015995
94152386
94732415
94815284
95251516
95294055
95643914
95670619
95924902
96163203
96921981
96982601
97594009
97778981
98095952
98171642
98999613
99496308
99500243
99541856
99846813
99864909
100031810
100230624
100323410
100770398
100869330
100940730
101046540
101114124
101135732
101183116
101311142
101409490
101466852
101642286
102068486
102130324
102134251
102362755
102420753
102439347
102677955
102832796
102958670
103056301
103140572
