103475983
103513484
103542070
103561203
103881457
103985019
104283696
104395027
104417476
105109271
105432370
105674930
105699888
105790829
105853229
106081911
106283079
106359300
106420264
106428149
106636694
106640794
106791221
106828376
106832751
107110361
107114700
107304173
107659128
107698992
107765934
107814679
107886260
107911687
107937771
107966955
108248910
108324489
108360102
108380563
108570443
108575610
108628681
108658436
108723980
108822037
108847657
108870159
108883847
108892884
108925625
109046025
109048133
109201904
109255150
109409744
109474837
109584217
109604551
109621206
109716198
109808478
109830574
109909654
110068929
110171500
110176474
110182261
110184159
110270640
110856461
110867419
110921947
110969131
111027926
111040225
111138455
111153234
111182814
