44862779
45080945
45112359
45241950
45407841
45429622
45487896
45495271
45924794
45967132
46063881
46102681
46114457
46150946
46153362
46154315
46292524
46497771
46663519
46815750
46851671
46853690
46885266
47092802
47116045
47120026
47200167
47288257
47344086
47614870
47687653
47710686
48142274
48196728
48259676
48269194
48288897
48461754
48488576
48539648
48668307
48856591
48939182
49305923
49459902
49637569
49804847
49910448
49933331
50030851
50040277
50486371
50599974
50925957
51817757
52024955
52031220
52130555
52335597
52357284
52531773
52703052
52786526
53093778
53163969
53254472
53547558
53732048
54349157
54981422
55070682
55414299
55484155
55613753
55957757
55981177
