26339967
26402497
26489509
26512787
26550021
26733806
26865681
26983725
26988155
26994461
27010643
27054184
27102442
27472376
27588506
27838906
28014040
28023575
28068025
28094302
28228810
28230618
28984573
29066611
29188066
29467656
29974565
29993114
30014390
30074655
30076786
30246438
30354824
30364515
30594805
30676246
30748893
30964758
31109289
31258415
31359143
31387866
31468002
31630530
31769186
31966972
32051077
32113543
32425368
32643072
32679975
32692540
33072098
33081595
33232610
33565854
33931186
33949164
34013580
34020719
34304433
34316062
34619278
34924301
35196184
35249545
