198481517
198499744
198515491
198527671
198693161
198729509
198877305
198935862
198949920
198951746
198959234
198964247
199040367
199340395
199353450
199360878
199410802
199435598
199435750
199512440
199532912
199538487
199557906
199562728
199618902
199662000
199753464
199767695
199807885
199813835
200194160
200297817
200346955
200427817
200434263
200505206
200529062
200546031
200552395
200604078
200686916
200736777
200763877
200764350
200864437
200870950
200886504
200899236
200945052
201089585
201090434
201147752
201296869
201298873
201483891
201510124
201552713
201642101
201815397
201834941
201924916
201939976
202055331
202072682
202143566
202154964
202197649
202355309
202402996
202436630
202457491
202477493
202521174
202628158
202632466
202662821
202680423
202764431
202812941
202852502
202856088
202912261
202931448
202987572
203066796
203143463
203213902
203218100
203354441
203443294
203452522
203568756
203688371
203741425
203821750
203860168
203940251
203945627
203975197
204002740
204039053
204072023
204097318
204102890
204113576
204114058
204167690
204203977
204209036
204248139
204250938
204306820
204372535
204520719
204563165
204631076
204834639
205103942
205116366
205161019
205268770
205485490
205520695
205609610
205634970
205668661
205778617
205990058
206126856
206155112
206197799
206418326
206586103
206764436
206835749
206856090
206961252
207026278
207066408
207135894
207145432
207180693
207200565
207221051
207302377
207328694
207340362
207379143
207427126
207538040
207566269
207586360
207640034
207641468
207644227
207744505
207811811
207899285
207984779
208134533
208138112
208192885
208366116
208432355
208577078
208614155
208731096
208806210
208840253
208867623
209065787
209163487
209168226
209221502
209367161
209456165
209465705
209497055
209512609
209578250
209603046
209623778
209695552
209900864
209923875
210001799
210142585
210150744
210211009
210237638
210268520
210302240
210530009
210534504
210838871
210853890
210855137
210936735
211157441
211160164
211363751
211401849
211466237
211601189
211632441
211681161
211694136
211711289
211716701
211759737
211999945
212007207
212162726
212178983
212195752
212298057
212374392
212408320
212699574
212859684
213100920
213124896
213189413
213208801
213272895
213368546
213489563
213803785
213823397
213892133
213909443
213946528
214012738
214243265
214292251
214304926
214360060
214416316
214546360
214819551
215081881
215209251
215415842
215607129
215638044
215688732
215887297
216065191
216135268
216186408
216277948
216310532
216329506
216351906
216739262
216893603
217019838
217061158
217141154
217141349
217252733
217272896
217321628
217475836
217879427
217883329
217931199
218011900
218020450
218118588
218149541
218152644
218367747
218514274
218528868
218794781
219500996
219528413
219800604
219933954
220297956
220337179
220452862
