27249671
27196878
27130733
27089582
27059919
26966294
26832589
26828356
26771095
26725089
26679192
26659854
26621633
26603520
26598976
26549269
26534577
26497994
26489470
26428193
26420793
26410744
26227305
26164592
26111612
26109402
26086957
26079387
26074189
26074105
26055901
26055728
26044953
25954173
25866950
25682021
25666149
25655853
25640588
25476151
25414977
25347303
25310516
25243644
25179820
25155226
25143616
25124981
25099968
25085806
25021130
24988031
24932804
24844590
24787564
24657971
24649148
24638063
24632178
24417399
24370483
24340520
24299421
24199131
24099546
23950957
23931944
23926612
23747106
23694411
23690462
23663704
23607123
23589216
23540895
23386558
23286457
23249114
23245843
23138912
23072526
22943946
22942221
22885451
22834832
22815629
22744899
22743483
22702611
22625333
22519679
22468104
22453141
22434669
22413206
22378281
22342778
