22237713
22232411
22120590
22088148
22086296
22077725
21963608
21955424
21925406
21898140
21817775
21789489
21768742
21710816
21674156
21669309
21638152
21590153
21520532
21484327
21442256
21378553
21329819
21225833
21176968
21126721
21106723
21058576
21009978
20987359
20949459
20846133
20812747
20794381
20789912
20786850
20726142
20688408
20659072
20578781
20560621
20484858
20457930
20425639
20418536
20395978
20393185
20232197
20188538
20112200
19986647
19979497
19844777
19824911
19822364
19815156
19730986
19688953
19658291
19647895
19584622
19580017
19548942
19506266
19397143
19384968
19334092
19313080
19307338
19160910
19122925
18974085
18913903
18909825
18908927
18781458
18757828
18643519
18628241
18583204
18353331
18329721
18177762
18176098
18148116
18090106
18078211
18065092
17965904
17949951
17934599
17906799
17866931
17839814
17619672
17568766
17541050
17524917
17425528
17410979
17302277
17290305
17162508
16949643
16946953
16935529
16824459
16773922
16722483
