88374962
88277661
88268706
88211370
88184510
88123324
87836043
87619139
87616804
87598193
87553029
87541564
87537892
87417304
87242348
87177961
87161915
87158154
87126025
86760613
86756581
86718592
86685997
86636635
86268389
85978981
85958235
85928442
85436060
85408090
85139241
85133530
84882214
84801037
84658517
84656743
84572396
84329593
84208712
84138328
84106873
84103340
83890486
83880024
83828600
83742904
83564007
83250568
83234220
83127794
83002007
82949240
82928696
82917360
82909208
82901392
82710936
82701816
82700280
82548439
82535224
82510822
82490687
82458696
