168947314
167747441
163969661
153392504
152228755
147188252
141381613
139773769
139255610
134801711
133803748
131558399
130757102
123523640
123448697
122173091
120729000
112303481
108041415
107363486
100323313
97242625
95375416
94943102
91688206
90761804
90344483
88398494
87929787
86783217
86735962
85700315
84083528
72715738
71727771
65424092
60698036
58173297
50570047
50372986
48982402
48115397
41001449
36286302
32005240
29793318
25315430
24231728
22834323
20221845
20053382
18342563
17612164
12786824
11850059
11720343
11290466
7484376
5518811
5309098
225468868
224607973
223400355
223196705
222864379
220943867
218367747
217470202
214416316
212567160
212385056
212341886
212298057
212162726
211089573
210855137
210720539
209663615
208731096
208475650
207399773
206153095
205990058
204250938
204039053
202987572
202424381
201210504
200728322
199040367
198778790
198692393
198579852
198515491
197902174
197798510
197155776
196783364
196539372
195641778
195555871
194367986
194079485
193687977
193022252
192979936
191877218
191550574
191290331
191111453
190189099
189665831
189313346
189051475
188798639
187991706
187365109
186451854
186043826
185981020
184810559
182799109
180242470
179633184
179608183
178983337
178940224
178870871
178289335
177969693
177524074
175685993
175303882
174968928
173463405
172392363
171224378
170614014
169380985
168326353
168256082
167806390
167448435
166528880
166332350
165274994
164630513
164237504
162500604
161690737
161353201
159879566
159032577
158240148
155942737
154353015
153340846
145292246
145253130
144331152
140172107
140044226
138228477
137570360
133761208
131941405
130303726
129046399
128276959
127747454
124642388
117070933
116430591
115981771
114728053
114303868
112325430
112220707
98797169
98743435
97636571
93340217
91931872
90278644
80678922
77485041
75033587
70828262
70542554
69793408
69714800
69290972
68168505
67502888
67167218
63713898
61393044
50891388
47622523
38324679
27286218
26019477
24289443
22068480
21477791
21044386
13912066
12981752
12383245
9191266
5919526
5600243
5011409
224732830
222123196
213252600
209937501
205361643
197266181
191851298
190868547
185158898
184570757
182432456
181720885
178752459
178350804
178006654
174111976
169897982
165993926
164587696
160087157
153405388
141147202
138617880
137650387
122948957
122148490
120428271
120007543
116132152
115659840
114326934
113142401
102685097
101797034
101102026
97030498
97012328
95500488
93425299
89684754
84977612
83787243
82011087
79301387
79010541
72936396
70609423
61513470
59577504
50755923
50723538
47994172
43602371
39452523
35715106
33684750
33269820
32894368
32268795
29719299
28219127
22309204
21613028
20442112
19240830
18948425
17143387
17133494
17102320
15206096
14605769
14342261
12142580
5596698
5223124
229239964
227529660
224183042
222824035
222501378
219527842
217877573
215723330
214678041
212007207
210797915
207686296
206697159
205331787
203143463
199779888
196120335
187869882
187824189
184706690
183878298
179827445
171430642
169214342
161766943
160851136
137491367
130788461
123890630
115999854
110510328
95747419
95269929
92797799
90815925
89740983
84039193
80823886
79655947
77016847
76966964
74755080
70205573
62699708
48407184
45473106
39884873
38740554
36699221
33060127
27656181
27160439
26354467
25039667
24790497
22725171
22602110
21848226
16252392
15359842
15087827
14271680
12860878
8275431
6646888
228147874
228028962
227050302
226978623
223439935
221925894
220149670
219933954
218152644
217475836
216993788
216247685
214819551
214565883
214454396
212699574
211601189
209732534
209221125
208408136
207811811
