75284247
75247144
75082806
74989980
74571717
74503764
74473318
74438610
74271259
74268584
73920728
73510056
73461235
73445434
72919515
72636363
72233614
72199508
72070949
72016296
72008501
71842526
71572380
71419563
70819099
70496490
70074805
69852339
69845402
69681790
69480107
69460682
69422384
69389970
69139342
69030090
68723525
68602268
68590077
68573138
68406902
68382126
68349074
68060076
67994805
67923412
67905552
67611462
67396460
66874011
66704180
66618876
66518866
66508492
66440150
66098720
66083495
66036378
65976524
65911438
65875791
65851643
65710986
65602709
65417336
65189750
65163955
65103429
64907151
64630194
64267947
64258570
64257125
64251935
63985543
63731262
63641679
63640490
63608682
63525896
63321559
63227262
63108974
