33190400
33072239
33044087
32518014
32495873
32485091
32483169
32311516
32272953
32264069
32170531
31982250
31915706
31882025
31638702
31610423
31493285
31206331
31198595
31157381
31081854
31079298
30969523
30944740
30942976
30888482
30886261
30770961
30697138
30692133
30646295
30628960
30210622
30128486
29984444
29958851
29830121
29762213
29660209
29561165
29547745
29476797
29386357
29367801
29341934
29339580
29299163
29244299
29209326
29202680
29159311
29103043
29099218
29059980
28840104
28795571
28703175
28620798
28610238
28514999
28491546
28468526
28430840
28416266
28404418
28398067
28394561
28350804
28333529
28305285
28284194
28222510
28112382
27905167
27892796
27874031
27803401
27733661
27543698
27516866
27461050
27359042
27352083
