7500418
7487109
7471530
7465268
7444596
7228243
7181415
7142590
6945020
6937396
6929989
6706989
6682777
6675193
6555179
6461177
6262449
6213780
5802581
5787316
5112852
4781165
4680000
4595210
4583743
4463179
4283466
3865831
3677321
3317837
228862880
227599870
222238497
213823740
210237638
202192389
199807885
197138613
191233153
188674755
187688482
184965077
178531030
178229589
177436896
172659128
172025599
169041176
167918147
163221854
152582661
150876354
148246328
146670844
145649495
144957312
144436271
142200602
141737151
141529099
141505788
140257725
138696951
138545618
137020164
136004444
135838490
134536029
133642963
131539350
129406412
125738996
123750287
118929795
116670018
116319330
115699853
115627268
114912580
113614434
112895954
112405703
112099815
111435935
110870882
109874628
107695030
107489238
106116716
105973561
105677143
105392193
103930984
103745389
103264746
103085677
102283053
101380323
100977239
100658461
100023618
99986190
99402819
99169861
98523314
97990051
97409920
97313682
97263235
97198753
97019859
96761054
96315698
96141477
95021629
94233920
94185186
94062023
93689152
93609514
92842265
92379042
92059194
91580171
91320203
90781837
90550751
90120640
89560681
88982394
88899839
88587296
88106044
87892347
87505732
87490782
87272091
87238481
87226455
87160085
86892597
86362831
86276786
85653818
85627316
85614122
84606503
84075335
83979176
83705706
83674157
83584073
83534964
83333907
83307656
83134415
82672963
81678291
81274642
80739187
80103573
80021897
78984300
78779820
77655137
77391377
76822569
72972868
72735210
72707477
69774955
69748289
69425278
69168589
68785187
68431962
68101699
67582791
65904357
64888282
63760112
61401978
60389828
59077171
56789271
56699002
55440327
55064984
54136967
51052796
50880331
50720377
50576930
50045351
49617858
47551014
