41744045
41527198
41526992
41520185
41475278
41368131
41243134
40994945
40522590
40371199
40312892
40263694
40216448
40110639
40073119
39976237
39956828
39909671
39896825
39659835
39274619
39243015
39138836
38946747
38828610
38746493
38698804
38564046
38563664
38559212
38362243
38337640
38238506
38105064
38004165
38004053
37968926
37613189
37612135
37602123
37551236
37399077
37226480
37173715
37117083
37050270
37024038
36781196
36655974
36560571
36525903
36487914
36353981
36117576
35993234
35945209
35847147
35788027
35750993
35718336
35692415
35677911
35628657
35626537
35618609
35575440
35574672
35464621
35251473
35196628
34979388
34944529
34909514
34882319
34859744
34859488
34782419
34637761
34518556
34465595
34379854
34355679
34131053
34026541
33784108
33631856
33614895
33605785
33593552
33591652
