51687398
51487234
51181401
51163666
51030873
50686907
50625283
50061274
50030034
50005862
49764624
49752488
49639124
49580194
49470544
48919502
48712188
48453031
48451381
48449531
48401386
48274400
47599879
47569757
47208876
47198603
46703282
46629820
46398322
46374023
46325114
46272506
46230890
46178258
46043800
45710076
45280032
44970073
44848446
44796661
44774476
44769369
44733547
44378754
44285440
44256632
44189823
44187698
44093768
44048830
44038282
43975432
43935406
43639978
43476070
43257221
43250926
43189366
43091189
43084544
42963588
42882791
42580894
42518970
42472475
42351984
42287665
42209141
42192725
42010242
42008430
42002985
41975116
41912307
41879069
