121515525
148988648
26565438
25082229
12277280
68687731
90773621
124909530
119088826
95985471
103365572
25563761
29861726
124378556
106588021
137668563
56886008
142943978
43392963
136463916
78334435
77922577
25696856
109684479
30264062
149560876
103416716
50149761
101966602
88280209
99433624
63815041
156730679
72287001
88440174
93167499
51855084
26928024
126471445
119642484
165884636
29664645
94335129
27229927
65261531
90440043
34904758
24424958
126052496
80123574
65787068
5468120
91820303
24991667
31290781
78449479
114943408
34823807
42166501
47834023
28331708
26559771
141814410
182174186
46699960
25962215
138449189
62888518
112262343
33080853
142093054
110257377
29426880
154742338
98844840
27394763
119318569
109214006
26085805
20881237
49772291
35956977
60308869
142909294
113141288
96961690
28620645
105084212
49652346
133633162
45544044
38327529
99353582
31459697
138742177
53352337
86979243
104162905
117546367
157133282
4615146
52276901
56059692
87154828
32069635
112010747
80829933
53669063
107650544
25770863
31050055
89069038
84483443
65507027
116310998
87543161
31665991
68294154
139700658
86236284
166475072
103601900
174436732
67698605
51128343
45276464
45655350
130187956
98063729
26768452
128342570
82891376
29612537
35084587
79152548
125612746
147673134
84294143
75695224
92286391
62560188
45192992
196053304
165807976
45957582
30643341
127283963
108185688
34604593
26849161
92612657
42183930
26590201
26100217
33914238
32662783
188664693
86540884
44109460
32253962
108590859
70606802
130644256
155065844
125924870
13387241
30497246
161327415
83435005
95641447
146167653
65553558
132268892
97534912
19683153
158587964
150473105
66145179
26689540
122607065
81791396
42289691
115055524
117744105
191225608
86165561
150037763
80859381
106328699
161796825
130722605
47424095
159317191
105857273
24763916
144946995
169825723
34453617
68850512
65485271
34688525
109789539
91213057
111761487
81548165
79671827
29873925
124119241
104616864
159201505
94063396
71044803
72900381
144553740
89234310
130824445
31495330
50823443
64189272
41506302
7869033
66599456
33406549
29050199
66042962
79198278
120215169
96393575
80218541
147865392
74101279
154531605
71646695
139556909
91466945
117337268
88929585
25780510
124260784
42566367
29082398
31048420
79476761
25152047
45180681
87993602
61398531
114153312
174704385
27016512
37913192
116200521
58939600
98163290
142200931
66245255
28351238
49891647
128601165
47401686
93733817
37766968
63018434
85930696
126455765
82760249
30713062
41558689
53842610
152603679
170979206
24397388
183750629
143167990
87990724
68709501
77567847
109213119
46898372
107925157
102311813
67995300
73976738
31198302
90076262
43251251
49864531
25570372
97681476
147039727
61922193
75016745
65736324
117833974
78021042
49976528
116229757
121782337
132555406
81623020
96000598
35706515
86162743
97882220
137521434
30616648
109186960
94960265
119306316
138573534
132324874
35848381
58030008
123487791
50755861
55524999
101113929
96185225
36327495
71494896
164128615
57311671
89738556
152870660
30565557
100804742
63446000
119701070
28233183
86643287
47202026
68694664
101046448
80935948
47776220
100789045
65241685
73612340
119127716
50516835
26100359
81619401
27656774
138667235
43742127
109666748
103396077
72283192
107921211
31673895
141461424
29005900
168925692
41750472
42209515
93551455
126641077
106208777
27421167
138541984
51370586
43484606
55201564
27641358
70936795
91155106
48544670
105440199
30577951
67555051
136234968
124578619
74748347
144175488
85076647
31092627
80974133
110496089
53563283
82475670
128510048
42103108
32526961
31875179
122227200
107061082
33991864
17678784
107341544
130280398
44834444
88924068
128766099
144659477
28044666
127085298
134859974
27646817
98765584
38535847
108881160
72308902
86026513
69717277
32169834
86805387
135026410
26284814
62696453
76102565
86907939
153898239
60303576
67372691
44899513
84183580
21968780
111990879
33527006
51135802
81478868
57556528
27535008
78086500
85605876
24688127
133173404
123536927
126996161
23140961
36065581
96395164
60589415
116699708
69304882
24401863
54270444
88612813
47980353
136692337
109249985
136209206
78346934
168718873
62426563
136542440
77386217
29820951
32965284
24520871
26276295
115188337
31633763
179552540
124883789
24864190
63030730
25607483
128656285
151649187
42710287
90748728
42858638
50889297
98138791
32697267
4119694
28517698
149357652
26306737
52557602
15811796
33325479
27703354
36360792
26466683
107611037
100159204
26365267
131668187
32587929
8146439
28992517
26971055
98789412
26536946
38979497
88477058
106030011
98648196
65280757
29613993
29408744
133902502
24831686
42880022
101004770
130689780
152321561
55615156
109623916
68266003
139960439
139200497
53629855
61479698
25683640
26800577
83415757
131293021
27765484
113405823
116439990
11300179
31697541
93334782
29125065
3249940
48351162
37033580
85494186
142325955
113914485
132271649
122143780
76501514
83102510
103166856
118189580
45912756
21576053
85995249
80109951
92098430
74313494
29392289
148103999
69030537
108244350
63507537
29551044
12623540
107155687
28943462
87843364
42899093
41647697
150110622
26065453
88439578
27935939
137409545
41351266
36792185
74083143
131668921
138187462
27227672
105786753
28979902
115366387
81774000
24802649
30522416
77723830
51874509
30375967
53413938
105053359
75582591
34385379
130908894
38711611
12376031
12164770
27345780
43186131
32926638
113796957
125082818
36494296
48815141
139268077
25857893
125430778
69739162
60973870
45355391
98253072
27072189
47195723
129502582
83574764
75586899
32792457
45307764
36797867
30664652
83341768
163844133
144349219
59704469
27484791
139946125
50444974
51968355
70786877
43467487
74633379
27767946
100959087
59289814
35462030
51660353
42250190
48923544
164490373
102491857
34492297
113605562
103870653
50771318
35446404
121129168
54238347
126014397
98029852
25284195
24639200
31039009
62342040
62882359
29801892
80454570
168460032
136617958
119423075
138696951
53086125
42555663
36013859
32966214
62983733
126623363
27516653
47559494
129140802
102126435
34400277
99324486
85150386
139661416
73957810
33257789
32106157
24395003
119711886
66724211
129445769
32122095
30386034
120153149
43305726
42005263
97578789
93172577
35861868
35712613
49740339
135070089
47876675
45939802
104488668
114986461
79424369
68226433
26975647
31407113
27964471
136905414
69156796
64998367
91292372
83342238
24702357
27592555
27790337
155769662
58505639
96241879
99664368
126566611
121693122
38837925
31687096
159495548
147883746
139039214
23341780
36517109
143839615
54823226
46453603
189145429
135010534
117413130
50778919
45178431
66820792
95631921
158271005
56987370
55503884
51843970
7716087
102922632
81448785
26225322
129692960
63781993
156097960
64617305
101101931
74394095
184585709
114029800
13305673
165814238
83683106
63690785
173339904
35341714
59326173
121441517
27317444
37363985
91324625
27272593
111750156
82872200
143531191
45213882
24559762
27969429
154460932
146117452
31983312
26509276
34776458
56563669
101070794
85888390
45049266
118918471
26265372
28689240
97168305
122169051
107050921
85118743
113091338
101281205
102989489
56513082
87668506
86410106
29220828
98104904
92073125
66854343
93714551
55010862
111714194
108480789
68441024
79310160
112277672
130237142
110004139
56846395
57444227
60103693
143616447
89499932
34885578
40673210
51759842
84818407
44943767
94393567
159188264
69227232
46206803
53886238
27786335
71538080
11396594
56058337
92924422
75288413
35788318
25125912
117231835
23059343
49504957
80138059
157750855
25284976
151258179
67441009
39240284
106435400
35443066
140914860
25433044
28106058
53354678
96668100
83406905
165983498
25694354
90442006
125037886
34805524
90817179
69559716
89343942
148173338
36308526
80845013
31963203
87653743
162164090
32400643
96225674
26681096
38626704
26125541
44858056
27855301
101279124
133044664
153710207
35588720
118223006
107267529
53254134
63049943
77015016
87859986
51549038
25905339
26475061
135360459
148341684
126617204
146121975
39041119
75030710
133642545
28661694
57571832
41298791
65784843
20898915
143705931
60346028
30069625
46672144
100138721
108637829
166735807
74557700
149648958
17270857
26529774
134967121
125859563
93697783
81597353
19594385
115407021
101331330
118482690
111944333
32543711
26064238
30834165
29692950
41492397
47905672
37157557
117184317
111741848
43074130
148342636
66827505
116178627
108560898
49491922
146728382
107300391
148358202
135817929
74538207
57153823
176233627
64336452
24470883
105606568
58772377
59337380
39389944
38534523
43662787
29343750
40343166
154533945
83508185
114317368
27742785
109680550
27127827
30911611
12505829
79127843
86452167
158294317
98277888
24611252
34888322
77947228
13366267
114796126
52976471
68137668
114342923
76344414
48354112
52067766
158577318
31400620
80641878
77745850
78178318
31000634
89406876
145514834
136203767
31733345
58379005
42095978
21784806
46419464
78301903
140960754
25068666
29407910
79898676
31316131
111678522
156791230
31297940
103975779
67383451
41232576
150546817
18695054
25223144
93543993
29943298
54273392
89646204
13075435
91288741
123332425
32395038
70460004
28699553
76265858
35140005
34502618
25677051
131113622
81259723
29354100
112425188
82596227
86093829
66150376
52799550
65859986
71814288
56758768
75190922
81235569
30513449
60924237
61305804
34155855
82376190
12509085
148209438
180330333
49388121
108080969
33854720
131761779
41223727
138674720
26973967
131112757
43631950
114937123
91196672
185174845
43241086
47080286
141191031
63211731
30603990
38185391
68923698
47295620
91863620
31641771
153223030
28516809
147202458
36622006
127967773
29429612
63625110
86126455
25247712
86037611
113373743
68491983
149655308
25360714
34108644
81666848
62333677
132560695
39207368
43943978
76233895
60918770
114447989
99181827
135441915
103408434
154853758
46758328
61862146
122911217
110014622
97529792
130790142
146084901
42953110
174752323
26914968
54477550
82748700
107361295
153849466
42143466
75180947
119752156
78559883
125213758
18991135
44023466
156751587
79555693
23411183
24691533
71543884
67749870
148455397
120395637
28931227
78079599
24636342
121416936
136758091
102781508
91885951
31003800
147777244
116143553
101264014
106966053
26358982
105957690
137650387
32891038
202734779
103009455
100886430
38479018
37602927
19584974
38859987
148847344
28228988
77724718
63543566
27890183
103189155
52678172
202917957
68019783
107601617
25216795
42866199
135342539
113984731
32744341
38541863
69876895
126979668
45371191
77403711
140323010
134784863
38666079
75551368
90036398
25380967
76995304
85476521
32209212
82767554
54274725
43462883
118998049
31735724
152925169
26698051
65381267
26340489
82280080
29133679
104852653
54228268
91429150
159406367
99064876
42414539
89602301
95732739
44133463
64045246
162368492
49385471
68450486
44508845
102504047
161195904
61128138
110557229
180360067
172389917
50407430
27418625
112702765
31185769
28187309
110112252
42406788
81786605
88272229
32043257
48153573
44151542
34149736
24639837
131832654
56907169
48078410
55895593
100487494
57151413
164311497
31479452
161483425
36108874
29635114
31007765
41602113
144261085
108910102
54050560
30271301
146613747
147562983
190779990
61462418
25319190
48338311
50376508
38569617
27956870
45445568
28222458
36933584
159937223
24861861
4991738
28872782
35078297
55383133
138922815
154325611
37306096
43085550
28290228
81647573
119283703
109290247
38466771
124218436
46267390
32233735
7321382
28316603
144046272
114973703
77729592
108763763
128045129
57342876
149091622
83839765
152184591
82916295
53524570
44657475
17792680
117855633
127162553
61791825
127948926
43507404
111541340
31391679
96838473
101233429
87303755
29951874
133771181
25814864
88549885
91441878
126380773
123313813
29986660
73043931
151529521
62647932
45967922
139659219
131470273
51712800
34705271
111192783
162839095
72164962
101468566
25397653
24660676
39170048
120357180
85509331
2989013
86087979
28807093
154623300
149941198
117553035
28356001
57099768
135082892
43615494
72302627
112920101
30039772
86656040
35041084
136237552
35427567
35955370
122481800
27849941
33525481
55548374
80447765
121249370
88210973
30697701
108607259
27722914
71653630
84113345
128543520
85819559
77096748
26271537
35684152
72308064
72523036
30388970
85362080
106206226
31709047
16267579
121133165
121939311
121264594
83130204
46886965
71264416
141634261
55964573
31108894
71697039
92233211
44413597
97856190
93785955
24757041
39230595
48609185
18121561
30310678
21199602
37278839
29219535
50705437
28938599
27221207
117057029
26241956
128759662
67356097
103414633
23106417
13606790
103083375
21352306
78606732
33347631
36944827
135742868
73509058
26374290
30235384
117294071
67424618
83233673
127335544
69934318
84241848
33317068
158972220
63080348
80554277
98447207
60153524
46248843
131611746
61818094
96772897
125621867
43273162
39303524
29672031
37840009
149236250
117299013
43183102
28701984
49839397
36588981
82409389
115887710
41688227
138820593
80487533
57400569
59946837
42216679
152579464
32012482
78220690
69315838
44327655
27433913
79979126
57676137
28155161
71560018
147202800
141410342
78475419
128202092
152334034
8950555
126966634
49710555
81858507
84476122
107540195
66485912
62644055
17257140
54150232
87130340
47868202
118227253
60089782
84776070
109033182
139446606
30921946
93620790
20209925
141632465
30930232
61759678
80822125
39495360
58751590
89669859
191135320
28262093
30835736
32921212
139358010
160125447
59046178
135090725
64006643
176694074
156413900
101743086
133650295
117989890
61905477
57083776
88085667
38754538
102945640
166107713
158535945
32111839
50771240
169403417
80034812
107260773
33533684
48780893
36562747
93959129
25633434
85026912
35328719
29151613
66703410
132924246
127481786
22613597
58772205
174900681
127554847
123650161
57328609
71718582
87463398
25641515
25221429
56059771
27776862
32288202
97320049
110621072
77592053
25967171
34365759
81437764
84328274
88269749
107154599
90760665
42755182
93411268
29174523
28699564
156467479
144480695
147606643
84388891
96643198
41469609
58432626
89178151
30968229
91192664
112947197
64196646
21083157
132733846
77333981
99644116
85049482
45214327
34359238
47228412
39239643
162142154
143587802
55094138
25497465
168940702
158385028
193587831
134854198
141320875
112615525
103168312
39387663
85463056
168048919
132829843
136013178
59899207
60948730
100126495
100987118
24205034
182592160
73423929
29919100
27206881
113395024
25085018
73597058
111312545
96492164
84827696
37497755
128193668
141340118
24008241
68951947
100556566
109527480
99970078
92857189
26421566
129792397
154479368
32661328
145923736
54245881
108155328
79921113
95799216
34058565
31531593
80035301
18145590
13506207
74559942
71746855
51348537
26881437
30096203
44254304
26004456
107157144
37690620
51192983
56299574
97939468
38156554
31230357
38032452
27231964
46909396
140209484
83255154
87078524
29117887
56970037
100042449
34413329
80552106
79060337
100266723
30105001
49118841
39485376
67618569
47036640
162731076
33115318
105288218
29749093
44655740
49532640
3604918
137168879
95876415
61214920
68733663
103886307
30978184
148615460
81517533
116906246
90521213
124601229
154638842
50209689
87159122
85396821
77465915
138665622
27416616
35523504
174791996
135868265
27772524
28462759
165307492
89050587
27651408
49196871
78492657
89435035
135308324
38931187
106650743
25541830
35460597
59268522
58165791
19108669
44113431
24589727
75788001
105137270
84652921
30092373
145392435
44622193
96209166
131206264
28000970
28187535
29274296
57254260
155091574
104368815
17411412
63495023
121405752
25252641
32437764
137140052
42654123
27111738
107083770
126776532
61777231
25881657
93303458
137043590
120360327
27173325
203779772
121274267
69341706
37818376
37561256
126479635
32923476
112587935
142910895
126929137
138342699
29251055
151550724
29935927
95059618
86612174
88980272
39159013
27391757
132904725
61419044
54717447
26176603
100842047
80900800
32693653
8957951
89557764
70259580
22406264
39322197
36050414
24345877
52073021
75015854
94977424
27068740
27702579
99260286
19876078
101084055
112849188
100141910
126278374
53267843
80106894
127580660
24510782
70186992
172503356
28375683
138025996
143532890
88803882
87034678
133828612
7440378
122633073
60195194
117476932
52131741
88511658
29194874
31793481
163353637
136086378
86155926
58671784
27097924
42668745
153293723
28152108
24620001
61333602
39228282
104634446
28125142
62641861
35988395
152760307
140399035
78504817
87740826
26050126
115444239
157031320
115858557
128765713
36020696
120015579
92610114
76193783
33211145
66922242
69935766
39219483
28350012
127141041
77908766
85034920
28727549
32847815
36695187
124967468
121880423
112743302
93737928
80713103
79591654
91953599
86111483
107510191
26112278
28821062
48132392
26992811
28530935
140321533
124418762
83501906
116292034
69330352
115349232
46210219
96187300
27071353
31304153
61306468
113867601
70571682
129397306
79874164
138301930
14787544
42874278
110098453
165695397
144250412
115332107
26981958
36132056
157393448
128950089
43982171
120672057
33791391
37454967
136541415
43590573
29243957
43904406
75851299
124023629
26258745
26167136
30780839
84827449
125892212
24364995
39102185
94548524
136858426
63158321
139919022
109255150
108904679
103034845
35933172
74409457
148619341
127696353
65973171
29144816
147877154
52726883
120376211
58928718
25447567
147033030
52974409
75009781
147229633
31885474
87432626
70002914
25693162
164156654
115924636
92402784
161742901
108409294
70191722
26688527
189384346
49694641
84907001
82355116
60751167
119633114
20765598
90125374
115100277
133263127
73660378
86914363
35202807
18894830
68482501
115539489
33126628
136947050
92641815
27008925
36942582
59408640
26341851
36857480
4648372
26426801
170383833
47686377
161511262
53327901
29339013
26509980
71305377
27351885
141412951
76631798
124437779
25153789
51793754
45507642
139321686
43107867
144724341
40670594
148626978
39191629
167447287
145748607
38413736
59330984
51984628
90835327
118873785
85809020
47112444
129440551
36414066
16844281
65113081
66305445
61021730
24973115
60171643
47893022
89832368
85939653
39080986
37677992
108453023
162072801
121356396
42484625
125631247
65118113
32351429
96147601
133178858
84690601
32182222
29871906
129159222
55308600
25179305
51442185
136825076
147402694
111930701
30507292
152743957
137724433
33076637
82488777
90278425
12953178
70363935
159721243
24602628
102617120
35753654
121507908
31530629
85639202
28111414
44549218
35501168
50734714
37088437
114775659
121138057
160602332
34291427
65281270
126065235
73304160
48597213
45968561
36439060
175162645
91958110
52614244
127380756
48748125
129711018
41552171
89036100
25486867
63126095
60091024
123835922
66916680
117884202
50981956
68191385
84915320
36745429
153497185
28061917
165988896
24822631
142207493
139892025
20347042
97151494
43657761
30672280
104283696
30843895
169909667
61994360
153899006
133371021
38392635
119798224
54591419
43178967
100954548
141097907
105658893
55219219
80458967
84353820
16668656
82558390
29905763
44975659
22749282
34690079
116137420
83114469
81064693
106653655
126329219
74736484
86778459
69273746
39335594
29207412
38106436
24638168
25629320
118988531
82062703
127016724
107372709
93804908
43504206
66062131
76143282
115943529
103185802
131901357
28625113
60843857
29058630
83290103
130552029
128138431
30149453
153000451
130128932
115957974
149536453
158052161
91593528
102937556
86616235
74257582
32737949
105274988
69014579
42915249
176315172
101192041
81006987
111612806
87954416
98940698
93304924
86648060
168773886
83078436
138658938
25777068
26997900
37080044
97627240
76079575
37237078
154958505
126321742
36147665
27094377
97796753
38357230
81139052
61857926
62478147
65251203
144689441
50985135
84619930
153634310
82244629
41856229
68408026
97357936
42350431
157004228
89035746
30850396
138534692
100366828
27722049
73835923
42688821
113268677
96283491
35098001
25171639
57245844
140394532
73424899
25671055
143479658
31674024
162224133
99585126
48920209
22789243
97083652
105025230
42855183
67757236
44090971
60752899
178006654
83800749
175366784
37559386
26565165
141888455
35417702
152699316
158364040
43018286
30343368
71361809
45657473
155280513
124224434
131031479
86857352
60263370
129810929
77928507
42778294
58992424
64149102
59849768
87519074
44793506
22341851
33201159
110434237
124205889
34119637
25347352
35018304
71930374
37545584
141081013
69060392
38765871
27140393
28043497
85749063
121379290
127976645
80438964
49227166
62959082
140248027
55828191
27883314
18088124
85848189
44853103
52474016
163969390
111315059
139717616
115110859
25507530
93663224
100271821
32531932
64859604
128119793
149068409
91490233
24685197
83125423
108750631
43268744
28693092
104181363
155304396
62747304
75406291
173796795
30304045
100651350
103752643
26429264
137645472
145386058
86347683
103103473
36259500
45016962
80531493
144343318
73812699
105306944
32926011
61637175
102398126
41274664
113120029
151890436
58575064
38462151
149645729
23629046
68340330
161553591
61401982
152686224
27162914
28011974
59058000
62395811
136253112
134021538
55490302
37366370
38944438
81493291
129669045
38859200
99808939
87643206
164287074
58080530
22997607
68984773
116394177
69358607
143461140
117910562
25051213
66412707
107416786
128182629
156493752
78427904
78312301
128021603
86983136
33796645
30677960
44287520
95688203
48404232
45745127
31198782
104011064
169354660
27219705
84247792
22800804
27204423
17019402
129238769
58088296
24946043
34956773
106466842
168893890
159235077
41908440
27164044
147029073
33312215
29154268
79886888
149445546
15201622
26476529
87486900
142186263
34030335
122354674
62766403
110127774
92865634
157634399
30522135
97486973
79765888
31229907
187580865
47163897
32039671
28922785
54351430
123892180
67827068
81016582
73620980
116037420
70610647
71722451
163999620
133902866
26481544
53592599
73658976
123343920
55100132
146807440
46196166
90780947
27702533
136407996
33931132
43913285
36259152
96460542
149365220
96727090
39474417
53017364
142196981
76784406
151674302
141814751
61728593
69925148
151239365
157173667
25885361
48033697
54398409
37614928
59820721
29013283
66114979
75385275
24435201
116791165
163857598
114591883
35104583
16276226
21295987
73330810
25410369
83673428
36019696
93560379
26794195
27087636
79224825
32960846
71045069
150107857
83567815
32043100
32766740
77001145
38284885
57502669
60996844
109845413
166892603
130016739
117660426
76596306
52139446
37762837
117558868
25527975
25136273
144854451
106947332
20429255
30407561
26394533
108784781
83706842
38112960
73587960
42777111
30886010
110465593
67771007
81432842
29906136
46749599
149630594
94851647
26019580
71146114
26364423
63661503
58295952
152305643
56124439
12733579
101407360
84470980
150233468
110893353
30779202
24211779
69001136
44358664
87784443
40475362
155046844
35777071
51591747
44256908
51932573
114182146
46844846
142039492
47940822
24850970
119874911
178867748
43897322
27024234
51576317
85699588
101186444
48349663
25223773
77004849
94457387
15005904
92870145
49528066
79549530
49195588
132716800
121122623
115573000
121173851
161985052
136271143
135645966
47311049
25611666
90222331
27393382
28291944
65389241
77596304
77451658
44268376
76962326
69230646
26584279
90020617
93982845
30636659
112494323
49965727
119907705
152634808
31751000
46818630
75493616
48621265
24696203
107039380
99073035
42084636
71028002
160091649
44100170
85968374
116707273
111531789
78230632
72828721
110721274
55562041
77984465
27154401
29271770
116097566
32580934
151925593
116665579
82526266
53801602
60928233
63084335
114474914
38410698
185224819
25036593
100216272
124713998
76699726
120159409
105363828
34857892
39082658
35682805
99170631
156824893
54142348
27210114
164910236
108275131
29868155
101067341
95289801
120621991
35058286
31924708
122660988
63656855
176312961
26210363
27440581
37459565
22694265
18160672
140600948
27406454
29763464
55371243
26320775
73268206
28703707
114251382
118990453
117052846
130934841
115889582
81173343
30189718
132571838
41668887
160027198
103028757
62457578
82504405
47287507
33447176
32495715
61712391
88143558
143490929
71034301
102674437
88437852
30106491
87478300
38460431
85810404
50981876
38473056
30392572
132310932
130741033
155867499
12979952
102124120
29978118
94721419
164109115
81488726
91936778
134972507
142946946
153334265
54827184
92341462
27352966
32874336
61065857
21535858
97472210
52765231
106335853
97230847
81614223
65352380
47748984
151549594
79722763
97210724
24691503
26461738
32122904
129872140
111168679
149481073
53994929
48123426
51628436
20728402
146457852
22193127
145738990
65964305
64215911
164791358
35298160
82546584
155559833
136810420
44435272
107510889
101781921
19856241
4237231
73890463
98090737
110326841
164676185
27598017
25206679
34619460
24990408
6675678
112771720
39331514
163537029
153213214
93628002
46173573
164797312
122154004
107842872
37700646
74087066
35756368
61915840
29329756
59504397
53596018
25240818
104843670
142592051
120023816
62116472
117813615
156060066
149415562
150020017
51397093
18099698
35301558
28563058
75541478
86739722
114340399
57926752
42263644
45227483
28428630
64667290
84836059
60957416
105264780
66908669
82185171
76695477
85319812
103540661
129720348
28054425
25863832
150253753
67026660
137095815
50701120
38150912
113502476
67828905
77373458
82649258
106185353
79010009
43959277
129478991
75018570
63864440
31874051
39108927
75488409
140411786
71599860
24769136
113637158
47448056
80112208
29181017
50071021
42145196
158240148
97214278
83762346
57616385
27411137
46992218
88970310
109340441
125927582
139441216
41333921
61247461
111941384
28438619
29070130
99652537
109827244
30203521
59364829
46254411
27211281
65795944
56559069
26198141
99583381
54121239
62998048
137612150
66664342
101604934
127783386
41473671
55085977
26415151
69437279
102234967
149997967
28022852
106034798
122109923
121526088
24882970
59300875
110856056
84077473
46787761
100159170
27773785
134438118
91063037
128698431
50110848
30230137
36173292
44221535
174242848
30856611
23913809
94654464
79348372
78762474
28516444
32129890
20621173
27194593
98797171
143087294
45296411
31427820
105804623
75989144
131640942
147021442
171973499
124540916
36738677
33785397
190551391
131258297
101493060
84448021
53334233
37662583
34708184
37413977
114087523
159251584
96569021
67497830
76188088
43034640
143525131
131862802
29943880
137651691
157414311
25713863
36397196
50723219
97337120
25280843
153619671
102493135
105872578
30242784
46110493
38789720
79223760
47456642
143600289
34030566
48738921
34984934
65079110
103810519
123260100
139441232
115385449
104864775
65418047
92726188
61066517
29299668
27975059
66619160
160567998
84045384
165020375
26000472
63548613
110738875
36086222
21005203
27067056
26762197
158088961
132571294
135310065
51937941
88900472
76431238
115606048
51616139
42780865
163402424
157115712
133752069
89108936
100720418
18565555
62343557
29086006
25032356
88085433
110310397
92094747
50813520
38357275
27266125
24575750
112517289
103122243
3618305
37981870
112468985
30150639
123055399
146303775
29364747
53445726
29693583
16261556
53587560
130943755
41304982
149369355
38111352
117828820
71515588
100028519
163373312
132641257
109896161
26117390
24091042
139122051
85024134
44904406
85038772
102611804
29636775
44837783
75815632
43424229
45811386
49619200
19285240
33507094
35218033
91089381
52644201
34402265
58616482
27817508
144715325
135389882
30197237
64417202
66321726
44258794
50780396
111861915
86309021
72015546
41547108
25130143
28544337
144732766
