5461961
5630293
6606788
6704249
7147521
7795460
7911098
8048802
11494669
12163227
12854371
13084476
13685920
16195750
16458478
16908289
17375133
17952453
18909173
19216576
20237767
20403208
20539665
20660805
21091037
21617870
21703453
22301348
22648994
23668355
23965165
24170306
25059310
26010480
27576439
28000357
29125311
29576873
29605649
29816256
29888074
30386517
30618278
31053156
31669436
32874777
33205762
33876432
34694644
34970703
35222890
35875613
37237797
39624906
40206289
41747719
43206170
45367216
46608493
47846207
48619056
49492186
51797701
52054280
52383359
53321759
54523855
54611561
59617141
59664049
59896735
62968644
64179500
64888651
64968506
67156480
67187368
68326005
68494762
68595724
69648722
69871112
70816831
71768021
72045760
73545243
74909457
75815211
76407877
77320498
77723504
78138794
78445841
79002252
79755797
80711898
81370969
81447601
82062551
82214196
82502156
83886426
86749044
86820763
89384454
89445173
89774618
90580490
94557512
94747298
97389651
100059746
101888638
107803931
108390547
110383214
113634762
113881095
115136198
115820436
124874843
128459577
131684001
134323565
134873183
137956905
140147864
142566394
144277994
158214049
171325275
171511055
175048170
183286548
193239073
195117700
