6435362
6695646
14727954
18336774
20273338
20954688
22767685
26407771
27287091
30314246
33509618
37708335
38789931
42845194
43979986
44631000
45449816
47858403
53487961
53636499
56589340
58781274
59993278
60638330
66964733
67571257
68614507
69597221
70215791
71766606
74021440
75496032
75843198
79827419
80581713
81458701
82345548
82919649
87816732
91110133
93940389
102498999
104235300
104379756
109335212
114468373
114898097
115028391
115294878
117294712
117977192
119504241
120549216
121618809
121782788
123288649
124000471
125751585
137527612
144894043
155261016
155448801
156871917
156934988
157380494
162934390
163063718
163467954
165798396
166928895
167179674
168344772
168390553
168746161
169436508
169917374
169944642
170756764
171211185
171692299
172688848
173035234
173852177
173919946
173995646
174591064
175076113
175256238
175465309
175784026
176077114
177448852
177732140
177734581
178289106
178811458
179293138
179650520
179660996
180223373
180412257
180691854
181024195
181497046
181744429
182337993
182793719
183211617
183561559
184073018
184236235
184503274
184511817
185231960
185758893
186359042
186477845
187375541
188090143
188171543
189602987
190265654
190379732
191319495
191470784
191906599
191935403
192219047
192247450
192810146
193490299
193856937
193927975
195073574
195916028
196500613
196779547
197359430
197420316
197627802
198193156
198675901
198743458
199012741
199175777
199223645
199265959
199341541
200011199
200671966
200891362
201838534
201970300
201983972
202283841
202750469
204146618
207139360
207459259
207467230
207713502
208134270
208423712
209075454
210178371
