2948431
3030550
3038580
3067731
3159794
3195783
3216177
3324761
3383251
3425053
3443875
3476811
3502038
3508266
3523062
3541605
3586890
3606785
3640375
3703805
3730939
3736002
3738718
3745680
3756248
3777647
3800211
3808587
3868072
3876917
3900134
3969509
3972904
3975277
3982098
4044507
4108893
4150723
4181410
4214190
4221948
4222845
4229604
4258860
4298219
4352131
4410951
4471071
4477652
4492650
4530509
4554355
4570986
4571152
4582354
4635788
4636371
4644108
4711150
4744878
4764204
4789425
4818999
4822125
4834827
4870822
4876459
4931666
4957169
4998923
5033683
5124850
5127125
5130826
5132691
5148778
5154682
5181193
5187782
5271445
5280010
5287152
5320100
5362383
5372790
5409038
5414680
5439450
5461511
5489269
5494652
5528277
5551032
5556571
5582285
5606676
5673419
5684586
5687834
5694393
5703760
5736266
5762194
5780856
5784887
5867612
5876463
5893755
5923612
5923756
5958060
5969358
5973718
5988946
6026913
6028448
6046289
6069229
6073875
6077657
6081286
6088451
6094462
6102161
6109355
6147766
6154432
6154918
6155978
6173401
6187972
6232394
6234991
6243310
6271629
6288939
6307790
6339573
6344072
6378643
6382785
6394861
6402357
6412401
6428974
6433085
6443365
6460677
6472480
6492787
6499163
6510519
6512693
6534848
6556690
6556953
6562417
6575930
6602987
6623554
6635380
6672965
6690325
6720608
6747603
6749018
6755013
6764990
6772259
6773274
6783750
6801925
6820796
6824508
6830084
6840470
6853032
6857338
6861378
6869322
6875316
6884321
6893180
6906422
6908485
6916259
6932938
6933194
6970459
6973137
6996543
7014275
7015514
7059962
7062395
7063312
7111818
7117629
7189498
7211694
7216072
7228256
7228568
7243836
7254410
7260474
7264602
7272838
7272894
7280421
7285641
7290409
7377256
7393208
7398733
7402168
7405255
7414460
7422560
7423750
7423911
7426357
7457694
7527812
7536027
7550471
7584588
7589185
7602923
7627998
7652459
7653889
7658073
7659012
7692196
7744671
7755369
7760887
7767733
7824282
7830268
7854358
7861385
7882655
7903318
7953015
7957656
7978114
7978688
7990173
8000391
8012029
8082166
8095710
8248669
8275119
8280104
8284260
8300160
8303047
8306778
8312444
8317285
8319857
8360584
8372738
8391577
8393635
8496512
8579840
8628027
8681764
8686307
8698180
8779989
8805788
8816987
8919391
8957789
8966978
9025340
9074908
9120289
9137608
9187720
9316418
9478790
9635398
9959328
10058016
10212043
10251145
10579335
10604792
10900242
11020912
11072720
11120685
11126415
11133518
11172213
11258737
11309276
11370225
11397825
11426900
11429762
11432833
11440371
11440406
11466705
11467142
11485164
11494158
11544944
11569677
11571242
11581841
11591888
11623860
11631147
11646323
11663092
11682263
11686806
11689257
11703370
11706832
11726862
11749483
11776277
11782226
11800622
11801104
11806414
11808145
11810363
11821009
11843338
11851628
11853997
11856139
11860910
11867124
11872432
11878696
11895599
11901455
11906599
11908136
11925190
11925861
11953650
11956856
11966741
11976610
11978321
11994039
12010599
12017651
12024281
12024427
12032074
12045946
12054817
12107365
12107412
12118913
12147922
12159846
12169047
12230253
12235784
12249039
12251792
12258347
12265179
12269696
12278228
12280020
12281181
12294400
12298137
12304377
12307658
12311121
12311337
12313770
12325953
12345670
12346176
12361061
12366730
12375018
12396904
12423959
12430236
12443548
12449540
12492666
12499290
12499558
12500538
12526337
12531658
12539342
12548132
12572669
12582351
12587473
12593408
12629597
12636076
12638490
12654378
12654557
12655292
12663208
12665694
12669140
12669398
12677096
12682911
12683313
12717839
12728774
12733187
12743998
12762334
12766660
12798023
12804967
12809045
12812370
12814994
12840695
12841329
12843052
12844671
12890114
12893896
12900398
12907650
12907747
12913649
12920741
12966726
12978565
12998554
13026421
13046869
13049140
13059319
13121442
13121668
13135007
13140007
13149003
13156918
13167722
13191897
13246295
13272007
13282231
13286659
13337225
13343222
13350267
13354102
13368962
13393240
13411970
13436568
13460967
13468390
13469569
13475269
13498594
13594638
13600114
13613850
13633337
13641690
13660376
13688794
13693220
13700006
13705756
13717986
13755962
13770254
13819516
13820610
13841024
13870631
13877403
13925981
13931615
13938400
13961154
13983612
13997890
14026814
14037476
14070853
14086626
14106796
14142451
14194916
14209581
14226848
14231404
14242114
14251188
14267764
14324478
14392929
14452886
14458741
14464214
14484106
14510679
14535210
14542615
14565256
14565944
14570039
14593276
14661559
14664984
14688510
14729064
14736239
14741192
14789744
14817839
14883439
14897192
14907694
14928179
14934425
14953231
14954608
14962160
14966797
14968179
14975761
14979889
14982891
14983206
14997903
15001392
15003116
15023463
15032304
15074293
15077414
15089618
15099021
15100164
15109104
15114032
15117934
15119292
15122083
15123187
15124211
15134415
15142193
15148259
15151277
15153488
15155851
15189035
15190063
15190613
15197491
15200652
15200816
15205260
15207498
15209743
15212723
15222081
15229330
15230163
15234480
15273091
15290451
15291487
15294845
15321135
15345983
15346260
15370207
15379211
15394433
15431083
15432033
15435499
15437953
15442808
15446124
15461232
15478571
15506888
15510858
15513742
15516072
15522198
15564855
15567342
15567833
15569909
15574542
15581802
15588816
15588916
15591685
15595382
15596692
15603601
15614584
15617875
15620472
15658888
15660341
15662775
15666152
15668977
15674257
15675724
15675978
15684186
15699720
15721895
15722646
15723407
15728935
15729139
15731184
15734293
15743275
15743380
15751407
15769078
15784877
15792870
15792937
15793296
15796656
15801324
15803639
15814517
15815942
15823561
15823600
15828402
15830247
15832400
15835658
15841812
15853749
15854160
15861909
15870521
15871279
15877556
15889267
15914379
15915214
15916633
15931701
15932570
15943707
15949040
15990637
15994597
16001954
16029646
16030490
16036775
16041693
16042154
16046989
16047822
16053629
16055058
16055298
16067605
16077935
16078447
16083183
16087609
16100376
16104644
16107286
16120205
16121519
16122670
16125934
16127920
16130967
16133042
16142222
16151469
16154252
16154362
16160674
16162740
16170352
16178670
16180383
16188485
16195068
16201249
16211077
16212329
16216430
16219688
16226295
16226540
16229645
16238912
16239011
16240919
16246438
16249999
16252994
16260931
16262405
16269997
16272845
16276132
16276270
16286612
16296316
16301573
16302480
16305110
16308468
16310960
16317528
16317583
16317754
16327000
16346693
16348351
16350268
16368280
16371659
16380028
16380605
16386863
16396238
16405373
16406932
16407812
16413814
16419869
16422462
16425741
16427385
16427693
16447055
16453197
16456502
16467071
16474538
16476152
16477432
16481900
16484566
16488349
16494264
16510866
16511196
16518021
16520620
16523582
16525074
16527511
16530230
16533546
16537785
16542172
16543333
16545627
16546236
16548717
16551641
16555245
16557865
16559683
16562498
16562874
16567537
16578563
16582893
16590613
16593584
16596131
16596786
16602727
16613548
16613843
16619335
16621118
16639662
16645892
16647585
16650143
16651759
16655122
16658003
16661521
16661971
16662178
16662992
16668547
16669447
16669876
16674629
16688065
16701333
16701854
16705295
16717367
16720032
16730508
16731633
16731961
16733296
16740561
16745856
16747596
16750967
16758169
16758192
16760937
16761785
16765151
16768274
16770511
16774095
16775763
16780530
16780822
16783564
16793633
16800434
16802654
16803227
16806053
16806286
16810617
16810991
16823244
16828775
16829240
16833463
16834029
16835942
16837778
16841381
16842185
16844048
16850923
16852114
16852815
16856029
16856465
16862028
16869939
16872339
16873441
16877592
16885617
16889906
16892114
16893651
16895912
16905043
16907963
16910165
16912435
16921284
16923183
16927403
16930709
16938800
16946943
16955986
16959341
16960618
16966492
16970254
16973728
16976781
16978556
16978722
16978967
16979842
16981549
16983195
16984043
16987108
16987993
17002731
17005520
17012476
17016610
17021249
17030930
17031357
17031924
17032378
17032530
17041954
17042822
17044193
17044635
17049332
17052269
17052534
17057004
17058810
17059194
17065292
17072244
17077183
17078429
17078624
17082828
17087440
17089257
17090618
17091589
17094738
17095515
17097420
17106021
17114101
17114484
17115124
17115191
17118667
17119994
17120064
17128397
17128702
17129841
17137839
17137968
17141953
17143573
17148755
17156427
17159749
17159974
17163568
17164268
17171320
17173112
17179519
17180796
17199660
17200122
17200131
17202378
17203152
17210146
17214677
17216593
17225366
17231451
17240246
17242801
17248529
17249038
17256019
17261406
17265849
17269075
17269355
17281899
17282149
17284021
17287852
17288489
17294735
17295258
17298033
17299242
17300124
17305125
17315522
17316923
17336508
17337443
17349398
17356950
17362817
17364241
17364369
17384426
17390184
17391379
17393751
17395152
17399368
17412583
17417558
17421397
17424418
17426755
17431157
17432335
17433787
17439924
17446639
17454806
17458563
17459611
17465571
17478491
17481528
17483164
17494097
17494488
17494871
17499642
17508856
17512223
17513623
17520833
17526315
17528105
17529535
17534430
17537149
17548823
17551603
17553982
17564444
17565247
17565288
17567822
17574916
17577695
17581518
17582078
17583201
17592692
17592695
17609186
17610704
17612914
17613563
17621324
17630447
17641523
17653845
17654711
17666740
17670280
17671126
17674895
17679354
17684797
17684998
17690590
17691362
17697134
17703060
17708375
17712312
17720555
17723206
17728979
17729671
17733450
17734313
17735495
17737197
17739915
17743318
17748737
17749110
17753130
17756141
17762203
17764298
17776917
17777287
17778024
17779627
17785831
17792537
17792690
17792872
17804200
17804751
17811406
17813630
17813860
17815687
17818460
17818791
17822842
17847558
17847959
17850672
17855526
17859579
17870452
17871530
17874180
17875623
17876487
17878764
17878952
17879054
17888050
17894124
17898025
17901525
17905874
17911143
17915834
17917456
17918164
17922555
17934185
17943054
17946053
17953493
17958608
17963008
17964818
17976820
17981324
17983135
17986372
17991615
17997051
17997113
18006294
18009505
18011445
18012561
18017140
18018621
18020454
18022250
18027327
18029911
18030327
18032646
18033552
18044398
18060424
18061597
18067011
18069571
18072848
18075254
18076658
18080659
18082665
18091950
18094254
18094319
18097669
18104037
18108954
18116032
18118054
18118767
18119602
18121462
18123120
18135715
18139214
18142787
18143933
18146806
18154684
18158012
18160539
18167100
18167189
18175365
18176672
18181434
18191942
18192260
18194339
18197996
18207665
18211423
18219365
18229123
18230990
18235560
18236571
18236655
18260349
18266151
18266829
18267228
18268760
18269687
18272444
18273169
18292611
18293704
18303408
18309058
18313062
18314723
18314924
18317504
18323428
18323844
18324014
18324604
18332240
18332335
18334680
18336475
18341083
18343702
18349693
18352796
18353589
18353698
18354882
18360791
18364384
18367490
18372224
18378016
18378054
18378172
18380771
18383112
18383935
18384550
18388702
18391319
18396455
18397956
18409406
18410439
18411845
18412158
18413730
18426437
18438017
18442880
18444555
18451491
18457177
18458288
18468062
18469031
18478256
18482428
18483298
18491233
18492769
18495673
18501471
18505730
18508094
18516078
18518783
18525204
18526303
18530944
18537628
18538002
18540028
18543567
18548254
18549223
18551773
18552959
18553528
18554109
18555583
18557214
18564669
18565526
18566843
18569823
18573086
18577019
18581536
18581754
18584140
18584325
18587657
18589951
18592885
18598690
18600160
18601708
18606023
18606527
18606749
18606807
18616157
18621370
18624750
18626500
18626723
18635020
18639744
18641712
18642681
18648559
18654442
18656735
18661611
18661726
18666397
18669055
18677733
18679827
18682176
18686972
18688040
18692155
18693377
18694570
18701436
18708050
18709900
18716058
18716570
18716619
18719127
18723051
18729995
18731570
18743461
18745630
18749851
18749893
18752311
18755645
18766498
18777354
18784784
18789191
18791172
18799477
18799713
18815806
18823517
18829931
18829979
18832669
18832671
18836180
18836872
18837543
18838653
18839628
18842016
18843781
18853043
18860827
18862603
18865669
18869950
18870981
18882974
18886658
18888302
18899626
18903072
18907562
18911011
18912793
18917545
18924188
18924444
18926742
18929664
18932951
18933880
18941658
18943057
18956157
18967157
18973194
18975955
18983297
18987935
18990258
18995485
19016745
19017197
19022150
19025343
19025482
19027353
19027973
19030786
19038462
19042859
19044409
19048871
19051996
19052344
19065313
19072109
19074799
19083776
19085806
19091024
19093142
19104884
19105669
19116079
19127042
19128123
19128958
19129718
19132777
19135074
19148307
19150692
19152734
19169661
19176119
19177815
19178689
19186972
19187326
19201340
19207911
19221101
19222737
19226903
19236361
19239948
19240292
19251723
19262265
19263076
19264545
19270324
19279209
19280272
19293126
19300578
19302254
19303087
19316288
19341423
19342129
19344330
19349378
19352451
19357730
19362024
19363933
19365944
19371714
19373180
19398562
19403522
19417663
19427380
19434824
19463463
19469134
19470078
19480985
19484546
19487752
19489121
19496572
19506163
19509921
19513242
19514075
19515133
19516954
19520510
19525543
19543153
19571477
19577748
19579688
19589150
19590689
19596788
19601083
19617100
19623576
19625879
19632064
19638853
19650605
19666565
19667234
19668136
19675426
19683526
19686469
19700585
19704411
19714914
19716716
19722925
19724777
19727312
19727557
19727612
19736085
19737851
19748960
19756979
19763264
19771041
19773991
19781734
19792151
19796021
19796783
19802283
19812367
19813013
19813674
19817184
19821027
19824743
19825255
19825258
19847526
19848149
19851452
19858755
19868732
19890812
19911247
19920862
19924160
19925646
19937491
19957563
19962341
19964882
19965555
19975639
19981506
20007155
20024549
20025098
20030360
20033251
20041725
20048810
20067150
20072144
20075591
20077971
20080720
20095198
20110972
20115136
20120188
20120338
20127220
20133790
20137587
20139453
20140649
20141454
20142937
20143540
20162972
20167668
20185067
20186757
20196190
20208229
20215133
20226348
20226879
20228742
20233311
20233883
20234462
20246338
20251101
20255516
20265849
20267152
20269689
20271746
20272645
20276601
20277056
20285251
20285824
20286543
20290402
20294602
20296494
20301764
20304718
20306451
20308996
20312835
20313082
20316817
20320449
20325999
20326012
20327883
20334334
20336081
20348519
20355806
20356959
20364777
20366085
20367706
20375902
20379747
20385194
20396619
20396801
20405633
20408193
20410847
20420575
20445769
20453917
20465216
20465887
20468040
20469310
20483301
20489437
20492057
20513367
20517891
20519933
20531522
20532027
20537229
20539302
20544586
20545630
20554580
20555358
20569761
20569967
20570374
20574784
20581435
20584409
20593893
20598074
20599781
20602694
20603434
20612916
20622618
20628889
20650458
20651443
20680095
20704779
20726745
20731921
20740329
20757527
20766705
20777834
20796919
20796984
20801735
20803785
20808222
20816578
20828308
20829050
20830331
20835229
20854846
20858716
20861054
20865751
20886152
20887260
20891836
20909024
20909242
20911694
20928827
20930891
20934043
20935010
20936797
20942852
20959076
20989430
21011073
21030590
21040028
21052900
21057269
21065532
21077555
21087700
21088898
21094215
21095640
21096758
21104450
21106009
21117729
21140990
21141284
21147866
21149273
21151335
21161155
21164971
21177913
21180441
21182525
21191618
21198422
21200255
21207065
21210749
21218338
21225112
21225721
21226407
21234302
21237154
21246111
21246235
21260571
21262920
21276002
21287111
21291912
21303840
21310915
21324953
21329089
21334211
21344101
21348126
21351431
21372985
21378309
21379647
21380202
21408902
21411677
21415334
21431695
21454102
21471983
21479102
21492496
21494229
21515858
21533905
21539854
21555057
21571361
21583504
21613327
21615419
21626427
21636143
21639535
21663517
21677621
21703342
21708090
21717861
21752370
21755077
21786541
21797787
21807185
21838874
21841761
21845256
21851944
21857635
21864942
21866317
21876109
21927855
21951297
21952863
21956398
21960186
21962996
21963077
21963654
21966640
21971668
21972013
21978854
21984076
21991372
21991885
21995751
22014750
22015412
22019372
22028279
22032198
22034255
22044144
22055615
22066786
22077536
22085899
22097921
22102591
22107730
22111535
22115391
22124587
22130493
22132510
22137099
22141570
22161099
22192261
22193451
22200732
22203397
22205152
22208889
22221363
22224330
22224697
22250662
22250887
22254416
22258732
22262465
22263599
22269425
22279220
22281769
22338216
22341811
22341854
22360908
22364587
22367521
22380469
22383573
22394767
22400038
22416202
22440378
22445066
22467158
22477732
22482467
22524626
22537347
22545702
22553198
22573334
22582235
22584529
22587758
22609183
22613847
22655693
22666729
22669526
22684366
22694561
22696061
22705335
22705869
22706327
22711695
22711922
22735842
22737617
22739150
22739190
22766370
22774401
22798413
22818886
22835704
22855519
22856641
22861250
22874301
22877404
22878675
22882409
22885961
22901358
22902667
22904942
22918689
22919697
22928213
22928745
22948648
22983668
22985687
22995464
23005464
23007223
23022262
23025932
23037513
23037762
23040195
23040649
23048512
23064021
23088072
23098599
23102612
23110609
23113741
23122210
23132811
23143761
23149628
23150796
23150846
23151897
23169052
23171562
23173897
23211599
23220076
23223435
23224801
23225940
23255815
23270572
23281715
23294523
23304424
23310905
23334292
23350297
23360447
23367987
23394423
23402122
23426330
23430232
23453388
23464300
23465612
23468761
23487222
23487483
23552148
23571546
23574059
23617672
23632474
23635257
23649286
23655574
23659990
23669915
23677338
23696261
23700213
23705403
23718459
23755481
23781975
23789339
23789402
23792603
23794186
23818353
23828432
23829573
23850393
23859993
23867914
23871247
23873230
23875758
23907153
23921797
23924362
23925552
23946211
23947054
23963950
23969081
23976624
23978588
23992260
23993756
24001011
24009191
24011620
24025221
24026043
24088598
24092978
24096383
24106109
24108934
24109082
24128136
24138040
24162303
24162789
24188737
24194214
24194847
24197616
24201929
24209234
24220954
24224343
24225535
24251103
24251952
24267383
24271849
24273952
24276659
24287461
24289250
24295272
24302199
24335066
24335361
24374580
24379627
24381729
24389831
24391629
24400718
24414449
24425921
24426635
24437665
24446504
24451169
24456216
24459039
24463911
24464789
24474592
24494330
24509424
24510811
24514303
24514789
24515751
24528569
24529653
24542280
24546375
24557516
24577543
24597065
24599668
24618543
24629123
24684383
24687321
24687510
24704593
24709216
24710412
24710469
24716462
24727018
24742114
24746367
24747092
24758938
24763478
24774713
24789461
24795370
24812454
24833866
24849683
24851982
24861223
24874800
24887762
24887820
24921404
24923630
24951750
24952515
24957572
24972357
24980282
25011675
25029321
25035873
25044417
25048237
25064012
25071686
25079277
25096612
25098634
25105316
25105537
25119209
25120481
25125554
25148588
25150501
25156023
25160775
25213101
25240906
25286740
25330776
25359740
25389012
25393889
25397480
25407548
25412886
25429987
25450206
25450661
25452092
25473089
25480214
25509610
25512068
25519850
25554613
25567293
25570740
25579663
25589699
25591811
25601873
25611249
25613262
25617611
25637226
25679830
25683367
25699938
25705070
25706837
25726435
25731030
25735503
25735815
25742105
25748307
25761136
25764033
25769547
25770546
25787842
25801614
25802210
25807144
25813040
25820380
25854358
25856846
25861601
25883288
25883928
25885166
25894514
25909281
25913287
25932250
25933724
25935052
25960110
25962886
25984134
25987884
25992154
26008678
26015975
26021142
26024304
26038996
26039372
26043209
26056087
26064731
26066950
26073566
26077027
26087440
26094314
26097655
26102284
26156361
26161946
26199959
26208103
26227137
26237901
26239211
26239219
26255342
26273069
26273325
26278828
26288069
26318586
26361227
26369515
26371685
26377754
26390503
26406837
26412711
26427109
26442969
26444015
26446917
26453179
26472654
26485210
26531516
26532380
26533238
26537024
26544441
26553668
26558868
26569293
26572347
26578643
26597605
26598260
26657680
26662068
26668700
26688355
26689066
26693661
26695126
26708463
26728883
26738457
26745185
26747211
26756492
26756764
26775780
26781738
26783626
26785538
26790186
26808591
26814368
26823802
26828199
26829103
26848417
26857374
26863666
26866593
26870619
26875924
26878801
26903522
26907675
26916414
26927871
26937990
26949028
26950502
26952783
26965110
26969582
26970081
26975470
26975621
26986943
27004631
27010009
27010395
27014538
27016863
27021003
27023328
27023383
27025809
27046336
27056723
27070320
27075168
27080806
27096799
27099709
27104727
27127349
27128438
27143129
27151209
27171903
27177193
27178085
27179685
27181254
27190479
27191655
27196245
27212882
27220419
27226589
27239480
27252653
27253633
27260680
27266084
27270492
27271345
27271449
27284102
27291017
27292569
27303793
27306939
27313135
27317198
27329903
27333548
27354239
27361258
27376020
27378068
27379725
27388428
27392952
27394967
27420417
27425250
27427378
27437630
27449823
27453464
27465731
27482879
27488899
27489105
27494209
27504143
27513286
27544545
27562175
27567508
27589683
27591819
27592935
27610148
27615821
27620951
27625180
27631908
27644001
27665508
27682973
27687420
27691612
27724205
27724512
27736109
27738767
27740836
27742178
27752770
27757891
27761098
27780181
27803901
27804579
27815282
27817762
27818492
27825740
27829241
27829439
27846777
27847551
27847688
27852800
27870791
27871440
27874688
27876857
27876921
27884479
27889590
27890751
27912861
27919586
27924055
27933797
27940428
27947063
27955324
27969360
27975211
27980493
27992784
27998320
28033333
28037258
28039718
28052208
28056989
28058402
28061026
28066201
28070115
28077892
28082659
28159051
28175854
28191610
28201194
28211510
28212959
28228928
28237658
28241171
28272535
28273488
28282671
28294982
28308571
28316605
28335717
28342761
28343270
28349201
28362925
28365611
28367849
28378605
28378675
28384557
28386254
28388219
28391049
28401805
28403066
28413536
28418107
28433442
28445188
28448321
28461060
28489705
28500635
28505819
28512748
28531606
28537178
28546593
28550842
28550937
28553546
28565057
28571308
28580790
28590609
28594725
28596699
28601321
28608855
28629495
28630212
28634341
28658729
28683204
28705248
28723306
28728468
28729841
28730452
28734166
28747781
28803676
28814468
28819557
28827788
28831339
28840684
28852482
28856054
28871140
28880823
28885113
28895672
28897059
28899630
28900973
28904494
28907203
28928082
28933219
28934115
28943298
28977682
28997717
29005512
29018325
29028425
29040798
29042442
29052030
29053289
29064847
29071292
29083559
29113796
29117662
29129026
29134644
29135338
29164100
29172871
29186589
29189615
29201631
29206073
29214064
29224522
29234220
29241658
29243715
29248249
29254754
29271581
29273402
29279381
29280792
29295192
29314358
29318178
29318717
29318801
29322113
29324579
29333802
29340609
29342672
29347105
29348897
29349304
29366849
29377134
29377970
29380374
29382235
29385402
29398987
29402589
29419602
29430378
29432250
29445306
29452112
29453930
29455118
29462024
29463588
29485181
29490430
29496747
29497639
29504482
29521171
29536506
29537732
29553594
29587848
29608776
29624839
29637501
29640831
29642009
29647016
29650706
29659293
29680926
29684829
29690074
29712112
29744285
29748974
29749619
29764410
29790079
29798908
29801901
29805512
29833786
29838851
29846261
29846275
29850568
29855762
29862508
29871088
29872858
29880731
29880948
29896850
29932314
29933957
29935898
29951214
29956824
29994644
29998852
30019176
30030312
30031045
30031551
30034944
30036084
30044534
30071799
30078202
30088453
30121153
30126917
30154834
30160390
30166844
30167299
30168475
30180941
30181409
30194086
30208069
30219027
30220309
30239006
30243082
30247691
30248180
30251137
30252028
30252419
30279524
30285564
30293605
30317724
30360902
30374587
30379595
30389248
30392550
30395827
30406698
30413411
30425379
30436189
30465547
30468121
30492341
30494105
30494792
30514168
30518794
30524610
30546969
30552199
30553287
30563417
30565276
30565974
30567073
30571902
30587562
30595484
30599663
30605517
30607576
30609966
30620341
30632768
30632854
30653468
30694916
30699001
30705323
30718050
30719967
30721045
30725673
30730683
30738475
30768770
30771602
30776213
30776735
30778493
30785392
30789510
30802965
30804989
30811350
30822303
30824896
30834513
30834635
30837254
30865090
30880486
30882777
30887998
30894148
30894917
30897130
30907895
30908771
30929938
30939538
30943450
30955146
30966806
30976517
30978750
30979305
30981589
30998384
30999718
31002648
31028152
31036794
31070542
31072348
31083625
31084252
31084642
31084826
31088618
31093025
31106314
31117725
31128220
31134686
31155140
31158483
31159273
31166790
31168562
31170819
31177857
31179103
31193309
31195872
31216325
31217639
31256209
31260795
31291679
31323337
31323916
31325043
31328507
31333601
31340279
31349514
31363298
31370149
31371963
31376908
31382732
31395621
31401834
31402216
31402369
31419611
31428975
31431091
31432653
31442238
31447226
31472835
31480458
31488217
31489468
31491558
31493670
31507497
31510248
31523436
31546743
31566177
31574853
31604097
31608652
31626548
31626999
31633335
31633700
31653212
31654345
31661266
31705781
31711433
31712686
31726344
31729928
31735924
31737218
31763659
31784156
31799366
31810908
31832058
31832548
31839577
31846812
31859004
31867521
31882393
31891701
31931799
31933045
31936259
31944098
31960191
31972158
31986971
31987838
31992829
32012997
32025470
32032158
32038174
32046494
32046636
32062069
32067423
32069241
32073127
32077312
32099934
32104487
32124650
32128776
32129152
32129669
32152480
32177600
32181502
32188987
32215606
32219449
32227999
32237607
32239966
32244992
32245696
32256039
32264579
32278208
32280243
32285856
32298762
32299363
32309178
32337690
32374336
32380679
32382292
32400680
32406169
32434494
32451268
32452297
32454182
32459836
32462233
32462916
32463748
32474400
32490876
32491996
32527261
32563002
32577172
32580954
32601511
32603308
32605758
32609847
32620765
32633335
32647561
32651284
32658813
32671325
32694814
32710839
32711330
32723083
32728690
32733441
32734843
32745465
32748796
32755653
32758362
32771488
32775333
32780105
32794196
32795525
32800710
32806474
32837781
32850631
32852293
32867486
32916809
32918433
32939461
32947454
32995753
33020412
33060442
33072342
33075109
33082788
33083496
33108897
33119875
33144933
33146744
33154757
33155971
33181217
33185725
33221307
33223466
33235748
33240496
33253409
33282384
33328958
33330973
33363229
33379727
33407553
33412110
33423806
33432891
33438308
33449853
33453476
33465414
33483239
33488163
33489806
33512659
33563241
33564031
33577070
33597747
33601925
33608032
33616831
33627969
33628672
33641718
33646215
33656282
33660095
33689719
33691694
33734652
33739059
33742039
33749551
33749555
33754298
33760296
33800697
33809773
33836506
33861655
33866259
33912125
33917730
33921101
33925133
33938393
33943999
33949214
33964095
34001117
34001233
34014604
34019151
34029911
34038846
34040460
34056876
34091560
34109181
34117650
34134260
34159704
34160267
34194374
34210824
34219064
34237121
34245530
34256527
34286880
34321679
34323328
34328773
34340674
34347247
34349115
34351321
34351934
34363897
34364853
34368401
34389359
34396556
34424813
34428344
34441163
34446193
34451539
34457644
34483983
34502123
34507156
34519526
34532187
34537691
34548843
34549739
34565986
34568897
34607694
34648442
34662860
34663157
34665782
34681707
34687566
34705813
34709633
34723091
34760022
34800369
34802736
34811227
34813526
34828755
34831242
34834154
34844924
34846475
34846948
34868169
34872409
34872653
34876229
34899813
34904582
34941738
34950723
34969483
35002588
35018493
35024590
35029760
35061027
35076514
35081025
35090947
35098750
35103915
35113222
35117141
35118717
35124011
35137581
35143230
35150505
35150516
35155025
35159326
35159340
35166902
35169604
35171660
35186241
35220831
35235278
35248546
35253086
35261116
35276918
35290817
35296300
35305454
35328041
35336860
35337481
35349871
35394800
35395592
35414270
35433260
35438368
35442763
35456924
35458004
35464547
35474443
35477601
35492819
35503626
35508717
35512031
35516192
35527317
35536017
35539755
35554748
35567027
35570353
35626646
35654575
35659340
35685663
35688854
35694483
35698861
35715956
35722661
35728776
35730352
35759667
35771896
35783054
35783534
35796516
35818488
35829960
35830987
35833608
35858985
35859074
35859218
35866878
35872468
35882925
35888077
35888416
36004715
36029433
36050128
36050198
36053224
36056587
36071731
36081484
36102197
36110952
36114348
36115695
36122336
36147722
36150444
36151018
36167065
36168832
36171829
36173902
36181297
36189556
36194119
36205514
36207292
36217224
36230910
36235001
36245639
36253689
36255990
36265234
36272057
36282164
36283936
36287929
36297975
36307513
36321081
36346466
36346480
36385714
36407342
36436760
36447360
36451339
36460659
36463982
36466790
36493982
36497145
36542719
36559396
36571810
36587719
36606123
36635757
36676181
36681307
36693876
36699506
36702379
36703627
36707577
36731795
36733388
36752330
36753272
36754835
36783728
36825547
36833258
36841964
36902873
36903144
36916111
36922841
36927030
36932666
36957758
36967706
36969269
36971180
36973104
36982427
36999247
37004198
37031086
37049750
37065553
37067463
37101031
37103524
37112682
37147402
37163173
37173975
37193797
37243886
37259319
37285658
37304244
37308756
37329936
37348012
37361301
37368747
37373970
37382170
37399062
37407245
37440237
37447897
37473753
37493686
37507723
37512522
37542889
37552764
37620136
37626392
37635876
37642972
37649039
37674638
37677092
37679759
37685892
37713956
37723828
37724027
37726941
37733859
37736163
37765155
37773025
37780738
37788819
37791682
37795549
37801049
37806563
37824548
37839050
37839974
37843845
37857521
37870493
37881482
37912113
37916608
37930025
37930115
37932683
37946344
37950859
37978548
37988783
38011835
38025936
38026313
38057202
38065337
38072169
38072798
38073672
38098920
38121282
38121493
38122872
38127827
38130465
38134054
38135590
38136930
38147607
38152028
38170770
38174798
38175127
38178850
38179522
38185716
38212243
38218586
38221360
38239743
38266157
38270698
38276008
38277773
38307965
38320120
38330398
38378985
38383103
38393468
38408704
38411689
38418369
38433530
38461723
38465571
38467073
38482343
38488750
38490625
38501816
38511776
38516133
38527597
38540524
38550351
38557635
38566341
38570154
38573037
38575677
38581401
38600583
38605585
38607284
38609164
38630848
38639418
38647813
38654793
38662818
38668176
38698160
38711963
38714376
38715185
38720535
38722609
38730792
38734954
38762759
38783485
38791309
38816392
38825943
38833599
38833624
38843828
38856161
38857852
38860334
38868953
38870004
38884897
38896865
38909133
38929510
38929539
38933188
38935478
38957747
38963231
38986778
38986929
39022562
39037700
39038259
39042787
39045479
39046955
39062883
39073582
39077288
39079001
39079521
39092211
39095267
39098958
39126779
39159231
39180089
39191715
39193090
39209891
39218949
39235515
39251910
39278302
39281633
39284390
39285658
39298622
39298940
39336493
39341340
39351328
39352932
39359511
39361796
39372361
39373315
39374989
39388409
39390625
39402936
39411882
39418894
39443355
39478051
39482167
39529536
39542655
39552610
39552937
39563333
39572517
39579845
39592799
39594394
39594839
39596417
39597484
39615820
39631591
39672608
39701312
39702149
39711433
39724641
39743281
39745919
39770912
39782886
39787899
39804174
39806112
39809286
39809657
39816696
39820012
39840955
39842814
39845025
39853506
39855007
39857387
39860838
39884122
39921449
39932980
39937200
39947167
39952539
39960253
39980059
39985724
39996767
40045976
40071791
40119745
40150882
40170905
40203181
40211125
40216473
40227424
40265737
40272078
40281240
40284583
40289608
40303807
40307260
40332527
40355448
40384027
40397931
40416413
40417755
40418834
40420541
40441851
40476712
40476848
40478079
40487695
40489065
40507145
40509998
40552725
40555642
40579645
40589793
40602969
40606168
40621106
40642920
40655526
40660869
40669280
40672586
40746788
40763328
40785352
40808737
40821532
40857956
40877238
40880087
40881593
40892269
40931143
40969123
40991121
41013318
41031611
41039471
41047558
41048467
41066977
41067474
41068065
41089777
41099762
41106749
41107136
41120794
41121452
41129833
41143464
41146145
41146244
41150967
41163163
41179787
41188202
41192492
41224684
41228611
41240197
41260039
41272705
41282596
41291888
41293763
41303243
41314251
41321987
41329379
41335516
41338972
41350118
41369227
41369564
41374473
41395897
41397487
41437667
41448834
41449292
41449493
41459999
41519404
41522519
41525100
41527773
41562566
41565818
41579965
41584939
41595425
41614856
41645827
41662222
41696799
41703056
41705197
41715614
41742119
41758044
41762349
41766748
41769017
41770543
41781627
41811944
41855208
41862447
41875030
41880780
41922748
41928509
41938580
41947854
41962357
41967619
41987292
41993152
41993647
41997458
42041209
42052450
42059576
42114782
42123651
42152361
42160009
42178705
42180982
42188038
42221054
42223814
42224687
42232572
42261379
42264665
42285552
42325979
42343959
42357064
42377151
42378951
42394537
42405013
42415103
42415807
42424267
42454227
42457893
42458545
42478044
42492718
42493724
42550663
42552002
42561060
42565231
42577377
42584068
42584597
42587711
42612431
42621074
42633525
42650662
42657596
42668099
42675658
42681237
42687119
42700575
42712869
42718268
42727985
42730196
42749630
42752735
42757783
42760555
42777021
42781746
42787591
42809054
42813818
42830481
42834005
42860101
42868167
42875468
42879255
42885046
42886085
42888852
42899384
42925187
42927906
42943828
42955759
42956234
42958308
42971617
42981274
43004475
43004770
43028019
43028099
43035905
43086204
43095020
43114245
43146179
43152090
43157655
43171961
43187723
43205550
43227631
43251401
43252189
43268573
43285725
43301651
43304709
43306899
43309029
43311275
43315797
43336518
43341852
43358017
43358290
43368818
43391429
43433761
43473058
43477351
43482507
43496223
43502477
43508485
43535976
43569744
43589774
43606155
43606719
43609566
43622563
43627221
43641090
43672025
43680345
43681514
43682433
43683144
43698353
43720234
43724199
43737682
43739556
43758129
43781494
43792458
43803324
43804106
43818698
43820261
43833732
43835954
43850654
43868411
43874475
43886794
43901892
43918169
43921299
43935288
43935338
43968756
43987044
44003712
44026038
44090698
44092149
44110326
44116091
44128054
44154080
44154934
44159402
44187015
44196243
44200099
44200217
44211297
44217793
44245720
44277470
44285537
44299805
44300015
44309271
44318467
44325026
44327265
44332658
44334071
44334657
44342904
44351409
44386051
44389647
44394634
44404779
44406534
44423509
44436030
44454860
44474622
44499482
44508135
44530787
44535167
44536234
44543897
44548642
44588353
44597978
44622365
44626606
44631098
44641798
44654508
44666353
44713662
44723169
44738315
44747402
44754272
44756620
44757184
44760031
44763837
44786092
44795948
44802075
44802572
44816661
44822659
44857361
44862361
44862498
44871136
44906481
44918917
44936247
44945111
44980456
44984736
44988021
45000811
45010823
45015625
45036116
45071701
45080211
45082042
45083140
45085401
45103219
45111456
45120551
45163477
45167733
45190424
45206208
45246417
45274039
45274905
45285554
45294956
45296455
45297490
45327511
45355516
45357761
45390506
45406432
45455276
45464726
45486825
45519505
45531530
45544909
45549289
45553178
45575570
45580738
45607450
45623727
45628440
45648453
45650387
45685446
45689927
45706743
45721945
45737311
45740998
45764684
45777258
45783390
45789957
45821134
45825983
45850574
45852441
45861038
45869275
45903195
45920189
45932281
45958692
45980714
45988402
46011413
46019144
46022632
46024862
46024930
46026919
46042647
46078591
46090727
46096824
46111015
46128538
46141389
46144681
46157637
46200297
46214518
46247008
46301111
46311380
46340464
46352764
46358174
46377545
46379081
46384890
46390939
46401282
46429921
46430850
46437733
46443948
46467556
46490607
46496222
46498116
46499106
46520659
46528552
46531426
46542656
46604607
46646320
46669860
46686695
46689081
46700259
46700440
46705905
46735445
46764172
46771598
46852945
46861565
46871065
46871886
46897819
46933372
46954871
46956766
46971149
47003713
47008795
47034302
47078803
47127670
47160289
47172735
47178597
47185638
47187416
47195275
47223766
47264163
47265217
47267808
47271389
47280589
47297633
47353507
47369350
47370945
47398932
47405599
47424116
47439687
47446241
47452479
47469652
47483620
47495276
47505918
47578040
47581450
47599398
47605671
47614975
47624545
47655012
47667781
47670794
47676616
47697756
47701449
47719264
47758370
47762524
47829593
47839849
47852022
47860445
47871744
47901583
47914256
47922873
47954179
47954691
47988619
48005283
48019263
48019517
48057986
48070395
48071492
48073963
48079841
48093898
48112280
48116953
48121767
48159688
48183755
48215336
48216473
48224718
48226655
48252686
48270370
48300585
48307630
48324818
48339292
48381470
48415134
48426720
48464970
48507937
48543150
48597647
48599279
48630143
48633826
48649936
48658461
48665825
48667933
48671845
48684442
48684549
48689233
48706163
48727171
48740736
48749075
48786048
48849939
48866757
48867587
48872451
48909326
48911695
48929494
48943901
48945955
48950397
48950408
48971126
48978809
48979268
48997121
49001394
49015801
49018818
49025633
49033183
49036658
49043557
49057010
49086606
49109172
49145768
49158877
49215345
49216738
49227654
49233830
49238465
49254085
49258321
49275362
49304712
49310656
49323352
49351896
49360163
49373955
49386594
49396519
49398657
49413262
49438499
49471970
49520211
49557585
49557730
49572978
49616718
49622194
49640867
49648594
49654813
49655871
49664558
49666736
49685637
49696932
49739743
49789101
49797923
49798909
49809880
49832848
49862616
49868555
49883705
49891792
49893376
49894152
49901516
49921804
49939906
49947390
49960495
49969478
49990818
49992484
50006328
50021529
50038622
50043802
50065368
50092212
50104731
50111554
50126469
50143421
50160360
50160933
50222370
50239294
50280203
50289933
50329421
50338564
50344851
50386785
50386865
50403788
50408899
50446705
50486065
50492859
50520994
50541948
50550643
50553818
50583676
50586700
50588962
50595972
50607962
50613606
50638789
50661874
50669477
50681396
50693423
50706780
50724793
50769651
50810251
50830938
50840555
50852670
50855138
50889627
50917415
50954151
50958163
50965731
50980340
50997243
51097056
51104284
51115894
51124331
51154464
51186476
51189969
51198658
51204643
51210259
51251617
51253634
51277252
51290324
51316731
51321412
51324553
51327759
51328844
51332854
51361428
51415754
51416709
51421571
51425311
51427837
51438277
51463179
51475760
51480305
51488855
51502239
51511172
51527378
51565919
51589885
51591682
51607586
51616161
51622286
51623281
51641030
51644348
51674527
51681579
51694148
51694707
51705704
51706145
51724700
51741957
51784884
51784990
51786744
51794030
51801431
51855359
51912406
51976229
51980936
52009316
52030530
52035099
52134411
52164670
52171617
52181407
52206180
52250255
52250306
52277260
52282654
52285691
52292609
52308323
52340222
52344753
52374980
52393354
52397471
52411006
52436024
52443476
52532828
52544672
52548564
52554642
52582185
52595677
52682660
52705617
52727467
52741700
52755679
52763191
52767297
52773956
52776162
52784896
52813219
52840299
52841836
52900199
52910542
52928739
52940068
52960840
53050560
53053272
53084224
53096107
53105046
53105320
53118471
53130861
53162047
53169805
53196694
53212033
53221938
53232355
53243243
53259166
53263597
53285278
53320793
53352745
53387700
53430415
53449906
53453497
53504374
53514687
53530081
53535526
53551709
53590378
53593005
53593800
53612721
53628176
53629569
53644466
53691938
53727832
53749076
53778302
53789207
53794957
53846393
53854422
53884794
53909876
53919607
53964215
53993190
53993713
54009882
54014318
54026496
54030678
54097877
54104329
54123803
54130259
54132429
54227112
54254473
54280306
54292045
54299717
54303763
54353865
54397382
54411227
54450956
54487128
54523829
54557997
54559096
54577036
54610439
54625998
54650052
54758733
54771045
54783030
54813655
54831181
54858484
54958962
54964855
54967685
55057978
55058408
55126979
55149370
55182683
55188913
55192398
55196163
55220462
55258713
55262680
55263152
55269519
55297902
55319012
55320484
55335084
55337777
55351389
55352524
55352880
55366906
55382066
55399915
55408874
55509195
55515801
55526721
55553919
55560374
55561067
55578413
55581660
55587663
55602636
55605020
55609855
55611258
55611790
55624267
55626784
55653114
55655153
55725546
55744930
55765146
55768908
55831870
55867106
55914592
55921673
55981177
55981516
56008112
56030027
56034699
56098617
56098811
56108903
56109623
56115230
56122112
56129547
56157489
56177772
56187157
56188804
56192133
56207957
56229112
56247094
56249960
56250362
56258163
56327384
56380823
56408606
56420958
56433438
56438314
56456255
56479424
56538486
56562281
56618158
56633974
56647094
56659371
56667806
56668812
56678657
56687645
56740585
56770694
56773835
56831884
56839301
56856271
56864394
56909414
56916260
56920902
56927877
56933948
56949210
56958627
56988207
56990089
57025888
57035780
57035969
57039746
57064645
57120637
57123860
57131765
57135497
57141366
57185786
57243083
57269098
57326915
57373177
57411417
57416787
57452069
57525298
57548937
57609701
57639071
57652399
57662400
57671345
57672334
57690622
57699492
57714549
57743598
57750083
57750435
57760993
57787292
57791634
57832584
57837719
57852646
57854241
57884838
57907022
57961409
57969498
58082165
58176814
58186022
58196863
58227146
58246219
58266576
58277178
58277401
58277570
58330343
58338030
58351097
58374121
58401785
58507980
58508707
58510942
58576294
58612609
58613752
58621369
58637320
58701501
58718295
58730361
58743849
58745519
58815027
58820326
58842093
58848625
58851209
58856863
58870578
58903809
58940120
58944719
58956350
58979498
58997727
59002263
59024542
59025277
59078065
59081126
59149281
59218507
59250579
59259167
59264423
59278405
59290252
59320322
59343231
59345335
59390783
59425425
59440321
59444290
59451315
59453318
59462367
59540191
59549191
59612667
59656593
59668292
59734701
59857558
59874312
59875765
59888362
59919379
59942343
59956245
59974905
59989862
60025587
60029997
60051869
60144918
60157973
60163883
60165620
60219185
60284094
60302339
60351084
60362416
60369109
60371258
60394942
60410682
60415357
60478082
60480934
60483751
60489234
60513918
60539597
60570994
60577599
60595559
60607490
60626018
60638067
60639431
60644631
60762454
60812179
60812563
60842617
60843003
60860573
60881123
60900856
60906799
60926967
60939488
60952031
60977219
60995984
61024849
61035076
61037041
61068948
61075650
61084557
61101881
61172275
61176217
61198723
61205735
61252845
61312018
61327830
61335629
61337508
61344876
61371722
61381674
61387594
61393268
61427839
61468235
61519882
61521942
61545196
61550330
61567035
61568329
61588160
61610686
61616144
61635339
61679842
61681740
61755231
61759352
61773699
61802299
61894979
61920517
61942765
62002123
62055007
62058203
62065390
62107997
62126101
62146964
62157997
62163514
62166655
62185943
62207037
62210669
62210789
62254487
62272619
62296433
62337499
62353778
62372864
62383411
62413603
62450128
62451975
62464452
62473163
62478411
62483317
62532287
62562121
62629849
62676712
62720278
62731273
62778742
62812781
62826652
62828825
62843529
62869260
62937329
62947888
62956556
62997313
63058831
63074238
63078227
63133378
63137779
63142652
63223609
63261207
63274586
63296282
63315230
63330581
63354340
63363546
63409309
63411383
63416084
63435835
63468942
63509161
63530356
63531411
63612151
63623113
63634729
63679041
63679426
63694646
63697146
63738225
63782338
63800997
63821974
63829146
63835138
63845550
63869121
63889453
63938466
63939862
63968682
64025966
64056446
64071544
64100699
64118485
64150732
64179687
64191033
64292328
64342022
64351687
64364241
64399572
64415162
64434733
64436880
64490088
64523670
64541720
64563083
64644698
64655637
64677361
64717865
64736054
64759752
64807480
64865884
64880344
64941066
64975131
65004511
65006666
65060985
65062478
65159719
65169512
65262976
65271209
65310192
65325991
65330167
65342166
65372711
65409995
65428598
65446021
65480465
65497013
65545846
65559855
65588218
65598475
65611224
65612121
65677479
65733360
65738881
65754742
65755211
65759557
65769816
65785613
65788932
65795672
65867804
65924793
65947422
65963878
65994855
66020361
66033363
66049710
66094190
66095146
66140724
66161572
66170721
66178566
66195016
66213263
66262453
66272312
66294609
66309722
66313383
66317661
66333524
66343818
66348148
66353445
66358089
66405758
66413020
66439126
66452987
66457644
66471878
66487855
66510708
66514697
66572058
66597964
66612072
66612116
66616357
66627954
66660248
66666553
66673629
66689062
66699903
66743981
66746614
66750909
66764964
66785611
66798468
66800197
66859788
66872933
66909321
66927944
66932342
66941226
66941842
66969173
66971362
66990498
67005339
67019859
67033217
67033376
67043710
67043763
67052325
67069045
67087132
67096530
67106713
67113084
67119049
67142066
67151918
67185165
67201283
67256632
67273860
67299231
67326591
67397429
67418530
67483266
67489050
67513545
67539942
67567890
67573341
67600014
67606836
67674150
67675082
67678223
67710681
67722071
67803520
67804381
67810893
67839914
67848260
67863653
67900620
67923159
67949407
67957893
67965740
67974788
67996883
68022555
68031946
68079687
68089127
68089456
68091791
68108094
68120705
68128770
68175151
68185583
68188484
68201638
68207088
68218416
68230040
68239801
68269402
68284718
68372138
68388847
68393676
68407340
68409105
68409729
68419727
68424097
68424624
68457693
68476246
68486962
68490241
68504112
68549163
68550604
68560862
68571346
68661925
68664716
68675683
68708542
68720997
68720998
68721939
68728918
68733482
68771653
68779496
68781791
68868484
68881725
68891298
68902879
68918914
68928111
68983778
69002739
69007916
69026977
69082483
69104693
69122303
69123942
69143706
69147305
69165229
69172189
69181478
69245132
69256596
69265617
69285485
69333843
69368950
69372439
69387775
69393985
69397728
69409532
69410227
69417934
69424774
69449303
69450229
69476541
69498026
69505358
69511935
69516172
69520460
69523414
69533335
69536922
69543874
69560333
69568703
69578196
69584545
69594729
69685825
69694023
69715650
69724747
69739902
69740822
69753737
69754811
69796752
69827207
69836691
69838513
69872202
69877732
69910797
69936524
69936796
69937066
69995160
69999857
70007901
70015732
70038630
70051605
70079141
70089252
70092726
70096373
70110962
70134529
70136379
70184925
70202874
70226261
70266274
70271155
70284231
70301523
70318410
70318647
70327241
70331893
70343224
70345551
70366503
70423227
70458769
70486168
70493411
70502532
70526768
70529983
70532216
70540020
70542732
70554385
70563303
70563583
70567558
70578844
70616541
70647375
70649579
70661794
70671642
70694614
70721344
70737707
70763947
70775691
70778175
70802357
70817393
70819238
70831661
70842636
70858045
70867135
70954344
70961972
70986244
71007209
71011019
71018678
71026410
71027265
71037044
71070120
71071047
71088264
71091899
71112874
71118934
71197264
71223859
71230848
71252783
71265405
71278699
71280063
71289729
71297098
71342710
71344958
71385398
71401396
71449566
71453111
71454743
71455704
71456336
71479010
71486235
71522800
71535590
71547824
71602265
71633985
71656422
71666566
71672360
71694255
71706084
71737144
71737916
71753802
71757520
71765957
71797277
71808225
71808750
71811564
71838979
71848816
71873820
71909234
71938219
71950072
71964888
71970693
71976449
72010864
72027625
72072961
72073823
72082759
72089345
72118000
72171570
72217894
72224473
72271791
72310106
72313027
72364980
72369949
72380551
72381967
72389583
72406066
72474899
72482824
72507187
72514986
72539408
72542960
72548277
72583735
72589556
72613289
72647466
72664495
72675081
72731261
72744473
72753103
72772185
72775758
72784762
72803886
72808430
72816575
72817726
72826706
72861854
72890999
72897526
72899488
72925768
72932267
72933313
72934428
72944291
72961463
72988479
72991202
73008992
73020874
73030059
73046845
73053762
73062823
73073519
73102328
73104479
73114967
73125219
73162504
73216709
73321917
73354685
73379224
73382058
73391511
73422683
73447066
73451192
73470005
73481739
73483899
73486012
73496354
73527717
73562099
73564292
73574457
73585577
73635696
73637100
73638273
73648040
73648990
73666061
73702050
73738672
73742807
73759653
73784075
73808904
73825428
73900617
73923193
73963802
74027226
74073614
74108661
74210815
74222982
74233850
74236369
74252053
74256949
74261372
74285329
74347086
74392059
74417828
74425564
74495482
74502685
74503757
74521288
74527803
74531176
74543866
74591350
74649656
74764866
74788154
74794248
74794591
74812158
74942240
74948228
74968870
74973640
74976032
74991545
75002562
75020555
75057170
75076065
75128635
75137434
75139298
75246919
75260988
75300856
75302605
75343596
75349293
75358650
75374698
75377207
75438128
75450122
75455311
75482027
75485825
75502065
75565025
75565493
75651333
75660227
75664853
75691741
75700767
75729176
75734200
75736351
75754566
75776086
75799699
75818429
75848940
75856995
75920056
75929223
75940385
75969823
76001275
76107774
76143385
76199730
76262194
76267099
76283593
76290170
76310106
76313191
76323072
76325583
76354338
76364338
76427125
76433503
76441032
76497601
76563600
76571232
76578576
76589098
76596698
76621984
76630836
76635309
76676839
76734933
76736973
76738451
76750651
76835236
76840875
76906134
76929444
76932268
76941914
76944037
76968569
76998291
76998525
77021498
77023150
77059924
77106581
77144043
77193138
77226237
77250301
77284800
77289389
77292155
77303691
77324098
77342507
77355075
77381065
77394725
77404398
77425893
77479653
77505129
77506341
77536657
77558715
77562261
77591228
77617892
77621852
77672728
77696407
77701964
77721614
77732453
77744518
77752522
77758658
77782098
77793095
77820702
77863453
77887730
77923491
77925740
77965319
78011583
78029535
78050876
78052349
78053176
78054860
78102737
78109943
78118243
78199331
78249471
78276540
78287769
78296768
78314351
78341180
78383694
78394138
78399100
78412929
78415522
78425527
78442261
78449681
78451108
78483165
78519834
78545190
78570517
78605711
78650803
78663375
78665218
78670371
78702878
78725917
78735689
78751446
78774041
78789321
78803938
78816308
78821292
78857707
78870150
78888195
78890098
78900032
78901883
78914148
78921306
78935046
78965274
78974384
79018861
79023138
79046653
79057247
79060508
79062709
79087219
79145357
79153177
79164289
79171435
79173182
79180522
79182496
79220701
79270146
79279522
79282651
79314654
79318479
79333839
79336579
79342114
79354070
79355828
79366379
79376115
79385826
79402004
79412627
79424834
79436691
79439522
79484607
79486022
79498395
79517615
79527476
79533253
79535970
79536884
79581855
79605196
79642194
79699839
79700735
79750044
79755191
79761404
79774975
79777729
79800736
79819795
79873614
79883401
79902175
79910537
79924255
79932465
79942907
79945558
79953025
79957048
79958366
80000177
80014901
80022509
80041892
80080902
80086630
80087133
80103582
80140204
80141922
80164783
80177279
80181003
80202944
80219230
80265781
80271179
80328713
80345494
80354350
80360287
80366325
80390580
80396777
80407041
80413121
80430980
80432258
80467469
80470808
80503468
80545059
80557688
80580193
80592541
80630657
80656940
80667401
80683393
80707292
80729702
80730557
80738224
80756266
80760267
80769383
80784430
80802669
80838367
80861393
80910093
80994181
81007191
81007734
81049427
81052514
81057978
81084507
81128037
81138293
81143938
81144378
81149937
81185153
81214779
81237693
81304253
81327022
81344421
81389039
81389361
81423406
81428416
81444667
81476591
81480277
81489675
81509870
81513433
81542812
81550708
81613120
81662245
81720554
81738374
81742876
81755074
81778212
81795340
81802890
81814180
81814900
81840258
81848247
81985942
81986442
81994296
82004169
82028836
82029794
82037664
82047251
82070655
82080597
82122407
82155878
82170014
82196609
82207330
82215236
82227226
82240495
82246351
82267427
82279579
82471840
82487091
82498355
82531146
82566506
82594711
82689920
82703040
82732819
82747886
82768118
82775193
82781086
82789399
82793799
82794360
82802615
82804226
82809844
82817440
82847109
82898674
82916058
82957526
82970567
82975270
82997735
83004794
83042862
83046709
83048311
83049002
83059743
83067501
83072308
83089494
83091326
83123661
83133882
83140752
83149619
83155600
83180752
83210117
83217453
83234949
83237203
83255843
83281352
83285754
83293176
83323152
83377305
83400510
83500807
83584229
83591636
83596506
83615823
83653964
83711394
83755009
83787409
83804913
83829316
83841225
83862439
83899644
83902022
83905618
83917516
83949885
83967466
83978716
83991629
84011133
84021224
84066517
84158062
84162926
84167496
84236640
84273779
84278662
84298007
84307671
84308493
84329715
84391733
84396885
84396917
84400216
84425632
84426054
84430794
84436321
84437514
84441259
84523175
84526211
84553097
84560781
84604483
84615658
84622975
84647182
84655066
84711577
84748183
84776875
84779606
84814294
84818848
84852083
84854080
84869192
84892975
84950202
84978495
85050690
85059060
85063356
85105116
85121520
85128867
85133954
85147428
85169426
85201103
85256430
85263978
85274844
85279001
85285347
85299763
85312089
85346373
85350652
85403513
85427510
85433048
85448982
85456482
85457983
85474689
85499955
85511363
85523955
85533955
85538724
85557463
85570471
85590988
85593058
85601943
85614734
85646931
85690879
85719611
85743880
85776026
85794562
85811468
85812767
85832026
85837506
85859324
85860274
85877443
85890820
85929664
85938545
85991407
86019445
86047314
86058039
86075764
86091815
86135076
86142949
86151817
86152839
86155482
86157717
86184067
86192864
86197220
86219240
86220956
86225792
86262960
86297968
86319810
86365721
86380573
86383952
86500940
86538854
86593557
86643586
86652319
86654553
86685669
86698333
86813233
86822104
86868411
86922779
87013573
87022038
87034182
87122966
87131791
87223378
87232978
87241146
87254316
87281138
87313070
87453140
87522241
87566493
87607336
87612798
87626111
87690961
87784072
87826252
87881725
87920577
87968254
87991687
88033273
88039802
88108683
88139713
88170916
88207227
88211500
88272388
88300507
88327021
88364041
88472378
88483323
88488176
88541799
88543008
88548532
88552032
88562301
88605418
88622563
88635810
88654998
88674146
88679044
88688750
88723685
88754639
88780638
88844227
88861827
88901222
88928931
88980768
88999751
89017343
89038714
89039335
89077884
89084508
89101091
89164780
89166115
89172945
89222953
89225990
89232401
89260352
89299992
89324051
89370606
89442813
89461257
89559413
89607072
89624747
89625663
89628994
89647028
89678211
89681054
89695205
89803993
89805826
89875135
89879738
89884583
89898901
89911981
89918363
89949181
89953065
90003834
90077736
90100192
90104302
90109483
90162820
90163111
90164257
90252733
90271408
90289507
90295890
90346525
90348571
90420486
90447744
90460295
90486937
90499491
90523704
90543880
90559675
90577792
90599419
90633282
90658335
90671910
90676903
90691841
90761788
90799457
90837747
90903542
90941431
90958766
90968517
90994917
91000081
91044934
91076584
91103836
91169922
91203100
91213315
91256389
91260867
91264294
91274673
91345728
91356835
91377881
91428820
91524341
91549979
91568192
91569019
91574880
91586854
91600051
91608719
91644366
91672605
91680268
91701214
91755892
91758780
91800631
91823036
91884343
91904359
91937561
91947797
92035814
92052240
92058817
92068798
92088625
92123326
92162505
92322772
92413990
92448309
92454651
92455859
92480793
92485326
92497364
92530553
92607558
92628028
92681586
92742520
92781060
92832458
92861153
92913609
92927707
92948454
92959912
93018884
93019941
93088189
93119402
93132369
93136572
93200702
93239406
93241506
93252233
93281646
93293574
93378662
93434337
93458949
93486378
93589786
93633368
93676403
93680226
93691706
93855224
93906723
93921764
93934717
93954875
93955900
93969083
93993445
94051158
94107072
94192591
94226188
94230054
94269254
94291300
94321580
94322081
94334567
94391777
94394171
94408138
94434941
94487238
94495668
94524703
94531500
94544672
94556098
94620892
94633211
94678056
94722782
94724244
94750460
94809550
94866986
94909563
94947562
94964995
94970275
94977722
95017059
95052055
95055264
95065847
95161954
95284644
95340958
95389656
95419524
95441954
95451841
95513465
95567527
95607017
95629853
95787108
95795064
95866014
95909127
95957664
95966243
96043614
96044151
96052712
96269249
96390982
96392703
96481315
96539484
96545339
96580529
96652481
96864705
96877640
96880326
96925542
96937936
96968713
97055249
97066454
97107969
97431383
97443888
97529815
97547865
97574628
97584194
97589139
97611003
97665294
97786158
97811642
97812041
97873503
97880130
97882369
97898010
97905523
97939896
98034946
98038030
98062936
98179401
98242045
98243810
98296884
98314430
98386994
98390925
98396752
98404893
98442065
98480520
98595265
98602491
98648779
98678739
98682997
98801848
98832603
99028114
99031197
99041254
99079535
99127328
99206901
99269294
99307758
99365694
99427697
99460876
99500811
99547583
99567855
99592128
99593298
99632428
99637611
99672015
99679160
99693486
99700510
99749933
99793834
99809433
99823696
99839433
99850381
99876082
99876966
99914158
100042597
100066356
100111930
100120218
100211598
100255765
100313299
100343082
100344506
100357202
100472722
100486068
100501393
100624241
100668101
100751568
100774192
100843258
100888687
100990474
101042178
101086965
101098703
101106551
101118926
101141644
101142606
101153314
101156365
101242551
101257382
101294298
101309272
101421900
101429925
101431562
101451322
101691629
101706494
101753756
101854924
101897069
101918926
101995088
102016497
102165423
102168368
102221453
102239998
102324126
102335026
102360335
102375831
102441967
102484152
102519349
102538316
102620322
102623915
102688674
102723567
102770589
102781008
102784592
102796817
102971312
103013103
103031408
103128239
103182446
103260660
103384888
103409711
103410306
103429553
103468354
103516533
103542454
103550646
103572593
103619426
103622164
103670322
103714113
103776848
103851913
103921545
103958072
103970904
104005678
104009708
104143192
104214730
104265705
104276605
104277681
104298461
104301655
104305152
104402290
104408045
104470901
104482173
104544557
104549677
104550134
104577152
104603778
104606527
104614621
104617224
104629250
104653520
104732709
104736208
104737996
104775375
104781160
104782656
104899266
104925318
104992343
105032048
105078961
105098005
105123910
105125936
105138305
105157035
105159825
105166156
105189228
105237270
105257719
105260778
105285779
105337496
105350360
105411993
105436722
105442821
105530510
105557930
105561460
105637170
105694782
105710235
105751415
105764235
105867152
105882759
105982951
105991318
106000939
106013752
106033224
106091434
106101561
106146613
106156167
106161550
106173939
106222164
106228752
106235221
106281813
106283021
106307249
106311376
106359977
106392345
106408559
106416080
106494663
106499093
106593213
106606859
106772472
106793575
106798930
106848378
106866550
106879761
106881132
106928622
106931273
106963534
106965496
107081482
107088432
107114759
107118766
107118806
107183501
107184275
107185649
107205175
107241106
107245213
107261198
107263342
107320935
107359780
107460585
107515921
107531974
107541233
107553291
107565294
107647192
107653958
107709784
107731000
107745359
107751885
107842238
107855787
107863914
107883930
107889960
107945586
107974132
107977612
107977709
108015726
108106728
108116875
108124155
108143545
108146416
108169365
108174221
108175956
108200589
108206035
108209461
108247216
108279249
108303924
108336695
108338522
108344355
108345845
108349811
108365534
108373005
108406921
108416979
108430000
108447366
108465206
108479162
108480295
108488113
108488304
108496322
108503081
108527789
108584212
108624677
108682281
108711274
108711768
108725401
108733384
108733489
108742563
108792027
108818143
108833979
108857681
108864543
108924141
108976465
108982335
109040137
109043593
109050307
109101835
109151825
109161769
109179031
109188067
109188760
109204981
109209304
109213199
109254662
109263952
109265995
109274673
109294759
109294859
109302868
109352625
109376385
109393458
109414121
109436716
109455503
109462166
109473454
109474218
109495766
109520850
109609866
109638742
109660144
109660332
109674546
109691896
109704367
109746670
109751186
109766613
109798869
109808473
109811059
109844843
109847032
109876949
109879501
109895410
109926298
109941795
110031183
110043169
110053322
110113839
110138601
110146029
110168072
110176602
110204251
110247856
110266419
110267785
110300743
110316189
110325862
110327455
110338135
110352862
110393782
110425071
110477520
110483600
110488964
110549452
110568365
110588346
110616106
110620016
110620593
110622099
110626710
110658683
110721147
110734947
110745253
110768839
110787172
110807325
110861577
110867439
110870086
110886958
110887867
110890661
110907537
110932070
110949525
110977367
111000502
111038482
111060891
111077155
111119459
111139146
111143871
111162557
111196786
111202655
111211137
111211794
111226493
111232360
111277000
111292937
111401993
111407521
111421466
111471044
111492422
111507601
111510404
111523443
111546844
111602007
111625973
111638796
111689933
111717105
111735370
111764356
111814099
111827716
111834466
111893495
111906348
111906615
111918204
111959512
111973097
111983421
111993997
112009811
112021882
112027765
112044237
112051541
112056299
112056844
112065824
112076345
112145449
112155216
112161970
112190534
112199728
112200746
112205202
112210124
112254153
112256872
112263345
112280003
112314802
112376001
112380321
112384431
112389270
112403803
112409877
112425978
112431106
112436910
112447799
112472748
112479821
112483699
112484780
112535628
112537595
112552759
112562624
112563402
112563553
112572251
112575246
112601760
112611071
112614433
112686891
112714688
112719818
112737348
112744327
112759138
112773901
112799572
112812471
112825900
112881895
112955188
112990071
112990129
112991071
113020527
113053618
113066727
113086453
113094522
113133489
113139804
113159832
113172408
113202568
113236346
113244877
113249704
113252458
113278014
113290376
113290748
113295861
113319000
113329170
113358455
113362285
113365387
113385067
113392034
113457941
113484035
113489485
113541887
113578987
113588350
113642915
113653223
113674577
113675303
113682466
113693084
113727436
113787043
113798311
113819582
113865271
113870269
113884049
113891311
113899847
113921150
113921716
113933757
113939402
113951815
113970983
113990291
114009791
114030350
114067064
114072999
114074097
114085205
114093953
114148828
114151956
114162725
114171132
114172168
114186934
114208899
114289836
114298565
114300331
114329547
114442808
114517177
114531953
114548520
114554391
114565298
114573259
114586714
114624887
114646312
114728203
114736729
114744185
114765357
114778997
114789695
114794086
114795994
114827790
114839724
114853181
114853435
114858924
114861140
114863874
114877464
114899140
114901639
114918217
114925953
114945221
114979341
115015754
115048447
115067168
115080687
115088226
115109902
115132898
115157637
115178373
115189231
115195925
115242554
115263357
115316108
115359273
115427742
115450361
115472393
115473998
115519619
115546733
115552034
115572743
115594084
115631000
115714593
115716068
115767071
115768454
115769548
115785151
115807878
115841944
115846491
115849179
115849631
115849722
115856056
115860090
115873032
115885883
115975035
115979227
115987204
115990535
116013206
116026294
116028102
116048859
116058885
116066058
116070267
116075866
116084128
116118842
116122756
116132448
116161788
116180116
116217993
116254381
116268506
116269655
116334729
116335123
116343358
116355107
116359163
116386052
116451925
116480503
116578697
116580088
116628076
116628416
116629649
116634272
116636942
116653224
116666719
116692127
116778728
116826696
116848221
116862748
116871858
116878840
116886158
116925200
116953688
116959578
116987560
117001871
117005417
117026216
117082793
117109609
117121692
117136698
117144893
117161367
117190304
117209466
117230246
117252901
117287254
117295466
117319133
117321498
117332862
117387362
117391404
117399577
117451237
117514025
117580969
117591068
117602027
117603997
117636235
117640565
117642500
117673560
117727521
117730276
117739354
117745891
117747265
117764517
117790579
117821940
117841098
117849877
117865989
117934030
117956689
118044249
118083492
118124858
118158826
118161787
118165467
118252804
118306539
118308829
118312124
118313156
118349786
118375370
118385828
118385952
118386341
118409245
118411844
118430455
118447480
118453703
118455033
118472034
118479228
118480005
118481478
118490148
118549275
118553005
118597450
118599360
118608758
118633630
118635611
118682407
118786148
118832797
118837655
118860764
118863392
118883563
118901276
118941407
118948708
118975262
119001794
119011738
119035154
119053250
119065539
119077629
119089371
119090429
119113704
119151344
119152673
119159074
119175011
119179435
119181182
119182652
119183881
119243267
119250133
119251894
119266536
119279037
119288281
119293996
119301821
119338013
119363495
119426877
119430316
119462309
119500072
119508325
119518934
119529642
119576216
119582094
119584676
119592225
119639340
119674203
119689514
119689851
119764030
119781882
119801900
119807321
119841222
119848996
119904856
119934753
119952396
119954409
119993733
120014457
120016766
120022211
120036193
120074120
120100438
120101747
120148577
120153085
120179174
120185279
120216218
120245225
120285749
120310083
120317491
120383105
120422111
120550529
120555363
120561358
120620798
120649566
120670069
120673782
120695899
120696949
120724309
120775549
120839841
120846379
120848347
120898497
120909505
120925317
120943012
120959424
120962610
121003135
121027262
121058628
121075289
121100041
121105016
121126433
121140058
121148775
121150176
121174661
121187682
121200057
121237889
121238815
121256855
121278080
121303482
121312537
121361450
121362293
121421023
121438820
121467236
121475084
121512430
121603762
121603775
121614140
121667392
121688390
121754100
121765459
121809442
121837827
121878567
121888700
121897962
121900311
121924655
121931649
121951626
122000442
122063456
122093098
122121350
122129403
122198331
122199671
122313345
122335245
122381969
122383459
122397260
122416706
122424617
122440910
122444830
122447261
122506673
122566679
122581548
122605246
122690674
122694725
122707676
122730124
122731198
122733486
122749242
122755751
122770503
122778664
122779487
122785528
122827225
122829868
122843264
122896538
122911107
122986665
122998185
123009662
123038491
123049321
123127467
123130556
123135192
123176768
123194783
123246252
123343157
123430178
123430792
123431162
123445252
123492100
123533677
123570975
123578853
123602034
123609086
123612091
123687160
123740037
123793853
123838239
123849745
123944056
124031478
124055621
124057255
124062032
124240486
124249519
124256291
124278748
124313311
124322766
124331343
124359164
124368833
124431729
124592706
124681475
124686050
124700076
124711899
124720515
124775344
124831323
124909364
124914728
124916720
124986219
125005299
125006565
125032763
125103544
125117024
125155808
125182210
125221903
125224509
125236609
125238696
125290671
125392572
125399364
125404852
125434232
125439201
125458773
125486621
125520038
125562815
125749132
125872892
125921027
125942464
125966141
125994203
126000402
126007647
126020195
126044291
126082013
126092222
126104063
126181437
126206366
126224083
126243106
126263627
126294051
126328631
126352676
126366004
126368785
126395765
126403605
126474455
126489086
126532131
126573028
126601562
126634286
126669339
126738752
126838395
126846019
126864154
126873701
126892379
126896951
126948512
126950454
127013389
127075783
127102349
127121759
127171310
127238926
127270293
127272072
127501802
127531071
127604635
127636559
127837795
127885059
127887196
127914268
127927802
127982089
127992646
128005750
128031626
128100403
128117290
128172280
128184340
128263095
128270537
128280126
128355201
128379979
128420833
128472706
128480191
128485599
128538659
128560510
128565180
128614649
128614762
128621360
128653806
128688996
128697465
128701055
128755823
128760232
128774861
128835070
128840991
128941118
129096879
129196694
129223044
129228355
129244446
129331391
129364868
129452407
129498301
129520648
129524645
129660312
129705413
129734433
129749774
129782576
129800829
129831681
129859840
129902864
129911024
129985820
129992472
130005197
130038845
130097705
130153860
130179818
130212675
130232102
130334380
130394311
130411987
130456334
130497316
130497780
130566204
130566665
130583743
130593626
130635165
130677791
130725133
130751168
130822305
130825242
130847806
130863565
130927905
130935778
131036579
131130611
131183843
131198404
131202757
131310434
131374521
131394800
131552451
131558870
131668369
131719097
131763999
131933357
132020765
132090021
132158959
132257720
132343624
132474904
132499512
132527732
132697358
132761676
132768917
132799336
132812671
132821130
132852338
132878382
132911649
132917425
132954070
132957195
132967451
132989016
133105672
133140070
133175205
133183926
133203860
133214796
133286584
133435273
133445629
133477955
133557307
133692642
133784338
133832618
133837704
133852029
133878514
133922420
133930183
134017505
134026840
134285931
134300405
134341447
134407325
134418354
134432474
134507965
134528571
134579985
134597393
134626025
134918170
134999745
135002584
135009211
135012861
135056825
135070629
135090353
135213145
135239055
135264819
135346228
135354935
135369880
135401491
135417629
135487128
135500358
135562048
135694805
135810138
135836768
135883171
136064549
136079569
136151270
136166927
136231751
136279639
136425724
136428737
136463231
136482005
136616929
136625407
136694862
136717657
136835185
136937705
137145893
137220217
137266659
137272077
137336700
137346225
137420381
137481646
137545210
137803554
137886494
137975218
137994778
137999029
138025287
138067767
138087282
138119964
138156445
138232238
138263900
138325719
138341395
138346082
138357768
138464516
138481584
138614573
138636438
138719844
138882935
138934118
138970090
138991819
139003748
139050883
139061639
139138385
139253276
139262185
139266695
139314589
139387539
139588593
139683403
139692637
139768639
139861959
139914705
139923688
139968600
139975615
140006518
140067898
140108388
140125633
140223776
140345512
140387357
140454515
140464169
140525205
140558339
140576321
140583282
140638945
140639316
140735914
140742454
140777854
140784176
140819185
140851735
140858429
140954219
140979559
141035887
141169972
141175250
141201938
141270992
141294583
141335858
141445200
141570395
141583641
141730841
141734241
141737283
141760650
141863988
141888128
141925373
141943998
141994689
142021491
142033641
142058553
142121316
142139068
142232571
142374898
142392803
142486897
142692936
142769770
142847655
142965669
143022692
143059862
143203830
143258732
143374104
143407419
143570743
143597783
143697909
143777899
143883976
144040327
144103293
144153798
144168966
144176232
144393927
144406897
144421477
144435895
144446030
144498577
144499698
144607221
144734141
144789230
144827173
144839453
144853266
144924629
145002259
145004309
145019143
145221376
145249518
145489339
145546861
145570636
145589054
145636514
145680822
145746998
145770730
145784613
145862059
145875570
145884190
145975246
145993331
146042353
146200537
146282083
146307547
146341708
146358016
146679995
146769032
146801486
146933351
146937764
146972010
146976481
147100608
147106545
147113765
147152275
147187345
147433354
147470585
147477544
147500436
147561939
147572787
147589264
147605063
147606362
147679746
147696202
147764009
147800088
147877240
147900186
147932540
148065108
148129970
148149186
148179356
148194852
148264396
148276154
148313149
148419094
148461049
148528221
148557321
148743982
148775016
148825033
148837152
148855176
148881593
148934589
148939917
149000411
149048914
149093105
149106728
149185243
149199009
149307049
149346568
149350412
149469516
149484161
149706510
149752553
149824552
149837645
149921735
149977416
150172480
150186602
150192956
150203346
150267104
150580512
150654231
150657774
150683204
150720805
150741145
150909718
150911144
150970080
150971570
151077244
151124079
151124875
151184896
151197493
151224675
151271965
151317303
151365063
151392754
151431198
151439772
151440296
151454705
151476397
151486699
151613862
151691787
151844016
151846632
151858849
151974585
152040236
152074486
152173793
152280056
152326381
152331459
152344314
152418256
152619260
152652564
152689113
152800407
152840151
153048055
153088745
153100941
153170061
153195556
153213793
153218241
153222065
153223746
153323966
153479346
153517527
153543106
153798580
153916537
154144638
154176446
154249082
154443944
154523088
154693068
154701624
154710030
154780026
154788008
154807852
154876311
154882284
154901511
154923743
154991431
155002671
155013143
155089119
155146584
155437450
155617116
155795981
155834375
155891301
155997451
156020534
156090653
156152703
156154235
156289766
156396481
156608197
156644716
156739222
156809670
156813937
156878545
156946957
156993099
157000445
157081300
157222733
157256027
157258843
157364377
157446106
157464435
157477450
157608862
157637207
157806164
157916692
157956026
158042785
158137142
158365782
158388242
158594261
158907054
158973979
159015968
159102718
159122007
159171255
159250938
159306771
159351234
159372871
159487434
159506083
159510463
159598055
159616097
159772131
159772680
159794641
159894047
160019900
160091623
160135079
160186576
160218326
160221503
160222273
160630019
160663968
160735821
161003115
161089914
161123384
161274393
161372878
161534080
161645488
161650125
161748032
161754252
161778131
161951200
162099391
162115022
162219261
162231292
162341677
162345252
162373166
162374517
162433345
162443520
162444728
162610843
162626618
162666807
162970634
162985825
163041544
163071593
163183935
163328891
163385173
163517381
163580281
163684516
163816725
163825980
163836910
163887022
164027678
164164653
164204308
164280328
164410846
164499837
164554594
164632802
164655127
164672366
164710431
164954605
164993671
165025311
165137246
165287074
165303806
165344842
165394143
165434403
165517153
165607921
165621431
165628953
165629467
165770768
165887676
166043682
166063296
166095590
166165951
166208766
166249273
166360386
166363867
166382367
166419649
166496208
166549816
166599205
166625211
166631010
166638154
166650154
166650873
166657568
166747011
166762400
166773531
166797922
166800382
166943614
166952917
166952978
166981302
167118500
167321520
167507941
167510761
167512572
167581533
167683590
167715381
167763473
167904810
168016644
168227640
168348321
168433107
168549254
168571179
168607910
168650366
168676334
168711185
168743837
168770931
168799895
168892166
168994525
169037806
169067859
169113755
169242440
169279040
169293496
169336616
169418185
169425638
169597179
169688804
169715699
169721946
169748877
169801532
169967193
169968365
170101009
170144491
170198620
170232606
170308760
170450075
170472277
170482970
170486631
170489905
170565508
170628478
170701022
170881163
170920185
170930415
170944955
171015903
171049116
171088695
171155128
171265311
171473732
171715638
171741240
171793219
171846236
171874384
171907413
171987287
172013390
172041357
172041755
172085398
172102211
172144385
172168272
172231448
172272100
172318639
172347588
172428695
172537882
172661737
172674448
172840233
172859409
172919507
172922749
172923651
173046854
173291047
173339923
173341144
173414351
173422042
173620801
173776938
173820635
173821842
173943906
174028095
174037315
174052270
174214758
174443829
174444620
174448740
174455953
174552221
174578484
174661327
174741785
174774094
174832911
174838764
174902136
175009681
175043945
175093597
175190523
175200335
175238098
175389751
175421370
175515027
175670952
175718675
175760279
175785181
175800144
175833668
175844251
175877011
175885901
175891991
175921462
176014545
176254248
176304400
176437135
176482563
176516004
176556016
176745178
176874110
177131312
177167108
177264653
177305077
177396422
177407161
177415890
177530588
177663076
177673452
177777970
178045643
178088820
178102202
178119101
178239827
178317576
178351308
178352638
178391884
178486671
178508672
178538064
178569265
178594598
178805338
178911988
178955083
178995599
179273701
179349620
179352277
179408097
179438753
179483349
179519515
179678167
179810269
179814973
179841153
179994132
180117707
180163563
180289446
180468053
180515317
180540214
180591155
180598050
180637290
180699708
180854694
180925248
181005070
181025145
181030964
181051054
181089772
181110849
181332464
181339705
181341846
181354805
181358122
181406945
181474854
181479726
181567683
181597843
181717178
181816054
181852916
181921261
181995391
182089364
182229606
182247267
182296117
182300138
182423906
182572059
182658953
182701755
182708673
182717704
182842597
182862471
183115851
183157465
183182044
183397394
183397979
183430875
183439178
183592927
183873327
183887287
183915053
183934943
183937969
183963799
183986775
184191841
184196342
184238594
184264685
184282326
184308941
184310531
184324978
184366705
184516414
184629557
184753046
184791095
184792045
184849173
184918843
185071253
185186282
185209215
185297164
185324777
185420307
185423088
185717961
185773258
185798189
185864588
185883916
185964629
185970156
186022491
186043826
186089581
186274893
186304958
186322956
186438344
186508140
186611729
186778060
186854238
187095124
187126924
187179106
187184295
187254364
187266133
187285833
187321449
187429640
187714454
187817394
187826921
187884352
187908421
187964588
188082585
188203885
188320785
188437125
188464633
188564559
188698073
188825034
188834041
189115225
189331562
189427621
189500413
189614425
189719477
189731590
189751336
190085055
190204983
190212311
190262189
190359553
190417506
190450504
190496167
190642806
190687487
190728707
190898493
190964758
191090054
191182682
191204866
191397083
191531876
191570905
191661570
191694323
191735558
191905287
191988026
192055610
192151688
192195751
192285829
192440091
192660650
192671486
192708744
192721542
192758004
192862920
192871382
192909499
193194654
193448319
193461659
193563483
193686729
193699757
193747107
193811840
193872070
194060670
194212417
194235388
194303579
194508651
194619653
194678853
195176858
195186074
195391769
195429577
195474074
195546570
195604345
195759071
195780377
195835647
195937437
196104708
196159352
196284867
196436733
196447383
196566108
196568900
196739388
196865629
196877054
196877078
196969243
197006909
197139996
197164711
197167288
197420128
197429284
197530877
197720445
197761664
197780165
197818176
197824771
197918465
197967778
198026561
198109859
198125670
198150207
198350657
198455209
198466144
198514432
198533465
198717059
198722912
198789347
198855591
198890492
198962751
199020224
199029214
199331894
199410459
199618368
199735326
199753987
199798370
199809127
200189477
200303617
200420644
200421415
200962460
201201252
201891942
201953443
202195260
202535103
202559579
202580795
202718245
203060224
203137724
203218745
203238084
203863971
203918014
204139645
204190779
204196068
204548354
204691106
204760766
204794176
204842532
204996029
205206367
205272130
205279587
205373472
205485859
205579425
206617251
206770535
206989695
207380868
207407333
207594206
207838684
207845085
207888995
208542210
208740928
209165792
209446973
209764062
209800349
209857183
209928253
210247038
210530724
210722082
210838627
211019004
211096641
211348094
211388800
211699742
212047618
212106238
212540356
213434690
213456800
213597216
213705376
213965215
214463392
