2924050
3093073
3203255
3211754
3361485
3446886
3455083
3831851
3853460
3878224
4043729
4084603
4261311
4272338
4273613
4287211
4361903
4487867
4517910
4573817
4600178
4600465
4608234
4651604
4719249
4741897
4806872
4812463
4889816
4970301
5018254
5034726
5084823
5094758
5164026
5167498
5238387
5257168
5291928
5300593
5337391
5370145
5425515
5432533
5461744
5489132
5494849
5534796
5591784
5622496
5652508
5697311
5737960
5801133
5806954
5884262
5890046
5921847
5955279
5956514
5983362
6023880
6050010
6057084
6127688
6146924
6163324
6195083
6206038
6264433
6272175
6291406
6329318
6331030
6332621
6368363
6372815
6391638
6400114
6443348
6491159
6500923
6510885
6543208
6555855
6575570
6583070
6591065
6608997
6617285
6619986
6621556
6639296
6710588
6759051
6808389
6831401
6833901
6841725
6880715
6908538
6913378
6943951
6949186
6957114
6983745
7027581
7042345
7055286
7065558
7066487
7072831
7073094
7095856
7137880
7149011
7213788
7288202
7333051
7396665
7410514
7440597
7470209
7487541
7511750
7524538
7563972
7635835
7671041
7688032
7762406
7799237
7807706
7837851
7888352
7902151
7994406
8031869
8055606
8208985
8323555
8565055
8667004
8683317
8735676
8889155
8919551
8926822
8973856
9114147
9117886
9214173
9245729
9600159
9938032
9968946
10352534
10841743
10867225
10931729
11124082
11153716
11163394
11173116
11192367
11287039
11355856
11360307
11406422
11424303
11440910
11453712
11484626
11510002
11600877
11646899
11676343
11738925
11748882
11750357
11756169
11784115
11854251
11858809
11860426
11920622
12021492
12027600
12044283
12061976
12079847
12100676
12163120
12196461
12225881
12287941
12290706
12315475
12347784
12347959
12356109
12391320
12409047
12416095
12454181
12476783
12544186
12559579
12602230
12633706
12636912
12645030
12685701
12698185
12710502
12718964
12731045
12736287
12739247
12752277
12753737
12784435
12795276
12810885
12813811
12814392
12820820
12839734
12843674
12857274
12857965
12865252
12866564
12866824
12895936
12947190
12955197
12964852
12976024
12976104
13047839
13048386
13089591
13103130
13110273
13112360
13182627
13199102
13208799
13238887
13253018
13267846
13285083
13350298
13351463
13367621
13367684
13404516
13409098
13409282
13414275
13416131
13442042
13446397
13459681
13459999
13463321
13490183
13503390
13526277
13531771
13598568
13605254
13639967
13805114
13806044
13847104
13848388
14010597
14038428
14120447
14121569
14140844
14186418
14217759
14228095
14229908
14585162
14967213
15094283
15116325
15130061
15142929
15188756
15241386
15243915
15245546
15272020
15279795
15308974
15309948
15310871
15322289
15332420
15340575
15364404
15496938
15496972
15549058
15584466
15587693
15592711
15605100
15639209
15724590
15761102
15763815
15842777
15869015
15886894
15945148
16033046
16117477
16189442
16208585
16211200
16219497
16231801
16245889
16255117
16267817
16268993
16278281
16286692
16298209
16308227
16340299
16355178
16360355
16391414
16395810
16397417
16457302
16480096
16481160
16544520
16554482
16569369
16581968
16599707
16608183
16631418
16635732
16657847
16662315
16668884
16690028
16713840
16742937
16762411
16780591
16798671
16808345
16828580
16844822
16856952
16860621
16861449
16891410
16961795
16968404
16980338
16982956
17004249
17005206
17052428
17096805
17115258
17133454
17217824
17228780
17272096
17331395
17358195
17373080
17377945
17379260
17379979
17425521
17435225
17436700
17478617
17486471
17515865
17516848
17529647
17540805
17551378
17558315
17570669
17572431
17573488
17578993
17617528
17637947
17652324
17728413
17743332
17748996
17751232
17755500
17763821
17771456
17817199
17828040
17828807
17857610
17860899
17869218
17872588
17894227
17897556
17902999
17914233
18015711
18017834
18036076
18052059
18067418
18098937
18104889
18146375
18170591
18185537
18186729
18274985
18310231
18332381
18335822
18373095
18390615
18403289
18412239
18419639
18425937
18437518
18448741
18449925
18469220
18480901
18507704
18549796
18562312
18581385
18613391
18643973
18646374
18663816
18686957
18707523
18738598
18741265
18759579
18786727
18794889
18805121
18815692
18817017
18852186
18888278
18888912
18895832
18930851
18941117
18968762
18972425
18984536
19039107
19100492
19121393
19131190
19142878
19162428
19194671
19203211
19205256
19229416
19233988
19254069
19256160
19275396
19277317
19302613
19318565
19322007
19344898
19348225
19376868
19383111
19403556
19433271
19433693
19434216
19449273
19541144
19547206
19557945
19561544
19570297
19577387
19605688
19664420
19683797
19697543
19701415
19706589
19748899
19791616
19806633
19815533
19820356
19828728
19843031
19868903
19890018
19920775
19949376
19971016
19980335
20060907
20065556
20099855
20124935
20129150
20141925
20152066
20166320
20182372
20247668
20264994
20297272
20374027
20381399
20449701
20478106
20479650
20491752
20494763
20499352
20536990
20578636
20594346
20634488
20678253
20690651
20701129
20707582
20766908
20783158
20823909
20831560
20844942
20861275
20873482
20946638
20979381
20980744
20982239
20992261
21130390
21153275
21154940
21177280
21193383
21202981
21225722
21233288
21303786
21312713
21339201
21398954
21404394
21415527
21421648
21440471
21541040
21546082
21548679
21550873
21570142
21573753
21582124
21613074
21613658
21617271
21644048
21663885
21703783
21723414
21723610
21736463
21740166
21751658
21768416
21774940
21814001
21872556
21892421
21904682
21946642
21953184
21954347
21963304
21971034
22000867
22010709
22017818
22024574
22055203
22058115
22084100
22106209
22116243
22122010
22123952
22127781
22134039
22140880
22171536
22194196
22242364
22298158
22334369
22341519
22361643
22390644
22392221
22418983
22423749
22475071
22483270
22484447
22491047
22495626
22519678
22528566
22533228
22675071
22690838
22694636
22705577
22709720
22710795
22715293
22716331
22730679
22737687
22771133
22808969
22827007
22853884
22859620
22860600
22871284
22880010
22889963
22971622
23004717
23061278
23063771
23134188
23141491
23168600
23171798
23181538
23204184
23228024
23237734
23242119
23274008
23292181
23323463
23323539
23342061
23349270
23353846
23365581
23381995
23390097
23406375
23424817
23488649
23504459
23531991
23667147
23674285
23686849
23705912
23709402
23709517
23710539
23726820
23728228
23732503
23747960
23766719
23773180
23800421
23800579
23831420
23842125
23858779
23872933
23921512
23927339
23944206
23975195
23998757
24000302
24030030
24033178
24054508
24062748
24072463
24085955
24121192
24133318
24205038
24291284
24305902
24307114
24326773
24338245
24340994
24356035
24372692
24396111
24474001
24492707
24504696
24523201
24555993
24557805
24563728
24597077
24644424
24650740
24718368
24725768
24741567
24788158
24795650
24809555
24822210
24854406
24860024
24876238
24891893
24896665
24898746
24961502
24977408
25008204
25017421
25079883
25082213
25097131
25098533
25169235
25173295
25194148
25244276
25245711
25280214
25307141
25311412
25313298
25373752
25395776
25409810
25431422
25433678
25443013
25448059
25471775
25491096
25545503
25563678
25578176
25583919
25599176
25607608
25657103
25661153
25668718
25716032
25729960
25732519
25742729
25744613
25777896
25787012
25804709
25859385
25862456
25863522
25877159
25878668
25883774
25930986
25935867
25944203
25945106
25951399
25957934
26007744
26016930
26032515
26037269
26049398
26059922
26063368
26063749
26103205
26103425
26113799
26120487
26126480
26132443
26156035
26160689
26182893
26183810
26195534
26211366
26297243
26321221
26324405
26372745
26407106
26412029
26486425
26492959
26497478
26511628
26524678
26533270
26571096
26574317
26592886
26601540
26632727
26658361
26662186
26701951
26721600
26722637
26731531
26753391
26772301
26776130
26778352
26784983
26810606
26827517
26838528
26850739
26883784
26898812
26923321
26925196
26941640
26943626
26948682
26952537
26973656
26987068
27021108
27050458
27054412
27066542
27078141
27117446
27119701
27120851
27163068
27165265
27167978
27207010
27217323
27238551
27255337
27262492
27264713
27269469
27296311
27325155
27342347
27343014
27366508
27368152
27383210
27386035
27423190
27464507
27474487
27480546
27491231
27513715
27515909
27524646
27549779
27571318
27584733
27588867
27604664
27608730
27616190
27633563
27635986
27636485
27645523
27719355
27756064
27780353
27832783
27905041
27908458
27918729
27927075
27932733
27933907
27953067
27983461
27993889
28012567
28013733
28021755
28030418
28091312
28106682
28154113
28155501
28161345
28194915
28275374
28299862
28402587
28404782
28407639
28414274
28420472
28454892
28470690
28472682
28482062
28519630
28537945
28538965
28578242
28591411
28611275
28636928
28648208
28664813
28685039
28700869
28703115
28708256
28716162
28777528
28839643
28925914
28976058
28980964
28993099
29054589
29061494
29081973
29083935
29098101
29117117
29131717
29133629
29154428
29181144
29185985
29249837
29250563
29262038
29270109
29274547
29290298
29303165
29306292
29326792
29333719
29349225
29349640
29352060
29354380
29374079
29425101
29483870
29490193
29497743
29515820
29535873
29537477
29554272
29559216
29592367
29612520
29617419
29622585
29659086
29682533
29685150
29710231
29713795
29725971
29729100
29760791
29766571
29767510
29781378
29790797
29824471
29839187
29845129
29855180
29857828
29863419
29872843
29885461
29890362
29901679
29903733
29927403
29937439
29968098
29990315
30004158
30016319
30019065
30050506
30061490
30086840
30097815
30106431
30179866
30214516
30267134
30273877
30295103
30334589
30353622
30411651
30415566
30459233
30477930
30478699
30501450
30510154
30515287
30517066
30535143
30567482
30578586
30594041
30640967
30646680
30668289
30668518
30679696
30688322
30705045
30712514
30715157
30754594
30777326
30780792
30784451
30796622
30826619
30838240
30866856
30886622
30890956
30906977
30928347
30946347
31083811
31084899
31088159
31111706
31127010
31130359
31160547
31173048
31186404
31192142
31205016
31251038
31254041
31295015
31295845
31308099
31317810
31323435
31332020
31352199
31406235
31417371
31418535
31429585
31443726
31451303
31462621
31490663
31503655
31550980
31571145
31586332
31616662
31623683
31626874
31628003
31645438
31678856
31684657
31709408
31744464
31745861
31751260
31754124
31765333
31765369
31812528
31816760
31821965
31829278
31855738
31858288
31867271
31868533
31884125
31884290
31891527
31916239
31923751
31967174
31989333
32015063
32030828
32032695
32043206
32087860
32094920
32160417
32167080
32183462
32227086
32238248
32293645
32306133
32361815
32390323
32421832
32441395
32458464
32461217
32503750
32510937
32584209
32595429
32600993
32608511
32677207
32738549
32767878
32780195
32781230
32805337
32845255
32912262
32924835
32927053
32937803
32958247
32975030
33015760
33070842
33071595
33110014
33131325
33156995
33210327
33238618
33243683
33301100
33308868
33395441
33398081
33403620
33417830
33422823
33424049
33452952
33485602
33487051
33492242
33496753
33510798
33534287
33582141
33589701
33633294
33651507
33669894
33682370
33696862
33700400
33706681
33825253
33828614
33881949
33908253
33975024
33980014
33987951
34023698
34050531
34075104
34082845
34134258
34168355
34190196
34196143
34203954
34212099
34219349
34227570
34401250
34466847
34528210
34529139
34591627
34600129
34612600
34615264
34654790
34805666
34845919
34860990
34877385
34900554
34907267
34916005
34946266
34949186
34951185
34994956
35048620
35084948
35105406
35144958
35185326
35193911
35197302
35223518
35288175
35289040
35312436
35314047
35343575
35365224
35447484
35466542
35469957
35521864
35534437
35561075
35607474
35662604
35667666
35674576
35685873
35734219
35798259
35816336
35891144
35923369
35927165
35932019
35933734
35996040
36033690
36040907
36106284
36119171
36160887
36165196
36186974
36194577
36240441
36258522
36323075
36331006
36348355
36369048
36432011
36439873
36457120
36552249
36567181
36590642
36606251
36629926
36638114
36660977
36706984
36731322
36731342
36752243
36789119
36796710
36802283
36812513
36837281
36880250
36921814
36960145
37000930
37001791
37069197
37087123
37115697
37125778
37189806
37210451
37211881
37218418
37221879
37231665
37255932
37274158
37284362
37319315
37351789
37372269
37429006
37437372
37501074
37592658
37619363
37622140
37633113
37633453
37676250
37690312
37750912
37762661
37778322
37791246
37798301
37818279
37819791
37833445
37833540
37879572
37886384
37895482
37897815
37907549
37937110
37961770
37984835
37994213
38005714
38013570
38035017
38049382
38070587
38071893
38121088
38145176
38149645
38154278
38162647
38170647
38174295
38184561
38193076
38221715
38240827
38242444
38264090
38268714
38273267
38276065
38287468
38311572
38353527
38371925
38471978
38473009
38483155
38498912
38542278
38550166
38563596
38573577
38615031
38678976
38738370
38738451
38776275
38814430
38817712
38837618
38851119
38890885
38907180
38918891
38941343
38948265
38953034
38973022
38995012
38998158
39011955
39030038
39051685
39063197
39072355
39104061
39114336
39126636
39135744
39171424
39185544
39190554
39218660
39224120
39249667
39279756
39283286
39290365
39316334
39364861
39372203
39434439
39437699
39438107
39535646
39618828
39636443
39652732
39683690
39693317
39752318
39767208
39777305
39846680
39848205
39864795
39875934
39877000
39889847
39895720
39924205
39963724
39971036
40004693
40030157
40052664
40074839
40110600
40132004
40132093
40133238
40163672
40193584
40215798
40226346
40226908
40245277
40255238
40270646
40273866
40288889
40359480
40359865
40369509
40410640
40424754
40425469
40427322
40430655
40432016
40433802
40433922
40447030
40460521
40477348
40485361
40491600
40518532
40519717
40543454
40544383
40592195
40608215
40617380
40635798
40649625
40685643
40753357
40756989
40791033
40811448
40831460
40833764
40886510
40906992
40938553
40986043
40997846
41013303
41033976
41040012
41083436
41091619
41093651
41109190
41128872
41150380
41153409
41202130
41211227
41214446
41228374
41236528
41284798
41296211
41308645
41314725
41324194
41352322
41364097
41446831
41495010
41514241
41517134
41522939
41531460
41553636
41555918
41570096
41579863
41638491
41653594
41671252
41680392
41690013
41703128
41725344
41757940
41776687
41782630
41826142
41832000
41859390
41880292
41885244
41890763
41893380
41948333
41963218
41964925
41998018
42018618
42021511
42055468
42074819
42088259
42099230
42099742
42129808
42217437
42227157
42247599
42255842
42261444
42307270
42332766
42373895
42380850
42394055
42400911
42416410
42418631
42440409
42505871
42576315
42588676
42621376
42629439
42637753
42641686
42678295
42680970
42683722
42696368
42702896
42791622
42791846
42799429
42830374
42848269
42872720
42966086
42968871
42978518
42987167
42991413
42992189
43024164
43044560
43045948
43059236
43067044
43073755
43121413
43126354
43145812
43170862
43199452
43203690
43203702
43225141
43232260
43240575
43252178
43273722
43276232
43341941
43350381
43388979
43419261
43419793
43450004
43504085
43543789
43544143
43581620
43657598
43674442
43685573
43688290
43689013
43739893
43809706
43816117
43828319
43908498
43949342
43959811
43997147
44011527
44029704
44048559
44070071
44088263
44121837
44132232
44141224
44143606
44169785
44174543
44175754
44182207
44261317
44266058
44326078
44326692
44353795
44387987
44390036
44397360
44412061
44433257
44449956
44458955
44467111
44469224
44489181
44532591
44533277
44561241
44616851
44672362
44687344
44692575
44694153
44710851
44723929
44725514
44759513
44768931
44822465
44850174
44881199
44934327
44956007
44969240
45039748
45087840
45090907
45142846
45144428
45158028
45179926
45195417
45203806
45212073
45258120
45297924
45329089
45332437
45367157
45438219
45520938
45529106
45541365
45546953
45612875
45613823
45617184
45656593
45669866
45687660
45736586
45738072
45871371
45882679
45923976
45929558
45960251
45960786
45966196
46006924
46020651
46027491
46051154
46107784
46142130
46159948
46171240
46173056
46174567
46190073
46195289
46201304
46210781
46235644
46280958
46356160
46359536
46365819
46432836
46471563
46473985
46524192
46528497
46531158
46562089
46567002
46616868
46619430
46627584
46645807
46712823
46746360
46753530
46762097
46817393
46828417
46843767
46865562
46868285
46884618
46914242
46915453
47072318
47082970
47084643
47105718
47116196
47128834
47133485
47176580
47208171
47211199
47320796
47321121
47331447
47357257
47389211
47393758
47420167
47460961
47488479
47498888
47521785
47587897
47594087
47653273
47666262
47702075
47731291
47733913
47736426
47752356
47818494
47835031
47945890
47956698
47984742
48064305
48077435
48179495
48238921
48241343
48279343
48305103
48323579
48329118
48384626
48421791
48511522
48514334
48515230
48525217
48532419
48539777
48555803
48599322
48604950
48631075
48646135
48654239
48692866
48778528
48816266
48841696
48850173
48912682
48929408
48949181
48952562
49036936
49039931
49039972
49040958
49060318
49067484
49155535
49161636
49201048
49202515
49218042
49334267
49378465
49394076
49395206
49414001
49419680
49436738
49473956
49513913
49526649
49540280
49562349
49597668
49632276
49670764
49688145
49699333
49715407
49732909
49733934
49739623
49741649
49762814
49768131
49774731
49800382
49803795
49813757
49818356
49898917
49903965
49918277
50006537
50030945
50040989
50063199
50066300
50085128
50086277
50102104
50208959
50223320
50237320
50272199
50322392
50336569
50338026
50352229
50358161
50370477
50384230
50386692
50397472
50398848
50428399
50465134
50564719
50617132
50716121
50737171
50750506
50833157
50928987
50956576
50972695
51007045
51066297
51069764
51098431
51110593
51132350
51151045
51170681
51198779
51201957
51250801
51282903
51349646
51352867
51420235
51429268
51452059
51462505
51501076
51620835
51645697
51658725
51705955
51710381
51727999
51743809
51746036
51777014
51812478
51834403
51835486
51888962
51949789
51981204
51981219
52023136
52054307
52082723
52103637
52104959
52132618
52206741
52262430
52269697
52301249
52305942
52372213
52405822
52411793
52447713
52458305
52490789
52505214
52539776
52550678
52642145
52675143
52675761
52765103
52785881
52893600
52895377
52965336
53103762
53128922
53139359
53168573
53168808
53174147
53257606
53259806
53312612
53320256
53337026
53417482
53529024
53579526
53582184
53664687
53685655
53760864
53781347
53864647
53923784
53932642
53946854
53998583
54020296
54029810
54092432
54122832
54128339
54152819
54261203
54307749
54322400
54362985
54396666
54401588
54561702
54583460
54586226
54653050
54692412
54739955
54766746
54964238
54972314
54974245
55096243
55152675
55179620
55208394
55322606
55337565
55403890
55430750
55441313
55441406
55475346
55547897
55588730
55628114
55680937
55736460
55763959
55805451
55838206
55852876
55871972
55937172
55962817
56027780
56061598
56137443
56168234
56294250
56333741
56356758
56392856
56483844
56491613
56538794
56653985
56693146
56783773
56787124
56836791
56868318
56879430
56893402
57035664
57057789
57127143
57193192
57251479
57339680
57343324
57499976
57541330
57559635
57617442
57625400
57665307
57945636
57963689
58018744
58084204
58114498
58118168
58119040
58134149
58263455
58329064
58333187
58536654
58570687
58592696
58649372
58701824
58761840
58818023
58828143
58846452
58856210
58880276
58976769
59005226
59080686
59171015
59205191
59211869
59330607
59359353
59395991
59410466
59475292
59532768
59639164
59646278
59677057
59709681
59712484
59764690
59774443
59832441
60050460
60214278
60235289
60314500
60354587
60520213
60655577
60669489
60676145
60788459
60816042
60873483
60922943
61021991
61041953
61094565
61110098
61167666
61197546
61260832
61261913
61300812
61399710
61407246
61492827
61502564
61524367
61644201
61731962
61747693
61756348
61779141
61858122
61885886
61900238
61944981
61951607
62012210
62016190
62048976
62057864
62085229
62158614
62175405
62206463
62329597
62419804
62420183
62474704
62476404
62614613
62650539
62799475
62818421
62896626
62901698
62938600
62982582
63030829
63062368
63148291
63228562
63255532
63286393
63330715
63331258
63445461
63459639
63529085
63577011
63615196
63634910
63684309
63684464
63729387
63749553
63806611
63849337
63943248
64013962
64017480
64078247
64135207
64161072
64255980
64425632
64489487
64519427
64530680
64538747
64561278
64567659
64581403
64595509
64745792
64811290
64832309
64866834
64878617
64882155
64957588
64979382
65011195
65169749
65182518
65195122
65251047
65291337
65296479
65367160
65391187
65430071
65615017
65683420
65711106
65764707
65778074
65811355
65860100
65992669
66045669
66090737
66168059
66203481
66219090
66266374
66284711
66320797
66428358
66453316
66455440
66478236
66490845
66504995
66635506
66658315
66696902
66746665
66849954
66873945
66952235
67037666
67039275
67043388
67053684
67136395
67184870
67197914
67285360
67297469
67514430
67552277
67568880
67595209
67675246
67679164
67711536
67809363
67833248
67865971
67868837
67927736
67970938
68014690
68058787
68149840
68204347
68263954
68276083
68280018
68285742
68296776
68301601
68374656
68469255
68478049
68491157
68512685
68576955
68593575
68612043
68702636
68766573
68790732
68922757
69049168
69095276
69121347
69134240
69152092
69251724
69273101
69276566
69311462
69312413
69332249
69446848
69458691
69668312
69707669
69819027
69837155
69882266
69904529
69989306
70014791
70019761
70234101
70273239
70308901
70349327
70373925
70412799
70434844
70469556
70493432
70605312
70655440
70675696
70696801
70741794
70742657
70795822
70813052
71015775
71050719
71065867
71161770
71167537
71182880
71275598
71284890
71309824
71331799
71345353
71389388
71432608
71481033
71498482
71509448
71554146
71559234
71598380
71606652
71718618
71757742
71794350
71804738
71818818
71896503
71903590
71913680
71918670
72011490
72018398
72025864
72049962
72141599
72361066
72388683
72451233
72472168
72580640
72617150
72632543
72634704
72645835
72670780
72692667
72796787
72853078
72872017
73026618
73046254
73096491
73128087
73260295
73279158
73447589
73476670
73654831
73664921
73796216
73895864
73915057
73953243
74012488
74038054
74160476
74206539
74286550
74305052
74394171
74464207
74582572
74584724
74602376
74617206
74747527
74859133
74919615
74973789
75029678
75187582
75266862
75357173
75407544
75420632
75508214
75523689
75583458
75762939
75806681
75828338
75879396
75894352
75933219
76034195
76153495
76211054
76214497
76285913
76316519
76363902
76371588
76473659
76635770
76764632
76764782
76810589
76885297
76891752
76926782
77030209
77109498
77118394
77131711
77219474
77244028
77254851
77372744
77437423
77461533
77470670
77472848
77483507
77514883
77538543
77564914
77585753
77638703
77638958
77758258
77763313
77769673
77790071
77797948
77806003
77807296
77813795
77872794
77919539
77947310
77976274
78013348
78060872
78061832
78068637
78090115
78145502
78149177
78176833
78180115
78209746
78254259
78257421
78280900
78281241
78285455
78288265
78295428
78307298
78308703
78368252
78386900
78407708
78421901
78430739
78437687
78483859
78497971
78512278
78520653
78537838
78549887
78644466
78674991
78691065
78711028
78732686
78809811
78821280
78824753
78870036
78955492
79024140
79066292
79135276
79161861
79182135
79183431
79272372
79306156
79341669
79386089
79424960
79477958
79499285
79499865
79580656
79617894
79648967
79651349
79661972
79663354
79669588
79670313
79673685
79712147
79728652
79819555
79933290
79959089
79965712
80019956
80199735
80283723
80346550
80357266
80375581
80386453
80500278
80530859
80543466
80575120
80587264
80587823
80637293
80650645
80751796
80764214
80798058
80799758
80802122
80859633
80928272
80982411
81038806
81077661
81113002
81138070
81149792
81201807
81202579
81218975
81221235
81223670
81240235
81250922
81297488
81308544
81324513
81333070
81362288
81376985
81424120
81507798
81526191
81546189
81579377
81625079
81625697
81675305
81675438
81686141
81723667
81797386
81816651
81867204
81924650
81956663
82031439
82073157
82098275
82120877
82151027
82214901
82293411
82305055
82421941
82434098
82511137
82520492
82557191
82557645
82570526
82591579
82607240
82706542
82714064
82717811
82773299
82846654
82847122
82898904
82929519
82930636
82931407
82942694
82957324
83035732
83042234
83140142
83150306
83166086
83185527
83187293
83189098
83201905
83247418
83278388
83287708
83296245
83324552
83336686
83373514
83373821
83441110
83448055
83481400
83517416
83617758
83618433
83636264
83655011
83669213
83675448
83721382
83734680
83768376
83768520
83785043
83799628
83905851
83938344
83955082
84022507
84052147
84066807
84071658
84075566
84077032
84107399
84120002
84156752
84181556
84223093
84243335
84269202
84337113
84341543
84342860
84343864
84363622
84514713
84588459
84633219
84660297
84675763
84698319
84706875
84775485
84863495
84894688
84948327
84998006
85000807
85035550
85035588
85060678
85167545
85185990
85215190
85333001
85393944
85409054
85425466
85470470
85542801
85605897
85607136
85642715
85650665
85674145
85694682
85775425
85809578
85817017
85833417
85850906
85864326
85965060
85996567
86012765
86052476
86069395
86081634
86099770
86241382
86256099
86307887
86315386
86315766
86328133
86345659
86356204
86368731
86384283
86401659
86423739
86440312
86455589
86479471
86487659
86491352
86509764
86594784
86622011
86633610
86649017
86651850
86678245
86686683
86700329
86708390
86733773
86790698
86802961
86930595
86945157
86958449
86987386
86988444
87022373
87041928
87046332
87133691
87138850
87193335
87253202
87389443
87463164
87475739
87482172
87509149
87570456
87573531
87579089
87609959
87620709
87628038
87644857
87648471
87652544
87660988
87662788
87687395
87715491
87720348
87757178
87809917
87853261
87885763
87926527
87932230
87950532
87952450
87965972
88059923
88071773
88080014
88115878
88143362
88158686
88195777
88260167
88284924
88323751
88334280
88340319
88350787
88409216
88434045
88497671
88524861
88525731
88536642
88552320
88584242
88586561
88587525
88589603
88625182
88627555
88636065
88636166
88670789
88699230
88719345
88722176
88793890
88814241
88823519
88827136
88863750
88866426
88867474
88869025
88886588
88926134
88951362
88959334
88974271
88992794
89007871
89033824
89036830
89055774
89056036
89080545
89082594
89093920
89124863
89133828
89137186
89140144
89161183
89179168
89182082
89232666
89245937
89262011
89264258
89280315
89280923
89411095
89423168
89460865
89473153
89512190
89519234
89556614
89562593
89580025
89610662
89687360
89705593
89730620
89742791
89746047
89827802
89834072
90042686
90056512
90057862
90128274
90191935
90208160
90226730
90246529
90250437
90266953
90267637
90271808
90278818
90305023
90337435
90356037
90370563
90383484
90430637
90442699
90462817
90508961
90530154
90552387
90580132
90610672
90634561
90651075
90658341
90707120
90754496
90814077
90834719
90858343
90899773
90925499
90941986
90999519
91126283
91130213
91184612
91192103
91323722
91355539
91372110
91400868
91451590
91571227
91597312
91678529
91731645
91809852
91811780
91816524
91837133
91881544
91884096
91916821
91933016
91955965
91963410
92086308
92260923
92288282
92298497
92367360
92408417
92629698
92660610
92746908
92803155
92916286
92953018
92964444
93004076
93029207
93030643
93045203
93097709
93112261
93125918
93292317
93497129
93502071
93510546
93535099
93904184
94074393
94162082
94189580
94203510
94339274
94430917
94485608
94513897
94775129
94964608
95087146
95413341
95419211
95556054
95644779
95716687
95871583
96218427
96237501
96259052
96261661
96318233
96343684
96497251
96539104
96588407
96751340
97024869
97209664
97231112
97244271
97268570
97332625
97398160
97398419
97419962
97487856
97572229
97603589
97663205
97664335
97667928
97670951
97673147
97741710
97816410
97873291
97898627
97944868
97953224
97985585
98241359
98253625
98366681
98401391
98494214
98505825
98520393
98723610
98790074
98903800
99024572
99066766
99338559
99521461
99540377
99542261
99581606
99758383
99761376
99845989
99898910
99932011
99932486
99944767
99959982
100024588
100245335
100245923
100277925
100296122
100335571
100484015
100568015
100733437
100815795
100901088
100948912
101116537
101230246
101273402
101315056
101387025
101455396
101484492
101496637
101523967
101532689
101552213
101554128
101555031
101569953
101701761
101708651
101972311
101996534
102064305
102300904
102532431
102674974
102694673
102850678
102903186
102912111
103008590
103094547
103123403
103171069
103209056
103243373
103437080
103560524
103600692
103672929
103678654
103705361
103757301
104033484
104088623
104143092
104167032
104184286
104313746
104344650
104446354
104511563
104820514
104944425
105068809
105084626
105259869
105289329
105312902
105321225
105348779
105390610
105546613
105617365
105619423
105646262
105647463
105808554
105921331
105946143
105990920
106103767
106134827
106141672
106210112
106262098
106313328
106342961
106354989
106423485
106524335
106604657
106685486
106693743
106768592
106819983
107006729
107124667
107170004
107185960
107303857
107323215
107363440
107365582
107380403
107388231
107405082
107445231
107466097
107508657
107670323
107761924
107889241
107998008
107999625
108033229
108047123
108063647
108079956
108209324
108251508
108268505
108403025
108453389
108487685
108635332
108675397
108723777
108758049
108769711
108806800
108853673
108907932
109004439
109012145
109025492
109030158
109081608
109105044
109145289
109149319
109231151
109313199
109316434
109323025
109389063
109464827
109498074
109499281
109562190
109572770
109585981
109642794
109680138
109682515
109823658
109832913
109890890
109931601
109940354
109944148
109951054
109981579
110095955
110102034
110182503
110242826
110265085
110326990
110376161
110393242
110420341
110422682
110426490
110435547
110467853
110495781
110500136
110622105
110627458
110660757
110683463
110688242
110729255
110785637
110873563
111014972
111060842
111095452
111303197
111342301
111442920
111455836
111460129
111520303
111564234
111667902
111681327
111687915
111703327
111769637
111778460
111781972
111786245
111809976
111910381
111912091
111969777
111974018
111985092
112096780
112133674
112273330
112278608
112292511
112311788
112351651
112368839
112416535
112522560
112528888
112542984
112620274
112672232
112725073
112791098
112795767
112821044
112907472
112937284
113013018
113031556
113095741
113120074
113136085
113142494
113155996
113164554
113168696
113288666
113313191
113373941
113406635
113445118
113471190
113528490
113548003
113608091
113921682
113937025
113939608
113969881
114000007
114046264
114061926
114063656
114205784
114245276
114271816
114274097
114377446
114398614
114432550
114499438
114542043
114556708
114566442
114571322
114591357
114762120
114783879
114792589
114852296
114922792
114922951
114963418
114974773
115028361
115123017
115173140
115197461
115268134
115366199
115405863
115408548
115414923
115446074
115519075
115539455
115589054
115677469
115686158
115725129
115777833
115793449
115804840
115957819
115993885
116005759
116046759
116129209
116132574
116165377
116171564
116226465
116259420
116276480
116282497
116291415
116305398
116347901
116414694
116472271
116477198
116602828
116619454
116695222
116764327
116850104
116853498
116880036
116914463
117009103
117026638
117046136
117125906
117136909
117143455
117179008
117250112
117261389
117311398
117355890
117371739
117400611
117425041
117454913
117575033
117588613
117608284
117751738
117881850
117912347
117988057
118029177
118108905
118166952
118224616
118258623
118260091
118341802
118381308
118463764
118541244
118631576
118779707
118809055
118895462
119040745
119042269
119049119
119115356
119164572
119180814
119207943
119219718
119301364
119442172
119461294
119468629
119539056
119651017
119703929
119791683
119821119
119825608
119845273
119880569
119892634
119925286
119993757
120127011
120134418
120145854
120154549
120308419
120311587
120369314
120440704
120491261
120501693
120625731
120670451
120728383
120788478
120809468
120845606
120932848
121020613
121056038
121138942
121141709
121188055
121246972
121280702
121400954
121463413
121464814
121497612
121658835
121721763
121759934
121796321
121803863
121872822
121881503
121941857
121943933
121969871
122000979
122204037
122209981
122230959
122233663
122282011
122380323
122389240
122414695
122657931
122751216
122792139
122872418
122899669
122917915
123042402
123081545
123089245
123128902
123208941
123218511
123271941
123403999
123639092
123654012
123772644
123784703
123870445
123877732
124077198
124164681
124166019
124167025
124249526
124365051
124453415
124519278
124601360
124625872
124702019
124820588
124869412
124895837
124933544
125021454
125122451
125248202
125275623
125308379
125346664
125411123
125451351
125457307
125481155
125542101
125588829
125613007
125617260
125636916
125848902
125861763
126060356
126079617
126115527
126152293
126222037
126236702
126301712
126554551
126614713
126710044
126716139
126771172
126772541
127017074
127042435
127231353
127314111
127341259
127438823
127510847
127520357
127680072
127869858
127981406
127987681
128004306
128072405
128096048
128284607
128344068
128463616
128652243
128733977
128796854
128835713
128876270
129006708
129013026
129044062
129044209
129097001
129124500
129133154
129141215
129152052
129169769
129192318
129280349
129474626
129770623
129844825
129982002
130330129
130341802
130372467
130415465
130420119
130710411
130728492
130792395
130797999
130852735
130954283
131053354
131094597
131103516
131132405
131214070
131247662
131253591
131443823
131497230
131634585
131639122
131707209
131803369
131825441
131826777
131842829
131983298
132015051
132027744
132031973
132037768
132170599
132228991
132329672
132392290
132513228
132644041
132710889
132867403
132905172
133027859
133047736
133096607
133102777
133163303
133230961
133245519
133254549
133314838
133402470
133534813
133644455
133661874
133780542
133824824
133831409
133924625
134005636
134248693
134290554
134374892
134452017
134527097
134634185
134650880
134684174
134700089
134837781
134911329
134911739
135063765
135071689
135129729
135139033
135183666
135274309
135299516
135309313
135512551
135634068
135708284
135772372
135773314
135857622
136098623
136178087
136315719
136329556
136340495
136457258
136938121
136965429
137052013
137303084
137590173
137772165
137790456
137792136
137902657
137911395
138108627
138283522
138313600
138391666
138416280
138434611
138520863
138638453
138714281
138717056
138782415
138926299
138989001
139072642
139175614
139258210
139309858
139412680
139451668
139677501
139817140
139824490
139830893
139864960
139890178
140151644
140221135
140336076
140436051
140529276
140582107
140683782
140789031
140791681
140899832
140904295
140991791
140993941
141023784
141184093
141271541
141315741
141316122
141473884
141538479
141581535
141759501
141906431
141929873
142022799
142087879
142153843
142448102
142530526
142533988
142602963
142988658
143091725
143112426
143182040
143291107
143467981
143579491
143604182
143743320
143778806
143942627
143961575
144024661
144103982
144157560
144531752
144577857
144579791
144985448
145045371
145061269
145094500
145286130
145415694
145489415
145506584
145609368
145640740
145699848
145712582
145728167
145765448
145860068
145874407
146007256
146100752
146118133
146260068
146477636
146532478
146548297
146622415
146802630
146901240
146954631
147008402
147245167
147548283
147550795
147694248
147723741
147763881
147950126
147953576
148088969
148139540
148368880
148390813
148526369
148617207
148830126
148888063
149033781
149232148
149304511
149352384
149406448
149441436
149456905
149469488
149471398
149588294
149658211
149713740
150021104
150045947
150395087
150439216
150476212
150501722
150609049
150820858
151168389
151338589
151358184
151405144
151468415
151542577
151693061
151723718
151830149
151836851
151854426
152011833
152140415
152152235
152155363
152314132
152505810
152814999
152856512
153502042
154079083
154270012
154325152
154394967
154397553
154727993
154875187
154942805
155179058
155215650
155245999
155363041
155376684
155560872
155687860
155928676
155934261
155982946
156223423
156314431
156318179
156355812
156623575
156673087
156683339
156749431
156798366
156875451
156883847
157026938
157035480
157083418
157098877
157303127
157322205
157862403
158053607
158514637
158569855
158666648
158688502
158817101
159001989
159056488
159224027
159265346
159289582
159416644
159505830
159532126
159715756
159850613
159974765
160021275
160044391
160086186
160130055
160146088
160228793
160331999
160644295
160698809
160917741
160974806
161336646
161402477
161477893
161576447
161654120
161791274
161819443
162005830
162281058
162379766
162388767
162967331
163021385
163107294
163181115
163297319
163342788
163455943
163582946
163589798
163703868
163923863
163981125
163993159
164178664
164268247
164278734
164319100
164525053
164554360
164681013
164803825
165284522
165497516
165683859
165692937
165706173
165712447
165795861
165813177
166278798
166403132
166599269
166635206
166751839
166752765
166915039
167016266
167502504
167502555
167760638
167942394
168096378
168108864
168454960
168787067
168991648
169138430
169144039
169367267
169663902
170203005
170211885
170298908
170400826
170457560
170582126
170970689
171224378
171464704
171498816
171674013
172288106
172337094
172440242
172569800
172934336
173125306
173171990
173273923
173425396
173738851
173754626
173963584
173973144
174046887
174608324
174609764
174667866
174697218
174707760
174783237
174997994
175052637
175076009
175153247
175187152
175266722
175473280
175658697
175791220
175805504
176007177
176399975
176508581
176551436
176625811
177467692
177571892
177660893
177890828
178041457
178564977
178680113
179044238
179482280
179886017
180001005
180084692
180227013
180261415
180758132
181211776
181467081
181667544
181709497
181745758
181971817
182181604
182427462
182563690
182743965
182833703
182848272
182937383
183191819
183531400
183881241
184327107
184546112
184808293
185179047
185446243
185671607
186219651
187342304
187807007
187956482
188492832
188596613
189753120
190385809
190862711
191167710
191192643
191487161
192296745
192607624
192777565
193759172
195683389
196037951
196592197
196850043
198176892
198241023
198267711
198432182
199103999
200530821
202942497
203424355
204779871
206170881
207044570
211968284
213410815
