2769172
3076787
3317834
3591113
3870734
4046256
4048056
4092369
4184048
4195197
4203822
4206867
4305173
4496945
4502262
4624252
4669001
4679046
4705715
4858003
4864415
4866641
4882241
4884139
4894694
4918708
4956147
4956681
4981094
4985362
5005524
5045384
5076466
5081715
5109175
5112690
5143174
5173517
5179217
5296810
5298554
5340410
5344718
5370325
5423117
5425088
5432094
5477918
5481373
5587889
5607494
5649308
5682164
5685649
5703209
5737469
5759118
5778082
5811126
5867488
5890990
5979367
5999695
6006887
6008459
6024442
6025126
6044750
6050678
6052455
6068296
6083700
6093542
6112573
6140002
6145198
6222611
6237852
6276610
6306963
6336119
6340962
6350287
6377885
6382479
6390127
6423004
6448677
6491575
6505341
6512448
6519968
6543647
6563587
6577001
6620017
6621248
6631787
6702443
6724123
6740246
6751702
6809045
6814870
6843194
6870812
6956157
7045094
7062243
7081305
7198239
7203806
7277680
7320280
7359452
7369279
7381099
7443590
7467712
7478430
7490054
7497986
7528678
7536284
7575961
7657245
7677120
7684503
7834775
7852573
7855999
7856361
7936805
7946880
8012453
8016970
8037816
8115742
8117921
8133236
8148871
8150532
8175387
8191584
8212639
8222632
8283929
8295800
8347494
8367176
8412636
8423171
8426179
8427299
8435710
8458363
8529709
8572858
8582676
8643156
8653094
8672550
8740802
8799573
8912163
8914044
8958107
9302785
9348351
9702750
9954788
10023551
10452886
10544471
10710648
10728633
10935343
11082843
11162347
11183403
11225660
11233150
11234923
11256751
11280816
11360754
11395757
11396643
11397231
11423927
11463186
11480369
11487597
11493175
11493999
11542159
11562642
11568593
11593421
11621390
11656342
11663053
11672750
11713907
11743309
11745712
11748852
11793874
11817131
11822998
11825606
11831274
11884201
11894990
11907668
11921577
11945530
11962161
11965836
11974774
11979083
11987139
12005613
12014925
12024183
12046009
12046503
12051628
12055999
12057735
12064294
12066796
12074067
12086774
12092895
12102410
12102486
12116564
12152650
12158678
12174867
12193016
12248145
12263152
12279077
12283960
12296413
12333015
12339948
12356552
12357881
12370165
12392748
12401598
12407355
12407480
12437543
12454671
12466807
12474364
12475566
12490623
12491399
12506511
12510901
12541309
12549463
12551210
12553884
12558775
12559842
12560472
12562401
12568738
12589142
12595227
12614112
12626310
12630201
12639030
12665457
12668545
12706722
12709726
12741586
12754352
12761347
12771140
12779347
12829820
12833179
12836526
12853596
12864028
12869756
12905653
12907832
12908217
12915488
12919877
12920218
12921108
12932562
12936501
12954531
12956194
12969445
12981750
12984248
12985117
12996342
12996668
13001504
13001773
13039180
13042324
13047208
13096283
13106404
13137923
13145182
13156004
13173371
13174566
13187867
13188277
13192935
13193674
13218310
13219046
13243253
13251638
13258584
13262052
13266901
13285980
13304931
13305442
13362665
13371463
13379463
13380868
13412347
13420890
13476122
13481501
13490489
13498590
13532482
13573213
13603016
13617736
13633215
13757508
13804644
13864030
13996986
14025777
14026336
14030404
14048386
14059278
14069422
14119837
14126173
14143331
14143600
14148766
14152834
14173509
14204927
14219392
14249485
14293706
14372135
14395595
14598185
14795080
14909423
14973876
15012621
15013330
15015376
15048780
15048915
15111629
15144915
15161978
15179956
15194094
15270295
15271015
15272221
15273668
15319739
15350654
15361917
15388738
15411554
15418934
15458157
15473738
15503070
15535646
15536618
15542685
15552361
15613226
15651049
15652326
15666316
15716343
15717832
15737585
15763920
15785712
15799367
15801164
15825522
15854285
15856621
15872729
15891225
15907687
15914760
15919026
15933579
15947849
15948678
15984540
15991066
16002811
16044777
16052753
16069980
16082036
16088075
16093915
16102936
16103281
16106952
16125683
16132362
16136896
16161659
16176486
16182903
16191812
16208959
16211276
16220197
16237957
16250677
16260514
16285534
16287556
16296726
16297299
16319044
16326596
16327583
16336316
16345042
16363035
16363743
16371141
16400514
16421966
16435745
16458908
16474427
16477982
16485601
16511002
16516262
16533057
16545118
16549993
16581923
16582113
16589467
16595437
16614108
16626157
16631379
16635461
16642192
16672483
16695445
16701504
16708049
16713026
16717739
16719192
16731515
16748818
16752240
16770693
16777788
16809714
16833090
16833659
16845236
16852978
16863899
16886210
16903338
16924177
16933998
16943286
16947420
16967700
16975115
17004082
17015216
17028414
17037873
17073023
17082316
17107116
17113292
17126760
17132082
17150892
17196597
17203878
17208643
17215082
17221493
17231736
17260519
17262851
17271215
17286103
17296603
17334364
17354113
17376224
17391811
17405186
17417792
17419956
17429968
17490128
17504276
17549847
17612875
17618646
17640633
17645383
17653819
17657343
17689861
17699578
17715381
17761270
17769005
17807877
17809155
17809557
17837417
17854030
17855037
17859476
17867642
17944531
17947614
17952504
17966372
17987010
18025808
18031151
18044314
18049683
18067196
18078429
18080561
18102067
18112596
18113730
18143968
18148976
18149501
18151837
18156357
18186390
18191463
18192765
18206463
18221340
18304717
18346314
18350074
18353628
18396068
18473436
18499929
18500744
18511776
18542250
18542877
18546305
18549111
18564157
18570717
18572518
18591163
18603455
18606369
18635047
18637192
18657941
18690866
18736921
18758022
18778692
18779845
18782112
18792920
18808887
18821460
18848968
18849574
18868507
18875592
18910943
18946965
19000950
19015364
19038770
19042339
19080969
19106850
19150820
19160059
19188688
19197362
19198033
19209687
19230945
19249700
19252470
19304892
19306372
19312758
19326301
19355930
19393364
19413338
19416857
19427554
19460442
19468805
19528806
19533284
19556587
19588360
19652706
19662314
19682947
19713065
19718800
19724392
19724757
19725937
19762480
19782561
19790954
19799912
19804267
19869970
19879780
19906296
19912970
19922342
19942045
19958920
19967557
20041484
20097108
20110094
20118444
20162047
20173875
20180843
20182917
20190289
20242333
20266926
20280270
20316112
20359346
20481726
20483586
20518321
20545860
20557049
20634264
20643193
20656143
20665271
20770858
20772814
20814568
20834254
20850931
20895497
20921688
20997520
21001513
21071913
21077569
21112937
21117334
21117691
21119739
21146098
21159598
21183870
21207864
21209659
21259708
21287613
21291830
21301616
21329079
21331986
21332048
21341640
21360045
21443677
21503325
21575516
21603164
21650140
21727181
21727229
21728149
21729782
21744843
21830956
21867134
21873010
21875455
21907080
21935064
21964487
21970201
22011121
22040810
22064502
22082077
22096206
22113778
22176807
22180198
22187482
22196852
22244994
22249404
22294200
22328711
22339072
22348666
22353564
22392847
22421582
22426335
22437835
22458094
22470424
22470709
22480969
22516334
22528086
22634943
22671534
22690854
22734814
22748898
22799079
22800213
22816277
22869821
22905395
22918135
22932431
22951405
22977437
23002444
23019192
23024953
23033687
23042048
23080945
23094737
23109697
23125715
23128058
23150388
23173164
23288001
23296311
23321466
23346567
23367693
23371835
23388942
23394190
23402625
23441362
23443372
23471681
23485143
23513112
23522771
23536766
23561746
23597044
23638703
23648210
23671800
23686374
23745782
23756990
23776519
23781345
23849191
23876500
23877878
23887696
23896387
23896473
23916332
23924234
23933356
23936911
23946809
23951205
23954310
24065474
24076533
24092379
24188518
24230999
24233445
24236278
24238641
24241405
24266912
24321849
24343389
24357493
24467327
24497708
24498840
24582874
24587155
24623666
24677307
24768955
24771929
24795895
24823585
24842486
24894613
24913594
24921052
24937451
24942079
24971171
24980169
24994213
25021870
25054708
25174413
25186682
25190322
25205888
25217880
25271536
25314041
25331183
25352969
25361678
25374387
25389733
25403243
25412647
25445798
25467633
25471833
25491260
25499111
25503001
25526474
25616412
25674635
25681770
25709500
25718458
25728779
25784046
25803630
25806712
25824904
25835343
25859019
25952907
25963605
25983784
25985104
26017504
26020714
26043884
26073401
26106685
26130552
26138769
26171032
26177804
26186266
26186314
26234212
26238909
26281369
26311917
26317826
26374119
26386602
26404341
26443388
26458051
26459650
26486451
26529341
26562039
26618863
26619882
26670320
26716388
26717286
26717423
26741051
26895936
26935414
26985336
27008440
27041097
27060106
27065037
27128093
27146489
27196975
27204189
27282251
27283349
27299391
27319671
27354188
27354775
27364872
27378423
27378777
27389522
27413019
27433357
27434811
27484155
27499803
27515485
27528592
27536792
27551788
27572578
27597826
27608538
27638917
27660629
27713517
27742545
27803760
27806927
27817035
27832038
27857330
27861829
27880554
27905723
27912555
27914553
27920371
27933603
27979312
28040479
28042251
28051460
28134011
28137006
28158348
28161316
28194592
28197489
28203484
28297517
28318915
28319571
28371094
28408577
28461521
28504037
28513431
28522482
28538231
28545749
28553314
28566679
28584208
28585842
28594072
28599919
28670016
28703915
28708857
28721278
28727621
28754893
28795834
28825178
28830891
28843683
28864619
28941377
28943131
28962284
28964768
28967939
28991250
29008081
29020484
29050725
29056054
29097238
29102468
29130944
29164125
29168089
29188552
29244332
29271913
29295643
29299452
29362295
29374173
29376203
29385405
29404608
29458409
29555014
29594071
29604675
29615174
29626915
29647977
29678491
29706680
29729912
29842749
29846324
29878195
29885284
29901649
29913409
29991172
30150076
30175235
30265859
30316941
30318826
30338544
30371752
30380392
30387291
30387468
30388526
30393019
30408346
30427203
30438807
30446053
30466586
30495420
30513584
30543012
30567197
30682679
30700521
30732263
30736979
30768678
30836937
30844532
30852278
30859094
30879612
30903634
30980473
30984840
31060955
31113859
31118054
31128237
31134888
31235643
31250102
31262919
31265383
31278492
31296389
31328182
31455607
31458489
31488962
31530849
31538251
31547794
31553348
31561458
31651108
31724513
31733301
31788903
31790843
31874789
31928982
31974778
31995506
32000771
32016640
32049194
32076917
32098525
32104263
32137937
32154943
32298082
32379966
32421604
32434239
32473888
32568569
32690984
32717540
32726382
32736105
32784690
32831205
32844161
32863808
32866509
32931800
32945318
33006589
33059577
33069279
33087581
33140637
33148631
33285635
33307529
33333211
33371711
33390274
33454224
33456469
33475780
33503131
33562524
33638148
33658606
33680274
33692998
33701678
33714051
33743639
33771295
33773440
33776147
33829443
33832767
33853791
33868128
33920149
33956099
33961263
33987123
33993789
34013245
34035522
34101103
34142449
34181056
34192751
34193454
34234384
34275345
34283552
34343262
34345025
34388792
34391024
34486795
34512909
34541958
34582686
34620123
34636245
34739656
34775918
34776908
34780530
34922814
35001858
35006316
35027826
35052401
35069470
35103968
35111234
35125671
35143319
35150750
35159610
35315492
35323603
35346321
35360526
35379618
35424191
35435748
35463681
35465200
35474531
35476111
35533865
35560915
35574982
35682383
35718580
35776781
35897281
35907494
35922038
36014324
36039745
36065708
36094598
36131402
36176593
36189448
36272341
36286302
36287829
36454070
36490423
36537943
36563414
36827180
36862379
36903741
36919908
36964842
36988112
36998994
37009132
37020754
37093259
37101400
37144222
37205880
37233226
37237061
37242620
37269253
37305224
37316139
37343358
37360473
37379193
37401633
37440876
37470223
37497242
37682633
37734214
37754542
37759171
37772083
37815193
37822469
37847628
37875917
37973051
37980926
37987178
37987305
38009030
38014892
38022818
38026138
38067620
38100460
38112608
38124453
38126975
38149924
38152387
38229318
38237498
38284071
38324679
38329254
38350934
38355759
38441599
38491736
38492960
38506000
38519674
38554868
38603232
38606486
38621585
38648001
38655868
38658124
38659914
38675300
38708590
38729570
38747346
38755978
38762410
38765195
38780957
38789534
38790629
38833023
38836351
38858393
38900852
38911761
38985854
38989608
39138659
39138761
39201250
39222940
39232153
39233017
39269128
39302618
39310452
39317952
39346625
39382319
39387417
39398008
39452501
39478025
39551812
39597985
39617254
39618338
39654271
39705481
39707533
39722239
39755925
39773339
39774613
39824927
39911289
40131227
40163380
40183784
40216257
40307846
40313584
40343110
40393003
40449190
40481450
40554429
40555888
40630906
40715951
40739624
40749527
40760127
40780805
40840714
40848958
40853645
40858792
40894480
40918728
40929778
40977494
40979810
41005766
41013822
41053106
41062082
41080070
41092623
41102983
41104965
41106488
41135196
41154720
41191474
41217981
41289267
41346688
41373976
41425085
41541233
41605998
41619712
41625240
41663104
41704350
41706401
41729575
41826510
41891111
41892819
41905857
41907534
41955172
41981122
42058768
42086480
42158867
42161226
42172894
42197640
42222500
42237631
42265983
42272925
42278662
42291006
42342142
42462574
42496737
42510462
42562101
42633123
42649713
42663689
42692298
42707339
42716124
42767684
42772180
42779878
42937259
43019530
43170629
43177023
43184614
43195631
43263434
43285295
43297828
43301834
43301997
43349016
43355333
43362260
43384983
43390736
43405528
43452757
43500629
43508766
43531332
43658280
43674800
43678581
43693464
43693596
43700011
43712112
43717649
43772821
43790368
43811418
43848215
44019891
44035832
44049930
44108744
44111279
44137772
44172431
44216235
44221995
44332647
44341608
44365640
44367533
44372537
44516093
44539358
44556910
44572567
44626421
44754294
44896387
44915171
44925897
44948758
45065525
45084322
45117672
45129253
45148089
45164022
45171561
45232301
45267886
45268903
45297623
45342227
45437997
45485358
45486585
45548631
45618113
45630663
45632755
45638545
45649999
45692338
45736623
45738064
45802588
45879107
45940381
45995070
46132091
46138814
46197233
46200281
46202057
46357239
46377995
46453364
46453584
46457890
46460682
46480269
46556665
46577291
46639397
46768835
46780134
46780362
46781189
46801250
46833508
46844027
46854004
46914982
46928523
46932121
46937606
46938907
46950822
46955392
47008957
47058295
47073010
47128630
47177792
47189187
47329207
47452906
47517751
47541701
47660220
47688642
47755703
47877753
47921049
47965596
47999227
48060092
48067748
48090080
48110528
48141849
48144162
48258636
48300636
48346427
48406854
48533961
48542758
48680894
48685958
48714769
48723256
48842265
48889041
48954076
48956605
49014270
49059791
49066175
49069422
49072381
49152825
49199076
49320360
49326594
49369875
49518990
49524189
49558584
49605605
49673273
49715775
49799264
49819535
49847148
49873205
49880628
49939963
49991413
49992372
50047453
50079035
50110793
50214974
50216871
50235385
50251617
50277324
50290609
50293661
50302780
50363301
50368487
50411731
50494970
50535830
50538928
50563594
50639965
50730741
50767812
50886137
50893130
50915072
50921827
50931766
50934692
50972752
50978700
51025741
51054052
51083079
51246324
51317154
51342067
51406583
51413376
51442028
51458634
51531248
51579470
51595613
51649674
51658526
51709282
51766625
51895068
51966100
52072533
52088118
52114595
52311996
52348043
52351357
52394089
52548720
52613322
52637963
52695891
52751032
52923801
53021252
53029886
53195825
53223431
53248409
53280009
53297615
53312608
53455822
53724711
53804329
53812743
53865362
53865817
54073121
54086462
54101281
54122491
54163723
54194611
54250149
54330413
54432521
54438897
54478185
54667227
54691508
54695045
54817075
54858927
54875549
54910264
55060212
55124083
55210056
55279925
55347670
55395652
55473970
55500187
55537655
55543500
55602269
55634080
55673679
55682667
55726574
55761519
55881205
55955690
56007685
56020221
56090955
56149925
56167899
56291542
56361576
56452160
56467894
56525309
56652483
56691925
56823962
56850021
56905685
56955199
57024041
57068675
57070882
57122835
57123035
57234906
57248630
57359992
57385750
57425562
57436914
57452003
57506454
57559099
57596662
57837141
57865979
57942268
58006881
58042626
58042698
58056860
58138706
58235863
58279827
58332575
58335644
58369955
58524700
58551577
58659250
58731069
58851971
58866044
58911070
58993877
58997851
59112453
59172738
59178981
59275075
59421408
59452422
59495149
59638029
59671730
59724224
59780018
59780875
59821888
60057734
60063028
60068348
60080311
60110932
60113784
60192864
60382310
60416047
60538185
60541589
60590326
60616573
60706832
60758652
60782421
60932925
60947767
60966064
61033601
61062479
61077712
61103280
61108426
61239240
61424325
61463071
61469094
61520011
61532032
61554003
61640797
61673258
61723210
61731013
61782598
61807465
61925209
61992437
62004792
62061023
62099520
62145161
62169986
62250591
62267176
62315137
62363444
62367387
62371933
62395958
62432742
62443819
62606658
62693257
62716365
62876226
62971326
63043144
63078552
63131614
63133329
63207478
63325986
63342996
63466546
63484900
63532610
63580530
63741612
63771529
63795198
63797146
63856278
63943510
63944136
64018345
64104993
64119654
64143789
64192517
64232458
64263704
64264361
64341949
64353648
64374249
64584087
64605703
64611387
64629986
64703969
64708876
64755435
64767986
64859365
64889741
65084269
65092929
65105012
65123208
65201418
65387804
65405492
65446441
65448411
65480432
65502211
65553499
65560311
65562193
65866056
65946128
65953465
65977691
65979312
66067193
66117199
66210388
66289993
66314355
66380005
66423059
66440667
66481148
66569279
66669597
66673467
66675715
66691288
66701554
66703924
66785803
66821373
66902328
66926426
66977927
67001949
67078416
67091097
67124544
67151786
67161279
67233872
67342089
67373213
67635559
67684641
67737554
67755695
67799833
67926645
67934802
68101833
68232386
68241024
68261508
68269546
68281739
68315876
68356646
68372922
68428888
68455086
68476128
68711849
68734016
68770462
68804995
68859800
68922634
68953696
69018146
69050568
69259641
69320756
69340701
69368447
69399634
69507413
69546297
69552187
69560487
69584073
69622495
69755152
69760889
69766826
69784328
69788100
69836590
69909161
69995401
70004913
70037011
70125216
70152432
70229564
70328854
70411848
70419951
70466773
70472056
70476545
70497407
70593594
70604494
70915804
70923935
70951976
70976902
71006220
71006709
71014808
71068076
71253601
71301147
71327538
71361343
71361379
71399867
71463177
71507041
71587207
71659278
71763001
71824114
71857791
71935314
71960925
71999906
72002585
72025360
72052068
72133550
72165664
72237942
72287867
72310940
72320548
72363806
72373675
72387513
72719063
72815401
72824336
72905115
72917916
73007509
73016082
73078379
73100141
73104584
73107566
73129764
73145961
73167368
73219776
73246427
73352787
73536503
73553633
73569363
73776385
73779605
73817792
73844261
73915409
73936139
74101511
74107798
74134140
74173334
74237663
74273287
74453574
74525418
74599913
74603431
74620530
74677603
74722874
74883816
74916459
74924478
74946585
74966199
74976879
75047276
75113596
75270743
75361814
75424229
75476118
75478191
75518217
75637808
75716783
75722876
75755233
75789318
75985684
76020838
76024075
76112596
76197521
76371479
76479170
76591571
76618702
76642927
76644151
76838560
76868839
76895458
76896680
76909219
76993158
77013553
77030705
77035580
77049296
77060240
77064329
77080113
77083439
77112924
77116373
77169192
77198209
77239055
77244230
77256816
77277436
77287951
77297705
77298487
77321748
77329839
77337170
77392752
77411918
77479763
77484801
77492978
77505071
77523423
77544846
77549106
77557430
77618031
77650419
77658927
77660138
77695698
77724719
77760754
77772016
77775950
77789302
77792667
77797617
77833840
77835762
77844546
77857162
77863951
77868634
77892752
77905422
77907500
77922896
77923501
77934896
77984356
78018991
78025969
78042516
78045362
78054279
78059410
78086340
78089616
78090578
78093005
78119821
78122064
78135203
78143757
78183934
78222292
78226321
78257233
78286080
78333683
78356819
78370181
78444913
78458335
78478958
78486193
78576431
78592297
78611980
78655980
78682132
78686310
78723988
78730792
78772676
78819223
78819683
78863985
78869646
78870004
78872943
78909008
78909012
78919956
78933325
79013059
79014531
79017140
79028532
79067312
79112652
79114292
79166028
79203859
79207238
79216300
79237204
79249330
79255628
79268972
79274523
79281998
79282683
79288016
79297790
79336661
79353548
79384811
79393593
79395211
79438173
79442930
79444823
79492672
79503788
79505341
79513691
79519564
79563508
79605556
79623241
79649588
79654956
79706380
79719413
79764277
79864981
79873618
79879532
79882592
79905611
79947814
79973180
79992106
80034452
80055808
80079376
80105515
80118223
80149995
80236893
80285194
80285681
80319345
80325358
80342170
80349905
80365163
80377973
80393162
80404925
80428223
80440381
80448740
80461685
80477840
80501175
80547509
80548018
80548155
80587024
80600374
80613814
80626347
80627622
80633364
80651409
80733648
80765589
80811532
80863530
80884747
80912138
80950383
80950549
80954442
80971583
80982731
80995075
81044751
81150998
81160215
81234383
81289718
81300952
81325570
81338031
81340495
81374381
81382846
81383069
81391338
81395090
81404853
81405107
81431562
81465969
81479145
81505012
81506646
81537706
81553511
81570113
81576017
81604165
81606763
81611148
81620758
81621210
81627646
81636310
81675466
81727754
81750816
81764814
81832745
81892967
81920371
81925237
81965814
82000654
82015663
82054569
82096822
82119013
82121520
82129108
82175997
82183767
82192457
82199627
82234816
82242077
82252618
82260043
82271433
82304727
82336872
82371031
82373391
82394419
82394892
82410666
82477325
82490932
82497046
82528234
82530199
82537006
82539081
82558750
82559191
82560951
82620075
82624744
82672963
82675191
82679177
82682292
82688407
82697545
82701834
82723207
82736876
82749119
82774377
82792288
82838020
82856069
82911287
82946136
82978680
82982121
83067668
83079253
83159693
83162511
83177304
83227144
83256667
83259768
83263351
83290408
83324118
83386219
83416488
83430455
83430872
83454860
83499981
83518165
83543909
83598520
83641831
83658709
83663688
83674412
83701305
83725095
83738216
83806439
83816664
83858000
83878908
83908761
83908775
83922585
83970104
83977977
84027080
84028022
84049096
84144584
84163160
84163192
84177202
84187961
84243950
84258937
84298939
84332336
84365587
84378068
84393049
84403519
84403833
84413419
84430903
84552007
84572757
84578871
84659636
84662956
84687799
84698601
84704828
84706257
84730312
84813909
84820332
84839240
84855790
84898226
84924263
84935713
84941143
84942338
84950154
84992616
85016166
85016570
85020370
85026446
85034420
85096538
85114678
85123162
85125466
85146038
85286297
85330534
85355334
85394102
85446628
85456473
85551829
85555022
85590345
85593945
85599334
85638949
85717439
85757850
85818793
85837635
85839343
85850010
85852411
85911814
85964058
86035291
86060614
86075397
86091802
86093419
86108358
86109818
86112678
86122619
86152283
86180805
86200585
86276421
86318376
86340267
86378053
86392002
86407835
86419483
86512134
86534345
86543739
86550325
86576612
86582587
86626053
86668614
86706183
86718597
86722731
86803612
86812766
86856244
86857114
86922006
86922503
87009125
87154683
87157086
87157700
87180668
87200499
87218692
87232827
87235868
87241040
87246791
87299259
87303577
87309158
87342780
87343309
87360661
87416348
87419624
87484260
87549061
87609021
87611544
87619234
87636545
87654338
87661411
87666253
87676347
87700837
87737191
87747041
87748551
87801183
87805473
87806789
87857405
87900323
87917692
87919995
87938876
87939324
87965820
87967683
87973030
87976302
87983491
88041699
88058044
88071958
88095580
88103421
88105155
88170173
88218754
88221695
88255228
88262375
88291326
88291906
88338973
88343710
88356935
88411989
88418532
88431356
88438792
88560540
88569407
88592173
88657212
88659040
88694955
88695927
88701955
88708061
88760023
88765859
88773986
88778375
88788827
88819582
88827268
88835650
88837658
88840959
88844129
88845181
88846464
88862572
88897061
88898527
88921117
88939358
88950399
88952503
88965247
88968611
89001243
89006494
89025281
89067095
89083774
89083945
89090397
89152834
89180546
89195839
89203359
89228482
89269311
89270177
89276446
89287318
89300286
89316996
89325120
89338753
89348990
89350081
89377681
89384480
89387292
89394593
89400265
89421888
89443286
89456987
89459903
89465661
89484001
89511069
89580705
89581838
89643909
89650552
89650911
89668287
89731739
89735123
89787360
89811004
89913662
89952795
89982401
90049449
90051136
90113315
90227955
90268639
90270624
90281602
90315872
90398846
90400321
90445818
90512880
90536044
90552467
90623724
90624181
90665984
90735135
90735204
90748082
90748927
90754308
90802375
90884626
91054429
91140310
91161156
91222461
91258882
91312135
91342470
91378227
91380324
91543198
91598212
91647691
91671620
91688141
91740629
91756580
91820489
91915804
91941918
92131858
92181621
92255136
92399810
92414308
92461595
92481434
92485089
92489758
92529977
92571477
92655202
92698845
92704648
92726494
92752129
92772605
92835617
92835743
93009934
93083486
93119295
93139248
93154557
93251587
93368289
93444900
93470530
93583679
93619745
93646133
93710505
93745377
93808909
93886820
93921001
93939099
93947876
94035575
94040652
94114883
94209011
94297981
94316892
94340633
94440887
94510999
94517417
94633546
94725443
94757751
94772728
94880674
94883639
95106276
95325243
95405378
95421597
95570859
95636555
95683839
95768132
96047907
96122215
96172098
96276090
96732431
96941335
97246210
97252729
97308783
97332109
97332389
97357587
97365402
97416859
97581239
97597128
97648942
97651134
97748893
97758238
97761263
97777705
97964446
98111814
98115783
98181748
98291604
98401025
98402610
98483785
98596959
98684270
99072015
99208812
99343820
99375641
99511208
99583234
99652359
99669325
99826525
99839759
99896689
99917502
100023471
100119898
100160416
100219899
100224987
100243580
100312414
100416830
100494352
100609680
100673983
100730480
100769068
100770128
100801426
100804179
100915867
101008340
101115140
101177879
101428858
101437270
101507358
101548831
101549617
101674805
101732559
101755664
101774773
101855552
101999159
102032599
102073838
102115533
102137643
102412175
102583154
102883288
102917750
102939045
102964802
102982028
103007529
103108003
103134614
103168558
103207921
103239596
103318088
103340183
103439951
103728754
103765325
103813792
103992148
104231596
104248599
104439264
104488224
104537416
104682906
104803449
104841305
104954834
105110144
105149437
105170088
105174637
105302198
105377433
105380848
105411911
105437880
105526014
105537383
105561346
105629910
105641815
105765420
105831089
105839189
106043224
106193609
106211638
106268842
106419686
106642414
106687948
106951961
107024058
107192005
107481655
107535230
107538033
107607407
108160621
108523329
108672016
108706941
108776578
108974504
109028809
109117351
109154116
109405794
109429529
109435482
109504079
109506938
109509762
109588432
109654947
109668962
109695903
109758449
109780069
110010191
110028675
110079330
110207230
110245687
110288992
110309575
110404328
110464220
110513894
110547503
110616547
110785963
110968661
111039133
111121726
111182814
111346990
111461245
111584034
111769219
111846756
111848895
111878659
111891708
111905422
111970496
111998292
112040184
112435072
112508571
112633304
112708683
112731301
112758995
112862793
112946880
112978900
113055485
113118555
113190268
113431105
113521051
113585079
113588880
113687092
113690057
113708192
113729514
113764439
113987782
114082946
114084524
114302144
114337918
114582622
114649694
114743606
114774526
114806880
114825150
114829309
114986699
114988278
115001822
115085564
115243868
115350294
115451529
115457863
115729401
115767093
115835727
115904853
115931240
115976674
115980099
116460815
116533955
116564885
116577092
116649474
116693205
116846405
116959237
116978668
117310453
117480834
117554140
117681268
117789478
117873022
117920890
118090950
118794288
118974681
119043795
119103845
119177129
119258166
119526165
119539518
119824456
120119111
120136291
120300782
120366847
120440103
120635816
120751438
120985138
121145317
121263852
121339866
121352278
121409730
121709904
121793599
121995327
122029165
122159131
122366373
122384037
122389732
122430118
122685231
122906540
123104847
123200403
123251364
123315619
123357166
123431537
123449958
123485178
123556435
123613712
123679453
123754967
123852658
123906725
123919154
123939896
123980630
123988156
124173734
124295521
124336974
124367403
124454236
124461920
124505551
124530464
124660422
124758653
125058184
125062012
125233609
125443948
125464911
125571401
125627058
125795284
126067951
126145678
126289741
126419495
126545457
126586104
126622506
126818130
126837313
126838904
126892008
127132511
127235382
127335166
127387788
127518504
127694576
127728796
127739297
127860491
128265671
128588585
128876591
129031248
129330001
129340298
129572723
129626121
129951150
129985073
130003934
130029039
130057794
130089857
130109042
130216384
130325050
130443932
130504829
130842051
131175740
131255066
131325106
131423513
131462042
131541458
131659769
132031161
132037575
132043927
132098662
132179542
132707113
132712562
132744425
133125462
133587078
133693191
133693589
133918426
133982037
134030703
134094702
134379034
134526355
134730370
134788541
134825531
134986499
135007718
135029319
135146197
135161194
135375475
135383015
135425242
135620473
135691693
135732982
135758055
135972052
136384388
136415044
136536954
136646218
137037206
137070919
137078818
137173504
137463001
137523642
137543505
137803042
138044491
138053828
138292392
138406803
138713052
138850019
138931517
139111986
139120199
139198929
139217751
139291078
139473537
139475947
139867238
140287012
140368298
140449708
140485848
140586556
140832386
140988654
141143069
141163106
141231933
141391671
141472080
141588058
141590949
141626593
141641140
141998689
142385156
142661024
142687763
143109581
143825059
143889653
143938566
144166687
144509670
144618340
144769555
145016873
145065644
145207849
145223226
145615911
145713377
145791090
146116577
146292792
146386487
146575773
146613311
146799003
147053928
147127153
147162209
147272783
147296933
147430185
147626593
147649542
147674149
147709166
147768342
147801607
147844415
147966249
147969892
147987085
148287593
148568890
148585261
148607132
148720849
148742199
149082144
149144002
149469805
149569621
149765825
149808067
149900692
149999748
150028056
150072058
150118642
150172349
150278704
150329168
150582482
150658655
150794070
150817265
150904139
150930120
151107875
151195562
151447736
151571661
151768602
151921198
152093228
152126013
152476304
152507930
152920604
152932452
153100102
153315637
153421982
153697765
154163561
154214490
154219799
154579166
154608135
154759764
154840216
154957571
155094750
155246481
155367035
155472769
155684487
155748626
155800318
155967832
156443667
156541755
156596176
156824892
157113167
157328113
157647410
157680203
158465781
158466217
158579027
158596011
158739790
158822074
158861848
158955802
159096280
159776347
159780140
159830624
160065120
160089240
161054685
161174324
161175088
161329093
161479173
161674314
161893034
161950432
161959503
162003512
162413958
162536935
162592891
162658149
162705151
162955582
163059695
163080899
163179154
163538285
163598326
163686331
163784412
164237431
164306396
164389532
164586417
164967296
165312587
165487005
165546076
165732267
166644647
166679557
166906845
167220964
167315029
167773629
167814215
167903006
167938321
168051405
168195466
168418280
168623837
168642087
168933041
168934522
169053097
169252482
169787692
169925291
170122396
170811653
170894311
171328863
171374813
171609227
171846109
172210875
172933493
172991398
173245020
173266527
173649790
173708945
174036775
174046044
174233567
174289962
174456382
174610195
174684171
174869964
174938251
174955721
175143048
175580841
175696277
175828433
175833885
175937729
176082878
176159327
176233654
176309556
176400340
176480214
176507715
177170550
177308801
177312734
177355453
178007520
178011098
178193174
179016931
179282921
179571223
179647835
179690538
179729742
180810266
180951301
180988257
181109727
181442853
181543409
181588731
181634396
181649161
181765083
181909418
182004480
182402913
182704110
182714007
182729647
182732438
183771517
184970318
185306078
185553815
186310269
186374523
186466248
186578548
187224285
187237996
187385438
187524526
188693153
189462054
190076382
191954667
192482812
192583516
193141886
193472444
193870112
193971354
194417857
194692684
195541473
195697281
196120224
196310592
196483206
197159680
197467721
197523559
197546949
197664676
198157534
198454948
198552680
198610662
199344960
199470813
199481825
201519588
201729664
201811140
201878015
202044508
204488633
205901637
207367076
208082150
208372255
211245853
211653348
211835812
214503426
