2762579
3099791
3230259
3269069
3271145
3289676
3328680
3393362
3489092
3550307
3552956
3569079
3585904
3795698
3821390
3835609
3972694
3990826
4008525
4038198
4119126
4152222
4173670
4221513
4259457
4303568
4313079
4373974
4572341
4627270
4640241
4698155
4717882
4729551
4756115
4783896
4800243
4822893
4836274
4854975
4876993
4877321
4885037
4902325
4925870
4949195
4950313
4970381
4980396
4997958
5014329
5057552
5125882
5158569
5175642
5178038
5189612
5209051
5276370
5285178
5312014
5352343
5353287
5360107
5385564
5387857
5400126
5405484
5406783
5471585
5477439
5488994
5529582
5601470
5603925
5614467
5621528
5649472
5713580
5815068
5832454
5888298
5901469
5911521
5922404
5949558
5966703
6013696
6023018
6072193
6076194
6143678
6183091
6201801
6237302
6258024
6305662
6333162
6338240
6386353
6394171
6467022
6490767
6542964
6585141
6652517
6654774
6693642
6709907
6714157
6716328
6859908
6897566
6933943
6937231
6937532
6943883
6981692
7041858
7047769
7073509
7111046
7112751
7123826
7125202
7141902
7146653
7165584
7279418
7309259
7389764
7414701
7437439
7464691
7483508
7512448
7558325
7645224
7658793
7703669
7705307
7727628
7757003
7854787
7923970
7987287
7995619
8020829
8068637
8083616
8110344
8172088
8195145
8235632
8272222
8285026
8305538
8338256
8356388
8393146
8412858
8610841
8619034
8875547
8891035
8926812
8935362
8980548
8982237
8983606
9011177
9080963
9083265
9132765
9268863
9273150
9463514
9623450
9794171
9808335
9832612
9857603
9967395
9987871
10007647
10061505
10115188
10184340
10192941
10404426
10850065
10919365
10960763
10966450
11048435
11154222
11247119
11257391
11381779
11401552
11457515
11471248
11508367
11510101
11562608
11616338
11624055
11659696
11683319
11699440
11711438
11711656
11740885
11750963
11758842
11784236
11796115
11817530
11820021
11820200
11827052
11896090
11935440
11939604
11948750
11951574
11955132
11956173
11968759
11971217
11997675
12002684
12013640
12023438
12051056
12055509
12071751
12108675
12140778
12174853
12182708
12208915
12219217
12243082
12267595
12270186
12297659
12318854
12325080
12373447
12380295
12404904
12410082
12419978
12430222
12462617
12469517
12474824
12478764
12487542
12490662
12513994
12542396
12544607
12546451
12546564
12574466
12575498
12576963
12579038
12584298
12589744
12615223
12629011
12641950
12649338
12720926
12735752
12738564
12753405
12763808
12764984
12784273
12793038
12797833
12819872
12830814
12863714
12866967
12867207
12876249
12884138
12887555
12893755
12915484
12915671
12920288
12951581
12993732
13029859
13035624
13075137
13104477
13156420
13159913
13167393
13193800
13242393
13248185
13266950
13270364
13278371
13304933
13314171
13315870
13343399
13371355
13402506
13442201
13448163
13490462
13501861
13513115
13530113
13564673
13605274
13647907
13658434
13753215
13756959
13767171
13769849
13899362
14003196
14015521
14181652
14190706
14203458
14253747
14382998
14453911
14487414
14591240
14776399
14978094
15018193
15022321
15027212
15066293
15092563
15148948
15193170
15196785
15248629
15266947
15276816
15366890
15378955
15414227
15419089
15442254
15447265
15473294
15485131
15506518
15577772
15619160
15674134
15702889
15721768
15727695
15731673
15740693
15775281
15787961
15789325
15824720
15829766
15886214
15886233
15903948
15908979
15926663
15931761
15944421
15995460
16004540
16049431
16075464
16088056
16094053
16114331
16128377
16134812
16138093
16175439
16200920
16251220
16260204
16268519
16278064
16280127
16283016
16287200
16316255
16345700
16365005
16372035
16377079
16388605
16429824
16438991
16455392
16480575
16498211
16501036
16507171
16511296
16514012
16514439
16541461
16543570
16545247
16559014
16562413
16570265
16573511
16613337
16667165
16672097
16692578
16696530
16697028
16699809
16720010
16723150
16739332
16759551
16773567
16775395
16795821
16814015
16844079
16846568
16851808
16875398
16897828
16918605
16989173
16995834
17006324
17036829
17098116
17103963
17109071
17118007
17138921
17139712
17198088
17201528
17241180
17257183
17261633
17273441
17279460
17279517
17296828
17314479
17355104
17366196
17419056
17465830
17476097
17501101
17507208
17533546
17563165
17575559
17630522
17644748
17698355
17713185
17724892
17729813
17735839
17767515
17786531
17827336
17844962
17878456
17893515
17895134
17942109
17989524
18000720
18030832
18032450
18043652
18105755
18151652
18286124
18287459
18303811
18321339
18336863
18355378
18362468
18380489
18412479
18429899
18469183
18511287
18545208
18546550
18562328
18604526
18625177
18655477
18687836
18701251
18701365
18735605
18738965
18818726
18864610
18867870
18872480
18875407
18952694
18954503
18989930
19022426
19061655
19065285
19082578
19087689
19151593
19208863
19225032
19268051
19302627
19319504
19329231
19329837
19338711
19393949
19425223
19433313
19455675
19461321
19495596
19533272
19546512
19598284
19637206
19670821
19671131
19677759
19714939
19729260
19733394
19829051
19833855
19982172
19996656
20022210
20022910
20072799
20088668
20102392
20103987
20164787
20203488
20206983
20211924
20247424
20251375
20254722
20265505
20276030
20337178
20361205
20362172
20374331
20377633
20378006
20381078
20391915
20449998
20500554
20519960
20578326
20629474
20634406
20679108
20680026
20772634
20779960
20858000
20859391
20878079
20974723
20983506
20986932
20996296
21009246
21065490
21077879
21085238
21128855
21211808
21215141
21226144
21256252
21344869
21397667
21474959
21493941
21506318
21507711
21517669
21540383
21550033
21551216
21564386
21572977
21582746
21624050
21653409
21660848
21666631
21705194
21792787
21801095
21830381
21839415
21847483
21889398
21898445
21915053
21940723
21996733
22018591
22025581
22045633
22117863
22140286
22167471
22196332
22210600
22234718
22284036
22339060
22395800
22424805
22428130
22443930
22452013
22464082
22515734
22546991
22601839
22609579
22614239
22632663
22661194
22662199
22673801
22713919
22721395
22747287
22761796
22764343
22800284
22857930
22876240
22897597
22908430
22919504
22985819
23109969
23168801
23173810
23200926
23227993
23393063
23423494
23436791
23455436
23481465
23490343
23516122
23642252
23680710
23707140
23723105
23735669
23736330
23775827
23793651
23797643
23798608
23842748
23855570
23873989
23899240
23953984
23979754
24021081
24029139
24035960
24042513
24059683
24065206
24167933
24243823
24262554
24275199
24276101
24277162
24311840
24316564
24372677
24421308
24425583
24445400
24497683
24498895
24502122
24506009
24528289
24551940
24570709
24598603
24631986
24639596
24648048
24648629
24671952
24681872
24740494
24743265
24760249
24764613
24765920
24776551
24811975
24897264
24935295
24948111
24951703
25044532
25071333
25083702
25166733
25183337
25256393
25263940
25295078
25321598
25360403
25461505
25462523
25566833
25568592
25597738
25663823
25672729
25678479
25695080
25698403
25713599
25716548
25781825
25836267
25848953
25869383
25881721
25910642
25934452
25946322
25951513
25958502
25988542
26018524
26094221
26098770
26243689
26249066
26269387
26302161
26305748
26320865
26445770
26467948
26474599
26550776
26596845
26626998
26641353
26645304
26662919
26701258
26722180
26758104
26760139
26762269
26880711
26881976
26904655
26933544
26938967
26948257
26953733
26958343
26971851
26998501
27047341
27057130
27178112
27229784
27231620
27238692
27278991
27302257
27315536
27368848
27386024
27433874
27444648
27524157
27601938
27698132
27703043
27704709
27712731
27766887
27771362
27793531
27797137
27834266
27858568
27945020
27962421
27963780
27967910
27979985
27991793
27996243
28033154
28059371
28059513
28063472
28130024
28181786
28194992
28217398
28267438
28277432
28298645
28336830
28376953
28388763
28421110
28467206
28473147
28499259
28580756
28616328
28620214
28665130
28679493
28697311
28704890
28709366
28846468
28852634
28896295
28903899
28935147
28948257
28983819
28996021
29020321
29102459
29110358
29119632
29135910
29181538
29197080
29213762
29260917
29283909
29291586
29373582
29400166
29406087
29445671
29446032
29451081
29455633
29496995
29516413
29550867
29552866
29571385
29588231
29590362
29635587
29643295
29655593
29675583
29695529
29715951
29739340
29766525
29780959
29801777
29819389
29847698
29858281
29860940
29862912
29879613
29924633
29948212
29949705
29971693
29977294
29977652
29984404
29988597
30007830
30058196
30113083
30119196
30134720
30215040
30230970
30344041
30345772
30349109
30397583
30398565
30408797
30411761
30428667
30440394
30448451
30467445
30478356
30484692
30557088
30613887
30624947
30711917
30729568
30758848
30789301
30789839
30793494
30859398
30913745
30948639
30964289
30977615
30987662
30994058
31056745
31059807
31085740
31087831
31161186
31230569
31255457
31335181
31367773
31390593
31397565
31433588
31435933
31458501
31466007
31470807
31521325
31557815
31617569
31621368
31640916
31662825
31683070
31785295
31870041
31876259
31888597
31922357
31922425
31991758
31996449
32000860
32022715
32029355
32044135
32123487
32158126
32164918
32196423
32210947
32319514
32332330
32332895
32414762
32474616
32485482
32578251
32582550
32693062
32743060
32774943
32796852
32858910
32959238
33003270
33010885
33015400
33015718
33049113
33060417
33074664
33081595
33096207
33096287
33104817
33122789
33125943
33158635
33193858
33206783
33224293
33269828
33290397
33290504
33333331
33335941
33345592
33361201
33371473
33386702
33435913
33442664
33453309
33454302
33494269
33518885
33522015
33528591
33550161
33553852
33559942
33592909
33601456
33623652
33623752
33680355
33764957
33818771
33872575
33891098
33896706
33921894
33933594
33938556
33984418
34003086
34042735
34078685
34087950
34088462
34102211
34102572
34104321
34107693
34156049
34160741
34232355
34254566
34261166
34271614
34334746
34336546
34363485
34366196
34454203
34492337
34529067
34552884
34567557
34619278
34637109
34646021
34649458
34662220
34667621
34667630
34677418
34692522
34699634
34702158
34715402
34799021
34802028
34813804
34815994
34822020
34851708
34851750
34912116
34955565
34958955
35004377
35009731
35021725
35037954
35056619
35079653
35092887
35096246
35130930
35144010
35166852
35174197
35174259
35199657
35210828
35241213
35253183
35311905
35329186
35395781
35429306
35451115
35451939
35485387
35509772
35530974
35607893
35636642
35645990
35666321
35705140
35838146
35839325
35888040
35915336
35931768
35990980
36071106
36133813
36144918
36149973
36180783
36184309
36186481
36233750
36247070
36291202
36307632
36326236
36345289
36462736
36464962
36484386
36502003
36567808
36615392
36625081
36632780
36705126
36734485
36867051
36875135
36892005
36915537
36959884
36995214
37073446
37108655
37116411
37124116
37151151
37157298
37158696
37194289
37223736
37236068
37254632
37297062
37305951
37310695
37328118
37337232
37359756
37379995
37386309
37402684
37446654
37495759
37500167
37584181
37590218
37596275
37614937
37645391
37698836
37773972
37888406
37910935
37923718
37926511
37989927
37996502
38062367
38076129
38096512
38107456
38107650
38127896
38147110
38162302
38169309
38192569
38214754
38219464
38248776
38277792
38343791
38349086
38361464
38446622
38453549
38491958
38497288
38501958
38537242
38560246
38561483
38580615
38689982
38715686
38750166
38791905
38816286
38845621
38869038
38882390
38940424
38954982
38982654
38992127
39010568
39074243
39100604
39141405
39216155
39249137
39254649
39276458
39321364
39325901
39341535
39353321
39354183
39452071
39488186
39497651
39519549
39528952
39531064
39538527
39546560
39580055
39601087
39632745
39659992
39674848
39697078
39736578
39746659
39867915
39875481
39876189
39993508
40012004
40028982
40074436
40105873
40121430
40160246
40166757
40175371
40182314
40201464
40216476
40221795
40258312
40272065
40318267
40432133
40434666
40472160
40571602
40572552
40633242
40644521
40653576
40656323
40659566
40660963
40744480
40777991
40783982
40787803
40804614
40808122
40817296
40855123
40903257
40927205
40956356
40965851
40990151
40995060
41009104
41012164
41024685
41124465
41126761
41177073
41220455
41229377
41248795
41285550
41285881
41289885
41337076
41345094
41361105
41400226
41400675
41412095
41413650
41470021
41496603
41499911
41525343
41588796
41594109
41633244
41678440
41700666
41739997
41792478
41799432
41803128
41816201
41822364
41882374
41886152
41905102
41933331
41984627
42096972
42145048
42241826
42282242
42327646
42329477
42346396
42362325
42372566
42414685
42421201
42426785
42427653
42440474
42467111
42481841
42508779
42553539
42580656
42608668
42619969
42628778
42629655
42642115
42647674
42674957
42685871
42697405
42701215
42761484
42772585
42783601
42805494
42805794
42826060
42837558
42859219
42863735
42889277
42889942
42915988
42927980
42941915
42943511
42944126
42967062
42977341
42980501
42980622
43114080
43123027
43130072
43173256
43208876
43264577
43368406
43376954
43410296
43414112
43452577
43468636
43483685
43485517
43654685
43687619
43694850
43702624
43709680
43750974
43768740
43771570
43787414
43819648
43820725
43842327
43852090
43854690
43876324
43886350
43886418
43890691
43892423
43901762
43958396
43995915
44012722
44051511
44099647
44116451
44154679
44264157
44279356
44339844
44362340
44454127
44483005
44494630
44506603
44528722
44555518
44559399
44617127
44624600
44637678
44690281
44713908
44723633
44783550
44788188
44815701
44825311
44826105
44888523
44957483
45011199
45051670
45100271
45117970
45176406
45193870
45200141
45239731
45269546
45283670
45291123
45361404
45409548
45413754
45467072
45469773
45471952
45514829
45596647
45609748
45691986
45737873
45768332
45883891
45887884
45888173
45889927
45893212
45912186
45927532
45954648
46016494
46049558
46079432
46079744
46082994
46151088
46177437
46177809
46192486
46194985
46231001
46350851
46442861
46471497
46474382
46500084
46549065
46576694
46613495
46614705
46677684
46773044
46777865
46819005
46832217
46848311
46878285
46898745
46923889
46928174
46933748
46970943
46972552
47017061
47038729
47049847
47145311
47150943
47197736
47246635
47263740
47283034
47306251
47312966
47408408
47415100
47419688
47469854
47478915
47716295
47845259
47846053
47872504
47896774
47907399
47918499
47930332
47942016
48042529
48100450
48104446
48125131
48156954
48207650
48213058
48244025
48264649
48324330
48327905
48328206
48347620
48353551
48362277
48441966
48475675
48498183
48508167
48550702
48554916
48606911
48609587
48704582
48712486
48713479
48725093
48884266
48905157
48952676
48958148
48970445
49010308
49057671
49081095
49090000
49101374
49107235
49138014
49155281
49163988
49170672
49222533
49247156
49258161
49271155
49290793
49292227
49294514
49349473
49396820
49410437
49426722
49437540
49439525
49461376
49508055
49513264
49552044
49613997
49691877
49776285
49837977
49852606
49856200
49915288
49929380
49943137
50026372
50072312
50083311
50092606
50115614
50121287
50124722
50172834
50202101
50273368
50293507
50330076
50375027
50379905
50397962
50507720
50513375
50536518
50538966
50559501
50580551
50608366
50629230
50690288
50725145
50761066
50780018
50843034
50843814
50998852
51005308
51008871
51058167
51097392
51102039
51114013
51140601
51158163
51197854
51230644
51235922
51320289
51325402
51337602
51377310
51380754
51398025
51410706
51429311
51478775
51580580
51625335
51661408
51777027
51802624
51905057
51953129
52066850
52111989
52140504
52190885
52210367
52231676
52252726
52460047
52680199
52710978
52772823
52864313
52907946
52953939
53037518
53054901
53067128
53103952
53107496
53143823
53184713
53272598
53280939
53284750
53305272
53390041
53396066
53397897
53441919
53500327
53555020
53579133
53605869
53672916
53720071
53755668
53758366
53758897
53784430
53858906
53927254
53956101
54012104
54045078
54051238
54061337
54066263
54117920
54131109
54176593
54241637
54302298
54321146
54332264
54360884
54380047
54438074
54534471
54555695
54779304
54884236
54929073
54938094
55034508
55135021
55301584
55325177
55331901
55341138
55355576
55377592
55392845
55401908
55428334
55516538
55562009
55578081
55585788
55595878
55648272
55670085
55706794
55707296
55741857
55748900
55822811
55826510
55829452
55843777
55870111
55888606
55966336
55980288
55990261
56025807
56029057
56042099
56065527
56072170
56106996
56189315
56211618
56242770
56276153
56320522
56425795
56462619
56470737
56599347
56601432
56656460
56676289
56677084
56757152
56768548
56776654
56811486
56834081
56899626
56980545
57006571
57017356
57096113
57139812
57182031
57184291
57311857
57319497
57323217
57403222
57403449
57468106
57492915
57514577
57531455
57568868
57591599
57600292
57650943
57671882
57678882
57687424
57689951
57710513
57758460
57853161
57862384
57941624
58012397
58022841
58033341
58038030
58041970
58046802
58054569
58073410
58150785
58168178
58193876
58319559
58363041
58389879
58405375
58409960
58436829
58453918
58533759
58546902
58631655
58674727
58712872
58744527
58826440
58983177
59075401
59095541
59117090
59127913
59141695
59172248
59280794
59297733
59321364
59359020
59408946
59432723
59444773
59488208
59593711
59624571
59632260
59641658
59652319
59695507
59719435
59753899
59759033
59759891
59780072
59792143
59812859
59852403
59862963
59880147
59975438
59975581
59984696
59993718
60019282
60062105
60069964
60121035
60136551
60148029
60184766
60328232
60366897
60420331
60449092
60499933
60547084
60573387
60606156
60621470
60648841
60651330
60658346
60708674
60887263
60920096
60931477
60941081
60960317
60992146
61047769
61055744
61061916
61075211
61103630
61135565
61422831
61464213
61503967
61536857
61592374
61633761
61638654
61651885
61664318
61666459
61668110
61670482
61783613
61800654
61819603
61829822
61915970
61930972
61958008
61968977
61987733
62038525
62163878
62204375
62219771
62261378
62274279
62281261
62307451
62316883
62332709
62347023
62384157
62412043
62419933
62446980
62478760
62549801
62591197
62601091
62624596
62646837
62660808
62684824
62687004
62688104
62695769
62697702
62727216
62738232
62741136
62746272
62792448
62803925
62835702
62835772
62845773
62856779
62861051
62871045
62877923
63018146
63026615
63048535
63130700
63148066
63158487
63167689
63216101
63384605
63403608
63413622
63428325
63437051
63459078
63494743
63509462
63535933
63554396
63575257
63595782
63597187
63635999
63650904
63652872
63665570
63749427
63794784
63838127
63866815
63885500
63893379
63928264
64056029
64087294
64123173
64221985
64307922
64311869
64321183
64321733
64366423
64372287
64376737
64396746
64430906
64659238
64683864
64695049
64829956
64845392
64863374
64891864
64892537
64914072
64917597
64937685
64957397
65061323
65098430
65101723
65161681
65162534
65237344
65244232
65254457
65260811
65350574
65357513
65379903
65406414
65513459
65555267
65558797
65559340
65594067
65627538
65660547
65684430
65748984
65758161
65765080
65849394
65868947
65895323
65939502
65953953
66008955
66016153
66042776
66090429
66092118
66110624
66114123
66114507
66126950
66237995
66262266
66273227
66337390
66364616
66394082
66406337
66595666
66621249
66662065
66721554
66791354
66799459
66802409
66861970
66913606
66941364
66941513
66962154
66988926
67166494
67186633
67271496
67286721
67498192
67538562
67560516
67590591
67592285
67621555
67677907
67708557
67796085
67810034
67924519
67960635
67974897
68054589
68056717
68065401
68069422
68069953
68076105
68078251
68090718
68126014
68193115
68201465
68275386
68351037
68358542
68431707
68447725
68453767
68456778
68468094
68468816
68530466
68559947
68609666
68675536
68684755
68691340
68696914
68820162
68839442
68852080
68854190
68877821
68887501
68905874
68935197
68971674
69049984
69096385
69113138
69212143
69220511
69283063
69305642
69355370
69372501
69407867
69411853
69526208
69554168
69746832
69771124
69791385
69792388
69864802
69876279
69942312
69965201
69985314
69994922
70025952
70278125
70282901
70286715
70356552
70431280
70461489
70503138
70659301
70683435
70735301
70788429
70846426
70893985
70994652
71002182
71044968
71109151
71144439
71155265
71174415
71195771
71294893
71361151
71418261
71464346
71491427
71527053
71566937
71609121
71635175
71681590
71710245
71729678
71749059
71807501
71810013
71816956
71849674
71933046
72080479
72157940
72173614
72215347
72246565
72261658
72270737
72384342
72415825
72474740
72565916
72639102
72670184
72705624
72820046
72834970
72861446
72896631
72910440
72928743
73008281
73008681
73017357
73055732
73075334
73131049
73172162
73272554
73281134
73352697
73407289
73412485
73416181
73418304
73435481
73492305
73555446
73565806
73595638
73597793
73605920
73607850
73653241
73716687
73743263
73762538
73767306
73872897
73893215
73983852
74008241
74019231
74022069
74125858
74220198
74279177
74309725
74339279
74342175
74491692
74596694
74621528
74629335
74646516
74718439
74740967
74788666
74901180
74907757
74963405
75000505
75012513
75223665
75251126
75369727
75390143
75391199
75399939
75484354
75534784
75552236
75566662
75601099
75690342
75700880
75745656
75767630
75780449
75824104
75827034
75834558
75845763
75852482
75887252
75945082
75963662
75975424
76059378
76180706
76293242
76447004
76470484
76537355
76556122
76565242
76643572
76650313
76708980
76710770
76716494
76735307
76824254
76871896
76895664
76985614
77059097
77082502
77110043
77122220
77175106
77237501
77270020
77271919
77291772
77295155
77301410
77348965
77370595
77379533
77429124
77440915
77448001
77478760
77508597
77573618
77651008
77745455
77757056
77789936
77803164
77849091
77867379
77976510
77978318
77999935
78019284
78093115
78101576
78148086
78151697
78170054
78185797
78239286
78292602
78295865
78328654
78360489
78397912
78434259
78453150
78469289
78484418
78526626
78542204
78546079
78553193
78584789
78660962
78709607
78718361
78722734
78724381
78738877
78787486
78812580
78823433
78924826
78959589
78969087
78987670
79030821
79033640
79037949
79045639
79082167
79131746
79197917
79248962
79324115
79336395
79360649
79386670
79425646
79489471
79491365
79539610
79544025
79549580
79595088
79605466
79707745
79783596
79830655
79835394
79846174
79911677
79941735
79975660
80099904
80114015
80183613
80195040
80211870
80328173
80393313
80447144
80452208
80649371
80649835
80696524
80732582
80748451
80800134
80902852
80906827
80938598
80987508
81064702
81109126
81157829
81182312
81212319
81225686
81244204
81329985
81439274
81445626
81487708
81665071
81724346
81767456
81794076
81835936
81881443
81911221
81926946
82011235
82034390
82048905
82071438
82076993
82122632
82164874
82166299
82214530
82259324
82300259
82388084
82467310
82506912
82525277
82754758
82785362
82804247
82850714
82892708
82924540
82936540
82945045
82957341
82990822
83075299
83143435
83205744
83238363
83265410
83278811
83350779
83516039
83518449
83524679
83603007
83630932
83662502
83684662
83723230
83768956
83868045
83897281
83915799
83968781
84032905
84064811
84087039
84129817
84130495
84150711
84196992
84225232
84382629
84530323
84543707
84566877
84637767
84647943
84679134
84711892
84759305
84874876
84881363
84884646
84930172
84954978
85025022
85034292
85060866
85072329
85150534
85197028
85223858
85285214
85351046
85384912
85388702
85429888
85455423
85609611
85699213
85821544
85867005
85907398
85936736
86049052
86122137
86183749
86242019
86271227
86283498
86302643
86346465
86466184
86474085
86515579
86533782
86542972
86682457
86779370
86850991
86859069
86865327
86898272
86915403
87099005
87197275
87334725
87367087
87441742
87443476
87500054
87551182
87708365
87766122
87814456
87824110
87852282
87877658
87898601
87909595
87974509
88032884
88051619
88066897
88068590
88084926
88088765
88117609
88180707
88199332
88310003
88537535
88544702
88602709
88641702
88657272
88731099
88797827
88844642
88857131
88870465
89007613
89029109
89225157
89349265
89376197
89385431
89441436
89453454
89476511
89481790
89493562
89531225
89570758
89593798
89644937
89671457
89715454
89732536
89766235
89767106
89781956
89847999
89897000
90049455
90055235
90126107
90129950
90146889
90284506
90319414
90411055
90414870
90602493
90642077
90690086
90690888
90894018
90937087
91075689
91085742
91352548
91434740
91484974
91541826
91555297
91635354
91680779
91780637
91782547
91942406
91960899
91989957
92003734
92061075
92114132
92199845
92231761
92256085
92281948
92392974
92442706
92458397
92628556
92644750
92685679
92691042
92704370
92921759
92977077
93088377
93135321
93199516
93222200
93265480
93277701
93288513
93483477
93526537
93654690
93674375
93832798
93905796
93944447
94051081
94212724
94810594
94825729
94992669
95012392
95471996
95535173
95544477
95834409
95946079
96435332
96475789
96600069
96604353
96674012
96747719
96847502
97000351
97156656
97227878
97493859
97532959
97550167
97841824
97949668
97985296
98012079
98129812
98142522
98386593
98442774
98450805
98494354
98741896
98769651
98873800
98963809
99079282
99153378
99236699
99559416
99608440
99641296
99660976
99690010
99731633
99810778
99828677
99902767
99909646
99911870
100021969
100079002
100273771
100432700
100453267
100483420
100645904
100739086
100918158
101009774
101030814
101052434
101233467
101259218
101364997
101373204
101460517
101491585
101491810
101533963
101536708
101700297
101796450
101891135
102061485
102128804
102513354
102679794
102733843
102781070
102866237
102965036
102974380
103135907
103150252
103171810
103191964
103275804
103289695
103361170
103410622
103451452
103540660
103563504
103568365
103574931
103585263
103608496
103631407
103678004
103734649
103742828
104022856
104023734
104034743
104063516
104152176
104228910
104294988
104347788
104354071
104455370
104489314
104496662
104651534
104714866
104739181
104796395
104843988
104976369
105017012
105121363
105187776
105239886
105386987
105479561
105494380
105503764
105552907
105575442
105691729
105859935
106014322
106043760
106184912
106244805
106259071
106319957
106364014
106439950
106555916
106568779
106622865
106634254
106635399
106647537
106696625
106888554
106910803
106955442
106988105
106995089
107138126
107186293
107228499
107315089
107329779
107362675
107373965
107400535
107406734
107511784
107535987
107650826
107660211
107676570
107677518
107715566
107730326
107768372
107834051
107861452
107994291
108024908
108041415
108065606
108073685
108118323
108143657
108187910
108278452
108321068
108368684
108398714
108400960
108426735
108511965
108535703
108535956
108570510
108653937
108722722
108742613
108773908
108861014
108868905
108914765
109069812
109184185
109215030
109228785
109282027
109433392
109488731
109600161
109611227
109786130
109865717
109894378
109922256
109938250
109979417
110060650
110062833
110074354
110101515
110112757
110160590
110168757
110264734
110314112
110413291
110523734
110524881
110537589
110576565
110581724
110602826
110611441
110647663
110650003
110671709
110698512
110703231
110841455
110860618
110874558
110885972
110940119
110958715
110987456
111074002
111090530
111109809
111156886
111160767
111222107
111229919
111230310
111240664
111244635
111273341
111273395
111291097
111343111
111364187
111398473
111426901
111431798
111494665
111495735
111496531
111632494
111697485
111724029
111752442
111770147
111782719
111811578
111829089
111892269
111910407
111912620
111923214
111982218
111994022
111998377
112028837
112044752
112071029
112156431
112178834
112198570
112222281
112250305
112362647
112382947
112408284
112415335
112416441
112420254
112429112
112465707
112529874
112553030
112603602
112622885
112651534
112663610
112676844
112680868
112703913
112713292
112733363
112758231
112794087
112834099
112856026
112890945
112946889
112975152
113062089
113069204
113125017
113143181
113149919
113153819
113162647
113184507
113221377
113236541
113275878
113284022
113284425
113342989
113381160
113409304
113456321
113494728
113502570
113507574
113532973
113532984
113544288
113547272
113601465
113650422
113682234
113693846
113734851
113750037
113750875
113760838
113782163
113795765
113837932
113906648
113960166
114176248
114218502
114270125
114291067
114295906
114302606
114351063
114433367
114459221
114486502
114536361
114613337
114809785
114818492
114889707
114909993
114944311
114971194
114980686
115007258
115074185
115111607
115164842
115169220
115192852
115288137
115300207
115311225
115316924
115374867
115431768
115434058
115506359
115557536
115684132
115684199
115699416
115755962
115771878
115783093
115805331
115827519
115834567
115857047
115920185
115993969
116008194
116125323
116171459
116174968
116219482
116249381
116256659
116276642
116353730
116381428
116392890
116400609
116417558
116460120
116479164
116490535
116498495
116504223
116639466
116679098
116687936
116738106
116782787
116815015
116829145
116889516
116937213
116942539
116956702
116964555
117062725
117073049
117074382
117079510
117090100
117101597
117130171
117175626
117224739
117261464
117281657
117381982
117497326
117580977
117585186
117598680
117666437
117678565
117713905
117717760
117853715
117884747
117934089
117957543
117978900
118060003
118100135
118148765
118176125
118183680
118189015
118190536
118241386
118242715
118247064
118265724
118299647
118304627
118339193
118357957
118382338
118418009
118430927
118439803
118460472
118476994
118520383
118572772
118657314
118664071
118689146
118706534
118707451
118731863
118737445
118742333
118785702
118807836
118827909
118871613
118878115
118885826
118905306
118944069
118978470
118998843
119044585
119088988
119112314
119157852
119171477
119191804
119212420
119284950
119285891
119309260
119329762
119341898
119407065
119444804
119465508
119479329
119533312
119535802
119547452
119549770
119556996
119586583
119594312
119603194
119603273
119631774
119647872
119669146
119681507
119692924
119725800
119734807
119761157
119787874
119812073
119826846
119863237
119893545
119920730
119933686
119951390
119957733
119958052
120004830
120292469
120439401
120462525
120463486
120492382
120496199
120586047
120596494
120686025
120689012
120691865
120716721
120736187
120846342
120887833
120907516
120925084
120957919
120981794
121031942
121055462
121059082
121294952
121314391
121335831
121374721
121411654
121457951
121551353
121564236
121594782
121607689
121681987
121750098
121844293
121862167
121883479
121914372
121929766
121933459
121954363
121960746
122137725
122171320
122181772
122183322
122184283
122296677
122439078
122493732
122520026
122525524
122662174
122698817
122731223
122742371
122999903
123003649
123120228
123129437
123136831
123145559
123149408
123158560
123321954
123403225
123409345
123449412
123533849
123765271
123892538
123942081
123959366
123990399
124053841
124336166
124356957
124558928
124561777
124611040
124668629
124705442
124719517
124781705
124801978
124833694
124840008
124870638
124914030
124919517
125119571
125226708
125270693
125372792
125394834
125587939
125714457
126183917
126238276
126240453
126317785
126342236
126409442
126503761
126637314
126648118
126660220
126697990
126851327
126862083
126898425
126938226
126980536
127195875
127449793
127451772
127461387
127492515
127496066
127523294
127670430
127827424
127866459
127946123
127947746
128006778
128168126
128185655
128210361
128216513
128282170
128287159
128292008
128336959
128358171
128643442
128658945
128707658
128712117
128730245
128771646
128980464
129046142
129134462
129183394
129204930
129270526
129305598
129377094
129416700
129550099
129714524
129772994
130054945
130189181
130258689
130377760
130474660
130625688
130844569
130994051
131081836
131197575
131433282
131500842
131510579
131586915
131717584
131719743
131950139
131950713
132102515
132622833
132741102
132880810
133028917
133035978
133050773
133056677
133217145
133355388
133534449
133555684
133591728
133601355
133650071
133759478
133794771
133882949
133887671
133976381
134007229
134040229
134106539
134141636
134273732
134336619
134428865
134669827
134739235
135049054
135061825
135117576
135255669
135530847
135671917
135716602
135722930
135809697
135898034
135931911
136041418
136101567
136197668
136211144
136233116
136274278
136274285
136504737
136699896
137293444
137312223
137323924
137386892
137448192
137575457
137744190
137855498
138172358
138262039
138347442
138510374
138551671
138620303
138894210
138925414
138935487
139103952
139163048
139617906
139713571
139838914
139912928
139933520
139944538
140042388
140156821
140337961
140380273
140417818
140726838
140780481
140815366
140870123
141224254
141630713
141733224
141753087
141866396
141876149
141881011
142420435
142473452
142598450
142654549
142716402
142744999
142919602
142956936
143136191
143414226
143480291
143484127
143499792
143520819
143553212
143573694
143578473
143711133
143759077
143774097
144103627
144235167
144250985
144411620
144597376
144765756
144877670
145004087
145042912
145119037
145224834
145320714
145382410
145752641
145902861
145908910
146064721
146071017
146111427
146203703
146221871
146247541
146454380
146472176
146546274
146755763
147141013
147257631
147360350
147515981
148097140
148244646
148356331
148553815
148560229
148648492
148916657
148938121
149024230
149081189
149169888
149210011
149250219
149269631
149290948
149331829
149527036
149530874
149547059
149569906
149710915
149878567
149902448
150088296
150194236
150274537
150343222
150605040
150636423
150835288
151322263
151344627
151381657
151455676
151618507
151694718
151869011
152366926
152385033
152486236
152869941
152873987
153119051
153135240
153625584
153651628
153831952
153892569
154132379
154133299
154148556
154215004
154226420
154810110
155055278
155217098
155312149
155452420
155460542
155567853
155846292
156033215
156328292
156366536
156899092
157016009
157063046
157080164
157095404
157209819
157321753
157397803
157591883
157618523
157720118
157879790
158018209
158051204
158168362
158236554
158243977
158461357
158609002
158842603
158921420
159024201
159157757
159329374
159585149
159616548
159748207
159974674
159994992
160339356
160420033
160722982
160962744
161004168
161232060
161269207
161341560
161533058
161589705
161610965
161630695
161645516
161706267
162188622
162293619
162361238
162560756
162602807
162704464
162720567
162870055
162938800
163032385
163192201
163356354
163403556
163441045
163677115
163728635
163924190
164010643
164096000
164443996
164609738
164640843
164756499
164880046
164913853
164916467
165044903
165050030
165088734
165180617
165221638
165308496
165477556
165528331
165654308
165897498
165929055
166051743
166143293
166456709
167009816
167101664
167125926
167325237
167418440
167887561
167892300
168328024
168433598
168738754
168936367
169303909
169329663
169618214
170357765
170514544
170729902
170970600
171224621
171405759
171752540
171820751
172012681
172104525
172923944
172933420
173001455
173272474
173401310
173409468
173539278
173541358
173693330
173738446
174409330
174523834
174527949
174572109
174578533
174612273
174715539
174852494
174889055
174957408
175091123
175113652
175134681
175304130
175309039
175391443
175565945
175888547
176108399
176160300
176284673
176374558
176424723
176511129
176522863
176658708
176765453
176870602
177006282
177265965
177594227
177609756
177891084
178017155
178186411
179097025
179369606
179397896
179622432
180262090
180430392
180452611
180478678
180494146
180504716
180726229
180861435
180915741
181112503
181169388
181225901
181415701
181436458
181508355
182020907
182499362
182623177
182698041
182903209
182933338
183159371
183166129
183243037
183347689
183543032
183576894
183768678
183892669
184139573
184457565
184517235
185450033
185460915
185534447
185562122
185607826
185958534
186156003
186261976
186449627
186844644
187668819
188038631
188061407
188498624
188624945
189055708
189092712
189159426
189444393
189464335
189585880
190463107
190468130
190478793
190510742
190527726
190538790
190578778
190582918
190626615
190698342
191214714
191391885
191506096
191753652
191846130
192113223
192633925
193221147
193365658
193439789
193852357
193925860
194193926
194433237
195036824
195050677
195843363
196042909
196057497
196100490
196206973
196279962
196433093
196542595
196675229
197085219
197206314
197257892
197358171
197412773
197499554
197651902
197738239
197741410
197819935
197934040
197940768
198100506
198291455
198380670
198385671
198584834
198588991
198806396
198816380
198951141
199054175
199303583
199337315
200112544
200368222
200608101
200953573
201332185
201545893
201586561
201709015
202105382
202146500
202151868
202303812
202339236
203067002
203230657
203495269
204189504
204426553
204500996
204848231
205279518
205383199
206348896
206443587
206691455
207614566
207944291
208469727
208749315
210156032
210681532
212024546
212543748
215226718
215418302
