2879919
3187403
3330151
3594115
3716539
3793159
3922639
3993721
4162672
4183550
4655534
4821357
4834196
4948930
5047689
5086323
5101559
5114410
5166740
5171374
5265168
5315527
5317935
5404243
5458294
5617210
5712151
5773234
5797672
5804617
5815955
5908955
5971852
6030993
6054868
6154001
6217646
6258136
6266561
6287477
6322460
6341723
6374098
6407695
6439540
6465229
6491165
6509727
6579817
6595362
6598149
6605867
6614151
6624331
6677838
6830761
6830966
7044679
7097370
7166238
7188360
7245000
7274266
7329431
7348564
7392444
7399969
7472703
7665951
7683702
7803972
7857764
7924130
7960168
8227171
8422238
8696707
8856868
9064182
10413439
10635816
10817529
10935367
11060646
11218130
11238576
11396927
11409837
11432940
11489681
11655125
11663950
11666322
11681035
11684115
11710025
11761543
11818000
11825522
11866490
11888915
11939605
11983147
12061030
12069016
12071982
12079144
12091079
12095050
12149881
12186357
12198985
12201284
12207694
12251131
12318945
12397768
12413576
12466624
12482429
12607608
12626882
12641017
12665863
12713379
12749828
12775330
12777445
12905800
12906273
12909831
12913642
12963752
12992610
13044237
13109794
13115618
13182154
13187962
13247830
13377213
13716608
13749435
13844420
13983550
14110812
14123394
14324941
14387426
14954585
15142675
15185990
15248875
15271536
15298371
15338957
15372685
15433493
15442133
15475448
15559406
15599658
15607689
15799686
15824345
15897475
15903527
15953205
16019002
16053933
16136899
16204218
16206481
16235775
16251957
16280296
16293193
16341662
16379969
16457566
16465355
16497864
16511306
16522254
16555388
16601093
16613054
16645950
16653521
16767491
16787352
16787397
16791351
16925321
16951196
16954248
16993758
17124594
17197859
17367460
17521042
17533031
17540563
17563360
17571319
17585987
17589362
17678119
17762690
17839974
17844873
17929327
18024721
18103969
18278749
18373583
18420755
18490288
18617511
18676109
18741950
19148676
19276876
19312373
19343999
19353812
19508145
19638640
19727780
19748424
19959979
20009047
20010605
20153588
20232324
20271904
20273432
20308407
20311875
20336213
20457745
20520044
20751994
20780323
20822419
20832860
20861764
20885806
20923605
20940225
20981490
21002376
21132883
21179358
21238468
21277968
21291703
21306282
21323120
21414189
21433713
21534172
21645610
21692312
21727268
21867452
21880641
22002568
22007120
22009485
22159752
22205808
22218085
22263510
22314001
22320204
22359572
22408122
22444116
22475873
22490637
22501298
22519440
22537385
22544336
22548847
22590737
22720256
22760401
22767600
22856999
22908565
22959707
22966219
22968345
23059325
23089245
23165013
23165842
23169291
23226147
23231237
23244435
23321633
23329075
23376850
23447831
23520242
23534757
23553872
23640322
23823351
23844942
23856776
23864087
23878690
23895652
24028392
24132865
24146920
24151121
24201163
24210492
24393629
24428243
24433382
24448885
24466570
24580005
24628539
24642870
24675068
24764192
24802409
24871944
24893457
24940056
24948018
25009142
25106547
25107813
25136144
25154826
25173944
25272869
25293478
25370762
25382661
25447213
25453019
25593841
25680983
25701716
25858253
25992400
26003384
26052573
26100669
26118109
26225400
26230726
26326224
26342019
26372892
26387958
26416613
26440370
26521833
26551845
26553026
26583305
26644655
26692021
26740449
26747615
26765254
26812128
26898813
26986440
27093099
27224970
27236940
27255193
27318165
27327389
27328952
27386121
27401703
27415731
27437103
27462937
27464097
27511276
27534821
27575150
27591472
27608531
27612089
27630223
27680774
27728400
27733121
27830553
27950296
27963033
28002597
28013965
28016676
28061913
28071198
28090839
28099621
28114043
28121311
28146070
28217272
28229829
28255871
28387672
28445662
28476672
28509172
28522166
28672553
28699649
28707260
28713255
28716016
28721225
28735317
28869415
28906678
29072038
29085995
29088217
29154716
29166646
29241890
29245644
29247274
29247406
29305334
29342385
29386177
29387034
29422287
29499304
29554190
29624101
29624400
29628063
29628734
29733595
29737157
29787398
29789466
29818020
29818599
29843883
29871437
29903727
29919470
29959705
29994230
30007735
30085980
30107689
30217031
30279613
30283672
30296324
30408070
30468093
30494057
30709141
30712083
30724456
30769400
30825161
30893522
30898346
30970958
30978410
31087437
31234385
31354296
31516132
31561590
31605925
31632630
31672629
31705598
31805463
31848088
31864671
31975687
32038828
32066052
32113240
32307163
32307286
32326743
32561104
32585005
32602103
32620249
32628098
32656985
32677231
32789427
32797352
32828464
32924543
32988589
33000256
33089088
33129155
33373532
33412450
33438807
33497033
33515835
33617626
33677021
33816818
33866863
33904835
33930865
34004808
34072966
34276349
34293199
34509794
34561808
34564876
34885068
34892209
35062166
35146072
35289000
35364870
35394685
35403932
35405105
35423028
35549419
35596926
35654515
35675011
35766967
35876801
35903874
36152107
36197451
36278013
36279423
36312125
36343917
36346262
36392087
36447001
36488715
36515170
36551896
36629046
36674226
36693316
36727774
36737417
36744780
36811892
36916535
36972711
37017416
37129170
37137181
37192782
37199936
37298899
37478440
37523003
37566212
37661079
37784383
37817880
37826760
38018919
38158264
38247465
38259379
38303051
38315122
38390700
38467879
38548128
38577311
38582970
38651347
38653581
38676954
38727701
38764340
38788469
38797288
38812515
38881804
39114121
39268505
39305072
39306304
39327003
39341440
39478164
39515243
39568853
39685260
40044829
40184140
40227300
40231029
40263590
40275722
40305114
40309937
40320008
40354271
40389701
40426275
40665002
40729764
40778989
40781762
40832250
40921194
40952632
40952929
41049970
41093607
41104381
41174863
41175791
41273317
41300151
41385413
41433628
41464037
41478477
41514498
41626810
41634382
42019313
42067658
42175788
42190328
42267311
42421311
42782515
42839219
42879152
42943152
43407990
43660622
43747361
43950346
43950656
44092973
44119810
44152021
44156691
44167956
44168203
44235595
44295097
44531352
44604733
44799252
44941584
45008860
45022137
45073721
45150995
45248427
45283198
45305236
45328767
45564266
45606033
45656219
45656614
45768457
45822675
45849514
45926072
46009748
46332815
46432656
46451510
46524109
46602553
46619968
46673388
46796975
46919703
46938217
47010806
47064186
47173430
47204801
47269495
47314144
47360100
47382146
47415667
47477148
47487700
47686521
47751626
47882124
47934179
47980895
48397219
48450883
48457078
48556912
48629381
48740251
48809362
48832329
48965720
48969133
49167726
49169469
49245103
49280408
49294591
49487141
49492200
49701989
49779693
49979723
50245048
50361298
50391290
50398496
50477554
50555027
50717913
50733344
50790122
51017973
51096446
51163634
51186964
51188023
51225387
51344194
51353546
51399797
51600973
51611906
51828124
51903233
52026775
52136234
52150693
52442805
52703435
52711345
52728868
52766096
52769733
52853887
52919104
52945359
52956645
52965728
53051855
53068760
53158986
53175770
53189153
53213743
53246576
53353689
53370180
53381067
53401230
53412238
53440104
53546217
53593836
53643418
53646078
53656786
53735184
53797846
53886974
53894105
54129913
54221390
54269969
54381989
54530438
54634150
54723717
54865991
55331780
55632365
55675196
55755852
55848989
56016970
56032386
56042334
56141929
56229717
56415460
56427932
56592323
56617192
56743267
56865016
56887688
56941637
57104386
57193783
57373635
57406102
57447982
57678712
57741464
57922926
58060919
58092535
58139323
58227960
58329413
58397639
58598100
58744256
58843076
58951168
58978893
59027679
59061851
59211244
59245985
59320623
59369469
59644333
59701680
59734670
59746544
59763282
59793628
59820978
59868643
59899891
59953871
60053222
60139437
60236112
60347469
60456974
60581806
60590358
60593573
60712035
60736113
60741459
60774563
60842305
60880984
60900789
60926292
60990747
61066704
61070711
61142740
61231810
61293165
61307730
61368206
61457103
61551516
61656190
61824107
61858795
61904529
61993267
62059020
62062800
62089119
62118290
62127058
62130959
62161644
62200340
62264084
62461364
62495742
62509131
62599443
62674639
62834131
62855529
62888033
62981136
63014731
63025044
63025214
63110575
63218121
63234548
63246858
63285418
63294895
63414770
63416214
63434448
63437809
63458601
63518205
63528791
63564474
63572535
63605291
63677971
63703182
63813424
63824785
63851991
63894545
63902848
63953169
64048754
64073355
64079464
64123918
64154891
64166326
64166635
64196574
64212622
64280654
64301460
64307157
64314447
64414657
64428014
64565209
64594879
64597613
64622477
64650138
64692397
64736938
64841357
64879287
64930000
64945750
64957940
65100861
65136600
65152480
65180046
65195016
65197109
65270540
65318071
65404697
65413166
65460021
65509568
65530896
65552524
65576775
65591730
65640682
65688794
65808043
65820795
65856646
65877435
65922417
65955097
65993415
66043571
66053964
66201816
66242572
66299702
66342187
66347398
66379325
66380499
66552933
66665174
66688807
66862124
66865877
66975750
66999351
67071610
67128039
67135564
67178993
67206842
67225894
67244113
67250635
67422812
67491157
67493140
67496005
67529337
67582937
67596497
67602839
67608877
67636042
67644028
67674332
67691017
67696315
67758108
67772050
67799239
67801395
67828740
67839607
67864662
67886999
67895242
67896641
67909495
67995205
68044481
68064152
68080617
68115108
68122404
68164516
68168918
68177114
68196036
68203802
68267073
68289576
68307069
68324126
68349240
68375613
68387228
68419461
68470073
68478885
68493019
68495699
68515281
68516516
68549738
68605503
68672484
68676578
68743329
68793755
68839483
68861923
68899989
68916962
68976825
69017355
69021246
69044302
69051644
69074718
69093832
69130233
69153470
69187166
69226441
69249718
69261634
69294041
69311493
69330443
69365446
69381952
69388927
69413216
69435495
69544617
69581408
69585351
69601313
69639539
69672894
69674048
69781537
69872597
69912249
69927705
69999896
70062748
70068941
70097882
70113025
70124943
70277562
70291237
70330657
70389829
70432897
70507012
70567899
70581628
70711974
70728870
70770547
70793062
70826178
70826746
70862502
70875888
70923813
70928554
70961094
71020421
71086695
71110088
71157290
71164859
71182277
71191238
71275061
71509904
71526303
71536919
71557464
71682273
71777083
71778365
71809019
71991881
72021774
72080294
72242610
72243281
72249532
72251038
72323483
72355335
72400874
72518051
72614692
72630425
72659356
72750499
72827873
72840891
72944605
72967074
72976308
72998907
73000382
73026351
73052818
73120894
73171291
73257634
73348323
73349920
73401024
73415586
73442181
73482881
73672287
73690782
73783519
73785634
73808737
73862163
73870848
73877337
73904509
73958395
73992802
74030335
74123332
74159751
74249180
74327876
74525457
74689009
74710250
74748006
75056744
75096191
75262303
75287329
75291693
75327775
75348256
75422251
75452038
75508097
75538434
75602113
75956222
76105120
76215044
76466098
76483933
76490489
76616367
76801751
76868049
76885286
76901073
77010174
77019919
77028502
77050072
77055710
77068307
77117552
77127344
77144413
77188882
77190385
77211987
77213713
77288081
77441899
77524305
77578770
77599183
77626546
77730703
77737585
77737925
77755055
77822302
77850223
77861632
77883792
77894492
77981872
77997646
78040975
78046029
78066194
78085008
78203955
78260017
78297167
78302243
78345709
78346222
78358990
78365872
78408997
78459122
78479117
78481888
78484815
78572516
78597044
78598574
78606647
78613248
78619411
78658611
78667539
78674644
78679220
78690778
78737140
78745136
78749101
78749612
78775500
78800536
78833071
78886092
78887353
78967634
79009103
79056339
79064247
79066928
79097652
79139507
79175859
79179954
79223380
79225716
79245999
79269656
79337701
79419695
79434931
79442580
79461035
79626187
79643284
79645908
79691412
79695386
79725908
79742636
79747837
79758228
79800245
79807793
79824171
79824614
79872605
79940341
79960245
80243042
80296722
80462833
80473220
80493877
80501316
80576481
80588574
80611795
80657494
80699754
80720711
80737780
80747146
80759623
80818506
80823121
80824845
80833002
80856747
80862581
80989943
81002506
81103822
81112890
81178826
81216246
81220355
81223936
81268714
81282922
81292694
81369718
81377622
81402890
81406226
81432534
81455788
81610067
81645929
81802284
81838254
81867575
81872568
82072553
82181939
82184899
82186473
82235262
82254353
82291430
82311625
82327245
82390152
82417769
82433706
82463465
82585621
82631852
82636247
82651704
82756168
82863433
82908180
82955028
83150504
83157192
83171223
83193230
83196509
83280673
83290680
83311694
83314476
83316504
83366515
83374136
83388232
83395815
83427128
83458408
83540233
83549813
83598456
83755408
83852329
83875047
83917656
83933112
83958512
83962385
83999047
84006234
84022030
84055483
84128816
84154263
84169415
84206009
84244423
84247911
84251915
84304452
84351449
84391570
84642871
84676178
84694983
84722733
84729351
84741775
84788954
84855437
84936986
85014618
85033842
85077254
85119248
85155953
85172685
85195972
85205303
85215832
85245177
85257077
85299248
85328217
85341433
85344934
85431887
85444486
85468729
85516058
85538847
85591363
85617715
85639483
85775979
85892208
85907559
85928207
85934235
85976146
86017839
86052294
86114364
86130494
86172422
86178239
86219287
86248908
86303963
86311013
86325204
86325710
86425620
86482318
86489530
86489595
86503322
86510715
86512571
86560379
86583225
86588204
86605333
86609489
86662173
86707844
86744873
86780741
86847853
86930741
86957573
87020958
87029047
87038540
87050235
87132836
87213238
87220796
87288339
87289308
87329892
87331812
87546109
87611595
87626756
87686365
87797524
87857940
87860728
87880034
87880610
87881668
87946915
87984386
87995165
87999685
88037827
88057059
88116380
88178218
88191078
88227696
88241030
88259423
88259484
88261130
88268940
88304798
88322715
88336267
88353746
88396194
88404134
88405938
88409561
88463556
88476800
88485437
88504816
88534531
88536898
88553982
88556640
88609377
88612799
88634659
88638655
88655458
88680830
88704930
88721200
88754365
88781663
88816767
88860511
88867166
88900408
88913209
88926607
88958496
88958881
89030588
89048479
89054784
89122096
89126849
89149612
89192608
89193248
89196734
89196737
89218127
89265023
89279018
89298079
89328546
89337120
89341169
89343510
89399456
89474839
89489969
89503266
89530953
89602411
89660461
89681816
89799488
89829016
89843535
90041248
90065441
90112602
90133918
90227580
90303233
90370078
90376257
90381888
90447646
90448571
90515208
90547566
90611151
90788131
90851037
90896777
90898336
90926012
90987506
91104956
91141883
91166208
91184898
91200351
91267448
91400600
91413035
91491465
91628142
91659847
91677505
91800295
91891540
91914707
91979336
92004272
92056822
92089571
92166891
92327312
92438566
92447578
92576857
92707935
92709484
92722536
92889052
92909946
92922855
92940090
93027331
93172702
93187419
93218624
93309019
93394661
93717793
93775378
93846750
93859393
93959767
94087145
94104930
94110253
94398970
94419460
94549636
94633930
94815140
94921955
95004298
95041962
95049539
95178440
95238328
95300191
95352323
95373635
95400056
95411675
95567075
95693122
95803576
95832607
95916705
95940569
95945032
96081079
96099811
96118460
96124769
96143201
96266341
96316444
96328777
96492512
96541474
96580066
96741730
96822622
96828671
96839313
96903227
96964485
96984861
97075517
97184499
97249646
97400114
97557137
97571490
97599130
97638656
97641478
97667804
97919912
98025060
98134734
98227806
98233752
98445249
98619297
98630323
98726771
98770687
98782543
98912812
98986875
99003974
99501741
99667701
99730122
99765788
100134244
100195588
100218253
100272235
100376143
100442485
100551216
100595391
100750492
100794891
100910005
100920789
101046334
101074314
101181147
101318782
101356070
101523712
101573939
101589344
101615329
101769796
101890548
102234392
102246520
102478184
102688328
102889567
102912622
103014536
103054248
103279072
103666608
103697847
103732180
103920183
104183019
104271917
104341054
104350311
104474632
104660921
104813105
104845162
105017057
105041945
105042925
105253350
105318630
105642503
105894287
106004007
106158536
106237628
106260216
106479672
106483321
106569473
106629512
106674951
106933906
107174577
107376684
107668549
107796901
107907883
108098531
108496248
108503095
108552220
108751242
108847815
108858445
108941945
109321271
109332788
109402625
109407708
109561915
109916007
110009473
110034851
110190091
110242552
110283305
110359533
110364805
110734660
110926525
110945534
110949912
110974467
111035940
111080148
111278636
111293044
111675660
111697627
111773474
111982727
112089268
112166425
112225022
112250975
112791220
113015818
113016688
113019011
113358372
113733727
113952863
114056189
114163158
114316127
114327353
114328680
114467988
114468692
114484400
114502044
114632980
114654388
114775082
114936260
114976701
115347422
115416874
115555587
115599238
115715143
115742967
115863775
116176610
116705722
116801674
116935082
116968900
116980799
117184055
117195679
117314552
117321208
117545358
117766143
117790568
117950668
118150915
118524500
118765662
118797078
118859116
118885160
119140693
119228231
119580209
119620035
119723080
119753193
119977747
120078653
120163634
120455443
120704272
120801229
120840714
120939907
120972058
120996285
121011711
121053190
121209236
121292412
121308338
121627963
121716207
121880137
122026565
122127400
122544813
122649694
122951511
123221032
123298951
123489188
123646879
123754965
124072892
124428426
124558687
124723123
124781333
125060886
125159085
125595194
125707563
125895462
125990588
126020438
126071636
126215009
126363532
126477941
126556156
126635921
126706796
126790248
127002289
127149302
127341742
127375061
127403947
127486636
127493558
127562482
127742968
128081460
128125188
128171542
128228576
128584466
128592589
128957347
129182175
129404807
129443708
129463739
129600599
129820617
129958145
129997665
130157894
130290549
130311231
131007192
131132031
131135206
131251778
131262637
131302583
131741805
131868839
131951379
131952315
131997295
132060621
132124528
132186867
132316414
132331660
132420697
132561875
132606369
132633083
132664912
132766017
133105848
133131146
133438470
133455668
133524025
133580181
133612311
133770966
133918542
133922129
134192230
134255976
134393465
134404397
134528354
134635939
134925513
134980271
135196731
135450216
135453797
135740538
135749679
135755352
135783716
135920937
136002426
136015495
136060108
136085896
136161783
136303596
136394843
136469253
136606281
136662093
137016226
137197290
137300647
137616788
137697437
137705766
137752722
137886756
138075217
138100211
138120619
138147048
138194825
138323100
138365903
138393381
138423957
138503338
138613014
138924980
139064601
139067115
139069953
139111846
139301824
139407065
139427877
139493442
139550704
139824011
139996464
140073835
140130445
140153924
140162846
140209228
140277341
140475631
140512506
140645149
140663411
140958514
140989951
141249258
141258414
141494241
141498023
141704209
141724197
141908281
142081492
142307996
142350157
142439340
142507150
142660285
142938494
143048524
143117114
143245036
143266927
143683040
143766906
143826013
143994394
144133287
144265441
144281879
144423426
144486330
144561026
144756383
144908609
145247075
145369641
145780645
145803075
145833575
145885988
146046823
146065342
146112696
146146905
146178672
146228368
146272597
146342950
146349379
146367999
146397989
146550819
146554543
146905344
146959922
147114048
147322431
147368796
147390636
147572044
147626108
147766202
147772847
147986877
148306301
148361295
148372231
148417930
148664188
148689452
148850652
148927110
148973967
149045818
149085554
149236864
149265725
149532229
149561412
149818104
149843137
150238390
150258963
150335176
150398170
150526006
150562884
150566875
150598254
150650783
150768616
151052271
151361121
151439538
151959063
152032379
152091225
152134581
152184553
152471824
152506662
152539870
152997543
153195921
153268000
153334299
153405587
153454346
153808772
153958077
154120480
154175911
154179051
154340512
154835943
154865082
154883065
155092569
155175239
155251708
155293978
155304015
155335594
155485544
155581267
155614330
155699942
155747626
155881078
156219637
156232703
156276871
156318810
156355010
156360704
156391140
156544425
156689391
157039758
157188994
157194860
157364731
157488259
157496935
157586644
157885489
157886261
157973380
158391506
158529610
158710827
158722402
158757536
158840816
159078561
159190048
159206210
159231644
159658874
159822981
160357749
160582662
161268090
161541938
161739956
161808669
161981796
162000704
162398233
162561454
162672432
162819866
162855141
162909528
163013774
163211242
163323672
163422814
163641000
163719707
163735166
163845032
163883640
163899864
164212149
164221464
164263439
164343817
164459254
164480775
164495707
164667097
164697598
164910759
164918002
164935646
165331863
165628035
165761350
165767165
165861824
165889287
166144714
167469083
167625670
167663614
167712968
168059435
168248123
168544303
168683707
168683800
168705344
169042509
169122426
169228526
169638581
169792382
169813402
169979262
170099705
170130604
170166206
170705716
171091358
171190426
171460810
171822185
172011623
172371492
172666321
172869617
172871317
173242650
173280885
173282360
173631686
173799746
173828277
174221175
174504898
174766125
175121351
175188877
175262445
175608920
175654515
175693024
175975621
176090336
176090717
176207902
176227133
176240226
176242701
176449692
176782986
177086362
177285224
177392757
177537921
177655232
177936836
177948771
178165509
178469159
178668949
179104384
179295357
179590264
179697385
180255808
180400288
180584668
180592576
180834615
180850646
181452001
181803514
181820014
182631020
183114016
183726078
183912070
184223411
184295150
184393985
184606784
184760513
185025606
185349682
185782620
185953434
186906497
187085913
187136176
187363425
187744203
187845678
187874687
187953373
188164135
188347251
188687854
190036228
190406403
192412987
193662756
193664745
194078405
195154940
197527612
202860453
204019898
204045989
208240451
