3192046
3287027
4235596
4274732
4399317
4460141
4503696
4687922
5101551
5125355
5238442
6025578
6094664
6173217
6186488
6435019
6600220
7149072
7189989
7197549
7207874
7399266
7807171
8017240
8163207
8645091
8946690
9067583
9363769
10046510
10141793
10927001
11146671
11282496
11520751
11939208
12129738
12190994
12374947
12445532
12499261
12589944
12632469
12647471
12675984
12682290
12706994
12753967
12769555
12797142
12810483
12832079
12845890
12921971
12935139
13020851
13068811
13069204
13078260
13093493
13108029
13109898
13277431
13287210
13306106
13349226
13431881
13485256
13528550
13540584
13565252
13592665
13623256
13700251
13706874
13728825
13756261
13756710
13760007
13803418
13832764
14042492
14111821
14125361
14150845
14160013
14196333
14214915
14230753
14268707
14302910
14324972
14341204
14388597
14523307
14536425
14679096
14695303
14753256
14775112
14796175
14805454
14899091
14924051
14996635
15058833
15109877
15211491
15223003
15273491
15327071
15345197
15360784
15375328
15384905
15402603
15412651
15425858
15446449
15464062
15471190
15481880
15485245
15497135
15501854
15518571
15529429
15532993
15636939
15649898
15724536
15777231
15828680
15841304
15843190
15856588
15920567
15968105
16019983
16021433
16069526
16100838
16121692
16170779
16172666
16177863
16186394
16189316
16208636
16258874
16259109
16263508
16268232
16363073
16363357
16380238
16393628
16397187
16399484
16433398
16438781
16445252
16449731
16487331
16491966
16513694
16516387
16519358
16527741
16543310
16544690
16557776
16575586
16590528
16625661
16746249
16777441
16792415
16815907
16872468
16919072
16924863
17116003
17125721
17131870
17139942
17191346
17239631
17257740
17326789
17366045
17531107
17579058
17604317
17743459
17771267
17786678
17932129
18144232
18215650
18330876
18349950
18451840
18473031
18497751
18603699
18665809
18727669
18732028
18747573
18916959
18995223
19040900
19112228
19162668
19196146
19247264
19286684
19339098
19416197
19589612
19626192
19642538
19878894
19928607
20353233
20388214
20408362
20418640
20479370
20496921
20565961
20636003
20668679
20696360
20742758
20856158
20933262
20946449
21029939
21348640
21371250
21444952
21451271
21472300
21498156
21640531
21659234
21915419
22016738
22017120
22036881
22047672
22053721
22125048
22146907
22227220
22234116
22285733
22390974
22394455
22444272
22456981
22519714
22626406
22794470
23193189
23313893
23379123
23486070
23487006
23548191
23556014
23563358
23606821
23636553
23952132
24100607
24103686
24125660
24169863
24177338
24197384
24309815
24367810
24537418
24549378
24589019
24676696
24720141
24777707
24834127
24957299
25029132
25039162
25072496
25095185
25098321
25135822
25391078
25395141
25493824
25503794
25508908
25534224
25586367
25760328
25790036
26059260
26075767
26143093
26155925
26210491
26210930
26234038
26273736
26403311
26583675
26736206
26813185
26833222
26934993
26982191
27090010
27092133
27108117
27121971
27125676
27345222
27393882
27406305
27442163
27469499
27532844
27542930
27570702
27666913
27761408
27858403
27874911
27967826
27980491
28167189
28433937
28636099
28736041
28742547
28744351
28873221
28881878
28885556
29057951
29216695
29397714
29504377
29509339
29665827
29725740
29729895
29730369
29733575
29755145
29755274
29766035
29797280
29952071
29969475
29973738
30118734
30162753
30278367
30323709
30343510
30396950
30576383
30603342
30619308
30652790
30680853
30737945
30780034
30812505
30855560
30987110
31078463
31106949
31167214
31393878
31463941
31518813
32006563
32013193
32145501
32163084
32169300
32422115
32692422
32863364
32928270
32956601
32978407
33520935
33605514
33636253
33740392
33850451
33922136
33964877
34153769
34307494
34600162
34661235
34834151
34864084
34868878
34877623
34894982
34899502
34975538
34992303
35040432
35161303
35334278
35391625
35494903
35519154
35602330
35604335
35613202
35646346
35871503
36098013
36287666
36348345
36359530
36580871
36716778
36726423
36815243
36890344
37123181
37291950
37401383
37518799
37524976
37671019
37697670
37897324
37905910
37978801
38071342
38091554
38141642
38228701
38342570
38383179
38445543
38690206
38784894
38813730
38834103
38839326
38881751
38892123
39029896
39099913
39142448
39271217
39398474
39483655
39702452
39845344
39856937
40025415
40157405
40224858
40307298
40337865
40366862
40540508
40710530
40722033
40786810
40988271
41008003
41306790
41342665
41585591
41705671
41708495
41799875
41819750
41838283
41895646
42485272
42636098
42657635
42664643
42848755
42861539
42902987
42916613
43121660
43216007
43227178
43239048
43239196
43364406
43445197
43494643
43495293
43503174
43527499
43670598
43702035
43717992
43759936
43785911
43885189
44037408
44100108
44315751
44339616
44373580
44511455
44548097
44604120
44877464
44971340
44973379
45012174
45051469
45083433
45168999
45311442
45329025
45511999
45601708
45612113
45645992
45763246
45983374
45989469
46071234
46103024
46180510
46263221
46287653
46404128
46434397
46596165
46792185
46793044
46984205
46986402
47125374
47192509
47298972
47314968
47439787
47504445
47663402
47738649
47787108
48065760
48487096
48628138
48649378
48689417
48790122
48831911
48885366
48975163
49139681
49166257
49205786
49210804
49280335
49542217
49655549
49715764
49844998
49903098
50295760
50401931
50460940
50497590
50682708
50706069
50745724
50756003
50944640
51008799
51224171
51305942
51375306
51521617
51591201
52186657
52226163
52324955
52494786
52633097
52664771
52759011
52923262
53001493
53093423
53110199
53213717
53237234
53435939
53573999
53827032
54021762
54030623
54266961
54722226
54780558
54807179
54841645
54935956
55005832
55245721
55268243
55310535
55420917
55594562
55662474
55741291
55813567
55851226
55869543
55870858
55962974
56084029
56226740
56294753
56300179
56432414
56583240
56790879
56849701
56980030
57012296
57231973
57264182
57424606
57509151
57644908
57946048
58069350
58255235
58408512
58427922
58443507
58661085
58739180
59165961
59191853
59248190
59334917
59465361
59507744
59766654
60045153
60432753
60437341
60476131
60605553
60674758
60683894
60882884
60901917
61106105
61157150
61418646
61618185
61696222
61863749
61960841
62220234
62250794
62378633
62548626
62590610
62624521
62745448
62764184
62861988
62938773
63011054
63036361
63129757
63254567
63291851
63476172
63486998
63660904
64051688
64327786
64537209
64591014
64756606
64882634
64894344
65040896
65218637
65252393
65416554
65585200
65774863
65868912
65934938
65938229
66130552
66359292
66549306
66607660
66730626
66792921
66832437
66881802
67070762
67205863
67294987
67596588
67627744
68174301
68278375
68374913
68418055
68465651
68531134
68550572
68598981
68640122
68761481
68937857
68952733
69083370
69099265
69238307
69389277
69681464
69772199
69986584
70155231
70231900
70332896
70390655
70434695
70443995
70763460
70805117
70960529
71034533
71044877
71093239
71588830
71943443
72132174
72514528
72775303
72791600
73369832
73968295
74405884
74886642
75476987
75829808
75877616
76200604
76245534
76405906
76671578
77038642
77173647
77190585
77264879
77265873
77315439
77316337
77379703
77446639
77507248
77637486
77659219
77707310
77709009
77718005
77784480
77786962
77872691
77884070
77962734
77972686
77973296
78005331
78026707
78041619
78059762
78101177
78139505
78168717
78173379
78176473
78182925
78272946
78276146
78318515
78356471
78367189
78500562
78522381
78612977
78630734
78666834
78723156
78761454
78840404
78873524
78983188
78987725
79057933
79170420
79177804
79212192
79220602
79300655
79353844
79483403
79528308
79562643
79577487
79698505
79714818
79769995
79788353
79880148
79956565
79983371
79988405
80241269
80270411
80288107
80301414
80311092
80397397
80402069
80500628
80580087
80604394
80610827
80871338
81004212
81065390
81135701
81186058
81276842
81325322
81403767
81432822
81591553
81603721
81697408
81716298
81799944
81817801
81892887
81905463
82051785
82060437
82086259
82089237
82160459
82170473
82172301
82193709
82194455
82220990
82428471
82547530
82597737
82642956
82650832
82662958
82728553
82753801
82880424
82889150
82951736
82965837
83085831
83098953
83109170
83123955
83132312
83294343
83363848
83372374
83402408
83450255
83463090
83518920
83649554
83813742
83849672
83895567
84404423
84492327
84503816
84520866
84524841
84541735
84633529
84698318
84900633
84939033
85008055
85011109
85098040
85133526
85201081
85205256
85253386
85254342
85272532
85343506
85388998
85438857
85457785
85513466
85515354
85576777
85580602
85654778
85833650
85836252
85839685
85878737
85903116
85908410
86051269
86060997
86100236
86164007
86195433
86268485
86387090
86419930
86499183
86509881
86604229
86612005
86621477
86664009
86735046
86797511
86877349
86959172
87059411
87099012
87234619
87257060
87292091
87319868
87335021
87356856
87379950
87427733
87430653
87435546
87474971
87485532
87507340
87541520
87591319
87612228
87642716
87656261
87686315
87699723
87784761
87817564
87830051
87850460
87949164
87987148
87994860
88002716
88011876
88126916
88127394
88129308
88148071
88273781
88284350
88347275
88362783
88394020
88421867
88466042
88516157
88554305
88637471
88667226
88731792
88759742
88880586
88923411
88966302
88998814
89139808
89152384
89172866
89197347
89215809
89216608
89288958
89294047
89318106
89336942
89397246
89403518
89635692
89636511
89766025
89831182
89893025
89910328
90011068
90083251
90108014
90149318
90299937
90344643
90354850
90355870
90445988
90590145
90627767
90670196
90765085
90860259
90864160
90892431
90910881
90970178
91028903
91054752
91447447
91484373
91528738
91586718
91677001
91715743
91854857
92023300
92228188
92327072
92377348
92518410
92530187
92637738
92695808
92788896
92846266
93113439
93262927
93279260
93296014
93357604
93393577
93437631
93482053
93749030
93789083
93958528
94042079
94054708
94095078
94238501
94529533
94875654
94878013
95002763
95028379
95064024
95193247
95318400
95424763
95488636
95624485
95926489
95975140
96211320
96296932
96300989
96461663
96621117
96949370
97178366
97181552
97505025
98150494
98178178
98488497
98584870
98642434
98722137
98947933
98954414
99059154
99142844
99346702
99554659
99568000
99798931
99996222
100096666
100434015
100586870
100783742
100979199
101005035
101237071
101245055
101269838
101426506
101446063
101616786
101801796
101838332
101915383
102188323
102195127
102345656
102457514
102653715
103035977
103279191
103404456
103440255
103731919
103826807
104015505
104180673
104262434
104288466
104311881
104382418
104388380
104692518
104761078
105191380
105192169
105255992
105383920
105723266
106107513
106230381
106592181
106657957
106976023
107011925
107026969
107052089
107208794
107251192
107414156
107556713
107608178
107648966
107652022
107745226
107941655
108559650
108621036
108851877
108865431
108889275
109234058
109253573
109267053
109272961
109366903
109534565
109535518
109545955
109770463
109792330
109901953
110532184
110734404
110785977
111003241
111055104
111069911
111160473
111520126
111721304
111921536
112084748
112218726
112394424
112481261
112525411
112625292
112652856
113734165
113966716
114137158
114444395
114450309
114604517
114851772
115155853
115197499
115225956
115422378
115698533
115836105
115950550
115988802
116091488
116346811
116488194
116616827
116744673
116994236
117280828
117330259
117665891
118379229
118576280
118858439
118881393
118947685
119222061
119884959
120020393
120230522
121096517
121364488
121566298
122039367
122217362
122360735
122579987
122797539
122804120
122859443
123563267
123819609
124095872
124263872
124446477
124584483
124594643
124748768
124879570
124908442
125186311
125415248
126138935
126761502
126991812
127118716
127336578
127498612
127620848
128501368
128749975
128754849
128826076
128968703
129182466
129368949
129563213
129780363
130362517
131106223
131633836
131669098
131679112
131861512
131896050
131936824
131991032
132177155
132201223
132880255
132949216
133216134
133383638
133406832
133714208
133772561
133915256
134085924
134193283
134199169
134376929
135012758
135312555
135379483
135592779
135746233
136025317
136152763
136331854
136551050
136892305
136902584
137247437
137276523
137344825
137396067
137573003
137784327
137857466
137980869
138126374
138175974
138212334
138495855
138653845
138923625
138945623
139011053
139258655
139354825
139543412
139592597
139639282
140093648
140126019
140231870
140315312
140323156
140391688
140501997
140627527
140761107
140898680
141296128
141307777
141829067
141846867
141997689
142086148
142623019
142780229
142871521
143130770
143142736
143262854
143631102
143728295
143731921
143788032
143800842
143837012
143909226
144051223
144489194
144502936
144606250
144788688
144883633
145267745
146012206
146052368
146442617
146517117
146519315
146592072
146752767
146821810
147034874
147120301
147443992
147518899
147643460
147762801
148144069
148512922
148796842
148946133
149663238
149714660
150003183
150113983
150389632
150535479
150677536
150794222
151194745
151284771
151432183
151451079
151581146
152028105
152104656
152550167
152747939
153321413
153416990
153658709
153688791
153795252
153871119
153882157
154276187
154395853
154625448
155668095
155780155
156451938
156549372
156561304
156668675
156835604
156871043
156885446
156972130
157341687
157807857
158242666
158466885
159462222
159895926
159987063
160664264
160918588
161587825
162637079
162725164
163045274
163179967
163725985
163819484
164015370
164044088
164047744
164668689
164793278
165252324
165363879
165616931
165659303
166575348
166630366
166659148
166937440
167319015
167428865
167493553
167707705
167930916
167977753
168278015
169351548
169458753
169702059
170104387
170329293
170788383
170959498
171079776
171375101
172063458
172929282
173948021
176148069
176239781
176937117
177263524
177537928
178227706
178269707
180557632
180560484
180784371
182331554
183396485
184564045
187375983
187630555
190679032
190736666
190956427
191021128
191396153
192133850
192939747
193991652
194612293
196968407
199806505
199852383
201985852
203818213
205088932
