2752209
3224434
3313678
3336636
3511314
3581471
3594251
3732414
3888378
4036460
4110682
4131570
4168497
4170205
4172210
4230008
4270999
4271344
4320717
4328084
4348895
4394475
4400072
4511731
4594405
4613706
4623542
4625463
4628370
4651397
4732009
4745769
4756244
4772682
4789938
4865688
4927225
4946252
4987694
5049776
5054309
5101650
5111885
5115986
5117582
5141675
5147077
5148662
5154631
5174779
5176075
5238443
5270220
5280372
5493567
5524990
5558864
5577847
5578490
5606450
5607478
5621330
5664915
5688272
5690993
5765336
5775964
5790006
5791537
5795136
5807996
5830251
5832380
5879986
5908487
5965849
5985452
6015248
6031607
6037180
6045078
6060958
6061318
6073376
6075973
6086876
6096470
6103281
6110075
6119311
6130042
6169517
6185203
6220517
6221891
6247176
6274071
6297228
6308741
6316880
6324391
6333911
6381100
6385617
6402332
6434203
6457011
6457997
6476930
6495415
6516596
6516788
6563175
6566694
6580938
6619699
6622708
6637811
6643892
6659654
6671029
6691770
6728391
6734165
6750008
6757574
6785674
6788586
6802990
6850853
6883089
6938143
6943064
7009368
7011013
7013807
7018468
7054041
7093106
7097255
7117227
7146538
7148374
7160410
7185953
7201370
7219866
7232727
7242061
7245267
7273962
7275063
7317581
7328873
7330733
7340851
7358907
7367147
7369944
7369979
7374476
7400364
7415092
7415527
7437696
7437850
7474843
7478339
7487173
7491596
7664508
7664960
7674018
7705150
7705414
7750875
7753023
7769398
7783206
7786614
7791937
7796032
7815779
7821693
7853543
7863874
7865370
7878613
7894054
7933758
7982752
7992220
8024254
8071227
8083426
8140706
8147305
8170722
8173276
8176447
8199490
8263391
8331140
8374212
8383586
8466079
8510618
8560094
8636100
8681884
8688284
8730461
8792095
8837060
8900031
9041185
9057890
9220355
9529383
9583558
9970558
10009150
10032558
10139724
10449440
10574646
10756728
10818279
11028114
11062915
11093970
11111244
11127810
11176850
11178097
11194157
11195108
11240075
11255644
11274386
11277451
11305962
11310092
11326761
11352287
11353859
11397395
11401981
11423122
11439763
11450061
11453589
11483823
11485842
11499371
11499761
11509962
11524469
11554317
11567403
11573972
11607145
11638455
11672116
11680202
11682958
11689938
11696179
11726770
11759819
11797622
11811419
11818008
11818253
11829998
11840754
11852399
11856881
11857205
11865558
11872556
11880458
11898474
11899216
11904462
11916142
11941668
11946895
11948969
11975649
11979213
12006041
12023049
12023756
12026421
12035256
12042445
12058480
12064841
12080155
12092448
12108393
12120079
12122984
12124522
12131014
12136296
12163675
12170015
12170434
12184305
12186347
12208553
12227734
12237657
12239416
12255043
12256523
12263847
12264158
12266416
12273208
12273781
12277749
12281459
12282728
12287226
12290809
12307337
12308811
12322380
12323122
12323539
12323659
12339801
12347815
12349374
12350650
12356686
12359399
12362223
12389205
12391849
12393564
12395607
12396141
12399081
12399419
12411511
12440338
12440732
12441082
12441117
12455840
12456992
12471215
12477127
12486633
12493160
12498811
12518100
12525308
12526954
12540224
12554029
12567677
12569387
12587316
12592022
12599155
12599458
12600410
12606587
12606844
12618833
12622463
12623421
12643278
12671141
12686792
12699000
12700422
12711852
12736814
12739494
12776783
12780562
12786011
12787109
12794210
12795197
12798795
12805979
12819454
12828251
12832676
12840423
12842962
12859760
12862209
12867450
12874632
12888939
12889622
12898909
12901117
12903987
12906321
12920283
12922030
12940867
12942124
12943069
12962568
12989060
13002733
13017573
13021984
13024070
13024500
13038125
13052664
13075352
13076841
13081356
13093951
13117291
13154356
13172043
13188471
13198395
13215078
13225689
13238955
13253154
13282645
13297115
13316732
13336170
13442853
13473257
13474167
13494696
13496872
13501279
13504165
13508866
13511101
13551779
13564867
13573448
13594073
13626504
13627584
13631751
13634664
13642432
13658690
13682365
13684099
13685542
13692775
13717155
13717373
13719682
13734308
13736185
13752581
13790176
13844900
13860545
13872583
13877190
13887678
13904838
13909603
13910528
13913119
13919266
13925798
13950159
13950363
13956701
13959888
13981856
13991106
13994959
13995825
14009915
14015391
14021779
14035682
14038639
14044285
14056930
14062912
14090944
14099951
14113021
14116268
14116320
14120611
14133585
14141709
14151645
14155987
14161875
14168113
14177709
14178860
14195280
14204338
14213122
14230574
14241020
14258795
14272524
14284333
14307764
14309793
14311788
14345180
14365324
14392395
14396587
14442571
14474135
14483221
14498922
14585879
14592809
14729462
14743728
14773009
14776647
14777224
14793288
14826385
14836520
14838361
14895214
14895953
14912943
14916177
14920376
14946610
14965619
14978419
14979985
14992300
14996595
15015378
15021297
15027947
15035759
15047975
15060839
15068655
15083024
15088851
15096939
15098571
15099450
15105428
15115529
15122862
15125425
15139877
15144108
15163924
15165221
15173518
15175375
15181007
15184401
15185998
15190922
15193461
15198524
15224185
15225164
15235668
15238563
15244346
15254724
15262748
15282015
15306346
15311595
15318430
15333324
15335619
15337183
15350047
15355612
15357440
15364846
15381855
15403189
15419024
15424735
15435528
15435842
15455732
15456355
15456768
15495089
15503955
15510269
15548575
15554198
15557374
15576681
15620780
15624622
15643399
15646264
15657639
15689651
15691833
15725676
15728262
15741261
15749380
15776242
15781896
15802663
15815367
15828562
15829798
15844199
15850415
15854053
15856325
15858422
15862798
15867113
15869499
15881131
15888988
15899225
15899622
15903316
15932496
15935992
15936826
15939403
15945233
15966553
15972475
15984476
15988355
15995771
16003624
16010548
16019549
16047206
16049056
16050614
16054926
16081093
16091865
16093113
16095720
16104388
16111460
16114980
16115254
16118207
16118444
16127460
16128280
16131586
16131740
16146189
16147708
16148233
16149597
16155206
16158974
16162012
16164342
16168669
16169580
16181244
16182817
16194752
16210849
16220324
16223195
16223933
16224139
16228617
16229045
16244292
16252392
16271844
16273890
16275121
16279163
16282433
16283008
16291169
16291935
16292011
16295101
16299167
16313086
16316605
16324320
16327813
16329607
16332510
16337847
16364517
16365487
16369213
16384549
16386944
16387669
16397101
16410145
16412231
16417020
16428516
16437920
16438618
16447070
16451487
16451639
16457555
16464607
16469611
16469782
16472701
16473943
16483462
16520735
16522114
16536695
16547709
16554440
16558952
16568381
16583900
16594060
16605884
16619017
16625188
16625443
16626001
16627897
16629208
16634179
16637594
16640621
16642104
16642239
16643208
16671869
16676503
16682590
16688918
16699163
16710718
16714081
16720355
16726108
16730899
16741049
16748956
16755696
16779658
16780224
16782188
16786621
16787548
16799581
16801509
16810099
16815726
16818398
16823475
16824733
16829382
16830921
16840068
16887879
16891631
16892393
16895809
16910074
16920481
16924604
16925076
16949074
16951873
16958564
16960795
16970239
16977668
16981608
16984639
16989601
17000581
17015052
17046744
17070213
17111519
17119315
17119535
17136642
17169207
17178756
17182789
17185342
17186627
17209033
17210123
17210418
17232483
17236819
17245320
17250786
17262876
17268481
17271615
17282081
17282719
17312445
17323803
17358988
17361913
17369905
17373126
17378650
17380784
17383304
17390198
17392499
17399539
17418627
17424892
17458355
17476645
17488361
17498994
17511892
17522101
17543944
17554105
17570904
17585321
17591133
17593145
17603302
17650590
17656324
17662018
17663937
17671575
17672087
17712182
17726588
17728476
17739292
17743224
17745628
17760789
17770978
17771926
17806078
17809869
17815239
17818658
17822839
17823042
17826139
17844239
17844544
17856921
17889621
17896286
17947810
17984148
18004908
18059111
18095051
18096257
18113821
18114921
18119161
18131610
18134984
18148965
18164427
18240657
18269535
18282593
18295959
18313490
18357713
18364879
18406444
18412505
18413542
18414436
18424220
18443878
18466784
18485779
18509641
18535779
18550439
18578414
18586061
18589071
18606118
18617999
18639172
18672256
18755714
18788248
18815186
18838859
18839389
18867803
18877709
18903399
18929454
18960159
18972014
19000023
19026201
19035738
19037943
19054953
19061449
19116895
19131369
19141119
19157098
19162213
19172213
19193967
19215384
19240804
19245277
19249128
19270572
19305784
19307664
19325282
19339504
19374153
19382871
19392547
19395978
19429350
19433026
19445935
19448886
19455471
19475712
19481582
19521769
19535446
19550450
19556776
19602111
19616119
19625161
19630826
19647818
19677763
19681086
19686660
19703214
19711264
19737070
19778107
19785616
19862670
19873353
19876644
19896701
19898853
19902894
19927998
19945829
19959526
19974989
19988042
19989748
19997985
20000647
20031068
20043437
20060970
20080245
20086068
20088648
20126669
20138690
20172521
20175161
20197180
20231039
20263926
20277872
20281736
20286235
20293194
20299872
20308729
20321612
20327282
20333999
20337963
20343387
20362859
20368963
20389390
20408412
20418591
20440748
20446407
20465123
20483527
20491297
20505160
20533506
20537920
20541133
20549568
20557606
20591829
20602996
20642625
20685667
20688380
20691341
20694845
20700970
20705074
20735646
20749691
20756763
20759853
20761151
20766487
20811003
20814347
20819331
20850939
20875311
20890169
20937823
20967860
20978302
20982101
21036812
21059589
21059947
21066238
21071960
21123544
21141193
21144913
21182463
21209932
21231368
21255213
21286549
21298668
21300674
21305627
21306156
21333100
21334823
21335162
21346852
21350950
21357735
21362124
21394354
21415282
21439726
21442970
21481059
21485503
21501697
21514426
21517238
21537453
21563239
21564226
21584394
21612999
21645468
21645608
21673163
21704152
21708839
21726899
21748318
21750342
21755834
21768834
21782071
21798394
21800955
21833204
21838425
21849760
21852422
21857493
21861245
21864623
21869260
21910464
21911346
21922557
21937683
21946151
21954336
21982786
21986026
22001718
22006724
22018542
22018922
22022623
22029153
22031000
22051371
22087111
22092800
22104473
22118894
22121149
22141011
22151030
22152330
22156674
22160174
22172918
22178466
22186536
22191911
22223143
22231390
22253662
22274761
22279338
22333648
22338922
22361579
22379901
22400110
22447971
22451570
22486470
22503827
22509096
22511886
22520012
22527322
22549497
22615422
22617637
22619895
22628277
22724291
22725256
22750915
22764563
22769873
22800238
22803026
22807916
22809665
22822154
22838347
22854506
22896439
22916784
22923329
22952553
22955994
22982877
22989961
22997347
23005321
23009106
23057364
23061577
23083635
23090964
23095045
23112634
23119090
23127830
23149232
23168538
23173435
23176045
23177271
23180782
23187104
23204644
23211463
23216255
23226324
23236019
23241098
23245879
23264202
23264426
23265979
23295368
23299444
23309206
23350338
23351037
23368456
23369243
23372435
23374908
23378906
23398116
23406571
23469028
23481184
23512901
23526913
23528999
23554795
23558927
23572993
23575572
23583141
23588522
23589511
23591606
23609085
23615694
23616315
23623634
23624338
23639339
23653440
23658062
23660976
23662896
23671110
23674835
23683439
23708996
23720600
23728053
23733886
23760831
23765373
23775677
23777486
23805223
23809737
23814122
23817114
23819448
23820126
23836399
23849953
23864107
23866458
23892834
23905270
23915784
23930699
23934354
23949506
23953707
23977237
23997802
23997978
24005341
24043352
24073259
24084628
24091602
24127291
24127483
24136896
24138898
24152657
24167999
24188722
24190515
24216473
24259059
24292529
24307905
24321697
24324946
24327987
24358515
24364227
24369478
24381286
24417185
24420952
24437827
24441561
24446341
24455363
24487171
24496305
24510564
24521658
24548588
24549430
24558523
24583782
24606058
24620189
24654294
24657388
24677937
24683155
24690519
24694158
24697898
24698423
24711877
24755608
24775063
24783050
24824383
24828837
24837500
24902359
24937227
24947454
24978420
25023971
25025512
25026768
25041257
25050443
25050988
25060655
25070136
25084770
25133036
25159560
25175524
25180583
25184816
25192308
25195987
25213686
25219779
25248029
25253723
25271313
25271602
25273609
25278711
25282634
25283852
25287658
25287910
25289296
25304585
25326169
25330957
25335392
25336699
25354179
25358167
25376844
25408182
25423279
25434117
25452727
25459434
25469229
25477319
25479344
25496993
25497483
25500316
25514287
25520331
25531781
25543245
25567133
25571186
25602527
25603784
25624806
25628622
25630276
25636899
25727494
25764291
25787126
25791114
25815630
25818002
25819420
25871831
25889996
25899521
25924698
25934179
25936949
25953402
25993269
25997412
26029845
26030508
26034039
26037238
26037470
26056030
26062841
26072939
26095880
26115531
26130742
26138741
26150439
26185436
26228336
26230704
26269694
26280831
26289102
26338600
26346641
26369855
26376627
26378416
26394145
26394935
26399016
26407192
26418133
26422757
26430337
26472051
26489889
26499840
26502145
26519925
26524794
26542903
26574415
26599069
26608281
26620806
26625105
26633946
26634754
26636288
26648146
26650828
26655409
26665133
26665875
26670092
26673643
26703154
26713062
26729598
26738176
26749847
26756224
26764238
26767346
26778891
26802473
26804991
26809009
26811066
26831870
26835894
26848806
26850202
26863745
26866573
26876961
26879156
26894231
26894344
26895998
26929243
26955084
26972163
26987784
26994236
26995568
27033877
27036956
27048971
27099508
27101656
27114731
27114756
27116906
27120376
27126104
27140280
27147880
27160567
27167852
27171977
27179080
27188407
27194253
27197942
27202077
27214579
27225788
27228941
27281134
27283599
27287601
27325077
27346715
27357121
27360033
27366011
27369866
27374474
27377816
27384587
27414347
27416362
27428749
27469399
27491057
27514464
27516726
27539924
27545385
27582609
27589202
27607159
27612819
27626190
27631559
27668075
27690882
27710605
27712163
27713869
27733661
27736323
27738127
27745918
27756369
27757842
27764813
27778170
27780156
27798963
27809719
27813361
27814841
27828686
27852892
27861634
27870735
27889915
27911788
27914703
27917617
27936548
27942649
27994876
28017749
28023605
28026433
28035985
28044404
28048084
28061844
28085445
28098919
28115138
28120429
28145302
28160299
28173036
28176969
28178289
28186271
28194389
28226217
28232839
28235417
28264412
28279217
28282171
28288792
28324631
28327102
28351923
28360800
28362024
28366697
28370675
28381291
28381572
28388275
28392299
28403195
28414310
28437133
28449178
28450373
28468526
28496427
28497754
28500438
28504904
28536280
28545291
28545482
28588323
28606099
28627965
28633175
28648229
28658675
28667754
28677851
28678682
28691857
28700628
28716130
28732253
28732713
28750165
28786546
28788420
28789868
28805208
28815554
28818958
28820262
28868597
28896399
28908714
28945966
28952001
28972478
28973061
28981378
28999588
29002054
29002461
29005622
29012522
29018671
29022041
29044852
29045689
29049890
29056167
29071034
29076666
29122017
29125315
29133682
29144192
29147386
29169690
29173020
29175373
29186215
29190618
29192288
29217370
29217515
29219900
29235507
29238680
29259223
29278850
29330866
29336796
29378840
29381875
29386357
29411391
29420598
29460374
29477090
29482548
29491484
29497484
29503798
29505428
29519657
29523394
29533283
29543430
29549542
29551598
29587829
29598578
29603954
29624122
29687760
29700050
29709198
29725657
29749198
29795273
29816666
29826744
29831942
29856104
29863104
29893118
29898955
29900012
29900887
29908324
29910627
29917391
29920262
29942493
29973941
29996322
30002381
30006007
30008049
30012929
30015762
30033097
30063513
30074112
30086790
30105956
30133930
30137257
30139427
30143770
30154856
30173062
30173338
30179936
30197100
30215074
30250763
30294685
30297316
30312000
30320914
30321558
30324283
30370264
30377659
30415167
30427675
30433592
30436731
30438006
30462501
30489891
30500004
30522756
30568209
30572984
30591424
30591830
30602660
30625019
30626107
30637812
30642075
30682278
30685853
30694144
30704099
30710275
30763545
30774836
30808419
30818532
30834500
30839975
30852706
30893038
30928421
30934651
30939270
30945226
31040939
31054840
31056363
31056754
31069006
31083885
31093751
31098432
31103230
31108316
31117293
31153462
31158463
31168632
31195643
31235998
31245304
31271073
31286033
31316339
31343208
31349618
31358473
31360961
31399228
31432172
31442625
31456068
31472111
31509312
31528220
31583557
31655069
31657813
31681373
31684450
31702938
31733351
31757849
31758325
31763741
31782656
31784667
31798882
31815101
31829785
31842912
31856484
31863817
31877805
31916279
31931877
31934533
31938812
31946136
31946487
31964536
31999582
32003444
32029561
32030565
32049741
32067069
32070590
32074738
32076773
32095721
32098686
32112095
32115586
32206631
32232135
32242819
32254242
32258999
32272773
32278260
32283536
32310075
32319836
32329622
32353439
32357755
32360317
32365894
32374074
32426879
32426986
32443604
32503548
32507608
32520070
32545507
32560776
32562912
32616512
32621579
32626249
32639002
32655375
32668260
32668566
32710591
32721795
32764702
32765950
32770443
32787673
32801761
32811065
32840831
32853994
32882921
32897244
32906124
32921187
32927483
32928988
32978589
32979994
32982659
32984260
33000311
33010653
33042149
33078287
33122749
33140874
33151878
33184909
33201020
33214753
33237954
33253308
33254632
33255373
33266750
33287605
33289804
33324938
33327604
33361624
33363466
33405214
33425186
33427615
33449783
33454649
33464888
33481746
33496021
33497085
33512173
33524690
33526980
33583133
33598126
33601218
33604923
33608505
33625559
33661411
33678792
33694231
33723075
33752198
33767777
33790369
33805070
33811515
33826732
33840368
33864698
33877332
33887228
33895720
33912177
33915480
33916904
33934259
33942969
33965017
33996966
34002143
34025951
34039394
34057360
34068761
34098144
34107810
34116336
34141868
34144243
34163075
34174687
34188227
34191270
34238404
34253500
34263770
34269900
34381078
34450004
34481117
34504191
34543285
34544836
34545948
34602141
34607628
34638016
34648946
34651153
34654662
34668035
34672397
34710534
34740575
34776838
34777278
34792917
34803618
34818252
34858544
34863942
34868056
34910335
34912504
34920052
34925606
34925876
34936993
34937656
34947860
34959968
34974258
34987981
34991011
35004685
35023281
35038224
35046638
35088714
35108016
35124273
35134186
35166450
35171755
35174338
35177750
35182593
35231255
35249936
35271951
35321716
35325204
35376978
35434796
35444034
35462196
35475859
35486023
35486720
35499102
35551238
35552622
35567468
35632980
35654161
35727312
35746998
35769317
35790605
35804202
35832579
35839924
35841750
35905806
35917203
35938030
36004174
36060788
36062555
36098592
36108827
36142281
36143023
36166274
36180175
36184487
36190470
36206386
36234029
36243541
36266345
36341743
36371368
36398728
36446186
36503783
36506490
36524115
36544646
36561360
36598863
36602261
36660253
36697247
36708183
36740462
36743318
36745225
36803887
36892999
36895251
36896061
36964888
36969418
37024948
37031015
37034952
37080306
37093491
37119075
37206776
37232114
37232381
37255070
37290644
37319923
37321457
37330159
37336998
37357288
37359770
37367142
37399084
37406363
37412507
37414697
37419672
37444968
37447367
37454129
37456141
37458052
37473106
37491082
37499111
37530216
37593555
37597319
37599096
37656804
37675572
37693169
37699977
37706748
37738552
37760554
37762060
37766762
37782415
37806652
37860075
37900915
37921245
37989281
37991703
38002946
38025272
38039472
38039866
38064636
38070318
38098789
38099092
38105084
38111206
38146311
38166619
38175773
38188398
38202737
38203412
38206154
38225890
38226572
38234567
38295393
38325034
38339403
38347701
38352883
38359035
38367642
38395589
38395793
38433407
38434350
38490695
38492507
38559271
38559449
38580429
38587925
38617724
38622869
38628522
38644899
38680111
38752770
38766308
38767567
38775524
38807713
38831361
38908820
38914922
38942347
38952504
38953026
38970095
38991216
39030286
39032152
39088698
39096369
39150280
39187375
39210331
39231299
39245403
39283741
39306455
39306479
39318460
39324719
39335382
39338811
39341843
39349474
39358663
39389346
39393019
39396623
39412123
39415016
39427226
39431772
39434871
39452523
39463686
39471589
39479750
39559670
39579297
39641054
39653093
39684576
39697397
39719540
39740994
39763551
39781721
39808212
39832749
39839006
39844117
39888852
39938221
39957051
39965092
39973476
39979692
39979893
39983494
39995671
40012845
40070824
40076525
40089577
40092395
40123531
40143254
40144884
40157428
40176575
40179109
40180335
40235311
40266467
40278832
40335101
40345653
40395599
40435718
40485172
40491930
40509234
40509362
40537528
40551632
40573188
40581809
40582094
40602302
40617648
40624112
40636514
40674074
40675325
40703459
40706685
40717503
40779072
40780275
40782816
40799753
40809334
40812051
40816432
40827448
40897208
40898671
40900881
40905054
40920751
40945657
40978235
41024879
41074159
41108454
41114495
41117261
41146114
41146126
41190173
41229136
41294162
41310842
41368596
41376988
41447422
41452200
41454396
41510911
41511354
41515707
41520781
41532851
41546049
41552729
41569269
41616613
41628117
41655779
41688953
41691459
41705598
41728653
41737701
41741172
41750226
41761678
41829891
41853304
41867604
41881253
41893350
41922089
41940274
41974407
42013107
42015443
42020481
42034023
42034481
42043020
42068180
42075552
42078900
42080288
42086884
42091697
42095130
42170483
42190240
42197627
42207071
42207275
42210460
42289014
42335512
42341350
42341456
42362749
42367557
42369823
42393600
42441239
42446534
42473610
42506974
42551149
42567087
42572498
42611155
42626225
42639021
42654878
42688804
42702670
42751138
42752044
42756444
42776398
42786391
42806860
42813322
42823135
42838816
42876579
42878314
42891772
42897958
42907809
42912957
42926341
42940299
42944700
42978553
43029259
43031365
43056065
43064447
43101001
43108389
43125194
43126622
43139668
43146711
43167612
43174976
43193809
43195599
43203671
43286255
43358608
43361203
43368334
43394294
43414442
43429850
43440639
43449407
43555360
43582048
43623831
43624811
43643808
43647888
43660171
43680094
43694378
43703668
43713185
43772304
43812488
43844573
43844899
43888488
43899127
43917061
43922212
43982681
44027260
44034836
44095348
44108268
44147682
44199626
44248590
44265905
44288057
44294088
44323632
44336897
44361269
44374072
44385701
44430611
44483955
44492806
44504367
44516947
44522713
44524684
44527061
44540665
44541698
44556947
44574138
44625766
44651991
44658272
44677150
44721997
44731785
44790334
44793884
44856710
44892254
44906228
44909515
44928981
44981423
45046821
45055294
45067305
45196770
45200498
45234135
45242287
45270452
45308422
45376449
45382900
45411544
45423421
45426940
45444938
45475426
45486692
45521746
45583700
45635255
45695898
45696583
45739788
45747843
45775348
45844026
45855118
45874423
45882602
45887340
45927148
45954873
45959035
45968845
45982621
45983394
45988757
46023893
46060368
46071630
46106267
46152097
46157434
46178899
46207759
46257826
46261737
46288879
46316266
46318194
46331900
46373367
46428547
46438159
46514790
46540972
46603546
46604273
46623534
46635142
46676697
46680509
46687941
46711815
46732203
46846322
46878047
46879890
46879971
46906490
46920870
46944358
46950026
46957486
46964599
46987103
47006276
47010519
47050574
47057688
47118494
47135990
47170945
47205764
47210322
47219259
47229738
47235623
47267263
47271228
47315078
47325342
47331004
47362980
47373596
47424867
47475299
47498752
47499720
47533014
47534789
47541220
47547560
47592322
47594915
47609272
47635576
47672381
47715672
47745984
47794924
47834889
47893750
47908724
47917856
48043617
48061054
48098293
48100618
48102810
48130944
48144358
48156679
48230173
48252622
48274184
48365762
48445305
48495138
48499019
48501072
48534209
48563576
48581161
48595229
48678455
48700374
48701094
48736510
48737600
48763358
48842541
48919384
48947794
48978003
48997476
49011876
49020022
49023758
49068848
49075579
49096953
49111311
49113300
49116689
49138256
49147537
49149615
49168210
49245614
49293503
49405670
49444166
49493626
49531540
49567698
49570804
49668339
49685320
49747621
49770181
49773500
49784184
49791957
49808891
49846818
49895877
49897237
49905005
49919691
49931915
49997725
50001574
50014907
50045351
50054545
50125214
50164800
50180353
50190133
50204075
50207787
50218421
50251067
50261921
50275857
50277604
50340894
50375483
50380468
50425823
50429213
50430264
50487473
50493109
50499068
50506599
50525967
50614906
50660412
50690481
50692819
50730682
50734350
50748165
50765101
50784863
50792099
50830180
50882020
50909899
50920941
50922195
50923979
50997717
51089213
51175958
51198236
51200343
51219333
51220897
51238289
51254787
51300398
51302644
51319916
51340773
51347257
51360021
51365259
51464340
51474986
51515293
51530484
51536058
51612645
51628047
51676686
51703423
51713455
51764950
51788086
51793214
51905469
52018699
52035455
52071518
52083721
52139108
52175210
52246071
52263491
52283650
52304733
52340603
52356144
52363369
52454973
52462751
52524979
52549694
52551141
52569935
52574223
52624607
52637027
52643870
52693283
52706545
52795199
52913525
52922425
52966360
53023029
53044498
53173744
53203055
53260553
53263584
53269352
53286545
53303255
53318534
53400797
53400868
53409740
53444286
53460696
53469315
53471598
53499665
53562617
53619532
53646035
53670815
53686533
53702592
53706375
53734286
53778174
53792713
53831222
54071024
54079085
54111992
54118946
54167450
54235663
54244133
54248571
54317071
54384175
54416585
54516663
54538836
54544409
54632456
54632524
54670309
54694376
54712529
54745873
54810586
54815240
54850865
54873322
54918215
54933252
54977680
54981932
55002892
55087282
55098383
55120277
55169435
55198361
55217075
55290388
55299308
55323147
55331508
55390294
55439462
55454064
55476048
55491717
55552546
55602057
55619462
55636631
55650425
55653605
55658997
55699452
55783034
55796566
55865499
55887641
55892927
55906034
55965703
56079429
56104974
56202283
56216133
56223947
56257319
56287561
56291908
56313956
56314171
56410614
56430356
56436523
56458043
56465829
56490812
56506431
56591760
56645712
56652066
56671235
56697399
56709992
56812289
56820864
56821652
56900705
56905637
56955354
56989868
57024265
57050330
57092759
57159774
57173603
57189008
57230327
57293465
57318121
57334340
57371240
57398240
57429637
57468415
57582044
57599612
57604598
57648891
57657831
57679152
57693383
57705458
57714531
57717762
57737840
57740888
57867084
57937885
57984105
57997575
58025543
58070952
58133763
58203478
58272836
58285007
58316376
58377849
58467139
58497159
58505263
58552975
58635336
58697616
58712931
58809310
58863299
58876873
58899244
58918090
58934840
58985314
59048838
59089341
59135734
59183881
59191205
59192928
59217908
59301473
59324381
59344856
59346793
59383833
59435320
59451663
59460160
59474671
59476171
59506869
59507086
59516692
59526016
59548186
59549032
59568984
59618210
59624469
59648528
59656635
59662723
59663225
59678502
59685250
59719819
59787451
59790924
59897188
59944247
59997192
60006525
60071306
60098883
60250277
60274189
60343438
60435019
60440121
60515419
60540211
60561773
60641548
60749825
60758791
60782981
60813131
60818684
60821241
60827704
60849561
60854446
60873341
60903681
61007471
61022561
61023663
61074295
61291133
61347908
61354800
61367840
61457260
61474609
61477747
61483707
61498678
61520015
61527003
61556433
61599274
61669955
61699222
61754276
61786113
61812971
61816627
61818746
61879370
61901402
61988384
62037311
62044406
62106641
62110691
62111696
62130996
62139731
62152587
62202435
62203162
62230199
62233623
62251666
62295749
62333120
62336459
62351777
62412789
62436434
62443248
62518760
62544383
62548618
62623838
62661423
62676287
62739553
62768818
62774686
62805538
62824138
62824312
62896712
62928364
62940117
62952845
62954566
63003277
63027203
63029548
63053109
63079217
63100662
63170044
63182615
63215444
63235918
63253418
63313239
63330567
63338464
63344601
63381337
63429070
63429389
63486746
63518027
63532860
63537993
63589583
63650393
63661356
63737163
63753628
63758098
63776743
63777621
63791103
63810590
63846089
63854584
63896226
63949717
63951442
63969711
64012403
64037554
64049232
64101355
64144288
64235573
64290172
64292775
64305495
64405894
64527981
64560871
64570623
64609138
64611714
64628949
64652243
64709659
64718296
64847122
64865153
64877262
64878794
64932131
64944952
64948728
65020633
65096869
65133037
65185289
65234742
65286996
65347676
65369161
65429245
65475445
65476470
65492051
65540155
65567437
65576455
65602709
65607655
65644739
65659017
65663976
65681366
65724688
65730523
65734905
65738746
65752791
65773171
65858416
65904248
65978316
65995055
66048299
66072014
66104706
66105667
66115427
66141752
66145721
66164793
66279458
66314431
66346828
66363211
66402692
66440096
66443859
66454188
66474653
66477710
66507792
66513032
66588113
66618271
66624269
66624895
66655478
66705375
66777600
66811944
66839335
66872734
66912531
66925465
66955013
66976233
67001155
67042714
67070114
67087107
67113606
67124012
67155699
67187827
67229059
67230772
67264161
67269063
67356986
67383796
67415395
67423113
67449896
67531224
67555707
67599783
67602535
67615900
67638239
67645231
67671931
67686873
67698634
67723884
67728883
67737235
67738898
67759517
67768882
67832986
67854762
67883081
67898999
67945579
67946964
67970202
68016108
68028837
68038255
68055027
68061493
68084799
68085122
68120889
68128597
68137207
68168309
68223520
68232302
68260155
68265916
68328547
68354800
68364793
68431962
68437154
68527298
68610253
68694730
68711624
68743918
68779933
68826269
68876200
68877188
68889749
69028596
69037970
69059951
69082876
69113252
69130047
69159958
69162369
69186655
69197710
69304326
69342691
69457101
69471584
69508447
69538359
69551483
69600318
69601671
69604321
69624643
69652979
69672628
69700665
69717663
69718336
69743267
69790953
69791675
69838059
69840579
69875260
69929918
69948566
69969273
70071453
70095364
70110078
70205573
70225359
70350497
70360121
70390647
70452933
70472135
70529436
70537219
70563819
70580296
70591298
70650636
70696479
70702714
70716213
70745747
70780755
70790672
70839526
70869596
70872159
70958085
70996607
71013598
71100788
71200420
71208694
71214686
71238613
71266713
71301538
71318674
71332224
71349186
71373463
71391587
71391927
71423994
71477452
71577815
71666023
71703843
71726525
71738039
71759117
71765004
71773896
71781088
71790741
71836516
71854599
71867699
71871945
71892523
71912413
71967193
71967977
72088848
72092385
72095872
72109730
72151594
72207090
72221537
72243457
72282948
72401826
72411176
72501080
72574714
72679837
72688574
72691587
72696604
72712265
72715738
72717432
72739338
72780150
72786433
72819251
72826402
72831445
72906973
72938253
72944805
72968412
73009833
73108796
73123963
73137617
73152166
73153534
73162851
73175127
73179557
73212477
73238174
73320271
73359337
73400918
73460759
73478745
73490418
73512532
73583541
73587451
73640401
73642361
73671525
73691554
73713334
73824719
73903746
73949007
73958084
73965320
73965620
74018379
74029255
74038826
74093687
74158767
74232450
74269877
74305185
74306756
74350752
74362358
74438610
74500784
74537089
74544527
74560808
74580195
74588219
74588515
74606755
74651964
74675329
74704517
74714930
74835879
74859533
74879208
74885334
74928350
74940586
74977802
74989980
74990056
75029022
75038026
75039574
75080526
75087002
75096960
75097250
75205953
75217703
75243261
75262191
75264480
75279837
75283620
75304191
75331439
75333258
75350865
75447585
75449912
75457242
75460396
75504800
75507245
75529833
75632169
75691685
75741199
75773646
75797695
75808449
75831938
75835978
75872781
75917338
76036812
76107848
76113960
76115940
76118842
76214687
76217809
76289978
76460941
76506200
76537230
76547127
76548594
76576591
76641485
76642804
76692384
76711369
76712220
76720864
76736433
76746147
76836112
76857808
76873137
76904614
76949885
76956075
76977768
76991792
77026682
77051248
77063430
77065744
77086767
77087031
77126767
77159086
77164178
77165368
77172510
77229586
77252562
77267952
77333681
77361488
77368804
77377905
77395087
77400240
77413265
77502126
77511920
77545295
77569456
77645962
77649304
77693646
77723137
77735545
77739509
77741081
77748331
77756307
77770386
77773718
77791469
77792625
77809231
77812401
77816829
77856496
77872358
77877514
77878337
77885189
77898064
77942095
77950702
77962604
77976786
77984182
77987345
77991462
77991921
78050350
78050866
78080465
78090757
78095985
78150257
78158546
78185395
78196077
78206932
78219435
78265417
78270189
78347224
78360937
78394866
78411516
78473620
78479056
78493489
78517677
78527757
78530270
78536927
78538894
78543171
78545171
78546197
78546402
78555692
78582829
78592624
78597068
78603838
78609847
78622676
78649057
78652244
78663187
78669463
78672691
78701390
78711860
78737230
78772172
78781875
78829838
78861548
78868652
78872820
78888659
78906932
78935537
78942073
78956704
78967500
78967741
78971955
78997452
79008781
79027181
79028301
79051252
79054851
79076724
79082342
79091540
79107566
79119699
79162028
79247217
79330385
79352163
79375026
79380368
79380939
79398875
79434156
79436468
79455190
79455373
79465841
79478450
79481716
79488596
79492267
79547378
79555735
79558668
79563617
79614578
79623825
79629434
79663681
79681810
79688494
79696850
79702955
79748959
79795341
79804931
79852172
79863023
79874892
79937332
79941884
79951168
79953995
79954578
79959636
79980227
79989850
79993654
79993963
80053643
80056940
80094955
80102069
80102358
80107987
80116522
80145787
80203090
80234590
80256693
80262059
80286495
80349014
80395605
80403285
80416550
80421973
80441812
80454666
80455157
80479370
80482410
80498878
80519220
80529685
80543857
80568575
80569104
80580692
80633769
80677664
80678997
80688117
80707477
80715146
80722298
80738613
80837280
80847464
80864203
80885578
80966901
81003102
81064277
81122250
81128521
81138434
81293626
81297987
81335543
81356694
81367213
81368088
81372745
81452912
81472327
81489544
81540607
81544395
81550186
81585738
81604917
81610305
81614647
81667164
81676279
81677419
81718359
81763603
81778099
81792906
81798831
81831691
81832435
81842752
81852726
81998048
82003945
82109782
82129417
82178647
82181750
82205015
82206167
82219607
82228023
82261367
82262439
82284969
82320991
82393962
82398789
82415295
82417752
82429104
82431721
82432521
82463573
82482315
82512313
82515585
82533514
82577462
82592724
82626936
82630071
82643322
82657065
82672969
82714122
82735394
82742611
82748812
82891353
82911540
82943431
82952793
82985843
83014248
83021182
83024361
83035191
83052655
83063069
83073160
83079761
83134550
83140529
83140552
83158216
83183944
83195225
83203240
83204308
83212517
83233609
83247569
83250568
83255548
83259071
83264454
83278312
83283254
83285047
83322763
83353176
83368256
83376207
83400815
83416531
83428504
83430539
83446451
83446536
83477012
83481237
83522516
83630910
83631063
83666680
83683177
83693677
83706315
83808225
83820228
83822227
83826712
83837514
83884871
83885188
83916264
83974439
83983929
84018582
84035970
84107050
84112008
84178528
84239996
84241879
84252808
84279929
84310280
84314200
84361273
84378456
84395071
84403340
84432564
84441554
84456135
84494309
84508461
84516185
84518773
84565529
84573433
84581753
84588454
84597183
84610010
84643080
84675570
84694519
84701130
84735032
84740008
84778420
84836441
84843431
84846694
84860157
84865447
84871029
84881189
84936087
84956434
84961587
84970171
84971336
85007499
85032911
85051884
85065171
85069044
85084985
85093833
85130202
85132741
85143854
85154392
85184538
85186247
85186503
85201105
85203426
85204804
85232774
85236058
85279383
85281577
85301350
85329681
85358811
85359608
85437818
85529341
85544217
85572954
85676117
85719494
85720959
85725560
85760960
85844118
85864304
85868102
85890822
85938649
85946297
85950116
85951850
85962373
85965242
85975333
85986458
86016303
86033542
86037894
86040303
86053372
86066694
86087066
86089839
86103141
86147705
86149551
86160570
86163507
86164487
86182746
86264102
86272943
86275930
86290629
86314309
86316923
86319963
86343994
86352261
86362709
86421444
86434299
86437094
86454841
86475807
86496069
86504683
86506938
86532478
86532545
86532776
86545892
86548574
86561705
86605786
86613733
86614437
86617171
86623109
86636874
86647259
86666983
86679785
86703013
86767012
86773244
86850927
86883006
86913851
86920057
86930236
86944698
86970020
86995333
87003429
87006004
87056251
87075650
87135557
87166411
87188091
87232005
87232956
87268580
87301016
87308508
87317387
87367107
87417621
87482204
87490165
87501508
87538376
87541110
87570531
87581182
87612764
87616349
87632483
87705469
87762949
87789840
87819652
87829384
87829468
87830467
87857436
87863197
87874300
87891686
87896673
87899290
87902724
87907653
87924413
87930501
87935036
87954546
87987459
87995812
87996611
87997680
88007389
88015711
88018672
88032572
88054350
88074267
88105540
88106984
88108163
88135965
88146172
88154371
88163164
88179521
88188926
88197245
88230658
88294536
88299436
88300542
88307258
88329917
88332952
88357948
88362594
88368510
88368709
88382017
88399422
88411459
88417387
88424156
88425982
88431109
88447330
88451710
88478111
88515120
88520639
88520669
88525786
88529102
88537854
88538115
88541859
88543104
88544587
88557890
88586197
88609696
88611972
88620257
88634388
88636093
88647043
88649284
88652388
88738021
88746145
88764498
88767267
88776576
88794953
88813957
88823941
88840927
88844555
88849536
88885121
88885788
88899839
88908962
88911427
88914624
88917762
88918493
88957152
88978404
88979423
88999003
89005823
89008762
89013280
89020071
89027065
89027629
89048321
89048352
89053245
89056512
89067608
89107686
89110725
89122694
89129955
89146914
89152780
89171184
89180227
89207714
89235614
89244873
89248785
89250242
89254178
89262951
89265967
89266946
89277501
89296126
89300897
89306532
89312747
89344002
89369584
89377921
89438338
89447783
89448551
89448598
89506008
89583132
89585310
89616161
89640269
89649406
89667664
89681855
89682215
89688768
89697335
89718397
89729636
89768449
89783071
89802351
89804520
89808619
89815906
89840753
89869496
89894144
89908514
89910689
89933536
89944040
89956082
90043696
90046473
90086707
90088595
90092005
90109015
90111214
90114852
90285279
90291170
90299887
90302131
90327904
90379007
90398896
90425066
90452113
90459661
90481578
90484224
90526389
90585710
90604493
90612180
90622540
90673320
90701073
90709338
90717121
90750827
90761804
90770291
90896218
90898945
90923435
90977878
91012620
91025452
91029567
91050124
91097967
91126480
91158553
91200998
91237305
91316005
91340641
91346990
91352629
91376164
91404646
91406155
91436537
91441925
91447796
91495124
91506662
91533205
91544172
91571145
91584364
91599428
91614042
91655668
91678209
91748904
91749012
91764400
91810471
91818342
91864290
91903500
91911387
91921940
91931872
91935137
91969525
91985411
91986504
92010421
92048051
92095851
92096038
92106121
92114356
92135669
92138556
92174692
92180569
92184730
92210304
92225411
92228373
92239048
92254951
92269070
92305132
92307966
92314348
92376897
92412235
92438081
92513377
92515582
92537887
92581763
92610026
92634347
92638773
92657878
92675089
92689374
92694285
92704071
92704371
92708069
92721587
92738532
92799096
92857345
92869472
92873270
92889595
92895677
92930090
92939418
92956090
93028474
93045300
93046774
93052996
93070976
93080406
93087458
93122075
93126377
93223841
93227291
93243798
93254425
93281603
93383026
93394816
93415581
93454156
93525686
93526490
93530304
93579818
93581403
93593688
93663738
93831764
93840440
93913955
93967193
94001563
94025702
94046208
94076491
94085685
94123458
94142761
94159581
94254715
94256827
94299547
94312831
94386937
94505153
94524700
94538557
94543104
94558363
94566550
94593026
94612292
94616992
94619657
94620020
94688030
94732294
94744457
94757144
94781279
94796545
94999879
95017311
95124478
95161816
95174557
95269377
95285048
95412984
95452667
95460508
95498429
95521790
95530933
95537212
95568148
95599998
95617237
95633248
95783548
95799792
95802021
95920168
95935497
96002176
96034871
96035643
96061007
96079631
96109187
96123536
96179140
96220050
96261403
96288512
96291076
96315698
96374919
96383575
96393503
96401832
96425821
96443858
96446305
96461692
96611683
96711421
96714468
96794239
96818991
96914877
96950654
97013569
97029175
97036654
97042623
97056159
97057805
97088042
97126818
97167015
97176755
97197310
97226331
97273328
97288914
97325224
97333721
97343929
97369327
97372814
97374682
97417699
97450348
97457935
97495185
97520466
97525562
97584347
97594883
97702655
97707328
97708910
97733044
97737650
97761285
97792567
97834338
97896311
97901827
97906669
98042449
98120226
98149511
98159455
98194681
98273085
98351665
98352852
98369886
98408083
98414162
98418394
98466176
98499175
98499884
98528322
98545375
98551889
98583055
98587663
98593965
98600255
98611608
98624896
98653720
98654427
98660436
98661999
98662310
98673389
98681511
98711069
98734068
98780692
98810968
98826623
98839091
98848230
98880960
98923154
98929813
98931463
99008725
99034447
99056337
99058790
99105652
99108083
99118892
99126130
99128192
99215813
99237469
99239869
99252442
99264276
99277073
99290085
99308013
99322225
99383675
99385300
99574788
99600525
99615667
99638340
99709007
99712785
99713997
99717917
99722078
99739464
99814428
99822001
99890088
99898012
99942449
99976048
99996981
100005642
100008125
100030959
100032860
100040623
100052574
100064623
100076346
100097436
100101199
100111664
100185531
100258858
100271938
100290333
100299278
100301774
100302734
100306651
100333776
100462576
100495468
100498579
100509132
100542119
100574972
100600970
100613085
100621380
100628975
100651621
100670694
100678322
100717484
100736979
100748566
100799796
100802339
100810850
100828021
100841157
100867652
100869391
100881789
100892414
100971122
100996755
101002925
101014275
101016235
101032554
101045615
101055102
101085116
101117634
101120909
101123694
101127370
101145691
101159009
101221563
101253440
101259790
101272640
101291628
101294465
101303770
101321442
101336110
101337917
101347249
101367682
101405727
101413325
101533407
101560404
101572964
101633713
101636523
101676486
101715170
101735703
101757134
101761782
101785090
101791893
101819039
101828594
101845585
101850271
101857338
101870508
101877672
101883305
101918310
101949944
101958797
102022429
102054224
102065520
102077979
102087114
102223497
102262228
102263603
102265738
102291483
102374287
102375653
102446737
102450858
102459179
102470963
102520022
102536772
102564431
102596321
102606108
102610943
102631181
102661046
102661267
102687496
102689263
102705776
102716142
102759191
102768962
102817929
102819885
102855247
102873996
102889235
102925966
102932620
102938205
103003592
103023941
103044340
103048768
103085677
103086763
103092581
103151724
103158307
103167921
103202997
103209281
103214318
103217956
103219254
103249747
103249971
103264332
103284951
103285044
103329225
103345695
103347379
103352479
103358527
103402526
103420174
103431165
103465793
103479541
103490295
103524345
103549589
103611648
103649799
103685535
103689813
103707147
103709932
103731928
103745546
103749905
103807678
103817872
103820652
103853163
103854124
103854809
103857074
103888138
103898207
103974381
104078195
104145330
104166801
104226877
104245397
104251207
104259623
104266546
104359176
104369194
104369289
104374585
104386746
104398762
104488175
104517049
104522505
104537562
104623924
104639667
104688629
104707340
104741606
104759477
104762776
104822375
104839254
104839272
104862347
104941171
104986950
105021280
105036440
105052221
105062856
105076441
105080429
105085776
105086466
105191188
105251994
105254408
105299433
105315499
105329543
105350311
105358592
105375414
105379990
105394073
105415911
105486764
105504312
105518561
105552953
105588978
105603080
105606878
105611466
105614392
105649013
105660852
105680591
105701003
105712128
105719370
105727254
105727374
105767554
105771962
105793323
105823577
105867638
105884170
105886121
105887814
105891976
105917643
105923705
105951424
105985205
105986853
106029709
106044953
106055222
106089399
106111318
106139241
106143002
106154493
106179181
106234266
106249115
106262249
106273093
106285191
106297495
106318946
106365825
106378241
106447538
106452057
106472566
106475899
106493000
106508294
106560376
106563318
106574204
106613228
106736666
106759689
106847083
106863625
106873419
106930122
106930679
106942281
107078725
107106646
107125559
107160274
107165607
107185423
107196933
107217155
107225667
107284048
107307694
107340539
107377520
107378173
107419031
107440491
107444226
107472524
107474025
107509436
107540215
107579498
107606567
107644949
107664636
107668311
107736041
107807876
107810181
107833866
107837225
107853239
107861047
107863642
107868186
107871548
107871959
107882456
107883359
107890046
107899097
107899719
107905089
107907610
107928796
107943025
107946068
107965928
107969536
107998813
108033987
108077350
108090754
108091578
108115996
108135883
108163811
108181655
108233699
108233751
108253406
108314406
108338308
108355772
108357373
108392718
108503324
108543845
108562406
108576004
108576567
108590012
108609956
108623454
108643309
108643829
108676239
108691861
108737819
108738371
108793825
108802361
108808757
108821816
108985610
109004605
109097638
109116221
109144969
109151903
109175768
109201220
109219059
109254354
109295072
109314504
109347619
109354459
109374687
109386798
109393000
109458265
109478587
109484861
109552866
109567041
109598008
109601475
109618244
109641158
109644425
109715867
109757908
109760047
109783203
109794879
109799844
109806650
109816573
109819739
109843078
109846440
109878605
109955003
109988863
110004744
110032401
110112056
110131511
110137340
110145051
110160502
110163144
110167315
110189905
110231581
110262338
110274180
110274419
110303787
110316739
110328985
110379866
110429759
110457569
110478811
110489558
110530697
110545319
110551111
110577402
110619709
110630714
110663358
110685128
110757211
110775169
110796235
110797384
110800984
110807439
110837506
110851185
110853104
110867944
110878546
110892056
110923227
110941025
110980511
111030869
111038716
111046901
111063526
111065244
111067595
111110052
111176538
111186917
111215538
111231498
111258398
111272386
111289331
111299841
111325932
111399068
111434661
111519654
111553426
111563702
111589217
111594858
111594877
111622007
111712045
111734960
111762940
111772135
111780776
111794022
111820053
111843683
111844656
111851642
111889694
111914142
111957009
112022930
112052446
112070652
112098630
112127519
112134281
112169156
112187352
112189056
112223679
112230021
112233683
112292406
112302838
112323154
112358276
112378621
112385147
112388816
112471598
112552324
112552926
112565634
112678507
112717413
112779227
112917475
112923105
112924608
112946574
113083859
113113092
113119295
113120000
113126336
113216198
113258497
113260322
113294911
113307844
113386896
113390249
113433252
113509159
113522401
113576058
113579522
113595591
113609739
113629728
113667380
113673887
113756494
113757183
113792468
113825502
113840515
113846770
113860578
113870783
113872002
113872572
113925341
113956018
113993088
113998045
114005269
114041709
114064036
114076770
114098032
114145566
114179361
114202998
114227711
114233228
114240801
114244766
114248290
114268863
114303342
114317593
114339919
114350454
114356825
114358791
114439739
114443436
114456763
114488455
114514435
114521042
114590831
114658913
114684285
114691648
114707168
114805332
114835249
114840215
114856768
114875642
114891145
114951984
114995641
115025025
115038739
115109106
115134430
115147756
115214716
115256591
115274624
115285635
115305756
115377024
115421668
115436270
115437370
115579995
115636870
115671745
115681372
115699853
115781715
115790699
115806395
115846189
115895392
115944987
115996728
116101197
116108214
116148529
116148609
116196608
116197235
116200991
116230075
116233667
116271829
116335838
116376839
116436708
116446477
116539581
116547045
116655153
116678407
116680995
116681189
116720680
116740083
116740510
116743907
116744196
116773063
116787710
116866811
116897449
116907069
116956511
117009649
117091450
117121969
117128250
117136997
117153398
117208100
117257220
117259580
117354310
117385623
117446957
117455194
117457336
117466335
117486239
117506707
117508789
117573040
117586876
117615136
117622894
117645245
117648554
117664267
117719113
117724640
117734877
117754569
117779583
117782095
117840430
117844183
117886197
117931070
117940383
117948740
117959884
117982176
118032793
118043389
118046701
118073724
118118300
118304507
118350147
118421991
118425216
118435648
118473416
118482064
118511711
118588887
118654995
118711680
118728820
118744420
118878102
118903052
118966696
119029679
119058278
119070775
119072885
119091071
119114494
119256225
119279047
119335491
119362186
119395768
119473370
119493430
119665870
119748758
119795360
119817094
120038453
120107258
120135655
120145070
120150331
120166405
120240534
120459160
120473907
120611644
120671037
120886804
120904645
120913233
120999677
121031180
121042094
121097748
121164505
121224422
121354758
121367831
121395581
121417679
121481023
121490174
121536222
121551163
121584837
121619846
121720220
121750116
121759960
121825990
121855959
121956248
121966280
122008872
122013957
122021296
122022631
122033596
122067784
122102887
122155177
122157500
122178296
122187814
122213535
122332031
122457884
122466612
122519398
122541448
122550126
122640100
122681819
122880023
122945576
122961352
122978034
123072260
123112913
123114716
123116572
123136931
123181638
123214315
123239093
123340245
123364220
123386813
123406432
123448346
123461543
123500444
123774975
123849326
123863051
123907920
123928015
123979470
123990271
124142416
124211120
124245466
124353877
124427704
124429136
124535424
124551232
124605374
124611739
124732633
124894060
124926573
124949215
124975982
125025340
125057063
125081032
125091208
125350429
125450658
125501411
125503137
125545299
125554194
125610726
125619684
125627981
125654320
125659579
125721475
125724636
125759805
125800839
125818709
125831315
125861264
125874369
125886096
125958362
125964462
126007065
126074371
126120667
126145732
126198164
126274418
126298239
126352501
126361441
126391401
126452850
126466451
126470625
126473979
126491135
126494945
126513585
126673382
126677124
126824516
126903580
126961938
126968552
126970577
126979930
126981536
126994525
127021141
127049117
127071451
127100124
127110155
127152971
127190009
127222061
127366982
127368927
127448415
127577820
127607135
127610666
127651762
127761076
127794563
127802845
127818540
127855317
128059066
128074259
128094028
128174897
128225044
128245215
128263721
128277213
128308623
128362562
128409879
128494383
128506062
128532623
128611152
128653475
128700734
128985688
129014093
129019289
129029676
129031050
129123710
129139024
129153633
129259871
129281775
129297490
129298108
129338916
129340740
129369579
129381873
129444909
129447319
129481956
129515158
129522964
129539596
129555265
129662082
129711623
129793688
129871574
129920287
129967844
130035438
130078938
130150081
130244930
130265111
130284361
130458013
130543228
130563282
130573545
130648195
130775939
130814083
130857254
130868055
130903671
130928472
130942555
131046519
131052453
131237288
131274933
131529641
131531189
131720560
131755800
131770591
131814936
131991027
132003199
132026226
132106654
132215800
132277382
132292938
132306238
132390844
132392396
132408278
132431874
132449944
132537681
132563751
132576596
132622221
132678800
132765633
132805173
132809659
132813615
132836679
132851200
132920663
132923262
132983961
133046054
133051055
133096018
133125277
133184106
133209420
133224763
133259667
133278737
133383660
133490733
133514886
133600529
133705176
133713642
133717129
133725714
133752187
133774403
133779985
133814192
133846072
133890554
133967568
134014585
134052340
134052409
134120496
134221474
134227854
134414464
134415992
134419226
134474209
134580694
134609649
134625907
134628506
134634569
134676499
134687444
134797642
134898577
134910582
134972743
135075042
135127195
135143127
135248776
135249387
135332926
135589333
135593190
135600984
135653139
135753942
135762426
135773326
135781434
135801669
135911597
136170889
136184250
136198650
136254609
136275237
136327151
136369514
136503796
136522332
136552359
136560552
136568076
136622748
136684507
136687273
136717100
136825371
136854841
136930853
136957543
136964604
136985782
136993349
137031370
137139769
137253994
137274352
137293449
137373051
137380473
137458629
137461758
137552957
137728812
137848229
137882699
137988072
138032162
138032580
138178452
138273750
138363262
138363830
138381228
138402098
138418493
138435811
138464578
138490867
138506522
138510081
138545389
138571339
138608927
138650451
138690848
138702724
138758862
138784389
138863298
138962962
139041758
139207165
139230375
139238400
139253133
139254006
139341048
139354959
139396024
139416760
139420254
139456691
139491540
139520491
139623815
139678627
139697538
139832445
139900379
139954608
139968673
140069504
140082922
140095142
140148096
140231072
140262834
140282591
140428315
140540774
140588547
140696360
140750879
140825150
140893824
140917532
140919833
141010858
141016758
141031039
141031942
141032325
141115905
141155096
141183986
141194115
141202514
141210310
141332154
141388381
141398422
141422367
141478309
141478514
141489799
141625534
141633709
141711188
141718638
141746181
141792530
141861868
141890418
141960889
141964334
141975138
142303772
142395682
142472706
142496430
142562816
142660956
142710549
142718252
142770232
142774263
142804931
142987120
143014261
143030005
143033030
143223781
143367803
143479619
143493336
143649846
143737278
143776786
143778756
143806975
143928139
143966038
143977146
144065655
144108200
144155357
144387200
144497549
144504789
144518847
144565019
144583267
144584615
144663482
144697143
144786016
144816615
144821052
144933487
145061336
145104291
145249823
145298910
145335991
145355844
145358975
145392434
145447696
145496504
145592479
145604240
145618851
145623481
145655865
145693009
145728879
145761226
145764115
145861691
145990171
145994093
146022742
146188728
146192158
146243125
146277451
146292766
146310701
146472413
146514174
146709289
146799967
146862820
147133945
147149535
147180027
147437671
147478864
147479995
147491564
147516389
147531625
147576491
147623987
147693967
147700414
147784923
147819826
147836615
147890811
147947059
147966589
147996338
148093375
148176153
148254839
148268775
148303433
148332583
148351262
148406276
148431639
148703727
148759804
148790455
148876446
148908253
149000711
149199064
149217821
149221138
149233222
149260949
149287801
149561502
149589703
149621893
149683489
149779992
149784817
149888209
150259659
150334023
150372860
150403677
150521480
150675677
150681925
150784891
150822544
150969708
150984062
151194298
151222901
151331445
151404928
151438624
151449437
151471768
151620913
151640425
151722245
151831701
151849156
151854136
151879290
152003685
152035808
152150702
152199397
152220644
152243802
152270167
152418920
152448480
152476212
152507355
152679862
152711850
152712411
152759015
152835329
153089468
153309698
153432418
153524612
153548338
153561564
153736771
153854690
153937976
154021135
154031067
154045027
154208841
154219046
154413858
154488638
154621947
154671956
154713140
154774881
154854370
154861408
154881571
154881760
154887813
155025081
155029318
155130845
155264120
155302113
155339060
155442917
155493420
155494876
155591037
155760694
155765809
155836392
155855991
155903752
155999528
156035400
156251590
156286232
156368231
156389195
156500483
156589299
156621929
156632993
156762133
156789278
156813831
156832019
156857113
156894436
156924787
157254826
157411379
157523405
157561671
157732138
158202088
158214708
158355510
158418658
158480889
158487200
158584911
158605759
158709752
158797960
159049925
159190516
159353382
159404532
159406432
159407708
159577037
159676483
159720185
159732561
159817409
159879566
159998114
160135112
160290784
160435591
160502206
160549123
160556607
160580789
160640804
160896932
160897314
160998208
161031973
161032636
161106970
161184935
161277250
161279385
161307142
161375910
161439424
161568778
161639112
161668486
161992956
162404703
162453272
162643393
163136699
163340683
163443968
163470272
163556600
163602921
163731649
163898049
163907933
164380924
164436538
164593417
164601902
164699780
164895424
164922498
165085823
165162080
165180864
165266752
165350006
165383833
165434820
165530665
165595775
165700573
165727445
166180297
166366081
166887018
166975736
167053813
167261340
167514909
167934336
168313381
168528419
168656393
168694139
169106886
169212451
169228639
169619394
169652517
169940131
170022640
170121151
170300227
170419681
170438330
170864425
171105270
171224003
171315366
171355455
171428856
171701089
171855699
171982758
172206879
172216158
172383406
172560351
172610776
172785956
172889238
172943748
173203713
173271170
173331680
173442902
173680027
173807033
173828263
173834545
173958673
174106145
174397833
174589830
174832791
174904781
174985786
175481284
175731040
175787657
176389760
176574635
176878660
177015573
177482561
177592072
177836628
177883320
178017085
178158709
178483899
178806082
178917924
178923900
179205148
179296245
179585127
180543191
181203505
181295058
181428946
181887068
181978974
182175017
182362143
182420037
182514712
182962369
183704866
183775399
183803270
184451909
184479881
185187729
186928904
187156222
187326956
187561351
187604573
187688482
187708002
188234306
189296515
189656668
189779440
190979255
191476509
192459532
192659751
192719200
194267813
194553724
194638042
195463449
196221725
196759237
196764060
196826910
197527106
197563448
197600927
198940995
199417335
199599937
200262279
201579903
205880098
209616922
