2879919
3222839
3793159
4183550
4677961
4963299
5386870
5615605
5665985
5891765
6346800
6396745
6407267
6549518
6598149
6605867
6830966
6891754
7142590
7188360
7228243
7755519
7864579
8007784
8031607
8034135
8399228
8856868
11038418
11218130
11350092
11375907
11556087
11572052
11719512
11729583
11985101
12026857
12061030
12078071
12091079
12124522
12129300
12193554
12238593
12265651
12288297
12315205
12318945
12387906
12413576
12421901
12467807
12607608
12623661
12626090
12638092
12739482
12741179
12974909
13123130
13129499
13148870
13366346
13614629
13749435
13761314
13845663
13983550
14110812
14454538
14484778
15060134
15094373
15142675
15315570
15492545
15646840
15706424
15825960
15870631
16117295
16141658
16147283
16341662
16364517
16494937
16506146
16791351
16803848
16892393
16993758
16998504
17009908
17122888
17349959
17400953
17417725
17462105
17489474
17505051
17581800
17678119
17724814
17762690
17916525
17917630
18504708
18528753
18642343
19131369
19212626
19280938
19404212
19473724
19808109
19898853
19989748
19996891
20030463
20228776
20262008
20491297
20506211
20534263
20747737
21137099
21245044
21261834
21360150
21608640
21725423
21996043
22089113
22151395
22577402
22627033
22724502
22955994
23024124
23111443
23318829
23335413
23349137
23510894
23534727
23534757
23554513
23781332
23844942
23895386
24003574
24023672
24073189
24146920
24299972
24451267
24531695
24760249
24802409
24844590
24855100
24871944
24926348
24988510
24999199
25219779
25488706
25496820
25544253
25963548
25992400
26341851
26380209
26665133
26984300
27145987
27147880
27197942
27236940
27240680
27325077
27352060
27401703
27437103
27640280
27735465
27930268
27956599
28013965
28114043
28260438
28304970
28477777
28560746
28602073
28698591
28743963
28754834
28856461
28982708
29033160
29247274
29313848
29478197
29624122
29759601
29894682
29939162
30052513
30279613
30371016
30656612
30893038
31108316
31183520
31473587
31651177
31705183
32268795
32306153
32307286
32828942
32906124
33089088
33357018
33412450
33503144
33930865
34001393
34107810
34691371
34892209
35086051
35423028
35488721
35549419
35654640
35766967
35793160
35849258
36286302
36530505
36619393
36737417
36783919
36882024
36997270
37183406
37199671
37230281
37499111
37590562
38068314
38213691
38226572
38395007
38582887
38661467
38753847
38798913
39060041
39452523
39515243
39568853
39717540
39846471
39860321
39884873
39922202
40478097
40767861
40868796
40897208
40898671
40952929
40970932
41031869
41111332
41318716
41433628
41598620
41934504
41960340
42079387
42116211
42172245
42631545
43314900
43337117
44290969
44317988
45646235
46442446
46524109
46686043
46997982
47117014
47615477
47678816
48073754
48180929
48556912
48668223
48740251
48814215
48948834
49121661
49130408
49460344
49480864
50075698
50213287
50336814
50632804
50807759
51445011
51511188
51763618
52150693
52263491
52524979
52641973
52794727
52831630
53016910
53189153
53214562
53585806
53743208
53797846
54024111
54381989
54753990
54822408
55127316
55290388
55319701
55335646
55569868
55665902
56278966
56298210
56743267
56819526
56887688
57084971
57088414
57352253
57406102
57449646
57543239
57587581
57754759
57986115
58617699
58843076
58978893
59048839
59077171
59640719
59682382
60868155
61049749
61050721
61073040
61138370
61401121
62220223
62412043
62418630
62855529
63007135
63046641
63285418
63875463
64259912
64650138
64841357
65012822
65662930
65743061
65904759
66262433
66726971
67476602
68120889
68493019
68631530
68789040
69050280
69261606
69280420
69565690
69601671
69713722
69793286
69990753
70041731
70062748
70068941
70280257
70640006
71205185
71494689
71580226
71889726
72330787
72573355
72840891
72994981
72998184
73136453
73375227
73478745
74054910
75952787
76753861
76867976
76894511
76942544
76949200
77129135
77165898
77190385
77368850
77419601
77482702
77501169
77925061
77927533
77981118
77985197
78007981
78054125
78085008
78272754
78345709
78406061
78631761
78737230
78760365
78775500
78822003
78924785
79080423
79282642
79420235
79498417
79658699
79691412
80066853
80075851
80212974
80324819
80489910
80580193
80747146
80910252
80971931
81079331
81137302
81138067
81162742
81220355
81292694
81593971
81657481
81812725
81848654
81854679
81866505
81906961
81962121
81968971
82011629
82030571
82078198
82159530
82169175
82181939
82527329
82651704
82708784
82720872
82721711
82806871
82975124
82987246
83125112
83188074
83280673
83376546
83388232
83454860
83879831
84022030
84083528
84097160
84107980
84128816
84224587
84257689
84565529
84581913
84676178
84923272
85119248
85205194
85215832
85398104
85402356
85565644
85678630
85818148
85879768
85926790
86068631
86165366
86260056
86280308
86323448
86325710
86503322
86607565
86615503
86654343
86773244
86821269
86854151
86897972
87062804
87137742
87367107
87626433
87740147
87797524
87857940
88043069
88118652
88156930
88253319
88449009
88512377
88605440
88655192
88676251
88721200
88778943
88796166
88798990
88937801
89113208
89129955
89181978
89201954
89300897
89319216
89340127
89420519
89504149
89599205
89616161
89647570
89843535
89981682
90065441
90438873
90630379
90761804
90765999
90819537
90856384
90875206
90927141
90987506
91032801
91110070
91126480
91171020
91184898
91200351
91217701
91284673
91578267
91605629
91727031
91986504
92013792
92057277
92129724
92228373
92327312
92510559
92740443
92835243
92897770
93269335
93350293
93446344
93556321
93581403
93679273
93715388
93732001
93908693
93912902
94076491
94686475
94767798
94841492
94899326
95049539
95190946
95527942
95658888
96167841
96225249
96539931
96822622
97039024
97118030
97448844
97629470
97764596
97792173
98020199
98233752
98315271
98720852
98797169
98938785
99017164
99269956
99339504
99423195
99443759
99469465
99746800
100021000
100242188
101016805
101023344
101118846
101472563
101533407
101798945
101986604
102038513
102500241
102624503
102855198
103105020
103803500
103811688
104870585
105021280
105632229
105810548
105873864
106637829
106925093
107247979
107254359
107721029
108131306
108191452
108265039
108450242
108630910
109308171
109580033
109734188
110131511
110353444
110383876
110912940
111383925
111497138
112478623
112791220
112844389
113018787
113452126
113490929
113738160
114163158
114250895
114468692
115227536
115624054
115657889
116244710
116264520
116744433
117076305
117195679
117467517
118227253
118508875
118687814
118761820
119162818
119444357
119907130
119916240
119934055
120972058
121150190
121414514
122448529
122589657
122690327
122730208
123378541
123458159
123547192
123740917
123852658
124428426
124650838
124746627
125155848
125308357
125948797
125990588
126060554
126062039
126460848
126517459
126555629
126563478
126604048
126979668
126996161
127094631
127149302
127300950
127611084
127922696
128171542
128276176
129463739
129958145
130281356
130524784
130563282
130688305
131049321
131186740
131444508
131525266
131526447
132060621
132127942
133043468
133350503
133522855
133642963
133740105
133911212
134255976
134979327
135233304
135355994
135450216
135611065
135663833
135801397
135873114
136047198
136054646
136560552
136631754
136740309
136832228
136836719
137008341
137016226
137020164
137203677
137216505
137544295
137610444
137644915
137705766
137847243
138464578
138677028
139057210
139064601
139136642
139362253
139413534
139477780
139520491
139734602
139889445
139904068
140073234
140172107
140456575
140592124
141156712
141179397
141194027
141381613
141399798
141489038
141493609
141840003
142783900
142804824
142812403
142969537
143164428
143586289
143615435
143849088
143901397
144157770
144338570
144900230
145738990
145746737
145761226
146400840
146410537
146685410
146718636
146891945
147572044
147817233
147864601
147865392
147961277
148108552
148664188
148852320
148872815
148932127
149000711
149049352
149261666
149606853
149660511
149754614
150238390
150310212
150361923
150483385
150737818
150829374
150896224
151121200
151422047
151439538
151602462
151745857
151959063
152319580
152558077
152821071
153195921
153838352
154179051
154287689
154504951
154508874
154713140
154932767
155047268
155198561
155205164
155222148
155251708
155274538
155981016
156485107
156544425
156583884
156760240
158221351
158262947
158298942
158486214
158762727
158926220
159035790
159406298
159747334
161122567
162152866
162178173
162672432
163402424
163845032
164164264
164214676
164667097
165163334
165315527
165921732
166112930
166144714
166202418
166612598
166699393
166787206
166792867
167778432
168402479
168534307
168547016
169641455
169702476
170024693
170362441
170787090
170935178
171170046
171264372
171392026
171606194
171769651
172071893
172462242
172522119
172828239
173056914
173085004
173463405
173925130
174027642
174068922
174520413
174605300
174688602
174832878
174902831
175393194
176220531
176740756
176785109
177086362
177285224
177636103
178006654
178206924
178257553
178847824
178923900
178984266
179191283
179572490
180166370
180406024
181147439
181297454
181302710
181748365
181904738
182083415
182353773
182613590
182716333
182756527
182836067
183227329
183395959
183997204
184696993
184740429
184901845
185277164
185721167
185774836
185782620
186511375
186754556
186769217
187108351
187354614
187365109
187381203
187843868
187982677
188276722
188471692
188486839
188496721
188801943
188807055
188832848
189188752
189608471
189647893
189665831
190504908
191290331
191338313
192165544
192663749
192913300
192979936
193013577
193156887
193173356
193219588
193811866
194261863
194507466
195104520
196578403
196714902
196718986
196783364
197467721
197902174
198028629
198065790
198084037
198277593
198515491
198949920
199568633
199984088
200079624
200160954
200336479
200529062
200728322
201147752
201296869
201815397
202705209
202742299
202912261
202981022
203143463
203554499
203975197
204306820
204545890
204694847
204843039
205634970
205744515
206962460
207026278
207399773
209512609
209937501
210934818
210936735
212693501
213368546
215019875
216062146
