2893007
3239984
3290700
3879321
3959498
4479468
4983856
5335198
5428922
5467832
5569389
5728919
6129365
6372206
6486773
6509842
6684386
6866312
6901503
6975945
7027516
7051077
7136361
7364653
7485659
7737925
7761465
7780060
7973497
8482495
8500741
8755293
8762719
9643259
11258317
11440014
11480179
11519176
11547282
11623915
11733390
11770035
11810889
11864647
11918421
12053233
12106100
12284386
12303171
12317320
12408955
12441507
12448062
12510523
12533316
12557884
12561012
12575846
12613686
12618818
12657310
12669238
12746307
12887907
12972069
13020064
13131808
13260885
13292634
13419336
13564186
13588936
13654712
14071360
14112477
14822735
14973100
15294339
15343799
15395670
15421363
15477815
15487569
15848231
15856014
15899831
15925807
15936163
15963141
15980687
16021243
16164861
16221137
16268479
16397106
16524449
16538461
16575970
16624541
16673677
16692938
16896955
16909178
17064669
17299141
17314658
17345798
17405538
17434789
17495508
17503703
17584162
17623161
17661801
17696123
17764384
17768704
17791646
17798364
17817285
17831163
17881167
17997404
18028649
18150790
18210991
18241984
18316617
18406883
18587753
18631648
18864858
18963578
19220091
19256092
19272355
19376717
19389280
19491882
19761966
19772788
19964295
20254910
20738607
20797671
20946041
20973979
21163325
21217202
21239708
21338506
21918267
21961579
22532851
22544267
22694353
22791499
22842772
23070746
23289679
23382895
23448306
23460617
23480110
23522140
23545975
23567629
23700311
24023484
24056732
24105925
24215232
24289563
24347414
24349157
24397427
24512283
24856436
24897524
24996381
25025786
25057021
25305398
25315291
25355394
25367512
25373300
25426515
25432458
25622142
25857050
26323253
26351192
26363639
26554323
26559259
26603520
26657167
26753393
26865692
26936471
26950748
26996319
27347369
27409758
27676436
27718391
27721979
27723422
27738163
27774612
27843648
28017013
28076185
29032439
29093014
29282422
29362002
29456463
29534110
29864329
29954922
30009833
30061788
30089045
30128947
30291354
30419712
30452521
30483625
30653706
30818838
30912637
31201107
31222217
31223064
31283308
31301088
31381528
31478979
31578908
31599485
31649510
31838120
32114014
32221797
32231918
32659901
32703754
32807881
32883541
33187559
33663599
33796295
34560725
34733484
35043498
35096211
35834838
36289992
36664307
36707016
36991788
37183592
37206601
37309719
37342662
37434838
37615219
37628842
37729188
38072844
38351126
38392123
38440857
38464154
38493845
38531539
38600296
38813483
39184393
39339893
39350340
39441780
39593720
39785469
40066878
40165420
40169731
40334724
40362997
40573049
40641373
40827542
40917662
41039246
41097450
41260136
41293313
41345259
41456131
41457948
41664928
41884753
42030419
42110405
42331393
42378445
42399622
42614100
42934908
43254505
43495361
43643265
43649880
43988967
43996959
44456589
44711916
44712813
44743713
44850150
44851732
44898990
44946410
45089921
45306549
45335893
45494284
46225277
46240127
46247356
46309932
46385722
46451426
46478249
46846739
46869674
46947275
47143336
47341946
47434720
47441666
47500036
47617277
47660294
47765660
47800612
47962337
47962720
48114808
48640373
48645671
48788426
49053474
49117598
50201454
50310413
50684377
50748952
50780579
50909137
51157538
51392129
51455305
51950394
52000110
52791096
52958037
53059831
53220119
53316791
53586513
53707401
54011430
54156096
54327392
54397193
54434456
54824714
54858095
54977234
55264891
55515882
55570020
55771379
55851410
55963515
56624085
56685116
57113178
57326114
58060783
58181159
58182358
58192685
58297552
58303825
58330195
58518513
58554158
58760114
59112628
59490960
59571411
59598684
59609900
59623722
59808338
59946099
60066197
60191115
60256478
60261273
60432437
60521271
60531891
60670074
60716858
60727060
60737735
60761917
60775809
60805558
60875790
60986485
61104470
61407782
61728848
61761734
61774793
62169226
62169783
62514816
62602354
62673974
62977069
63082444
63138230
63225757
63532375
63728776
63895787
63997762
64006168
64062952
64204128
64208249
64306868
64963128
64980984
64987610
65161395
65261342
65367237
65564087
65954618
66119678
66136675
66164540
66454724
66701755
66745052
66778740
66810974
66870740
67014816
67016396
67325949
67352573
67392886
67494945
67497819
67513445
67644738
67680536
67740892
67870398
67985275
68405061
68632742
68747615
68873612
69280264
69352769
69535929
69600012
69700223
70176063
70335709
70457469
70515248
70526751
70626153
70671456
71295231
71399245
71564012
73030746
73183017
73693492
73717372
73775599
73812844
73958931
74502201
74644241
74717591
74872428
74883803
74979953
75099242
75243127
75415107
75927459
76076493
76193233
76364570
76862873
76928752
77189232
77309423
77419632
77428857
77494514
77735307
77746834
77778447
77796401
77843057
77937710
77945155
77981487
77996469
78116526
78237715
78239279
78267379
78339957
78489868
78578318
78613076
78742387
78876423
78940568
79128212
79383415
79471948
79517069
79554129
79807851
79838027
79898196
79932570
79954475
80087573
80090037
80245580
80290112
80294379
80304336
80319627
80402604
80504554
80521910
80642677
80758101
80770985
81029747
81038017
81123116
81146396
81150002
81489292
81758554
81811043
82185527
82210519
82702838
82735400
82739712
82788264
82808022
82866088
83398984
83443253
83460123
83651751
83814011
83862549
83939112
84035143
84149672
84325582
84348116
84430521
84534776
84701840
84831078
84872665
85024422
85033362
85100071
85217798
85343312
85412954
85432921
85467545
85591118
86153029
86206857
86250459
86308704
86345647
86357595
86433829
86614310
86654747
86784260
86801980
86861147
86921146
86974437
86981636
87153081
87274886
87335997
87348160
87714820
87844388
87956061
87969920
88016806
88149925
88175235
88191131
88343605
88359006
88414226
88535647
88600285
88620447
88628064
88761824
88796725
88838336
88865501
88944574
89176447
89284414
89289153
89590242
89616386
89760854
89805888
89871726
89983102
90206819
90312002
90447135
90528589
90561653
90660357
90702512
90846981
90910564
91407259
91556510
91592938
91651580
92188473
92855046
93491979
93818793
94177188
94233920
94790471
94904923
95110741
95187133
96018787
96027335
96033567
96832452
96856569
96919050
97646404
97676336
97906175
97978959
98131576
98267944
98472440
98530087
98552532
98955253
99061261
99274483
99305871
99325266
99682895
99686915
99756847
100084179
100356794
100422361
100484116
100637211
100688221
100786384
100793398
100798547
101079859
101205014
101410291
101430427
101495188
101923369
102079300
102187163
102257778
102322108
102492809
102529219
102929624
102948265
102984952
103747583
103813439
104110566
104162509
104258496
104357140
104709198
104798070
105685394
106064282
106318534
106541592
106593489
106788523
107075528
107673273
107829147
107870394
107933692
107985629
108062528
108079045
108139535
108142184
108224818
108377165
108452092
108530460
108642820
108652837
108689818
108812857
108896190
109115519
109297795
109317861
109535204
109555202
109754365
109861414
109863035
110100385
110156628
110157411
110182560
110954334
111138692
111142680
111170963
111218017
111710670
112111817
112336869
112409813
112445324
113566000
113596233
113748606
114627454
114680161
114763617
114932322
115022270
115076792
115180892
115248876
115450163
115493523
115690199
115742305
115745728
115857975
115983042
116181131
116348989
116824798
117285746
117693014
117805189
118089024
118145727
118918188
119209916
119262210
119268667
119378490
119440846
120953027
121176197
121635686
121887311
122232688
122406333
122730446
122764000
122832846
123087397
123549101
123706592
123745423
123854132
124412414
124812579
125282518
125602267
125677563
125887741
126519113
127029852
127133330
127242006
127257061
127371045
128822211
129115939
129122903
129247203
129610983
130297680
130628951
130703416
130753527
130992562
131045583
131252728
131840089
131998656
132025912
132842775
132860601
132913456
133163123
133238883
133924102
134217158
134272481
134360634
135196992
135264880
135748584
136198905
136337987
136904266
137395665
137646501
137935972
137983710
138328406
138399076
138572937
138855745
139236031
139795231
139919075
139922106
140414199
141653795
142255779
142361615
142704552
143049407
143200649
143226147
143357721
143418268
144248372
144877669
145149642
145252898
145345425
145345766
145442341
146112919
146237117
146363776
146440965
146661186
146877483
147123694
147279047
147427439
148395135
148859047
149446265
149448250
149587865
149631041
149730728
149938685
150813189
152503425
152860421
154566595
154973999
155091139
155123385
155242375
155853577
156235829
156575813
156721956
157062132
157820188
158689009
159336515
159473125
160966507
161471029
162099133
162449611
162658960
163306842
163623263
164295201
165068166
165866528
167066207
167149100
168437983
168976155
170088512
172716861
172968314
174669505
176252479
176408099
177965045
178039814
178060990
180885608
182436857
187163100
187163803
188596474
194592929
195025253
199724348
202615610
208502206
208685277
211090883
214178431
