2768208
2840658
2872331
2893588
3121942
3292720
3367948
3457772
3506634
3544179
3547527
3551911
3674585
3737898
3807904
3850489
3856365
3863011
3961751
4093777
4136766
4242035
4278314
4300951
4331295
4420971
4453417
4520707
4545882
4559899
4587850
4606708
4614601
4708201
4725131
4730577
4815570
4823341
4895084
4924555
4927951
4936512
4993602
5037144
5077543
5078265
5087366
5097775
5186763
5197719
5206580
5228169
5229718
5233386
5312084
5348625
5354741
5370543
5454076
5460317
5468381
5505378
5525932
5543192
5546148
5565328
5569183
5590882
5611055
5615070
5643028
5690034
5718802
5721549
5722183
5755974
5762903
5801681
5805233
5810252
5821305
5829192
5830787
5859955
5878725
5921925
5931792
5933604
5940842
5963362
5976150
5980185
6020771
6022846
6061801
6062402
6098545
6100018
6106397
6126297
6129330
6156073
6175920
6180881
6194121
6200618
6215524
6223410
6224394
6224919
6252684
6262322
6271148
6273521
6293842
6294516
6297267
6329903
6334928
6339773
6373245
6423540
6430122
6452015
6453736
6462115
6495878
6505717
6549975
6596417
6657005
6677809
6695851
6716103
6737628
6745473
6767167
6795701
6816045
6852661
6872876
6875404
6899560
6900360
6902033
6906562
6925204
6955166
6955958
6965704
6981602
7034652
7040029
7043978
7081053
7104869
7111976
7120056
7120426
7159978
7167650
7177778
7193605
7197529
7214378
7216454
7220551
7270462
7271312
7274355
7312025
7314334
7322266
7325431
7352280
7355258
7372153
7382931
7388168
7406280
7416059
7437528
7442148
7451046
7451688
7454272
7502197
7512358
7609502
7621979
7666334
7712514
7846911
7861782
7904710
7904930
7907369
7909248
7954314
8048382
8060097
8120483
8123426
8127042
8159159
8215234
8261668
8322305
8395207
8405714
8447217
8456774
8491226
8497958
8528161
8563366
8620651
8680325
8690947
8821343
8833187
8915966
9060957
9083267
9115618
9285697
9452835
9896996
10031854
10099361
10418858
10481033
10681672
10698264
10982704
11133954
11134517
11159663
11164562
11184508
11186348
11297856
11317107
11333676
11337693
11394989
11456724
11457263
11483009
11492457
11519597
11547112
11556887
11563121
11575730
11583863
11585969
11586708
11611276
11612982
11708005
11763607
11771349
11782224
11797034
11801203
11805489
11818438
11873351
11877980
11879249
11993475
12000841
12016702
12018810
12019334
12034809
12057675
12093971
12138570
12145209
12167285
12168461
12169240
12176907
12202289
12227917
12229005
12256166
12263866
12293298
12304463
12328174
12338630
12357863
12372506
12396476
12409327
12410820
12415124
12423660
12444983
12459869
12472887
12498985
12502520
12505685
12507838
12538526
12558946
12569213
12572543
12579032
12583570
12591905
12596377
12601327
12627810
12638393
12641928
12646441
12655413
12667983
12678078
12696611
12702368
12706759
12707096
12708921
12710416
12711360
12722916
12747600
12757902
12761299
12848255
12862120
12873509
12888365
12892638
12913709
12940288
12940468
12953982
12994980
12998938
13034196
13065179
13080159
13104312
13121076
13137333
13157404
13163578
13185894
13261401
13266494
13280899
13282241
13293013
13295936
13305244
13309025
13312800
13334053
13381127
13389597
13404954
13422719
13426407
13441307
13452420
13465188
13630756
13630811
13638434
13659335
13722782
13723367
13765222
13769980
13782042
13867876
13905539
13941826
14017884
14025920
14027845
14035954
14072786
14092516
14096834
14122396
14206221
14344906
14377174
14569802
14749360
14841391
14862475
14900178
14933391
14933464
14940144
14972944
15003821
15017702
15146992
15163506
15170797
15212706
15217613
15219396
15276273
15298900
15305085
15319921
15341454
15346301
15388748
15390211
15394665
15415169
15470399
15472077
15473651
15481579
15488469
15512150
15513969
15526657
15616115
15696472
15708945
15724630
15733297
15747496
15750903
15761879
15769933
15804818
15810791
15811465
15824370
15848880
15876911
15883217
15935161
15980934
15985386
15987751
15992458
16019409
16039758
16135438
16150488
16151005
16175425
16194325
16196366
16216666
16238705
16240534
16245923
16262997
16280141
16284107
16287706
16298904
16310870
16316566
16317734
16321489
16328690
16329811
16333215
16352796
16357004
16365700
16374358
16389911
16392150
16405274
16410068
16421426
16425008
16432761
16435768
16456817
16459451
16466026
16500426
16514648
16516335
16528752
16552911
16587422
16593069
16594963
16608874
16618481
16620094
16623709
16634749
16638161
16656531
16658308
16671113
16676025
16679204
16679508
16680606
16681033
16686688
16691662
16708716
16719474
16747865
16749650
16755183
16759644
16760275
16775022
16779538
16791989
16798171
16804563
16810900
16828427
16833196
16833690
16840952
16851274
16856839
16863659
16883582
16885321
16897588
16948243
16949557
16982133
16996678
16997999
17000645
17012409
17013355
17014725
17024535
17051474
17061225
17073049
17107784
17132377
17158084
17164749
17172762
17180762
17182133
17197561
17203254
17203915
17214088
17220827
17231208
17239954
17275479
17304169
17309511
17310135
17310281
17313440
17313652
17333418
17342429
17345222
17352349
17355706
17359618
17376880
17377054
17396294
17398375
17404193
17439942
17488512
17493287
17497523
17521916
17533059
17536486
17549814
17564547
17571002
17597486
17603249
17608209
17619244
17635511
17637735
17639248
17653722
17656407
17663848
17685218
17685889
17715197
17721957
17730555
17748974
17769158
17778915
17826155
17870493
17878737
17880003
17883929
17902914
17923378
17928548
17937564
17946438
17964219
17978117
17990089
17995853
17999968
18016102
18034008
18034658
18042651
18049538
18050361
18064762
18074976
18077574
18100862
18104642
18110665
18124166
18128767
18138387
18139543
18148890
18169441
18181472
18187302
18200209
18202546
18216176
18223013
18239930
18245358
18257168
18277817
18280093
18302124
18313530
18325839
18330721
18331176
18358162
18360830
18377743
18393277
18395189
18449783
18455139
18471314
18477329
18488514
18496762
18523191
18562010
18582277
18586018
18597856
18600287
18602695
18605625
18620780
18631326
18631521
18640075
18644319
18658576
18664063
18691924
18692327
18699824
18702757
18721141
18722397
18724771
18735341
18743021
18753648
18791602
18805361
18816681
18832267
18852108
18878532
18881005
18893352
18909643
18919483
18929602
18976366
18980250
18986907
18993577
18995359
19020012
19020512
19046806
19059251
19100232
19100762
19103580
19106158
19107640
19111147
19111879
19113333
19114785
19121212
19137090
19155420
19163907
19167124
19201724
19215823
19238830
19239374
19242718
19242854
19250207
19275803
19281559
19341582
19360440
19364695
19368982
19373251
19401737
19411363
19419296
19436020
19441494
19450320
19484469
19497651
19498863
19506265
19529731
19544645
19567400
19571444
19579010
19580237
19580335
19581919
19600306
19635019
19644767
19664466
19669236
19674998
19694282
19694417
19703610
19708385
19736991
19737703
19740445
19741258
19741478
19749327
19754451
19757103
19766129
19771635
19790652
19800167
19814327
19815543
19835056
19839868
19849539
19858601
19859388
19860527
19868230
19883639
19884214
19901628
19908172
19946088
19946830
19962342
19989970
19996751
20000276
20015191
20062008
20075665
20078264
20078884
20079734
20081293
20084240
20095057
20098470
20100192
20115817
20119955
20126601
20127326
20140006
20152262
20155596
20159808
20166612
20176330
20178038
20179275
20187830
20220804
20244097
20247071
20248162
20249159
20253634
20254823
20255243
20268462
20295318
20304037
20306018
20320252
20330335
20335544
20352198
20355521
20379596
20405742
20413282
20451275
20464602
20470020
20481013
20487686
20501287
20508430
20513924
20534411
20538506
20549480
20572467
20574726
20577124
20622082
20633440
20642141
20651970
20658486
20669315
20674809
20692989
20726195
20736586
20744560
20745497
20751929
20771986
20783684
20787623
20792287
20798265
20802701
20811447
20816430
20837087
20841408
20845546
20848318
20855908
20862680
20864276
20886480
20899751
20906036
20906670
20913463
20921808
20924179
20935527
20941449
20943688
20947365
20977032
20979137
20982128
20990045
20997001
21002695
21015016
21036030
21037808
21042854
21051239
21051937
21056457
21061096
21087566
21093439
21099220
21103399
21105035
21147801
21150955
21153999
21198643
21205165
21214431
21220524
21230037
21237023
21278139
21278698
21292514
21324963
21326188
21328195
21336974
21344952
21397785
21422352
21442016
21466015
21478269
21514140
21534664
21573096
21600314
21613581
21615158
21655451
21677663
21680063
21685048
21686816
21709939
21727363
21731162
21749360
21749651
21795210
21799433
21800383
21801152
21806762
21815216
21818670
21828013
21836245
21852068
21863649
21890641
21893368
21901001
21905252
21912466
21920029
21927923
21953226
21964061
21966808
21967309
21968289
21969198
21971096
21988933
21993216
21999414
22003290
22012916
22015678
22017694
22019585
22028155
22044288
22050235
22052289
22057626
22074344
22075100
22080524
22123225
22133437
22136518
22154931
22156518
22159023
22164582
22203931
22234400
22248514
22259595
22270443
22282009
22283925
22287730
22330526
22336097
22344761
22349256
22355080
22355192
22355526
22356217
22365045
22381388
22402255
22402259
22404395
22409031
22410360
22425441
22436139
22461902
22471911
22497046
22506456
22516941
22520533
22526338
22530358
22554404
22571727
22583493
22617486
22622201
22633259
22644409
22652468
22653128
22674507
22698003
22698010
22700155
22716875
22747429
22766564
22805011
22808389
22817054
22831426
22832957
22837723
22855129
22856591
22858311
22863516
22868923
22875003
22890909
22947449
22949482
22951107
22951285
22956168
22963120
22966894
22968659
22990179
22991715
22996575
23006091
23019376
23045064
23053987
23065991
23077038
23077594
23112554
23119318
23121020
23125292
23164942
23166273
23212742
23278008
23314046
23353858
23364873
23376743
23402424
23414226
23426674
23460911
23465723
23468650
23488553
23488617
23501004
23501134
23504651
23510394
23521867
23532193
23540095
23544914
23545844
23546392
23576666
23611868
23623949
23645474
23646846
23694449
23714096
23740558
23744665
23747445
23755317
23792100
23795479
23810029
23814699
23854229
23860006
23871968
23883728
23887790
23901670
23942699
23944375
23946224
23969056
24017745
24022989
24039941
24044995
24079441
24113723
24146802
24147901
24152980
24153437
24153811
24186870
24237788
24240525
24275926
24276859
24287491
24292521
24309294
24320736
24336622
24347778
24354675
24358597
24392627
24395731
24405868
24412042
24429022
24431509
24434086
24436051
24438938
24439621
24443439
24460376
24463390
24473885
24497119
24523824
24528421
24541942
24548006
24557484
24559199
24581719
24598325
24612628
24624043
24644160
24661959
24670238
24671040
24675421
24694059
24705625
24723812
24731198
24741546
24791128
24795552
24833850
24835613
24841593
24851480
24899088
24908315
24930359
24940640
24986557
24994541
25003535
25043771
25071048
25084452
25111304
25124455
25127243
25167744
25193257
25196433
25243178
25245238
25253967
25257789
25267456
25272384
25316970
25348690
25360058
25373964
25376398
25378056
25382569
25399194
25406807
25422973
25437086
25497969
25501096
25511255
25532613
25556301
25623989
25631736
25642336
25645628
25675509
25678432
25695387
25705929
25718599
25727945
25734875
25749904
25756695
25769618
25773047
25774024
25778793
25788004
25809112
25818933
25830392
25831260
25879943
25909322
25931997
25932550
25939458
25957652
25994697
25996971
26019892
26020453
26021303
26027228
26050531
26054497
26074750
26087174
26090302
26094013
26094417
26101766
26129732
26131471
26137564
26143167
26165439
26168774
26170410
26177150
26182223
26188374
26188764
26195946
26196346
26225214
26239870
26275787
26277197
26334539
26358732
26362025
26365131
26381954
26389391
26408677
26413471
26432206
26444483
26473568
26508685
26630221
26649238
26649757
26650555
26662987
26666652
26680856
26685596
26697243
26712094
26716218
26731100
26735246
26743908
26748293
26752132
26810722
26818111
26827562
26846110
26849380
26853297
26893008
26901560
26909487
26920957
26927070
26979506
26986268
26987070
27003994
27013149
27016223
27018101
27038172
27039475
27054182
27055303
27055841
27083602
27083610
27085962
27107086
27127333
27137133
27140886
27170430
27205249
27208375
27256326
27285043
27287894
27290471
27298253
27302330
27307336
27317769
27321699
27333708
27340476
27377170
27411956
27433919
27460774
27497456
27504717
27522126
27541552
27551947
27563187
27571646
27595738
27615540
27624723
27637911
27644127
27646102
27646841
27648293
27649638
27651345
27677844
27694504
27704703
27711264
27731960
27745005
27747017
27771590
27781113
27811091
27839854
27847266
27855879
27859315
27876256
27900606
27906065
27930214
27930587
27943880
27964979
27966587
27996580
28002585
28016905
28017398
28024871
28025107
28040129
28047455
28053468
28076672
28091760
28109096
28114110
28150794
28167680
28174499
28180908
28202179
28215257
28253858
28268211
28278300
28296731
28343281
28369823
28370093
28373799
28385353
28387119
28390341
28400507
28422208
28446125
28464252
28488253
28500480
28503714
28532848
28534181
28543963
28579233
28580221
28599325
28603434
28638159
28643917
28661065
28687709
28717798
28719739
28721478
28733846
28734040
28755657
28769104
28773456
28784527
28785281
28792442
28855745
28858199
28870676
28880712
28904206
28925500
28935763
28966004
28980548
28982397
28994208
29004012
29016129
29040118
29043276
29061107
29077556
29079191
29100973
29103903
29104659
29114530
29115077
29119302
29133184
29146720
29155473
29159654
29161602
29183104
29194157
29244543
29263119
29268920
29276418
29278033
29299315
29308684
29309254
29315008
29328483
29329697
29343857
29345639
29357391
29364425
29368297
29376989
29422428
29438975
29441442
29447672
29448876
29451217
29461849
29466749
29468079
29491009
29501164
29509598
29543227
29565310
29584102
29588105
29591149
29608023
29614690
29624608
29633727
29654666
29699160
29704288
29707099
29716990
29721315
29721675
29723863
29734839
29751543
29754430
29820638
29825166
29830250
29831164
29840838
29840929
29849707
29850093
29852829
29852839
29856604
29866537
29872712
29874781
29914844
29918494
29924985
29941485
29967427
29990457
29998127
30010529
30017174
30019743
30024515
30043236
30065670
30073625
30097955
30118280
30120524
30128076
30137760
30143148
30159854
30194209
30220327
30231493
30268045
30314103
30336528
30345724
30381797
30389315
30391860
30413628
30419130
30420235
30428747
30431151
30434591
30438111
30445259
30446968
30453801
30470178
30486866
30499245
30507033
30522056
30566496
30568788
30576471
30632889
30639361
30642706
30661915
30671997
30732948
30747913
30752120
30781957
30783198
30817031
30818629
30827640
30833015
30849398
30872112
30892133
30908536
30926725
30937001
30941867
30946583
30968857
30991161
30993634
31017401
31019156
31032123
31033146
31042720
31089694
31122168
31127235
31131624
31133315
31137725
31186313
31242501
31245257
31245347
31247904
31252195
31267408
31301723
31302482
31320892
31344191
31346807
31352931
31360577
31404057
31419583
31422085
31430671
31488664
31496742
31521068
31532067
31534417
31552391
31556994
31559919
31569121
31580850
31644390
31645392
31648852
31649630
31769016
31789629
31824488
31837047
31838216
31841693
31852345
31891072
31907247
31931798
31970889
31971199
32011342
32019330
32024021
32041394
32046533
32063327
32069603
32076272
32081331
32110848
32116577
32116589
32123906
32130333
32151841
32171416
32186648
32186697
32246100
32246845
32258508
32263343
32284470
32321019
32327887
32336154
32346475
32356464
32414074
32431975
32434078
32437002
32460413
32491909
32501255
32536581
32546272
32560779
32590980
32594393
32595587
32615271
32617398
32620668
32621628
32629215
32636356
32640122
32646937
32650945
32683009
32687041
32689061
32701691
32718250
32744761
32746711
32780385
32785485
32842143
32851821
32867197
32879545
32888389
32890979
33014430
33017333
33083629
33144418
33167772
33198620
33213284
33269464
33283997
33289909
33299497
33312788
33325138
33377089
33389743
33414965
33425032
33431242
33438511
33440455
33447915
33449404
33492639
33507997
33508328
33523202
33539149
33562908
33605870
33621344
33671454
33674089
33720640
33749634
33772228
33789887
33797178
33831271
33902609
33928749
33942629
33952928
34004257
34010577
34042545
34060079
34091074
34117940
34118297
34124233
34137964
34143070
34164383
34172641
34174236
34185346
34209479
34213380
34241939
34248766
34252705
34308315
34317075
34329800
34344301
34386591
34406862
34420180
34422628
34423867
34427981
34438462
34443669
34480834
34513613
34527573
34533924
34549900
34557295
34569813
34611029
34637453
34638146
34642001
34652907
34662479
34697398
34702026
34727137
34744735
34774588
34834965
34839216
34845722
34866961
34962459
34974254
34983501
35012920
35020354
35022581
35022958
35024529
35030577
35118260
35120847
35173291
35209274
35214767
35216148
35240999
35247713
35250141
35266464
35273406
35281712
35289600
35298721
35308343
35315468
35336293
35342887
35363374
35406830
35425665
35431936
35459029
35489358
35491694
35553513
35555026
35573844
35620317
35631031
35692258
35700919
35720032
35731467
35737609
35772611
35798505
35799029
35898463
35905264
35923180
35939819
35958866
35959278
36002446
36020822
36048568
36056626
36074748
36109649
36118600
36120342
36145437
36164994
36170156
36172277
36185610
36187346
36219289
36244048
36250779
36276968
36293188
36303842
36308913
36387117
36396215
36402401
36403465
36415022
36420255
36425549
36443795
36461070
36466220
36470137
36475008
36477324
36523710
36536016
36553749
36597653
36624055
36626075
36638562
36642286
36650496
36652880
36657407
36661522
36665315
36689298
36750911
36826758
36832176
36837767
36841032
36868107
36876908
36883016
36894832
36905712
36927778
36934375
36953260
36991148
36992728
37025160
37029850
37060244
37096914
37113488
37124657
37128357
37157416
37158137
37167469
37249933
37253867
37301545
37322661
37408725
37410996
37420437
37426422
37429029
37464078
37482125
37506113
37510843
37548681
37571655
37585675
37597909
37619943
37631558
37644521
37645337
37655651
37657786
37690344
37702211
37775344
37787780
37795589
37798121
37801360
37806715
37838089
37852548
37871331
37903035
37910640
37930755
37932705
37937788
37946832
37949668
37951640
37954383
37956650
37986147
37986266
37986818
38042674
38088667
38089993
38105666
38117651
38143840
38151968
38155746
38157595
38166612
38189741
38208642
38208869
38211569
38214266
38238810
38244346
38273908
38293342
38303527
38335418
38341692
38370770
38382683
38385935
38409430
38430216
38433237
38443330
38479222
38489986
38504744
38516790
38520962
38524390
38524466
38591921
38598889
38613428
38623341
38636450
38669308
38676887
38704308
38726917
38743568
38749022
38749081
38751751
38778155
38790582
38820638
38835469
38842404
38843948
38881192
38901237
38908520
38930293
38954827
38970222
38998772
39028567
39047230
39047257
39066768
39068421
39070921
39089917
39096530
39109714
39125536
39157166
39168928
39176438
39177954
39209537
39211003
39211967
39212980
39242097
39243660
39250079
39281641
39304477
39323092
39330525
39358721
39375076
39380273
39428669
39430549
39453994
39461301
39465180
39486101
39551035
39557369
39581512
39587628
39598138
39600355
39629478
39679073
39679548
39680227
39680821
39722675
39787165
39821335
39833034
39848379
39850335
39857704
39867968
39881890
39899820
39928523
39936128
39939231
39996578
40046059
40086741
40093717
40102892
40114944
40117245
40129024
40186653
40203097
40229937
40241670
40246624
40316253
40332450
40338450
40393767
40408834
40441247
40442853
40453038
40464603
40478088
40492765
40502775
40504207
40519005
40567237
40605117
40615698
40629977
40644242
40706133
40707819
40714136
40736925
40757830
40775118
40822435
40847690
40865444
40872422
40876085
40877789
40883306
40895232
40904133
40911768
40924474
40951218
40989590
41004008
41028777
41034588
41035183
41036679
41046166
41072147
41076639
41084311
41169997
41174292
41187912
41201583
41213989
41230595
41281689
41289305
41289423
41312992
41330785
41336967
41342662
41362510
41374191
41395271
41413480
41431932
41433411
41455543
41462705
41467952
41469508
41470507
41477683
41484538
41489164
41505095
41518093
41594624
41595422
41599438
41701315
41705963
41711504
41717301
41723852
41774848
41786362
41797923
41824045
41835643
41839474
41845869
41865273
41882658
41882786
41911778
41935165
41945999
41973698
41975304
41999171
42024527
42031022
42049534
42062432
42069639
42070176
42125306
42129105
42131486
42143835
42155138
42178154
42191075
42201852
42220022
42237954
42254717
42287888
42293757
42303873
42312721
42385329
42391467
42395523
42399778
42422000
42437997
42445778
42460415
42466135
42470859
42473698
42524746
42542432
42558207
42562779
42563679
42582383
42633069
42643858
42663363
42663547
42667456
42683469
42695217
42697449
42710906
42712790
42741524
42743389
42767039
42803751
42822617
42833459
42843195
42870535
42872400
42897020
42922279
42944914
42960406
42965259
42973408
42979455
43014339
43084133
43107002
43108342
43116306
43134071
43151140
43156845
43160234
43167681
43168929
43170985
43192395
43197734
43223319
43232988
43250741
43254750
43261038
43282420
43297089
43301865
43323608
43335277
43348154
43366505
43430835
43450016
43453823
43458795
43469892
43489008
43508107
43516523
43519803
43523127
43534332
43541336
43572195
43592267
43642679
43674609
43698339
43725373
43764605
43800181
43847024
43848489
43858154
43867086
43867724
43876144
43907522
43916863
43925025
43927120
43940035
43967449
44007993
44010017
44075734
44086158
44087415
44097550
44126795
44151132
44170666
44206316
44241389
44246242
44251116
44255687
44302661
44322440
44325859
44352014
44359865
44366794
44412758
44417923
44436482
44449295
44450004
44468951
44479518
44533950
44565476
44567018
44573639
44599166
44613491
44627078
44637888
44641645
44683907
44710974
44713305
44716784
44725876
44733745
44745490
44750246
44776937
44786664
44858001
44865658
44880181
44905032
44934108
44937783
44958520
44960879
44962966
44973062
44986432
45005592
45047421
45079812
45101488
45110898
45134252
45146553
45201022
45208805
45226136
45287769
45300288
45313196
45340617
45364951
45368558
45372182
45384807
45385486
45408084
45416087
45422629
45430854
45433768
45449543
45454554
45476634
45482768
45489311
45537803
45554840
45565920
45566472
45578313
45597383
45614767
45645064
45663793
45670347
45687380
45713164
45722191
45727888
45737950
45754906
45784999
45796686
45826051
45836648
45853378
45872531
45901925
45904840
45909209
45927002
45928664
45964107
45976940
45989244
45996101
45998091
45998396
46013039
46029290
46030338
46063123
46085061
46090354
46113105
46134898
46175423
46176347
46178774
46180128
46211045
46214812
46239714
46240900
46251416
46253150
46279785
46304258
46312901
46331760
46335784
46345547
46370761
46397037
46413307
46416731
46464145
46464420
46479551
46488090
46501515
46523139
46558784
46565685
46570885
46574650
46587956
46588542
46602653
46617503
46618498
46626588
46633022
46633255
46652452
46675122
46680851
46683486
46700081
46721019
46725462
46727881
46729205
46745588
46748645
46753938
46765510
46817320
46843435
46882420
46903537
46907327
46930569
46957933
46967571
46999294
47012894
47024453
47047287
47111157
47131211
47174372
47185508
47193825
47202765
47223513
47246112
47248824
47251361
47251785
47257532
47257691
47265345
47285598
47291925
47294970
47303627
47313758
47325860
47335430
47388766
47393373
47397666
47404991
47407657
47425245
47437447
47477113
47487428
47515356
47515395
47522347
47544829
47550649
47551769
47554718
47571459
47616229
47651785
47680609
47682518
47686719
47706027
47772349
47775667
47778399
47788677
47803577
47809342
47826745
47827579
47845333
47870776
47916440
47926633
47964278
47966467
47968962
47982164
48017240
48029527
48030370
48045436
48047799
48056432
48084119
48089983
48098336
48124616
48128417
48149476
48156400
48161431
48164519
48241604
48260629
48298262
48328739
48346280
48352161
48359905
48363674
48368143
48385943
48463707
48492878
48548796
48555573
48587874
48614249
48715985
48729569
48738343
48754657
48783175
48806047
48883582
48889298
48894433
48895842
48960818
48968677
48991163
48997794
49004865
49064919
49082487
49102590
49121544
49137986
49176448
49178537
49253562
49276023
49278031
49281703
49282468
49286876
49291832
49300044
49312931
49343990
49350425
49370144
49444932
49445581
49446183
49449907
49477873
49484594
49508769
49526996
49546976
49575848
49588049
49597088
49668238
49704784
49716102
49731740
49765603
49801885
49826234
49833565
49841240
49854195
49872478
49899049
49932793
49974141
50040344
50050738
50065106
50071451
50076840
50083359
50083541
50152942
50167651
50174625
50193589
50203228
50227876
50229358
50230884
50297283
50372958
50448799
50449128
50462179
50483961
50533557
50541983
50547536
50597244
50615589
50616016
50617500
50618928
50625379
50627396
50630115
50632358
50645006
50653535
50660113
50697137
50721391
50724666
50772789
50793433
50843589
50851648
50870979
50878105
50897615
50960865
50968563
50968773
50991596
51010699
51036942
51086107
51136020
51142684
51153539
51218153
51236358
51260149
51264047
51300259
51308685
51323166
51327086
51385762
51396133
51404851
51408636
51426250
51441837
51442757
51467447
51506179
51510095
51524499
51536354
51538938
51553993
51566988
51573425
51584948
51591680
51639222
51658828
51671334
51681370
51700418
51763593
51770181
51806004
51820193
51868468
51914453
51933058
51942538
51968613
51974561
51990972
52008097
52026538
52030794
52056736
52120426
52145029
52151740
52153162
52160154
52212453
52256316
52276428
52277100
52287152
52287404
52315112
52343989
52369886
52417713
52430287
52479264
52487544
52495043
52511933
52514782
52575613
52650230
52725292
52830792
52853872
52857600
52897643
52904297
52925144
52928126
52959616
53003566
53049244
53060945
53061088
53080329
53102180
53116697
53127577
53151171
53223516
53232178
53233116
53246569
53270793
53304849
53315371
53350669
53352128
53353272
53392753
53409775
53470403
53489197
53494822
53499406
53506413
53594752
53598368
53627456
53676327
53725446
53735107
53743623
53757108
53787584
53897912
53922073
53927566
53960449
54001425
54036428
54063792
54075640
54092614
54147083
54147525
54155763
54161201
54186744
54223980
54260583
54275337
54289632
54298160
54332896
54334961
54358034
54386629
54432212
54436069
54537816
54551955
54558154
54615752
54625776
54647877
54737838
54812968
54815371
54843493
54856810
54932647
54949380
54971867
55042744
55080516
55082255
55145949
55151184
55157649
55163204
55175099
55205456
55230704
55297989
55336461
55379076
55387650
55394062
55411902
55445102
55464932
55508507
55545362
55580996
55633230
55680758
55682262
55725102
55739191
55771306
55779500
55796851
55807769
55824126
55897737
55982771
55990950
56014813
56016758
56028147
56039451
56051035
56055451
56105257
56119708
56140749
56154535
56264873
56298628
56316290
56343354
56343914
56344455
56358922
56393311
56401796
56459385
56463510
56484039
56495971
56526011
56527123
56529991
56539583
56583412
56629634
56729545
56733957
56734803
56739480
56797853
56831787
56849961
56918414
56972452
56983078
56999003
57041169
57058600
57061344
57069513
57071685
57130029
57153676
57173509
57198813
57208015
57333295
57373500
57375076
57462059
57533082
57583714
57617703
57648837
57650336
57651475
57682954
57697109
57700522
57707459
57710920
57728632
57744771
57843696
57849404
57882330
57883173
57897629
57936336
57951363
57968763
57972892
57983554
58001148
58062051
58085542
58087284
58094533
58109811
58118337
58149627
58196813
58216169
58244926
58317634
58398539
58412384
58432553
58438482
58491081
58509994
58534204
58549538
58602339
58604844
58635081
58641369
58651167
58665504
58672991
58685633
58694995
58715120
58747888
58834039
58861027
58884532
58911963
58929665
58935342
58967583
59000453
59021763
59037689
59043281
59071410
59089049
59092550
59122446
59127734
59152913
59178318
59199890
59205211
59215170
59235028
59255071
59269055
59275897
59282829
59336443
59357188
59378066
59380176
59393337
59403968
59416831
59503950
59536049
59542144
59583543
59650458
59704203
59743832
59759979
59829020
59835587
59944915
59974404
59980906
60015428
60022106
60054718
60091098
60099369
60143851
60182645
60194763
60215603
60255772
60297235
60330853
60401110
60417482
60442059
60443020
60478637
60480056
60492353
60508842
60509761
60520420
60524875
60528576
60655574
60702315
60722395
60756732
60805717
60959625
61030097
61078324
61169670
61179132
61201798
61205310
61205644
61214036
61243316
61266632
61271339
61324017
61370765
61434483
61442963
61446651
61446778
61482430
61503358
61510670
61577014
61577820
61578078
61588944
61605003
61635199
61663945
61681008
61682537
61733878
61802790
61808636
61818482
61838698
61863581
61865338
61947783
61980290
61991588
62113291
62129942
62145096
62149788
62158637
62174364
62250028
62288877
62313696
62336253
62361778
62375963
62381251
62417256
62459776
62480346
62484036
62503848
62526228
62555474
62584462
62586300
62635812
62657692
62678724
62708318
62716926
62722296
62767360
62772057
62803988
62820798
62841234
62852081
62856983
62863020
62910005
62936434
62961919
63071488
63136652
63137365
63148536
63175686
63198169
63220313
63266562
63269248
63279323
63309881
63335425
63361650
63389136
63438925
63479533
63502327
63534847
63555628
63578812
63600755
63625134
63647872
63676821
63687219
63691657
63776434
63807101
63916479
63958994
63976601
63989602
63998305
64022151
64081775
64089854
64105098
64186191
64223744
64250016
64256921
64279213
64320483
64424990
64443589
64448957
64451077
64470330
64588443
64593704
64667385
64818712
64859593
64897024
64917698
64955692
64956250
64962362
64985320
65001044
65047601
65054066
65067753
65214548
65242939
65306097
65322247
65340529
65392232
65397888
65406191
65425031
65455942
65538628
65578865
65608293
65616465
65661009
65663035
65717131
65745666
65753816
65779550
65788397
65830460
65873461
65916918
66005069
66027528
66053271
66064559
66129704
66167665
66241152
66276202
66276284
66287804
66299906
66311316
66420790
66444420
66511586
66519570
66535268
66562907
66567209
66582898
66609434
66615812
66639551
66655802
66668706
66704938
66728880
66834833
66873894
66941820
66992492
66993913
67014429
67025855
67059280
67071131
67078163
67125500
67222577
67299727
67299925
67307285
67336084
67345194
67374285
67445010
67445902
67494111
67509396
67555235
67588464
67588877
67671794
67689434
67748145
67841570
67842911
67843668
67862653
67893272
67916554
67946419
67977561
67980229
67992100
68033946
68042786
68056384
68059874
68114268
68131460
68157584
68199332
68204471
68239714
68244977
68276481
68293661
68300301
68308244
68387277
68413086
68438957
68447897
68487949
68490243
68545977
68548569
68555913
68593477
68634300
68699176
68783540
68790091
68831529
68868113
68882299
68897316
68925680
68953140
69028950
69048227
69107598
69161344
69191912
69198904
69226049
69231724
69250657
69282667
69283940
69325939
69379812
69388026
69393733
69410624
69418410
69433246
69482042
69516228
69516538
69527669
69561229
69581138
69643460
69685464
69686422
69783253
69811502
69814755
69830705
69855830
69867877
69878614
69934471
69963339
69974728
70068459
70090263
70127077
70165537
70170843
70262269
70307777
70315709
70316059
70352383
70364093
70380695
70408759
70412317
70457635
70467995
70473329
70487380
70505009
70550325
70556772
70563845
70566589
70653908
70654159
70722427
70830696
70836629
70837421
70856581
70863628
70891394
70953082
70964591
71043786
71073987
71077785
71087960
71097903
71100985
71101072
71109340
71139829
71158318
71166120
71170161
71189912
71196965
71197211
71206608
71258120
71270524
71291548
71313340
71329131
71357665
71391477
71397843
71408987
71444403
71484535
71502191
71506643
71522269
71544028
71549332
71572912
71603793
71604903
71606452
71610295
71633003
71644696
71781315
71786617
71788270
71790580
71800542
71879990
71932040
71933130
72006386
72013521
72031936
72033495
72044430
72122711
72144315
72171250
72178312
72271824
72287438
72383672
72391010
72443580
72478672
72488794
72508292
72511690
72538217
72543448
72559446
72572123
72591303
72597513
72615519
72645773
72702199
72723200
72758940
72763528
72774026
72790582
72857108
72882704
72905918
72919338
72929130
72929431
72931416
72941783
72942601
72977795
73054872
73057675
73058805
73122775
73140237
73221859
73301102
73315662
73339370
73363885
73402320
73477570
73477619
73504885
73565581
73576379
73632321
73668482
73690600
73785265
73808572
73830747
73862696
73894353
73979620
73981532
74002778
74011228
74030704
74100290
74102040
74126308
74129881
74154513
74188122
74195638
74216234
74244276
74410564
74461500
74477591
74480875
74503377
74585518
74615917
74639127
74644590
74665841
74706542
74706996
74804463
74838629
74848206
74851082
74857988
74867310
74922147
74932473
74934483
74986230
75012613
75034205
75053141
75119748
75135024
75140113
75158454
75179751
75201569
75222206
75326960
75340710
75342695
75424981
75434364
75469934
75501543
75567354
75574441
75588612
75659533
75681879
75688530
75706668
75745934
75764930
75836766
75850016
75881225
75907638
75909833
75990570
76002764
76023394
76038497
76053570
76064289
76067167
76181785
76228847
76236694
76257817
76260585
76264336
76300060
76306044
76330187
76339125
76346223
76349123
76350722
76352149
76526218
76580251
76623115
76644660
76660370
76671425
76681538
76708034
76752600
76843379
76846546
76848517
76864855
76871842
76881307
76936612
76949840
76989549
77032017
77105138
77117180
77135840
77142152
77146849
77162541
77180667
77244292
77330369
77330711
77361758
77370078
77371795
77375754
77409071
77526536
77605685
77636802
77651836
77655891
77787949
77792696
77816468
77888555
77897388
77940194
77951297
78001453
78015922
78079950
78086630
78107803
78110282
78190762
78197348
78201063
78242386
78310995
78366339
78384613
78458881
78477860
78551025
78582604
78586871
78599101
78646321
78672520
78690520
78697740
78749354
78806452
78848543
78858250
78903927
78904837
78938825
79002297
79035850
79056914
79057732
79071570
79078230
79095670
79097254
79118181
79119654
79123753
79140921
79148493
79163977
79180974
79254192
79277445
79307445
79362342
79404520
79410294
79454159
79598638
79603437
79623525
79640615
79656211
79658000
79669563
79680586
79735912
79800103
79813070
79813591
79847015
79857838
79891463
79919049
79964350
80005389
80020104
80039086
80051549
80079730
80083488
80088311
80100083
80107403
80139776
80145845
80183874
80186508
80190145
80216233
80237808
80239559
80240620
80254265
80288278
80303190
80305664
80313282
80408122
80451500
80457783
80464371
80493600
80583687
80632308
80662880
80668245
80671339
80691545
80696786
80703569
80837004
80880271
80935056
80984616
80991921
80995051
80998446
81040151
81041550
81048649
81077997
81122021
81131882
81136638
81155572
81176842
81228750
81236861
81246419
81256015
81274327
81276833
81347676
81377073
81386221
81412239
81425316
81521937
81574442
81575805
81611517
81622270
81626559
81631387
81650319
81659378
81662200
81681611
81701692
81710357
81753711
81756572
81759565
81774496
81847070
81847284
81905604
81922734
81943661
81944983
81986041
82009910
82075816
82083446
82105955
82128212
82129709
82182494
82303881
82316343
82421116
82501318
82514637
82600537
82625762
82665062
82721001
82793661
82817988
82818389
82842507
82873776
82908659
82959431
82980949
83095881
83122317
83127364
83128361
83129241
83137862
83164777
83189426
83202326
83252566
83261355
83292626
83300694
83310220
83323276
83479231
83485102
83509876
83612422
83629639
83686209
83721563
83735532
83787528
83817129
83837474
83881799
83887748
83898920
83968395
84013774
84041558
84046016
84113135
84165518
84172922
84205995
84232252
84245922
84246122
84256518
84278822
84314047
84352076
84395716
84412168
84484536
84488727
84541461
84563452
84615622
84707320
84728826
84740831
84757730
84779312
84903699
84911591
84917706
84932962
84947940
84974981
85035702
85050168
85055180
85176530
85177576
85180706
85240421
85307719
85332456
85351048
85388449
85448251
85458192
85460470
85486235
85546309
85549172
85559056
85582793
85586948
85657068
85688968
85690539
85724604
85746311
85769980
85778883
85797541
85806185
85812432
85824380
85830901
85877091
85889120
85918985
85932070
85939809
85975034
85995209
86070753
86090790
86097242
86101992
86146935
86161264
86213765
86271660
86275284
86295941
86324620
86342101
86378595
86388826
86395662
86441197
86458173
86495393
86541255
86642017
86685178
86748069
86759345
86762440
86775753
86777248
86803418
86871995
86892148
86895298
86899963
86901111
86906967
86961719
87021672
87054239
87059998
87078098
87121892
87171803
87172190
87281154
87298704
87357579
87364405
87366557
87417468
87424895
87436864
87452811
87496536
87509565
87516359
87536861
87654310
87669055
87669413
87685343
87691712
87747446
87766433
87803255
87815143
87815759
87842053
87849474
87867079
87943276
88031421
88031912
88045951
88055364
88107899
88108929
88152077
88172090
88188129
88201546
88207552
88207848
88241284
88327846
88448871
88486446
88586840
88623440
88632431
88651123
88669533
88673592
88741628
88762948
88775207
88797303
88823699
88886987
88902386
88920666
88928541
88990400
89012388
89031958
89033848
89084766
89088445
89113558
89115042
89117644
89147784
89172646
89174654
89215676
89220603
89298018
89306759
89324316
89330455
89348898
89360721
89490234
89547544
89581825
89583954
89587720
89614752
89675393
89676525
89705217
89713433
89732101
89746330
89806788
89820364
89849084
89852986
89853745
89878885
89926746
89958891
89985603
90006095
90043407
90048243
90074949
90097003
90106269
90107255
90116728
90147962
90192962
90211736
90227003
90237197
90274860
90292985
90344261
90354197
90382979
90425091
90435875
90500320
90507377
90512104
90578519
90614290
90638213
90651773
90683171
90695655
90715068
90778513
90857717
90861895
90864041
90893566
90898300
90965659
90999285
91036631
91066672
91067825
91079713
91125090
91141565
91176133
91181431
91220800
91269798
91282525
91347450
91354617
91366328
91370996
91415803
91475040
91625535
91635008
91667329
91695802
91701249
91707151
91711012
91758424
91882085
91891136
91924949
91931119
91958270
91981915
91982745
91992014
91992414
92036408
92072160
92082626
92114470
92177046
92201763
92248535
92248727
92280255
92287393
92297418
92305697
92372096
92407580
92415330
92422717
92436095
92448824
92449827
92457801
92461765
92545054
92632342
92689107
92693167
92724944
92732744
92739850
92763335
92850622
92859678
93021854
93038929
93200905
93238341
93288557
93289219
93333667
93389172
93413523
93432480
93499543
93499810
93563789
93602909
93642092
93821695
93828058
93844873
94024991
94050349
94058075
94150058
94194068
94316354
94361995
94418476
94486942
94584151
94631357
94647785
94809814
94839899
94848038
94855925
94860183
94862328
94933238
94958754
94998879
95021280
95038039
95068362
95088632
95243232
95243863
95269515
95315145
95360391
95369527
95490326
95505046
95540105
95584090
95588512
95597462
95618565
95696714
95734630
95768679
95851043
95896071
95896960
95910913
95911254
96021380
96041501
96060745
96076559
96081595
96107649
96169019
96222745
96305861
96363287
96412234
96434447
96501712
96630294
96741007
96780326
96864271
96869797
96946993
97070239
97120206
97225441
97328487
97330082
97333935
97341411
97361651
97372073
97425869
97442940
97454531
97457729
97479106
97512379
97890319
97910327
98000956
98075824
98083913
98131458
98219426
98222663
98361956
98390456
98425104
98428688
98465124
98493304
98578676
98585106
98665131
98667244
98681599
98823022
98841442
98906014
99046923
99139444
99223481
99275084
99298091
99407355
99432111
99463834
99492479
99533761
99617511
99634023
99704894
99721406
99739281
99814502
99845091
99866996
99951091
99955104
99955910
100132860
100216973
100273811
100282422
100300276
100313319
100358461
100513296
100601557
100628577
100643011
100696743
100722227
100730579
100744581
100770039
100908748
100935296
100957954
100979738
100984179
100999369
101030711
101080607
101124517
101168631
101241844
101243733
101255280
101272721
101275674
101303025
101401609
101451866
101472096
101482630
101505631
101537074
101556279
101658487
101672886
101703159
101789997
101799127
101921806
101944294
101990764
102038064
102065202
102076751
102079844
102209929
102232962
102255834
102259158
102374478
102376962
102414529
102431979
102475302
102480463
102521537
102545486
102600810
102654799
102719980
102727900
102733482
102739296
102749739
102750215
102842390
102880635
102906295
102939329
102955372
102991540
103009043
103063923
103069532
103075547
103078168
103240270
103250092
103295478
103302692
103319057
103368846
103558686
103587470
103672371
103677005
103697880
103765168
103768622
103776365
103828070
103854627
103877898
103891252
103896756
103919415
103925813
103953455
103957846
103983024
103985902
104013950
104054602
104153357
104160106
104229609
104247107
104282724
104347647
104407582
104409071
104414031
104439247
104465025
104500873
104505228
104517361
104521823
104544125
104579554
104658002
104663989
104672902
104684944
104694178
104699137
104757014
104758186
104866525
104874120
104900800
104929421
104967623
104995252
105049197
105051899
105077199
105114467
105152589
105160089
105190920
105293896
105361968
105363072
105395072
105489712
105492688
105543041
105555219
105579191
105701323
105708542
105723323
105728780
105821555
105891145
105974891
106011160
106028042
106040059
106064421
106078743
106103696
106120894
106152375
106153440
106163636
106210645
106276176
106318876
106327125
106358885
106370614
106400440
106439209
106440375
106441393
106466061
106475568
106512900
106531419
106598555
106653453
106655207
106816530
106837675
106866644
106867575
106901622
106962476
107002058
107092595
107119657
107148200
107209428
107213175
107224857
107403087
107429846
107466346
107479826
107526089
107556364
107566739
107568085
107612341
107677033
107696850
107761195
107761468
107865190
107909411
107922953
107945373
107950066
108093514
108096503
108142947
108160651
108163892
108245396
108247789
108372858
108393744
108429780
108498301
108625613
108643770
108646473
108694265
108725589
108770937
108785209
108927926
108943468
109016074
109025418
109040679
109119941
109130684
109201980
109213045
109229903
109317286
109339438
109382283
109388907
109437966
109510252
109537903
109561582
109618713
109642457
109669334
109681398
109701016
109702965
109723201
109763306
109786329
109813772
109831706
109834409
109944207
109963215
109969819
110048722
110079640
110120854
110131976
110176474
110178013
110201065
110228145
110266424
110315656
110341944
110349249
110383447
110553095
110591720
110626558
110646962
110658620
110695958
110713251
110718835
110734706
110784609
110786638
110856121
110902953
110903473
110904583
110907795
111005544
111007514
111061259
111065413
111073458
111079811
111125628
111128060
111139752
111150243
111211759
111211864
111343009
111424496
111434656
111476130
111481776
111488207
111498305
111523766
111546442
111560969
111596735
111645257
111651695
111660683
111706463
111816631
111820547
111836053
111922154
111964044
111985392
112015411
112030098
112039346
112063427
112102843
112195869
112196738
112197627
112253506
112284989
112290742
112299803
112331163
112361625
112400560
112427701
112432655
112467290
112474068
112498728
112504239
112533769
112614041
112655837
112685260
112758025
112867662
112937105
112950466
113007273
113026975
113042098
113074674
113128080
113163671
113173098
113220016
113252539
113297119
113314568
113335104
113389923
113436827
113463426
113498379
113550554
113580605
113619876
113660129
113666627
113770083
113826056
113852259
113931424
113963616
113967369
113993045
114061601
114091787
114099924
114132700
114149848
114195050
114202468
114246123
114254077
114312922
114316729
114348284
114355492
114379791
114381402
114487701
114514923
114570263
114573309
114591650
114644908
114676198
114726980
114800879
114809048
114810258
114862685
114882361
114884282
114904804
114984860
114993108
115064152
115090171
115093124
115121881
115148542
115154438
115169609
115258815
115266103
115273615
115281258
115304450
115305019
115377821
115392810
115417173
115435662
115442108
115477442
115477586
115495725
115505610
115529330
115551494
115552896
115556425
115572758
115578042
115630846
115642982
115684156
115692839
115740898
115780348
115801545
115889736
115897424
115898055
115916000
115922889
115932466
115989848
116162713
116214275
116297575
116298502
116299063
116321732
116389608
116395921
116430834
116430845
116460692
116503193
116594069
116680384
116707675
116759044
116760556
116762149
116786383
116797633
116801174
116821352
116854278
116899640
116951377
116986781
117003286
117005978
117028841
117041847
117107114
117138448
117141439
117161508
117218579
117264264
117275836
117344127
117383933
117414932
117444085
117577586
117627472
117679388
117732785
117732891
117744463
117772215
117800469
117814879
117891530
117909817
117923008
117924945
117927020
117931902
117990402
118006877
118012766
118014043
118026203
118074689
118081992
118111227
118142736
118165107
118218615
118227704
118249934
118259614
118262393
118269289
118434649
118443459
118455874
118551117
118576883
118584953
118687814
118748111
118813659
118839544
118840818
118909814
118943129
119070302
119081090
119111845
119116165
119131932
119146728
119157617
119192958
119208268
119252871
119271197
119277516
119425207
119443257
119486145
119506717
119548807
119554371
119556663
119578551
119679514
119688754
119701520
119704695
119706837
119725696
119734452
119738229
119788716
119806847
119891076
119921859
119930597
119955833
119956521
119985201
120011210
120017584
120070106
120071893
120115685
120168464
120168496
120245290
120270991
120298095
120426075
120447794
120504113
120506129
120557709
120565121
120589268
120611784
120613422
120617902
120679437
120736230
120754283
120850313
120852347
120864589
120919678
120926872
120968413
120977640
120993382
120994075
121060710
121075947
121199446
121215410
121241174
121309159
121343557
121378968
121379619
121439109
121474872
121494991
121515685
121586826
121683460
121783321
121903032
121988326
121992889
122042754
122044059
122076116
122115563
122124847
122127647
122131722
122259540
122376519
122393371
122430852
122506259
122525407
122605235
122616117
122714263
122744148
122776678
122785797
122815496
122821329
122821397
122862070
122888812
122916981
122928397
123031297
123040535
123053297
123118032
123180241
123223956
123257337
123316457
123329602
123330332
123364509
123394086
123397113
123434354
123504960
123555394
123575971
123643210
123708868
123729617
123731495
123799453
123801337
123822398
123833717
123846578
123854086
123890496
123945386
123968319
123969558
124014132
124034917
124131048
124151347
124164271
124221526
124223020
124302629
124433552
124446737
124450745
124489251
124489464
124492869
124558867
124619748
124645117
124668051
124700687
124724148
124725192
124735790
124773364
124817986
124860409
124875915
124880402
124883965
124903418
124938001
124964212
125060373
125107165
125135398
125145858
125180987
125207595
125237706
125262162
125336675
125341934
125347323
125371993
125380671
125395083
125410779
125412970
125433754
125451330
125516705
125533612
125637798
125646467
125653143
125731049
125740841
125785993
125811697
125835993
125895311
126052278
126100909
126101811
126162479
126182626
126211270
126255181
126306985
126325204
126367163
126382058
126384829
126394157
126430830
126496992
126506957
126534744
126574625
126597870
126620816
126649412
126651296
126669373
126703633
126710025
126731649
126733305
126738602
126741410
126752555
126767889
126813961
126848811
126870539
126964548
126980469
127007024
127063336
127142287
127151165
127176804
127201821
127218850
127234371
127236165
127336850
127347622
127352793
127488047
127514805
127558151
127576322
127605259
127663191
127665244
127761314
127770747
127824415
127842341
127849687
127852202
127855754
127906690
127916738
127967831
128018854
128195673
128224402
128226987
128233949
128252784
128256847
128283121
128283480
128289585
128361381
128388668
128435267
128518616
128537385
128571522
128620863
128653829
128714717
128747241
128770268
128776283
128803006
128848534
128861899
128917400
129011051
129012905
129112722
129169753
129173806
129197997
129212962
129223405
129251042
129320857
129402856
129406967
129513221
129523818
129551733
129585022
129602168
129659087
129710286
129774252
129806767
129831488
129856077
129911155
129966112
129976245
130011894
130121673
130122890
130139691
130311211
130348525
130383796
130383987
130419153
130444463
130463233
130474702
130485448
130598326
130621209
130727254
130765810
130832643
130835388
130854623
130899171
130913185
130960436
130962619
131126164
131139251
131146127
131216594
131275213
131351904
131360066
131501887
131573254
131594671
131743980
131744841
131768982
131810697
131834490
131847017
131917437
131924245
131937589
131977696
131993656
132026379
132035767
132071816
132167092
132183857
132264870
132275202
132298166
132387155
132413937
132513730
132544754
132555611
132576109
132586790
132599552
132609370
132625988
132726945
132733732
132771978
132817044
133014509
133058574
133069691
133143320
133256173
133275001
133332068
133502540
133576585
133578043
133593561
133775734
133816803
133882529
133927916
133945844
134009164
134113037
134173164
134217399
134255401
134351446
134370583
134380792
134436068
134438553
134446025
134465930
134518473
134591233
134608702
134611459
134635208
134678667
134740099
134753929
134781402
134812802
134887078
134974642
135147884
135151242
135154260
135270746
135335506
135382403
135391595
135460571
135476892
135583259
135644659
135699319
135709913
135733575
135852087
135894908
135931837
135941421
135969848
135976011
135983509
136060228
136070521
136103648
136158838
136209642
136286182
136303602
136321897
136338309
136346248
136405905
136428930
136519150
136553536
136557577
136592848
136625013
136643895
136687905
136711846
136776452
136814745
136891563
136892061
136894983
136945685
136964699
136965764
136970703
136981755
137034640
137068228
137095160
137112585
137138077
137173851
137175389
137246848
137262798
137277177
137285070
137356923
137372999
137404741
137436353
137520689
137529284
137567661
137589500
137621651
137663478
137798783
137811244
137858979
137894692
137951929
137969055
138148259
138156986
138157270
138200134
138246057
138279355
138309808
138386075
138421659
138423871
138473516
138611389
138621023
138651650
138670987
138693018
138725632
138787037
138793492
138807966
138900151
138909912
138994080
139022228
139048256
139096526
139124505
139148768
139169052
139202526
139276976
139311680
139372251
139386618
139423332
139436637
139459613
139468673
139532875
139612293
139677548
139720833
139763031
139793162
139827520
139912703
139927840
139949278
140108911
140118523
140118593
140142357
140167925
140269893
140304927
140306916
140345113
140364656
140418852
140460429
140476176
140478662
140503183
140531506
140535929
140589680
140638493
140646246
140742439
140768614
140786936
140799090
140802269
140847840
140902310
140912197
140922135
140936132
141014273
141235901
141348380
141377325
141398661
141415791
141419735
141429953
141435850
141437514
141458522
141464974
141506523
141522432
141550988
141613724
141634816
141649984
141681471
141875806
141958667
141977423
142074002
142080300
142108977
142115207
142136856
142171154
142201232
142258096
142260096
142334699
142339801
142371326
142384344
142431078
142451218
142499691
142589747
142599139
142625841
142699545
142755799
142772615
142812686
142928115
142929126
143108094
143158818
143173275
143192078
143235926
143254128
143272532
143292958
143294708
143314522
143332047
143356896
143486734
143526178
143532703
143544948
143567394
143617718
143627726
143670659
143684633
143763646
144011081
144061830
144136254
144198530
144263821
144282498
144326338
144392399
144562371
144584175
144587226
144631660
144641120
144927877
144936867
145077344
145088785
145231214
145244984
145261027
145363486
145394703
145396342
145397519
145457166
145543798
145549623
145576815
145613148
145699893
145752253
145752349
145761285
145858560
145870820
145902650
145933721
146022747
146032977
146074145
146075082
146075744
146142648
146185874
146201608
146227172
146316478
146321107
146554032
146580372
146612078
146627093
146628683
146644048
146852250
146854642
146875188
146879306
146906191
146986289
147087609
147125296
147144539
147188457
147210830
147306754
147338427
147357598
147381063
147398572
147444195
147507948
147525160
147587281
147603603
147624291
147701109
147773396
147774403
147792225
147820573
147821269
147860402
147957233
148212026
148265472
148267155
148376981
148389611
148400209
148412805
148424300
148523263
148565103
148832067
148886099
148983125
149040688
149133714
149231267
149369519
149436140
149440316
149453848
149464169
149502871
149503531
149504191
149527911
149529378
149627639
149642502
149672749
149704293
149732989
149753657
149865037
149916327
149974529
149989735
150006899
150127459
150144651
150208846
150216817
150302232
150346777
150365605
150502520
150700234
150722057
150782440
150908172
151018389
151019560
151059625
151097720
151174167
151206391
151276192
151286953
151307266
151372316
151386643
151414341
151416866
151420836
151720123
151762994
151842582
151867903
151921244
151955764
152036543
152037307
152270389
152446687
152566437
152629385
152714655
152743176
152823208
152864811
152873536
152905969
152964958
152966917
152977337
152977697
153043945
153185423
153332627
153392587
153452518
153509312
153550716
153625789
153633653
153644640
153683992
153768189
153822994
153901055
153905882
153926400
153973495
154008021
154068162
154203736
154236373
154267893
154401567
154522759
154652426
154660663
154710829
154760934
154818516
154912730
154914835
154950425
155018966
155027703
155047245
155204059
155275724
155301070
155424900
155511917
155656531
155776709
155819103
155908093
156094939
156179306
156187485
156203247
156210374
156295340
156320776
156415672
156453899
156500455
156505691
156522165
156764072
156834821
156859562
156884994
157083176
157094352
157127815
157131711
157169552
157205022
157210346
157351963
157377835
157436843
157605881
157608777
157631040
157753173
157759568
157839752
157922702
157927579
157967788
158019505
158024007
158062643
158118886
158243922
158325127
158375957
158388687
158399377
158491290
158495276
158574024
158599330
158692306
158699092
158708938
158885716
158920044
158925873
159124877
159126702
159148667
159210407
159264531
159469103
159796368
159908619
159929782
160012073
160031668
160065952
160097239
160169763
160176102
160193834
160215454
160233619
160251558
160308907
160325049
160364614
160685802
160764199
160803420
160836908
160947374
161147895
161184027
161235721
161291696
161311898
161370042
161372356
161373145
161424050
161435110
161450379
161531328
161929177
162018811
162074755
162118690
162172649
162198160
162223230
162327940
162619864
162634118
162856790
162863420
162881197
162923419
162956572
163021944
163065029
163112575
163137411
163164857
163289487
163375305
163383549
163404831
163411172
163468063
163480968
163563064
163584790
163589198
163650779
163663469
163865440
163882297
163921493
163928114
163941147
163971579
163992701
164009954
164026272
164084885
164088803
164154773
164157524
164183456
164192814
164260289
164267304
164357801
164463828
164481549
164496902
164502778
164521187
164569044
164600585
164735300
164794531
164825700
164869048
164919755
164996577
165059523
165176369
165396810
165450569
165488879
165521021
165572865
165589233
165598708
165656755
165692414
165704655
165722012
165756281
165778204
165848213
165864172
166006313
166108317
166108929
166115435
166116281
166162142
166199415
166249117
166266258
166277015
166415197
166475918
166563682
166584292
166604262
166611660
166699417
166713050
166727845
166870879
167041851
167080412
167097181
167124526
167137309
167165054
167282307
167288218
167365886
167437224
167521630
167547492
167548588
167640473
167673756
167690204
167699422
167764110
167832802
167962694
168197037
168263634
168301528
168339048
168357810
168415616
168585896
168601481
168630820
168685656
168742643
168743899
168826089
168935585
169018813
169035148
169039338
169092777
169112811
169134047
169135580
169136770
169185277
169191749
169198046
169295639
169318828
169363711
169374309
169375553
169439860
169458923
169544767
169563471
169638229
169671784
169704393
169729024
169754529
169923801
169957123
169974814
170039332
170222458
170238180
170251178
170278827
170330858
170334445
170368496
170371459
170388854
170447395
170589606
170605128
170700031
170726370
170729150
170769798
170844743
170875009
170973579
171067176
171105209
171136537
171318111
171400558
171449547
171584608
171621894
171665514
171849247
171922727
171929413
172012166
172088183
172159038
172197024
172223023
172302063
172347495
172378858
172393424
172403434
172534955
172560186
172588041
172610108
172617871
172621165
172724704
172728955
172742362
172773887
172793738
172818543
172836209
172869967
172901305
172902242
173159776
173171655
173191739
173208932
173285800
173304945
173311097
173349760
173502315
173507904
173617903
173641100
173749043
173815784
173874543
173945363
173973893
173983781
174066576
174119791
174174193
174229582
174340526
174403471
174408099
174451217
174493505
174549921
174606204
174608173
174719267
174755412
174774375
174810809
175050008
175162486
175167410
175293680
175321712
175366648
175404772
175416425
175481264
175585100
175762690
175840875
175875566
175896545
175912613
175971292
176041615
176067277
176144847
176148701
176175572
176236098
176262451
176337053
176403073
176510428
176597524
176614500
176643264
176705239
176738421
176772883
176785249
176792866
176804056
176939220
176959651
176993100
177004859
177079788
177081503
177157232
177219277
177281602
177290557
177301181
177456692
177476739
177561046
177710075
177805381
177952684
177978066
178023851
178057899
178143750
178320725
178321223
178394546
178399580
178420071
178434501
178491400
178504172
178614518
178701155
178772573
178820017
178824352
178877251
178886850
178965980
178966132
179112694
179119898
179180735
179196091
179230012
179311331
179381130
179415040
179548949
179600852
179687195
179755566
179820627
179825867
179832586
179989861
180069104
180079311
180106610
180187317
180212899
180246371
180247281
180330082
180388690
180491503
180502962
180515338
180579146
180592456
180674475
180767485
180781972
180784217
180868028
180937273
180985834
181123610
181128269
181216726
181263540
181306066
181370356
181508294
181527050
181537194
181604093
181715484
181819541
181986165
181993651
182028530
182094260
182117712
182141116
182184068
182252901
182299623
182307116
182438006
182480895
182493792
182675271
182676501
182682329
182696968
182776948
183008457
183039162
183043410
183110032
183137673
183210151
183220809
183247767
183260106
183350057
183369653
183374569
183433591
183483693
183573245
183615060
183636743
183656889
183737271
183762661
183839332
183895130
183929609
183937650
183976736
184064661
184181057
184369457
184387822
184427276
184606166
184933096
184979017
184983547
184997179
185056102
185087354
185194506
185197056
185243050
185286589
185313977
185629912
185710413
185756949
185774264
185911083
186043217
186085272
186115164
186316866
186348809
186368376
186459626
186619337
186627368
186713211
186722336
186844480
186902481
186994780
187044086
187096352
187223015
187302444
187353894
187536154
187543224
187553466
187645384
187746951
187892199
187914023
188015730
188112454
188131459
188146762
188200396
188273568
188275060
188356295
188367814
188424582
188546613
188566247
188629775
188865679
188876330
188881213
188881334
188947454
189135048
189147786
189190035
189276504
189406539
189454120
189479910
189483606
189596870
189660966
189703169
189712674
189909337
190019704
190049141
190111019
190222663
190302759
190407884
190430333
190432982
190539553
190602240
190753399
190863125
191177373
191200610
191207906
191209704
191256232
191270386
191362270
191381574
191396798
191656315
191707447
191755558
191844998
191903260
191969607
191980389
192029754
192136215
192293750
192385290
192432100
192442259
192457307
192489292
192511973
192727490
192826104
193003797
193003804
193087743
193220535
193350664
193434011
193552799
193632072
193764612
193782458
193859946
193879219
193945786
194135269
194175364
194315594
194357366
194392068
194469468
194489636
194493783
194549493
194601526
194643205
194649067
194654409
194909183
195044893
195075589
195097825
195111269
195128866
195129989
195227031
195375540
195655970
195703067
195785785
195789631
195808520
195944870
196167134
196367234
196427816
196486781
196489379
196715517
196915102
196975196
196993535
197021115
197033565
197093880
197118280
197133796
197137827
197146085
197502597
197648218
197832419
197870105
197878910
197898790
197997632
198248128
198267200
198369863
198398019
198428842
198442848
198502213
198587970
198602423
198616734
198815079
198876823
198903036
199075944
199088025
199110725
199126586
199196220
199464453
199719360
199814909
199851131
200000712
200147461
200189209
200232062
200236548
200432163
200499337
200650106
200691041
200703877
201020550
201050397
201272994
201360069
201753156
201760584
201794297
201902594
201965188
201969381
202009978
202121793
202134304
202330303
202429094
202561632
202591752
202678590
202729536
202995367
203234525
203638076
203638205
203859014
203967302
203971710
204000576
204034494
204180100
204295517
204559814
205014301
205287971
205509700
205667007
205777057
205963391
206154116
206244735
206336922
206340993
206463812
206660636
206765475
206811363
206886368
206902464
207045029
207209345
207298946
207345924
207368932
208018082
208056707
208449722
208720413
208807296
209485984
209976707
210094914
210430529
210463900
210477854
210865217
211469284
211626816
212061954
212316061
212576224
213105118
214860001
215068130
