4010056
4779212
4905747
4993229
5232109
5819346
5849713
5992075
6257350
6579337
6850918
6854197
6890176
7080546
7471512
7727593
7938363
8653563
11088463
11372109
11719641
11878854
11944270
12184187
12305418
12874725
13080417
13229783
13836195
13996832
15052519
15423638
15475041
15543250
16122075
16198154
16232772
16593534
16715376
17788639
18137410
19213190
19453071
19791601
19808888
19995987
20402119
20618297
21172342
21523945
21785189
22088220
22545705
22664534
23157894
24316771
24519148
24718249
25605233
25802113
25833502
25875123
25894837
25904721
26697606
27497113
27945358
28590147
28890888
28914210
28963417
29126174
29245175
29661138
29836378
30044659
30131928
30432514
30472120
30472712
30727811
30757638
30839638
31120890
32565026
32590708
33457554
33521297
34308384
34796910
34879181
35363535
35535847
35960444
36276250
36845363
37453803
37638985
37741724
37821808
38588036
38926949
39312298
39457843
40119296
40227764
40273980
40853754
41586105
42573898
43278686
43345279
45005347
45769009
46855003
47797412
48038106
48478083
48653294
48684562
49201406
49397599
49420647
50141736
50421934
50445907
50815394
51655667
52432906
52445291
52889575
54959623
55886259
56233113
57989503
61059296
62305008
62624781
62842349
65159188
66504406
67946539
68521960
69632668
70750650
72372451
72929221
73492795
73837372
74257000
77019023
77402194
77870193
77941870
78176862
79666186
79742987
79758708
80371445
80487659
81453460
81659177
82404135
82577065
83526921
84242040
84784711
84940592
85136053
87799773
88122916
88308926
88453251
88613345
88768990
88820331
89069983
89544160
89969441
90526892
90654876
90746653
91057247
91777227
92852298
92977270
93519262
95201668
96774177
97100423
97427406
97489217
97710536
97909741
98415416
99201253
99443960
101928719
102168407
105112979
106492053
108350949
110303233
110728853
110765888
111070554
111927230
115430810
117419781
117650613
118639871
118856253
120922278
121829528
122269426
122376316
122660370
124737569
127443891
127455455
128013938
129004925
129472584
129487477
129496007
132310792
132531692
133332134
134763702
138123255
138893524
140459352
141359075
141437535
142692824
143284452
143290534
145832680
147557057
147580611
148654066
148687933
148729715
150623503
151200729
153776873
156940896
157254067
157870759
158748559
159115666
163162384
163649428
165929826
167480989
167507712
167616494
167636378
168323733
169816312
172209569
173251835
174574110
176299554
177814806
177983634
186500354
189374268
190911897
192204364
193207012
194608249
203529470
204380548
205623231
216013502
