219527842
218945894
218794781
218367747
218266246
217628061
217019838
216944320
215808025
214156793
213786631
213734682
212679366
212178983
211545893
211319780
210720539
210652199
210566301
210520388
210275078
210062267
209656935
208475650
208106312
207701690
207390038
206610242
206227672
205949379
205654436
204372535
204289305
204280265
204050025
203218100
202557496
202474601
202436630
202107073
202055331
201635972
201498186
201322385
200529062
200394860
199962735
199360878
199165988
198938484
198880208
198693161
198682536
198375024
198028629
197751402
197660963
197413964
197266181
197076214
196975555
196718986
196609566
196151040
196118193
195405066
194860045
194817216
194705390
194443471
194309119
193852634
193488362
193141886
193004833
192659539
192305887
192185806
191877218
191852164
191851298
191645133
191268334
191233153
191070356
191013151
190976728
190887851
190494215
190344470
190138812
189678021
189596728
189584001
189463617
188982483
188299026
188161762
187930142
187524659
187350368
187223013
187132665
186927037
186732047
186727611
186573728
186528354
186229182
186212863
186146948
185981020
185883916
185833513
185623965
185586790
185158898
185062547
184706690
184178367
183878298
183843263
183824839
183732960
183204036
182826252
182799109
182664231
182083415
181520537
181506393
181461226
181103169
180599139
180577957
180406024
179633184
179521240
178929697
178752459
178728799
178302968
178289335
178189578
178145930
178006654
177817270
177280359
177190072
177088628
176520951
175960523
175891496
175839073
175764787
175685993
175635641
175594053
175390342
174974993
174893259
174684171
174602228
174585554
174553663
174498579
174490217
174306058
174111976
174025957
173866924
172551423
172366634
172232498
171456406
171329206
171298768
171077545
170804490
170696228
170569268
170312623
169653390
169641455
169578353
169539177
169304758
168759158
168743292
168691725
168515282
168296820
168204274
167713878
167482197
167141678
166532784
165268313
164867017
164813448
164630513
163442131
163249167
162945586
162886256
162752629
162627976
162405745
161495630
161377384
161130453
161106674
161008523
160840501
159818065
159374003
159160786
159106242
158017557
157579060
157090167
156158417
155299223
154328755
152978351
152373907
151143633
143947485
141182933
138928779
130688305
128765713
128218020
124722157
123438166
121702253
121560611
119384989
114303868
113944329
113934099
112913030
111170984
107841242
106849644
101758701
101481200
100667855
100075925
97217950
96853999
94767798
93859939
90712120
90470301
89308768
85690061
82339958
79044351
77297672
76100967
75812287
71052469
70523529
69220141
68659183
67409385
62293887
62040116
58319527
56182147
55356554
51543639
50573142
49483649
48450097
44822996
44410290
44054800
41323720
39496020
35934015
35856114
34092692
33263577
31848614
31054633
30289270
27133785
26833830
26102505
25766167
22724502
21391980
19533721
19468805
18335664
16400850
15312496
13760609
12680336
12493937
12492069
8179766
6660428
5637844
4660067
4202020
4135189
221137789
216351906
210237638
209603046
208867623
207586360
207340362
206856090
205609610
204102890
203821750
202700826
201877811
201510124
201483891
201147752
201089585
199807885
199512440
198334705
195641778
195271117
194744781
194163701
193156887
192084163
191007360
189850968
189297983
189098870
187533084
185428914
185277753
183997204
182938247
182787304
182560104
182353773
181807694
179571176
179294423
178847824
178695085
178141005
176237002
176077486
174838452
172184653
170702028
169715954
169195780
169026852
168894095
168256082
168153795
168069355
167747441
167474515
167186030
164552541
163402424
157407081
157397962
154125547
153257504
152206228
150955184
150395661
149800443
149389681
149080308
148967921
148745336
148173338
144290695
141353779
141131525
138849596
138545618
137540177
136611898
136320150
135265469
