134194377
133727866
131767755
126981652
126546057
124688356
122467852
122109923
121783727
120729000
120716780
119278369
115573000
112866620
112596953
109464373
109255150
107893748
107659128
106702035
104283696
102832281
101459328
90748205
90006748
84910966
83731005
81983437
81044320
80232029
76422138
75958644
75550442
75087053
72209210
69220931
68441024
66713473
65604961
60901545
60801575
59904609
58524176
50471596
47210628
46037991
44736150
42177849
41886126
40560032
40447734
39985343
39613259
39201734
37043762
34595875
32956387
31761090
30473608
30068568
30051970
29968496
28239247
26776184
26020162
25076948
24719640
23806810
23528330
23406545
23031160
22877271
21494252
21119363
21095319
20667755
19740488
18466001
18340525
13207321
12477223
12357376
12034282
11767718
11615281
11475086
11154931
8288220
8148361
7391368
7131351
5602605
4177456
224956002
222501378
222102652
220733055
216562020
213823740
213189413
211953819
207221051
206189473
204563165
202852502
198949920
198690254
196539372
194384813
194261863
193045917
192073502
191684069
188134782
188126146
187229843
187011391
186110170
183658478
181544931
181119469
179111385
174241833
174070841
174027642
173502199
173112249
172215160
172000332
171841227
171127043
170971446
170365602
169581353
169373960
169148266
168472514
168326353
167379148
166651399
165413619
165270604
164220518
159668766
159539598
158507033
155954608
155920856
155400722
155268184
154831510
154302076
153776160
153340846
149732869
148408382
147322083
144356774
144187033
143461140
141088474
140646154
140567226
139648490
136799720
132619804
131212207
131192401
130757102
128855703
125432968
123397458
123071518
119458944
118677752
113886778
110091411
109595946
103767498
101763852
100509210
100118400
99302339
85454027
83979176
83552307
82760992
80765589
77925061
75644476
73969879
69161063
67535995
66864802
65322997
61937612
60185044
57091051
54788082
52283650
52224930
50965759
50740163
47153571
47077805
46560796
46111828
46017481
45939288
45087786
43549600
40737864
40665186
40383947
38299873
36783919
35923523
35378033
31826564
31267983
28898705
27087649
25638494
25139522
24036636
22249412
20957280
20465727
20426361
19846520
17351628
15962586
15415978
12888983
11036589
6066189
5735655
5600243
5387142
5309098
223977280
222389764
221880670
220452862
218266592
217667773
217534113
217470202
216739262
211286392
207744505
204443626
204097318
203052904
202987572
202812941
201215591
196811400
189515972
189033580
187982677
186451854
180767272
180715949
179427497
177342443
175204001
171849173
166302950
161824437
158464151
158446539
134445874
102937522
76979233
68837144
64429933
56494498
54447885
53585806
50979056
47611685
44827299
43665879
39224325
33515417
25570512
22463628
20530437
18262932
17913737
11678962
8411856
8034404
221719648
221358756
220851907
212195752
206835749
205556382
202703859
202341445
201642101
199984088
198393070
192606563
191660100
190417082
188276722
187370000
187299915
184428665
183000944
181540913
177291722
175603861
173123052
171405772
167987026
113505277
100979355
82821272
64524897
58084222
48744431
25893011
7502812
213421127
212341886
211643199
204451993
202503738
194507466
184855752
178811398
177081056
168897027
153819552
152329264
150045094
134124249
131914086
131021397
130479232
129807081
126408283
122865197
120659157
119766023
119635330
119399369
119369292
117282334
115716094
113204794
111235693
107322581
105342001
103756356
100402758
93258391
89982792
85169975
83778840
83334904
83003702
