224019839
222899553
215723330
215209251
214725541
211601189
210797915
208645751
207637336
204273546
200297817
199618902
199016507
198630721
193588635
193311623
192440019
191270204
191200628
188807055
187275836
187271942
187251775
187174625
187130147
187108351
186931125
186868385
186857643
186848711
186662068
185978939
185277164
184217201
184085940
183734162
181522557
180609312
177438128
177160742
176585189
176466596
176175149
174578533
174519245
174342125
172881430
172462242
170034241
169470182
168036705
160410985
147538179
147294265
146093202
134564653
119659427
118447363
118243925
114691806
113324218
103110060
101972590
99310659
96669746
90133141
88763133
87730409
83846835
81143610
79014742
75864254
75681029
69524477
68757603
61257961
61233175
61186416
61083991
61078169
60933584
60753852
60692898
60690887
60579822
60533587
59381697
56209728
53555361
51459600
49745968
49327183
47181030
47061549
43695347
40562389
38177453
36408616
34135156
32340761
30903874
28459861
27122141
24924308
24788843
24576013
24154125
21810963
21220524
19134292
17857485
15027947
12875741
12058880
10991310
6551499
6172988
5781440
223196705
217087770
211716701
200954705
195111383
191012706
188662436
180115619
178983337
177046100
175338205
175106587
174287415
171715956
171531107
169380985
167806390
166703047
165252120
164144080
161690737
161616850
160530367
160087157
158975649
158617520
156413900
153890257
149699430
146779596
145225399
143412341
138119033
137069813
135480002
131170854
130116327
123616674
123333173
120778866
120280823
118245247
117943272
115267855
115129952
114112949
113115036
112536902
111082269
108690551
108086888
106267436
105571404
105371275
104981760
102947954
102051885
100590004
97842337
95465280
95139006
93781236
93524099
89695617
85969457
85618898
84668295
83446661
83363895
83310088
81314060
81176861
80053720
79838550
78548882
78459645
78195823
76948184
76696343
76163859
75894193
75752196
73534243
73313682
72711239
72376094
71947261
69909305
68658639
67217045
66459898
66352833
62925346
62567498
62201802
59249709
58774075
58407524
57977054
55598263
55526430
54846218
54222603
54173737
52071465
51770473
50883403
50654189
49574417
49355258
49297691
48854768
48161215
46904157
46636280
46019801
45495918
45340872
45286857
44004044
43461739
41313769
41092456
40616504
39886361
39033123
38160999
38017059
37972060
37872680
37377921
36698850
35960297
35903390
35835407
35778762
35447750
35113417
33798181
33615216
33206075
32587911
32324627
31809038
31788976
31633243
31252931
30797138
30603752
29789686
29489805
29329931
29017694
28869390
28370856
28099712
28023575
27423838
27411714
27325136
27031225
26915335
26419342
26306142
26237054
25694244
25628406
25399288
25386714
25189617
25146541
25039080
24977430
24541429
24042470
24029162
22355970
21955288
21709816
20878240
20817693
20809565
20636627
19936527
19610547
18975916
18526967
17329186
16627671
16511132
16467559
16387201
16342873
16250650
16221232
16209382
15973141
15826299
15812236
15710320
15509757
15354527
15085807
14897457
13702975
12870249
12593683
12382904
12085610
11399760
7954754
7506659
6995664
6187296
5942595
4556747
3843700
3701766
225678431
225645631
223439935
222238497
221812701
220555650
220329277
219800604
219527842
218945894
218794781
218367747
218266246
217628061
217019838
216944320
215808025
214156793
213786631
213734682
212679366
212178983
211545893
211319780
210720539
210652199
210566301
210520388
210275078
210062267
209656935
208475650
208106312
207701690
207390038
206610242
206227672
205949379
205654436
204372535
204289305
204280265
204050025
203218100
202557496
202474601
202436630
202107073
202055331
201635972
201498186
201322385
200529062
200394860
199962735
199360878
199165988
198938484
198880208
198693161
198682536
198375024
198028629
197751402
197660963
197413964
197266181
197076214
196975555
196718986
196609566
196151040
196118193
195405066
194860045
194817216
194705390
194443471
194309119
193852634
193488362
193141886
193004833
192659539
192305887
192185806
191877218
191852164
191851298
191645133
191268334
191233153
191070356
191013151
190976728
190887851
190494215
190344470
190138812
189678021
189596728
189584001
189463617
188982483
188299026
188161762
187930142
187524659
187350368
187223013
187132665
186927037
186732047
186727611
186573728
186528354
186229182
186212863
186146948
185981020
185883916
185833513
185623965
185586790
185158898
185062547
184706690
184178367
183878298
183843263
183824839
183732960
183204036
182826252
182799109
182664231
182083415
181520537
181506393
181461226
181103169
180599139
180577957
180406024
179633184
179521240
178929697
178752459
178728799
178302968
178289335
178189578
178145930
178006654
177817270
177280359
177190072
177088628
176520951
175960523
175891496
175839073
175764787
175685993
175635641
175594053
175390342
174974993
174893259
174684171
174602228
174585554
174553663
174498579
174490217
174306058
174111976
174025957
173866924
172551423
172366634
172232498
171456406
171329206
171298768
171077545
170804490
170696228
170569268
170312623
169653390
169641455
169578353
169539177
169304758
168759158
168743292
168691725
168515282
168296820
168204274
167713878
167482197
167141678
166532784
165268313
164867017
164813448
164630513
163442131
163249167
162945586
162886256
162752629
162627976
162405745
161495630
161377384
161130453
161106674
161008523
160840501
159818065
159374003
159160786
159106242
158017557
157579060
157090167
156158417
155299223
154328755
152978351
152373907
151143633
143947485
141182933
138928779
130688305
128765713
128218020
124722157
123438166
121702253
121560611
119384989
114303868
113944329
113934099
112913030
111170984
107841242
106849644
101758701
101481200
100667855
100075925
97217950
96853999
94767798
93859939
90712120
90470301
89308768
85690061
82339958
79044351
77297672
76100967
75812287
71052469
70523529
69220141
68659183
67409385
62293887
62040116
58319527
56182147
55356554
51543639
50573142
49483649
48450097
44822996
44410290
44054800
41323720
39496020
35934015
35856114
34092692
33263577
31848614
31054633
30289270
27133785
26833830
26102505
25766167
22724502
21391980
19533721
19468805
18335664
16400850
15312496
13760609
12680336
12493937
12492069
8179766
6660428
5637844
4660067
4202020
4135189
221137789
216351906
210237638
209603046
208867623
207586360
207340362
206856090
205609610
204102890
203821750
202700826
201877811
201510124
201483891
201147752
201089585
199807885
199512440
198334705
195641778
195271117
194744781
194163701
193156887
192084163
191007360
189850968
189297983
189098870
187533084
185428914
185277753
183997204
182938247
182787304
182560104
182353773
181807694
179571176
179294423
178847824
178695085
178141005
176237002
176077486
174838452
172184653
170702028
169715954
169195780
169026852
168894095
168256082
168153795
168069355
167747441
167474515
167186030
164552541
163402424
157407081
157397962
154125547
153257504
152206228
150955184
150395661
149800443
149389681
149080308
148967921
148745336
148173338
144290695
141353779
141131525
138849596
138545618
137540177
136611898
136320150
135265469
134194377
133727866
131767755
126981652
126546057
124688356
122467852
122109923
121783727
120729000
120716780
119278369
115573000
112866620
112596953
109464373
109255150
107893748
107659128
106702035
104283696
102832281
101459328
90748205
90006748
84910966
83731005
81983437
81044320
80232029
76422138
75958644
75550442
75087053
72209210
69220931
68441024
66713473
65604961
60901545
60801575
59904609
58524176
50471596
47210628
46037991
44736150
42177849
41886126
40560032
40447734
39985343
39613259
39201734
37043762
34595875
32956387
31761090
30473608
30068568
30051970
29968496
28239247
26776184
26020162
25076948
24719640
23806810
23528330
23406545
23031160
22877271
21494252
21119363
21095319
20667755
19740488
18466001
18340525
13207321
12477223
12357376
12034282
11767718
11615281
11475086
11154931
8288220
8148361
7391368
7131351
5602605
4177456
224956002
222501378
222102652
220733055
216562020
213823740
213189413
211953819
207221051
206189473
204563165
202852502
198949920
198690254
196539372
194384813
194261863
193045917
192073502
191684069
188134782
188126146
187229843
187011391
186110170
183658478
181544931
181119469
179111385
174241833
174070841
174027642
173502199
173112249
172215160
172000332
171841227
171127043
170971446
170365602
169581353
169373960
169148266
168472514
168326353
167379148
166651399
165413619
165270604
164220518
159668766
159539598
158507033
155954608
155920856
155400722
155268184
154831510
154302076
153776160
153340846
149732869
148408382
147322083
144356774
144187033
143461140
141088474
140646154
140567226
139648490
136799720
132619804
131212207
131192401
130757102
128855703
125432968
123397458
123071518
119458944
118677752
113886778
110091411
109595946
103767498
101763852
100509210
100118400
99302339
85454027
83979176
83552307
82760992
80765589
77925061
75644476
73969879
69161063
67535995
66864802
65322997
61937612
60185044
57091051
54788082
52283650
52224930
50965759
50740163
47153571
47077805
46560796
46111828
46017481
45939288
45087786
43549600
40737864
40665186
40383947
38299873
36783919
35923523
35378033
31826564
31267983
28898705
27087649
25638494
25139522
24036636
22249412
20957280
20465727
20426361
19846520
17351628
15962586
15415978
12888983
11036589
6066189
5735655
5600243
5387142
5309098
223977280
222389764
221880670
220452862
218266592
217667773
217534113
217470202
216739262
211286392
207744505
204443626
204097318
203052904
202987572
202812941
201215591
196811400
189515972
189033580
187982677
186451854
180767272
180715949
179427497
177342443
175204001
171849173
166302950
161824437
158464151
158446539
134445874
102937522
76979233
68837144
64429933
56494498
54447885
53585806
50979056
47611685
44827299
43665879
39224325
33515417
25570512
22463628
20530437
18262932
17913737
11678962
8411856
8034404
221719648
221358756
220851907
212195752
206835749
205556382
202703859
202341445
201642101
199984088
198393070
192606563
191660100
190417082
188276722
187370000
187299915
184428665
183000944
181540913
177291722
175603861
173123052
171405772
167987026
113505277
100979355
82821272
64524897
58084222
48744431
25893011
7502812
213421127
212341886
211643199
204451993
202503738
194507466
184855752
178811398
177081056
168897027
153819552
152329264
150045094
134124249
131914086
131021397
130479232
129807081
126408283
122865197
120659157
119766023
119635330
119399369
119369292
117282334
115716094
113204794
111235693
107322581
105342001
103756356
100402758
93258391
89982792
85169975
83778840
83334904
83003702
79403417
72233073
45134747
43917058
38544356
38165435
31345155
20730879
11472948
3718750
221551132
219377893
214970176
213489563
210922729
199779888
197387265
197228321
195861807
195144429
194589785
193602632
192201534
189848613
187354614
186356070
185054442
182778196
181693236
180793097
180148941
178850377
176480214
170847886
169131058
168862637
168503762
48668307
38039875
34991186
34177438
25240600
18593172
5223124
202064779
182065763
171610032
125326194
110308245
78012063
42101666
32144415
29680061
10023551
8573956
7952790
7165347
194647810
167448435
165579500
160288838
25912537
7272520
