90278425
26475061
56907169
151649187
26265372
48132392
188664693
120023816
99181827
97168305
47424095
112587935
39191629
85319812
130128932
19856241
106206226
128342570
63864440
63781993
44853103
71653630
90760665
49528066
47686377
4237231
104616864
155091574
176233627
134021538
42095978
41856229
91936778
85810404
20209925
106653655
63080348
63446000
170979206
101046448
143087294
138922815
131761779
138534692
84690601
121507908
127783386
51793754
91466945
49196871
105025230
112771720
149365220
76699726
135310065
85026912
136253112
149236250
99433624
12505829
100959087
45655350
75016745
41668887
71599860
33076637
125213758
98940698
123650161
109680550
126966634
35848381
77922577
50778919
76265858
15201622
80112208
164797312
99583381
81614223
77015016
42654123
85049482
39219483
52131741
44858056
92341462
69739162
53327901
21784806
59899207
134972507
47112444
137668563
153000451
98138791
80106894
69925148
117989890
57342876
50889297
59330984
99664368
61922193
49195588
117299013
86979243
105137270
156791230
130016739
67383451
191225608
31304153
61066517
83415757
133771181
176315172
99970078
104488668
52614244
92286391
40670594
62560188
21535858
43657761
44109460
129440551
152603679
111941384
60918770
19594385
78312301
88970310
45507642
118482690
130943755
43631950
137095815
126052496
156097960
109666748
96209166
45544044
76344414
66245255
109827244
111944333
107921211
58379005
18695054
85888390
60928233
24395003
133178858
26997900
43982171
113914485
63815041
93737928
47448056
123835922
27790337
92870145
190551391
23629046
48351162
191135320
81774000
77004849
146457852
44221535
55094138
42855183
61462418
77001145
57245844
163373312
81173343
73043931
174436732
129792397
87859986
84353820
91885951
102491857
77592053
79224825
42183930
30856611
81619401
27094377
116178627
110856056
22997607
83233673
20765598
150107857
39041119
69030537
88269749
43305726
74736484
19285240
93628002
120015579
118988531
81235569
34857892
122143780
95289801
114943408
42777111
24008241
154533945
54274725
124418762
92233211
29219535
100159170
39389944
77723830
4991738
66062131
86309021
69717277
133173404
65113081
34705271
54121239
96147601
8950555
49504957
114317368
131901357
141888455
112743302
69341706
38392635
54228268
52976471
117910562
5468120
172503356
86452167
67356097
7321382
92726188
124437779
31641771
84652921
64045246
13606790
66321726
67749870
77567847
86778459
65784843
100954548
84470980
30039772
42866199
115055524
46173573
53352337
98797171
93785955
76784406
121379290
134438118
138025996
86037611
143490929
75586899
139717616
17257140
34956773
143587802
36086222
117057029
58992424
55100132
100720418
17270857
119642484
36108874
124540916
52073021
51984628
71697039
126979668
66305445
97939468
55562041
75541478
28011974
56758768
80935948
12376031
139321686
148619341
66854343
143531191
62647932
136203767
93714551
84818407
100366828
79886888
25693162
51712800
65553558
47980353
119423075
79060337
31007765
84915320
53524570
40475362
26394533
117294071
84827696
83102510
66485912
48621265
88549885
44435272
151239365
103396077
48780893
56058337
117231835
140600948
109527480
23059343
43484606
48815141
53017364
85118743
138665622
143479658
170383833
135441915
132641257
90440043
99324486
85968374
31039009
113984731
26992811
68450486
65079110
18088124
12733579
43178967
152334034
13387241
39170048
50407430
80554277
103185802
104843670
131293021
85509331
73812699
119798224
159721243
158294317
121356396
97210724
61994360
85930696
25216795
44287520
104181363
151890436
47834023
12953178
74101279
107842872
156413900
53354678
124578619
49864531
169825723
59289814
63625110
138667235
113796957
115349232
110310397
98253072
33406549
36792185
108590859
85639202
71361809
82767554
55308600
64417202
47559494
43183102
189145429
161195904
79198278
63661503
103103473
89343942
78230632
43107867
82475670
87159122
114796126
159937223
80641878
78475419
42915249
56059692
158088961
102617120
64667290
66820792
26125541
34291427
133263127
127141041
44254304
130644256
39322197
54142348
50823443
149648958
91863620
29551044
44899513
122660988
80845013
124909530
83800749
41547108
8957951
37981870
59337380
73658976
107267529
80123574
41552171
141814751
37080044
6675678
50780396
57502669
56124439
168773886
63018434
135742868
41298791
113867601
3249940
147029073
45016962
178006654
77947228
44023466
51135802
60308869
46886965
163402424
162839095
145923736
32233735
44508845
75989144
55615156
169403417
24702357
22406264
18894830
139960439
58751590
42145196
17678784
80454570
74313494
23106417
163999620
79424369
48923544
136541415
44793506
130790142
123332425
82280080
32847815
21295987
28428630
37278839
96668100
115889582
59300875
25360714
61306468
85699588
86914363
118227253
149941198
2989013
41750472
41506302
120215169
15005904
158240148
125924870
27351885
174791996
114447989
16844281
146807440
22749282
89499932
139446606
103601900
124883789
75015854
46672144
126776532
111714194
137645472
65381267
139556909
52678172
39228282
106435400
161553591
38859200
89602301
131031479
47163897
145386058
75488409
100138721
30507292
90036398
62457578
131862802
12277280
76631798
141191031
47295620
79722763
79671827
73509058
98648196
84483443
113373743
42209515
61247461
73597058
76233895
95732739
154623300
99260286
88929585
111861915
180360067
3604918
46453603
101113929
149645729
87034678
43273162
114182146
89832368
26176603
66114979
65352380
67555051
70002914
106947332
66664342
26529774
85939653
4119694
135070089
47036640
49740339
64859604
127696353
17792680
103166856
60303576
149630594
47876675
143616447
89178151
131611746
51759842
7869033
119088826
67828905
139700658
90748728
145738990
32209212
52726883
76501514
151550724
119127716
33854720
168460032
151925593
131112757
84907001
55895593
89036100
100126495
40673210
29005900
98789412
50516835
105053359
101493060
44904406
47776220
91288741
128138431
115539489
78427904
43507404
85396821
87843364
31297940
165020375
127976645
16276226
159201505
26426801
152321561
84247792
45192992
147877154
107372709
21199602
75385275
148341684
106466842
27173325
42755182
95641447
82526266
162072801
19108669
46267390
51937941
50701120
42484625
113637158
162224133
139946125
62644055
144349219
45912756
107540195
121173851
115188337
129711018
44549218
42780865
72900381
36622006
86612174
84448021
93733817
70571682
48748125
83341768
81517533
82649258
133044664
125621867
65507027
124601229
42953110
109249985
140248027
46110493
112425188
121693122
117660426
60091024
63126095
12623540
130824445
46909396
67372691
24205034
24973115
76695477
112277672
24636342
132924246
116137420
152925169
146121975
11300179
115606048
75190922
154958505
108453023
21352306
39159013
107510191
157414311
78449479
92612657
22613597
102781508
65389241
47940822
61398531
100487494
103416716
164791358
103540661
56563669
152184591
20429255
125037886
142207493
109845413
45657473
62959082
100987118
97230847
136947050
69315838
130689780
60957416
97486973
144175488
123487791
31400620
81437764
120376211
144724341
21005203
60752899
83762346
146084901
126566611
79127843
153898239
57400569
80438964
114342923
168048919
64215911
94393567
116143553
45049266
137650387
130187956
96460542
35955370
74557700
26306737
48597213
136810420
94851647
118990453
58432626
55010862
115444239
135026410
88210973
132716800
67757236
99644116
86616235
56886008
140209484
45296411
25611666
73423929
81791396
143461140
46844846
64006643
101407360
111315059
59326173
127016724
71034301
59504397
11396594
121122623
54827184
80552106
51855084
93982845
96000598
89234310
112010747
47202026
138573534
161511262
22800804
62333677
102989489
100886430
77908766
30513449
77465915
86739722
69156796
38931187
159317191
162368492
160602332
66703410
109213119
97529792
102945640
84241848
24091042
19876078
153619671
82872200
88511658
102124120
138696951
153849466
7751209
132904725
121939311
154531605
91593528
23913809
130552029
41304982
46210219
69934318
16668656
119701070
90125374
58772205
83406905
82376190
50444974
88437852
96187300
165807976
21576053
110721274
158052161
13075435
56987370
101281205
160027198
98277888
81858507
7440378
71722451
20621173
111168679
85362080
42899093
105084212
138342699
84836059
108637829
86126455
148455397
68340330
24769136
20728402
65281270
82596227
110621072
125612746
65973171
70936795
117546367
25319190
144343318
50755861
63690785
131470273
136237552
82558390
108904679
42858638
81259723
120395637
59364829
158972220
166475072
86347683
107300391
8146439
114591883
100789045
87486900
109255150
142186263
33796645
165814238
107650544
108750631
43943978
67827068
34688525
113268677
154638842
71646695
61128138
105786753
95631921
49772291
79979126
21083157
65859986
78334435
112849188
98104904
126641077
91441878
39335594
103414633
148209438
42778294
115924636
128765713
83125423
51968355
97472210
18099698
47195723
128656285
137140052
156824893
139122051
97534912
54717447
173796795
56513082
58295952
4615146
45227483
62478147
99073035
25240818
148342636
61305804
109340441
52974409
115858557
40718693
39230595
53086125
39387663
115407021
29635114
72828721
61021730
86805387
146728382
44151542
43662787
74538207
139441216
83839765
147202800
110557229
68191385
49619200
124218436
18145590
148847344
53334233
67618569
18160672
142910895
90773621
29070130
73304160
30230137
85809020
134859974
44258794
85494186
71305377
89646204
116439990
78086500
88272229
123343920
63656855
143532890
143839615
128182629
67698605
202917957
149445546
111930701
58928718
63543566
103886307
130722605
101233429
81548165
116097566
19584974
164311497
91958110
141410342
61333602
60924237
126455765
26689540
134854198
28187309
101279124
119283703
138674720
29935927
120357180
116699708
25068666
18565555
120159409
105606568
93304924
130280398
12164770
183750629
48033697
78178318
147883746
49652346
68491983
138820593
15811796
82916295
71264416
83342238
139441232
84077473
29978118
159188264
22789243
48404232
25671055
63084335
55548374
45939802
22341851
101604934
114986461
52276901
28316603
72015546
18121561
135342539
53994929
85995249
77596304
41333921
124119241
89435035
116310998
172389917
27855301
105872578
68850512
35462030
87643206
63211731
118918471
113502476
112262343
39239643
83574764
101264014
27008925
36494296
155867499
176694074
136271143
121264594
79921113
29220828
31874051
80138059
121416936
126321742
59704469
121133165
89069038
28351238
58030008
49976528
78606732
22193127
76079575
121129168
148626978
13366267
111192783
107157144
66916680
101186444
122109923
131258297
147229633
97882220
19683153
43904406
77333981
77096748
92857189
72523036
26100359
59058000
135389882
67771007
83078436
60263370
112947197
84388891
141632465
185224819
67995300
112494323
42566367
84045384
119711886
70191722
156751587
37459565
98090737
100266723
138449189
99353582
64149102
107154599
53267843
63548613
36797867
90076262
129238769
94721419
79310160
71515588
44256908
29943880
190779990
150037763
41274664
124378556
59268522
42668745
63049943
69001136
68226433
107260773
68482501
157031320
71045069
50209689
70786877
135645966
160091649
126329219
109684479
89108936
118998049
66145179
103083375
128759662
126617204
112702765
20898915
81016582
44268376
136013178
65787068
127335544
51128343
151674302
20347042
45745127
66042962
49891647
106966053
119752156
65418047
40343166
81597353
44327655
43913285
53886238
51192983
108275131
46419464
148103999
68441024
156467479
61915840
163969390
103034845
87154828
44655740
139892025
47228412
110738875
69935766
76193783
52765231
51576317
97578789
4648372
136905414
34502618
17411412
45355391
77745850
68984773
132571838
86656040
13506207
141634261
93804908
129478991
102922632
92098430
134967121
107341544
129692960
47080286
23341780
108244350
110127774
108607259
128698431
69273746
44113431
80218541
148173338
12979952
43742127
161796825
51591747
103408434
70363935
47311049
27206881
59820721
90817179
75009781
86093829
65241685
136617958
23140961
77928507
162731076
47868202
101004770
35753654
58505639
50985135
43074130
104283696
49118841
152870660
24620001
85848189
16261556
24211779
87954416
46749599
84113345
147033030
49227166
88280209
42414539
91324625
23411183
152686224
132268892
66599456
74559942
30713062
169354660
13305673
96185225
73620980
65736324
44358664
85463056
98844840
148615460
145392435
80109951
54270444
136209206
160567998
35446404
16267579
46818630
121405752
51370586
106650743
66724211
149655308
69358607
153334265
22694265
49965727
43462883
54273392
69330352
7716087
155304396
74633379
115957974
58575064
14787544
152305643
150233468
80447765
64617305
165983498
150473105
122911217
65795944
152743957
115573000
42555663
87543161
100141910
55503884
115943529
33914238
149560876
110893353
103810519
42688821
126065235
74409457
104162905
133902502
26698051
17019402
46758328
81623020
96492164
76102565
147021442
102611804
100028519
80900800
59849768
145514834
93959129
85150386
102674437
86236284
107601617
144250412
88980272
137043590
141461424
93697783
18991135
85038772
29086006
144659477
61791825
82355116
79476761
81139052
111741848
88477058
127967773
104852653
105804623
168893890
12509085
168718873
73660378
45445568
28516444
94977424
87519074
67424618
75493616
96225674
76995304
105288218
99585126
114087523
107361295
111750156
137651691
102504047
43186131
134784863
58671784
