129478991
82916295
51192983
102945640
65973171
168048919
85848189
139717616
23059343
21199602
19856241
67749870
95732739
69935766
158294317
17678784
49864531
60263370
93733817
18695054
44256908
129711018
107300391
79979126
110557229
190551391
34705271
74633379
67698605
82558390
109255150
81548165
85150386
15811796
18991135
129440551
125612746
60752899
26394533
100789045
45049266
114317368
63690785
56886008
119283703
69341706
31297940
69717277
26426801
95289801
109213119
123332425
56563669
156824893
149630594
108750631
13305673
127967773
61398531
94393567
