143531191
55503884
2989013
59849768
16276226
92286391
35955370
154958505
73043931
143479658
51370586
118482690
17257140
50755861
65507027
50701120
92870145
39041119
46210219
70571682
12953178
112587935
129478991
24636342
77596304
107300391
149365220
63543566
79060337
131258297
138922815
97486973
82526266
83342238
150107857
112425188
85118743
23059343
114447989
56907169
77001145
138674720
100959087
64617305
121122623
18160672
36086222
115924636
99664368
86979243
24973115
26698051
101264014
106650743
61915840
151890436
66724211
112947197
43943978
36797867
66062131
79886888
21083157
103414633
49965727
149941198
37981870
67372691
80554277
60303576
102922632
131470273
76995304
77465915
71697039
161511262
107260773
136810420
136237552
97939468
63018434
7321382
47876675
48748125
87843364
143616447
91863620
75541478
31297940
114317368
22341851
132716800
57400569
22749282
98138791
33796645
12277280
97882220
47080286
143532890
130644256
47940822
58030008
53334233
47202026
30507292
109684479
51855084
88980272
111714194
159317191
63446000
154638842
126966634
68850512
114591883
60752899
153898239
83762346
139446606
68441024
100987118
60263370
69273746
58671784
71034301
23411183
63781993
42145196
46886965
68191385
80845013
18991135
129440551
42688821
65973171
26394533
65241685
141888455
104162905
89435035
19285240
109255150
164311497
67424618
90076262
101407360
152184591
100126495
122911217
84836059
152321561
54121239
33914238
77004849
81139052
58295952
56513082
71722451
32209212
54717447
82767554
41552171
107267529
77922577
85809020
73658976
111861915
86309021
43631950
105606568
165983498
32847815
78086500
20429255
8957951
66820792
49652346
95289801
89036100
57245844
168893890
122109923
75385275
77333981
129711018
91466945
139321686
99260286
75016745
136541415
41547108
13387241
58772205
107341544
40670594
95641447
162839095
76102565
45016962
65381267
112849188
82649258
28011974
105053359
143490929
63080348
92612657
25671055
125037886
45655350
40343166
86347683
124378556
106206226
26306737
49891647
75015854
64149102
65113081
47776220
21005203
86739722
48597213
82872200
112702765
79671827
92341462
78606732
113373743
52614244
152603679
159937223
54274725
79310160
97529792
78427904
147877154
105288218
65079110
85995249
169825723
101493060
173796795
169403417
59820721
26529774
139700658
94977424
84827696
84247792
68340330
88511658
119642484
127141041
74736484
48815141
69935766
112010747
151550724
75586899
79224825
103416716
57502669
39191629
44655740
29635114
72523036
136209206
31874051
26689540
34705271
24769136
84353820
115349232
83341768
42566367
15811796
144175488
109666748
48923544
96209166
96147601
137651691
141191031
26125541
168718873
118990453
52765231
82475670
87519074
159201505
82596227
41856229
137650387
191135320
135310065
20209925
45192992
64006643
55308600
113796957
133044664
138696951
115407021
18088124
83078436
127967773
40475362
49528066
52976471
168048919
159721243
146807440
22694265
34857892
163999620
80109951
89069038
42899093
90278425
52073021
13305673
84045384
79979126
144250412
12509085
35446404
24008241
36622006
69934318
44268376
69330352
162224133
65795944
84652921
70936795
48351162
60308869
151925593
149445546
107510191
137668563
73304160
102617120
144343318
13366267
47163897
61128138
128182629
21295987
99073035
63049943
44221535
88280209
27206881
124418762
73423929
38931187
83415757
116439990
98104904
108750631
27855301
52131741
100028519
43662787
45544044
110721274
91324625
74557700
25319190
22406264
85396821
63864440
117294071
31007765
74101279
162368492
123332425
107921211
130790142
150233468
128138431
97578789
26475061
139892025
103166856
153619671
17678784
93785955
51591747
65736324
60924237
46749599
49740339
108590859
78449479
86452167
57342876
88929585
24091042
165807976
4615146
56058337
124437779
142207493
76079575
133173404
129792397
137095815
132924246
78230632
26992811
113268677
170979206
76699726
106947332
67698605
47559494
58751590
26997900
136013178
62478147
29943880
108904679
46173573
75493616
68450486
99324486
131901357
27008925
69156796
143087294
56059692
39228282
26265372
93714551
119283703
102945640
73812699
88437852
73620980
158240148
53267843
65281270
44254304
49118841
63690785
74538207
74633379
82376190
123650161
8950555
150473105
39239643
135441915
78475419
172389917
119088826
110856056
26176603
28428630
16261556
48404232
45445568
61333602
62959082
31304153
127783386
140248027
110893353
35753654
24702357
56563669
120023816
51192983
116143553
39322197
64045246
89178151
89108936
64859604
46453603
156467479
126052496
102491857
124540916
22193127
67757236
50407430
45049266
74313494
59704469
67771007
41274664
115889582
136203767
59058000
119752156
81597353
46758328
137043590
123487791
80935948
25240818
69315838
23140961
11300179
140209484
47868202
110621072
24205034
130280398
178006654
145392435
91288741
42866199
38392635
22789243
29935927
158294317
98940698
117231835
113502476
20898915
148342636
39219483
16267579
3249940
141814751
143839615
37459565
148341684
45355391
80106894
106435400
34291427
79476761
39159013
84388891
56886008
42414539
93304924
154531605
81614223
180360067
18565555
103103473
85930696
70191722
168773886
86616235
119423075
81619401
82558390
42915249
103408434
63656855
58505639
156824893
12979952
60091024
142910895
124578619
111168679
118918471
104852653
81259723
99970078
115858557
39387663
34688525
140600948
28316603
18145590
24395003
114342923
89602301
42855183
104283696
56758768
147202800
131862802
158972220
51128343
19683153
27094377
69030537
85319812
85848189
87486900
87859986
190551391
109213119
49504957
134438118
48621265
83102510
138820593
97472210
37278839
23913809
53524570
152925169
100886430
157414311
22997607
43742127
66245255
135389882
82916295
53354678
17411412
154533945
84077473
42668745
77928507
55562041
43657761
152870660
87159122
124883789
27351885
189145429
170383833
16844281
58928718
130943755
12376031
134859974
44287520
106966053
48780893
103601900
85699588
37080044
131761779
22800804
18695054
36792185
81791396
27790337
15005904
30230137
86126455
107154599
48033697
146457852
49864531
100789045
78178318
120159409
43273162
145738990
141461424
79921113
63815041
121356396
94393567
29219535
79424369
93804908
23341780
67827068
4237231
146084901
51576317
107361295
133178858
42095978
135645966
191225608
5468120
119711886
130689780
111315059
67356097
92098430
148615460
44023466
85362080
103886307
124218436
136271143
107157144
123343920
66854343
109527480
25360714
29551044
33406549
66114979
55615156
134021538
119127716
127016724
112277672
42209515
86778459
152743957
104488668
155304396
47980353
19594385
25611666
62647932
128765713
147021442
12623540
155867499
54228268
79722763
33854720
71305377
25693162
79127843
188664693
20347042
80138059
139717616
74409457
77015016
35848381
69739162
68482501
120357180
66042962
68226433
162072801
90440043
97534912
99353582
128698431
80454570
102504047
117910562
61305804
33076637
98277888
30856611
88269749
130187956
107372709
12164770
55094138
50889297
97168305
97230847
98163290
161195904
32233735
101186444
76344414
84241848
98090737
90773621
111741848
129692960
77745850
40673210
45912756
128342570
69341706
126566611
56987370
64215911
17270857
80218541
148455397
131112757
4119694
93959129
42777111
29220828
91958110
63211731
41506302
123835922
116699708
19876078
55100132
19108669
144724341
112262343
25068666
122143780
116178627
95732739
96460542
108244350
148103999
55895593
13606790
17792680
39389944
49976528
94721419
65859986
102674437
83125423
51968355
128759662
161553591
24620001
42778294
132904725
163969390
67749870
63548613
130016739
92857189
110557229
148626978
50823443
100266723
160027198
51759842
17019402
41668887
121173851
8146439
86805387
28187309
64667290
58575064
152305643
93733817
99181827
124909530
128656285
119701070
53327901
44508845
154623300
91593528
66321726
44256908
126065235
115055524
36108874
63661503
76695477
164791358
53086125
4648372
149655308
131031479
87954416
141410342
88477058
66703410
138025996
174791996
31400620
44853103
91441878
116097566
89234310
124601229
14787544
48132392
98648196
12733579
42484625
105872578
91936778
25216795
149236250
100720418
92726188
107540195
47834023
109845413
50444974
98789412
69717277
75190922
121129168
134967121
54827184
149648958
101281205
142186263
45745127
80112208
85494186
101046448
156413900
24211779
136947050
113984731
172503356
65389241
117546367
59326173
112743302
138534692
113867601
115606048
63126095
65787068
151674302
75989144
44435272
7440378
51937941
112494323
81517533
125621867
45657473
20621173
84113345
76501514
115957974
90125374
122660988
51793754
96225674
20728402
19584974
143461140
101004770
65784843
143587802
138665622
56124439
60957416
125612746
100487494
34502618
85038772
132268892
98844840
117057029
80552106
91885951
45939802
63084335
115573000
110310397
126979668
89499932
29070130
164797312
101604934
45296411
93982845
162731076
202917957
185224819
138449189
52678172
44899513
104181363
50516835
146728382
111944333
34956773
139556909
135026410
13506207
117660426
84907001
183750629
62560188
136253112
73509058
156097960
157031320
59268522
22613597
38859200
147033030
84448021
76784406
121507908
166475072
7716087
147229633
47448056
61247461
153334265
23629046
121264594
13075435
44327655
120015579
139960439
81437764
105137270
176694074
112771720
149630594
85888390
39335594
139946125
86612174
42555663
29086006
85026912
96000598
47112444
81548165
108607259
80900800
59330984
12505829
113637158
118227253
103185802
120395637
21535858
30039772
66599456
135742868
125213758
55010862
103083375
36494296
102781508
47228412
44109460
28351238
81016582
44549218
99644116
117989890
134972507
150037763
86037611
132571838
153000451
52276901
114986461
99433624
85810404
58379005
86236284
47295620
61994360
71045069
159188264
18099698
93628002
74559942
30713062
95631921
121416936
147883746
100138721
83800749
39170048
46818630
138573534
130552029
76265858
21199602
20765598
100141910
168460032
7869033
15201622
98797171
90748728
86914363
70786877
42858638
83406905
148173338
151649187
59364829
144659477
67555051
21784806
21352306
21576053
47424095
51135802
67618569
121379290
31039009
90817179
87034678
86093829
51712800
44358664
160567998
16668656
169354660
44113431
44151542
85509331
49772291
26426801
3604918
77947228
126617204
11396594
115444239
60918770
109340441
163373312
148619341
97210724
81235569
51984628
103034845
27173325
133771181
93737928
176233627
144349219
136905414
108453023
67995300
116137420
78312301
43107867
115539489
7751209
31641771
85968374
135070089
141632465
103810519
66485912
42953110
85049482
47195723
94851647
43913285
76233895
77723830
163402424
89832368
54273392
29978118
65352380
73660378
79198278
29005900
28516444
71599860
136617958
62457578
23106417
4991738
66145179
137645472
30513449
43904406
18121561
43982171
61398531
50985135
59337380
86656040
61462418
18894830
121133165
19856241
135342539
6675678
105084212
85150386
156791230
35462030
53994929
102989489
81858507
76631798
43462883
119798224
138667235
84470980
89646204
77908766
49227166
44858056
165814238
