124091112
124102086
124512308
124993486
125054288
125081712
125951152
126045824
126122911
126206676
126311145
126546057
126566611
126724674
126773303
127142040
127274972
127362169
128118075
128180286
129046399
129406412
129676352
129917766
130021254
130146007
130319192
130628122
130757102
131340844
131558399
132100829
132261048
132739328
132901458
133050162
133802668
133805452
134194377
134716493
134801711
134810401
134882703
135211118
135317816
135517968
135665856
136054646
136185426
136465178
136513951
137008341
137020164
137320547
137393780
137544295
137855498
138143632
138406934
138545618
138928779
139815823
139889445
140136274
140294366
140538991
140593824
140726023
140935164
140969769
141147202
141156712
141493089
141739308
142147273
142200602
143461140
143947485
143989259
144390539
144953640
145191514
145253130
145565593
145732536
145746737
146244952
146274845
146670876
146896177
147015717
147150482
147231856
147453534
147684781
148173338
148230680
148347534
148448839
148967921
149116044
149333845
149800443
150229281
150395661
150531493
151143633
151581842
151959051
152087057
152228755
152300487
152565866
153340846
153392504
153405388
153426540
153903893
154239053
154259251
154589398
154638607
155475688
155556949
156014872
156138846
156305557
156308459
157531304
157670045
157817353
157974313
157992034
158037794
158240148
158736171
159160786
159374003
159499045
159842775
160087157
160381875
160446737
160962959
161008523
161353201
161638210
161824437
162168557
162316151
162405745
162421680
162442456
162474001
162752629
163196108
163625809
164184173
164327876
164849052
164953949
165127651
165242273
165413619
165547549
165625482
165694960
165719829
166474433
166625257
166814079
167448435
167713878
167747441
167810702
167987026
168256082
168403700
168472514
168534307
168539536
168862637
168863121
168894095
169083536
169195780
169304758
169576209
169715954
169890521
169897982
169925291
170000604
170082056
170109524
170312623
170314505
170432219
170667568
171106906
171236119
171329206
171374813
171430642
171610032
171816658
171841227
171849173
171852637
172127712
172234894
172366634
172385527
172469860
172726898
172896535
172983192
173157708
173424533
173783630
173997023
174306058
174490217
174585554
174605300
174756301
174832297
175239410
175303882
175603861
175675570
175823344
175828433
175839073
176007893
176077486
176106196
176175722
176233627
176295662
176298513
177002505
177190072
177342443
177397300
177524074
177680429
177867973
177969693
178003982
178006654
178145930
178229589
178270901
178350804
178353951
178404235
178543122
178613190
178695085
178697616
178847824
178870871
178983337
178995730
179225518
179294423
179301532
179608183
180242470
180349852
180397952
180406024
180417655
180461891
180597387
180715949
180767272
181119469
181280674
181302710
181506393
181571983
181748365
181768781
181780858
181904738
181922157
182000254
182083415
182344138
182353773
182377561
182432456
182560104
182716333
182756527
182787304
182821974
182932462
183000944
183146425
183194810
183200929
183330990
183395959
183406679
183627352
183811858
183878298
183997204
184032468
184228165
184332399
184570757
184706690
184792983
184901845
185062547
185277753
185336948
185342298
185414203
185428914
185473148
185572237
185586790
185631914
185721167
185981020
185997444
186043826
186146948
186356070
186431591
186511375
186526361
186758022
186829790
186899193
186927037
187132665
187148873
187165882
187229843
187234842
187251146
187354614
187395890
187416435
187524659
187526515
187532876
187743030
187769714
187769722
187930142
187991706
188074650
188126146
188261579
188435131
188471692
188486839
188496721
188597954
188798639
188801943
188807055
188817041
188884881
188996428
189167233
189188752
189450873
189463617
189469182
189584001
189596728
189598094
189657808
189749951
189842005
189848613
189881323
189938154
190065099
190211414
190359658
190417082
190573549
190624229
190681324
190753897
190882300
190934700
191007360
191338313
191339301
191358383
