208163619
168496566
192760613
15267988
11633492
89097997
37628391
31770632
183411734
216508676
98718828
59144285
26189241
32619109
12570727
32737655
166131747
107451665
12607224
105701100
87203352
6967684
20587641
26725269
110130542
118147779
85340363
61503232
30483929
111259050
113152780
111738266
164868112
216391432
215303029
166644889
163937721
91307881
130974073
29399623
136080722
15491042
167600564
120011015
20425049
180021178
130872479
39198970
123233144
50951245
72570189
46870005
64622904
92181959
135262686
34345580
139043358
145590433
49041820
222871046
224326567
11813932
119352696
229401668
40279639
90473156
84647393
11973731
7215875
115358563
129921702
35298218
132059348
77624175
22817527
37798164
110870744
33421381
129555191
214496600
188959026
113697740
126341665
90287364
33038826
117394521
56136549
109664847
144903363
61218161
46753353
46220346
117590019
173022054
5337411
6988168
116616741
123567459
113030213
79203277
107552812
23145318
186709902
112757095
91519101
102613174
22752821
46967891
36530833
110256173
51829277
62868373
68008209
17516123
211030341
207013358
17037690
154473373
161052786
38648373
145861344
49650146
30084761
34075218
26321161
113567857
86042184
232358305
30904407
41555668
38276811
189097128
154302206
145775570
33637350
183378249
21627821
11769298
88215652
230092572
72815587
82557789
158895251
147512423
52724165
108045685
88972509
121905487
31163876
16248450
102813234
136259815
64533722
123632458
18896906
57079860
217206119
19178607
17731555
143224359
92499726
124054115
179190583
178888981
98554238
82367945
16177357
4085834
117792163
29110572
127603742
178497704
73384825
25916941
130277474
70353474
203825379
19968490
67691264
117264124
110359466
113971755
21054281
194067535
24104423
90444413
19895342
72753672
120852101
30666489
43191714
128391176
221548218
165790763
18877753
119668866
80246424
116176591
113289506
213573219
173625086
124491180
133022113
78509946
32637479
114797715
142638218
41124346
27254752
113676810
229022372
4145265
14990874
71622773
6620139
28827267
83425617
68964822
171724409
212211542
103341256
187178747
31769147
131805842
168621150
149077861
61287729
115497129
126964629
16949190
51017441
101509921
210007440
123106989
132523436
139667469
16645883
22534767
19506985
221742200
12165601
25509779
174926830
44253001
47060201
21551987
41608963
28949370
26871823
39605069
61081665
148196823
173211875
121062504
209336058
29941209
12672084
8233245
80385957
111717113
60973595
128645720
65693809
43795282
88790530
197175467
20597529
127244451
205728212
22661875
57821253
49392786
118366916
76628896
6272247
23213566
34392674
203167732
67559977
160566389
115320902
213196002
42759952
19283661
198851131
50285259
19800523
44493632
28245965
232116064
6199700
67034919
201388901
138627758
168156709
18147218
33189723
200545564
26063664
46987552
101240752
39214036
173751319
142943513
105567925
87922452
155353435
160054752
51040156
127679046
134575720
18785631
195928430
176112757
170169510
96990538
12987615
199898236
17465158
7265937
135306341
32784311
142585402
186648581
209262189
115357767
84241896
7916700
152581835
184037032
150750105
134158263
123643332
176748591
62501567
160558492
71298259
85524808
68041225
56093667
91223934
65873895
7304672
122225546
109066921
132218090
89964995
199045945
128548600
46110856
30004897
198228628
35872400
155391115
116184787
116067467
28103006
167078900
76797632
80557616
83454348
221445320
94711722
102470175
99070759
139299519
184548221
150772514
195471417
80699466
128365831
23651017
151407387
30839474
196418660
12977640
153853606
70643045
116989725
38885875
7321957
12489814
12772997
7603350
12112269
80934954
137017706
62567870
45482448
127747967
65825847
114393473
143451909
64306138
110487859
89040319
58962989
123998373
162089211
94914490
128405480
142276689
110417609
81386161
102160759
89921752
194860550
56579619
122371521
131006532
39268626
63343053
205008624
124101075
6172372
163570234
87060220
160250432
18098185
77893456
46750256
41040114
179931353
91308548
150888578
22071306
150332720
24512160
105002643
42635434
4787175
22005308
124754604
45273292
108300623
45725803
146954594
36103414
35476570
37620375
32161906
189894258
88498989
163321043
146614774
7002735
59206997
35138718
104924376
67984314
137143023
104589360
127368076
22701737
32965112
111819628
116318594
105271764
75437850
46924769
106418561
12099979
47660138
112999128
8199524
208966170
214285931
182534847
62933226
42312015
224972422
139069402
216382690
205871554
64474384
174408071
138269795
55401502
127232941
25709937
86392599
121600313
188058848
123535018
17319955
127432858
177404135
137323685
196658682
118039832
19303551
217254688
78883875
80034051
118865583
115040670
109061714
207426203
121412557
117884198
224366525
107185456
58259373
41495294
176575468
70193702
147693691
111902871
149732584
102236845
143165735
88962957
188362094
70725355
42099408
37571609
200594750
90719139
104541431
174255359
184724483
119220679
141916245
27960815
224863899
139711297
153568509
15399956
128313911
110762547
60789927
201678878
35399558
62880249
53153264
17472655
157793142
40492086
21225405
80298045
95381945
112418251
53949775
85308470
24167516
41921888
5626835
59242322
125857885
134449988
68395041
26891691
47615109
149940019
18539378
81619091
221753336
49209130
158464830
30461114
215651639
87844310
150646263
167243028
19500506
33940442
99161195
153672100
84536601
88731133
43130580
33914632
82018627
45053138
93116476
112074936
26558711
73746995
171105219
202996385
32553633
161911688
206677370
144507309
128335193
40693129
52783260
40009689
149390328
19674879
201088522
22580982
6502408
157171250
99503199
62053115
117041746
11926124
77207695
37637736
23957904
64886522
148960922
136102993
54276633
93072994
41387808
72782731
17354324
137833944
78272450
66323024
57192256
215588054
52990645
208529252
64229166
30788789
5838201
36227629
59231562
53595530
21458944
23157885
57258121
35866028
108123127
148970428
182627231
59491799
205528079
19137171
197537964
53772134
37154570
211449798
55586839
95851994
69872892
124401150
198811879
86526385
25599992
6949723
205852590
202272947
139810195
22212536
13850810
31495738
229749628
118824456
20204792
153442443
59195545
228125856
114906272
16731534
38392241
99592722
163143865
55924431
43153843
41746338
27209208
51262702
22426790
24580313
147993670
148212830
111118455
42243731
167182392
47872478
61058298
156276437
29905912
161252903
198880573
22881172
17179498
147091575
218613891
224195621
56492986
34059993
86920075
173470935
19995094
6384228
167560685
101956675
80380058
140782864
134694173
174216767
10563958
75191703
6218028
26028166
13818277
108268499
35529097
42530745
118269316
35474782
113413022
203810350
71456832
116081383
104312239
6387880
29950437
31780124
60524871
18961715
46061460
74572031
116805171
44726661
116811308
116432928
113386402
192375799
122640483
61849466
180561497
27004989
207901230
72344875
37854371
79002543
56343143
29366282
160644208
192176186
187513579
33821219
36998249
19756595
30674090
53054000
190134006
149224326
25366650
27320101
76789044
209577171
130086554
37020548
19624971
5733355
4686224
116856388
50486728
205878929
44593902
132078266
120504465
118686231
16529942
45406769
190801530
22956199
72976934
30171835
149204342
15494729
41237486
144878751
152835277
12110955
23233225
135613092
45681169
135998908
59144501
178446151
82141274
83721782
43194881
87890083
109809065
121147733
141768760
162811461
23203491
42986361
16429239
169923652
21833230
91660043
142279819
74642769
72538792
79254475
43126981
129239932
38020843
100190276
147125773
7281266
20694664
39257328
162716760
47788676
13532445
119025050
122957292
115077661
49887263
27976571
199699040
28566662
35711625
22165337
96002180
40779473
33870691
24241199
77265477
7832407
67929410
43447940
80702817
104280107
65475544
136202106
216953288
139564751
51910219
32099591
162537987
86401723
126342276
45883141
186002668
16339124
118911140
121493149
107688559
69870695
104399710
72614455
30900113
169526904
118976952
69541139
81350721
73449091
9897360
54635481
116850527
139253141
108928555
72950677
84611945
31255083
209766377
65183293
61449908
230405341
6673831
129889427
38442216
29775321
22631132
125759566
141990295
51905798
11855816
228945726
48135096
40646115
131765024
213029993
113616120
144692233
83191477
52869744
82077457
20081011
8438817
29661779
29220553
12521210
6860954
114343848
105201072
115835894
202929892
161417474
12120084
93367522
109087156
45128525
19144169
115741802
55372017
104400495
41313092
104604398
89043944
32790788
23046387
16626764
67139598
12646357
147070196
32166109
147100289
92630017
146490652
108628524
41207515
129879943
112526867
8078856
19631935
105105108
92506465
124329244
121460419
30062782
113704182
51188628
109743733
37686357
11164325
105046607
34587861
22713744
21263324
5655085
15189104
23362778
77073795
25311735
58005346
137970763
22545200
70999097
62180814
69262136
156598571
205476699
224007131
120176088
18130601
135208418
78721484
35240431
91044480
190734853
33643889
30330516
30983215
88432870
111261716
46079823
87347794
126991078
50599695
199207471
105803949
83560050
46607420
117294725
22954183
84068583
29356641
107220043
80755132
211173858
170811911
197145167
148345879
41909879
39061833
24148981
96880290
38139983
21488411
4621783
11367052
42424800
34000072
58360374
102515293
50943776
43275223
68039518
147501972
72595156
24472087
110745118
21150626
46461542
77574640
97914780
224650405
22888073
7639907
43711394
160355121
89740827
129084229
116247164
16138884
64554789
22109622
113982490
213011158
153755707
59438910
20167990
23231669
88199225
10218123
42849660
118196487
93536480
208136533
153313667
42512741
128356508
28776599
168516836
37597429
117174249
149359371
151203188
137522473
8823867
116266084
120174223
24286512
124761980
26125327
23528954
120372833
47665274
103040946
110040791
49968276
44541888
132918588
103231688
82105998
202260192
34863196
51069697
191292646
6411726
46785408
43904457
64634337
150678609
99511909
130449922
129649468
125328315
213127017
150466444
117105220
77916840
210473538
195828328
164434094
140905195
16881190
95772746
121188566
17451772
23791441
211088450
37415655
148138213
210091096
60104085
94564887
162219486
183258940
69854402
11170061
231021951
103807650
75140745
40088135
136715317
80119871
140212538
103971187
27485514
106725222
65850670
24674517
50544814
9196097
147515689
186408574
40420411
121991877
32966718
23874342
213507071
158438151
87289528
143069617
50587484
139244929
28270048
100988819
53840254
137226128
6575674
134983132
122650690
210513880
51463619
31618038
42940791
130114493
80919837
88803790
40810992
38292147
22289234
157677447
11510893
24599759
89432499
7364703
116352496
147562597
46786050
38272613
87627225
40828105
125986898
40587153
189086311
44784653
21145748
124029412
12241916
47729122
70562050
27595687
179792480
93537855
20318067
79407575
55089913
81223470
150859560
177723754
45466596
84383033
84614105
69117452
121019529
101254286
118264053
197138772
40687984
25620548
127158521
125770513
202970460
116557281
65563123
126448602
171080976
40181314
23320983
7022436
116997910
225781765
32686293
46188424
67601127
35116681
28476758
27155007
26901900
89198020
12305671
163677019
229128165
56424311
6369866
134860362
106044650
164071384
106471860
132919553
129577867
21987775
131216268
90487554
142551625
165427500
6843110
108374470
54425805
181811296
212230494
81834060
102167381
62492747
164048029
116877768
116352345
104569521
121617057
17789497
7366879
24861148
102232339
164170009
230581631
61905668
79262567
38522862
97650961
119282853
8335584
38547301
174621028
18774335
74392799
187801816
66793628
11130004
129113116
164825123
73253128
185572274
125719542
46576556
141429693
162036479
66521661
56893919
62157852
24920257
209500301
105251978
27919234
30412389
42295680
45962242
141898663
134247742
117731393
20297200
52387636
167372705
171765415
58128478
109815763
48825007
58636040
136429786
170880412
17394006
81556383
59914717
175487394
94444952
31908745
39327903
175821477
74112118
125777890
104038217
64811238
155306469
97723892
229887138
129278935
107042836
25975526
121150274
108298570
69667013
7491804
133824743
119851178
122075106
32104574
228490533
106611701
90569140
49685875
69843195
19979766
28109289
5724058
33061408
234452639
75411120
77583736
27529277
114953978
122458647
94808005
39614102
187472884
146055363
153734787
212970164
38136277
35535739
46330104
25628852
108318636
86206394
139242973
46384212
43850414
27575227
7719710
60395688
164629641
12262077
24961047
52171572
76592507
56206972
24684114
30896703
62904426
88251748
88064647
12170607
22144743
34910158
41003016
24990462
82293483
57924385
182279725
50965107
57167168
121806979
21116364
107237712
206356151
136376244
38290190
128817487
220203719
33365467
129464409
231442242
38654160
27877093
87289270
60310092
37512889
67317944
161476108
154071784
94665379
176830329
4998426
96165696
63822513
22385081
12940619
21452007
114189668
126500751
5975629
27022657
29106942
39482951
66114581
47945686
96949401
57793148
79200630
92449466
21833883
23094494
124363138
206584832
12386280
35176990
100891954
190857038
29229927
152511540
16423156
128671690
32416614
206068589
166152238
48274642
108079678
48834195
235218688
22174778
125886108
112914146
105574577
33793319
20284616
104836893
195768433
62945250
132984007
212061301
69103284
132484674
138248344
103646247
220319451
25899706
5613134
74461926
70426245
12716528
18913611
104790317
19762957
16175639
20816195
83696806
51499683
144257203
217574440
224070559
52521344
4590127
18852842
158746363
73524393
32974628
133114615
164431636
134688487
179311881
27072048
61018878
48894880
190868149
26202735
28678821
47528075
20987276
43883275
215768068
139988762
212508748
47365769
40095340
64519237
198204993
12512357
11153581
207633296
57040909
31652195
61025261
215609118
7501886
63032458
215268235
123084161
79071732
45635407
206387025
115723821
68125705
88294879
19482131
89779119
215262078
63168007
129636237
6188022
51293022
51071145
72725372
105217778
114481801
50049840
29753678
21387871
111900003
12977794
35733217
13920093
220388359
38665250
116972412
132711874
159170313
175096814
205984017
129439467
20411069
188792227
37058864
53820830
40303022
50980293
98345018
25356915
25331427
20741191
22189985
30352478
86298047
7673622
16667447
84228598
5783891
115837952
22587379
17110534
12883482
28358420
12556607
48647130
148523526
151988767
51921952
101892783
122870576
140860681
202470527
114673746
161804826
202551184
6453352
15037804
7813372
65990642
165375370
16522021
155582725
7628358
39395775
7341033
51392544
36801626
233761023
4166322
23106348
65919282
85497301
79180260
6675178
36215310
126656904
198079074
137886168
165143361
195048265
199437037
150188943
160966146
43359030
67314721
18387178
212990262
38840131
203206570
104943395
51127825
47421537
26605514
54496693
198675423
48616925
146792840
157624727
92835868
39374707
43336277
140630907
57433216
42713780
80748548
163550636
128373344
38717871
124547932
103266472
50590508
88883326
25974010
89973267
136282209
119826521
105712244
140120010
21095839
196371452
178976273
6021100
16381443
62084378
40005667
61951738
118205285
7893560
117908279
122728090
21523953
169794469
43319171
58996692
19524080
19199322
140062275
28600668
101101657
144181887
176574496
150013437
11499923
40625449
54639378
19740312
48670327
9890115
142991608
6088661
103539262
119353752
112659198
123092654
99646353
41806507
115225395
169821535
215618883
117732002
24377787
189398285
184105836
33867268
37409176
159519376
29186106
119712470
130553820
156132777
59357388
23930165
181131350
93510545
134481707
24829534
163160163
141557650
62915234
8161543
42083804
202479693
46844476
125384002
125986912
132221375
60188016
19971464
183713083
62440043
45269805
6315486
113061039
161702175
19701215
86860115
166688155
9800837
155906936
182303623
117682741
77902302
74520297
20534781
38160341
170339726
88185732
106530151
181647337
120826201
108402263
18146439
156837409
11927127
85239911
163647869
187636505
123481136
11063024
20601511
83125651
230699236
211182536
155948521
125604731
56391113
217144095
43924548
47798326
47823163
208417776
69315672
71411588
68948729
20453152
59806592
102863205
34400597
11945399
128252417
144167652
26192264
141761816
16041047
160279641
135731220
122446005
64010667
81877827
204304244
53442296
154188659
20611980
50906353
60871043
52001922
68643478
72334085
172910340
215954759
208723290
114678215
36726841
150448608
16560721
35617482
30265828
141155382
122655556
71854165
144956913
40820210
35768661
45478665
207030060
24583355
30174697
19079817
69487060
135608221
101366720
123828556
18705565
32149489
25674417
134428581
37070103
140048376
131887436
70468553
122266602
104385514
169578301
178128855
69147142
73236145
27277598
29289374
50823706
149617636
207731725
22672799
157350061
21178994
45390762
40062877
44424193
22114496
87573499
22173409
185934007
153741699
20219471
166218522
5279830
20169417
117776061
16285197
47804731
41100721
30156230
157572633
28467385
8851582
63203373
183260368
192709728
25907702
19030704
76910120
57493512
6280824
208172874
43724397
39329488
19080918
17447441
69498254
73962828
16824327
22279340
16545294
12675480
202312214
116753168
49577751
68629772
25859251
32205562
33438838
185523244
96573944
126961575
133376531
7989916
30999283
233480446
44370362
15259286
30725416
63424993
6105388
39846803
30356089
56326965
22623880
215765238
127832304
172356538
137249474
81345282
147897109
65170123
116347833
72624899
139904602
124910907
212440982
33379451
85175055
16711606
161978333
196219165
230715454
109955121
20131464
148941102
56064099
63953618
18408951
107312785
164653361
67746147
174275858
33581583
82082236
36390283
139157875
13394809
159615784
7176220
31887385
7802597
155440644
19858757
104583823
29256459
209331661
84471195
31651900
159450752
220216679
13456585
18481517
12746876
26139927
120252319
61509267
60146106
84300308
29436837
188473040
135752971
136839628
114873533
112453684
66778822
6006692
19636843
28029271
127972599
75171621
15859857
225890587
144191871
51417481
120766390
5705518
141663707
51144077
213664470
35394647
32968630
11636336
110476137
65883322
7838874
80689685
198246937
32607399
26915676
117854644
24955526
31703422
90836833
41690953
32130491
32378805
90334311
118343836
123160539
90933601
80784548
12817370
71873499
191326932
118031903
73950646
12108039
91169343
167428351
30150250
112404799
121931107
199850400
158668706
105361906
22575516
67731687
52331692
39146021
124981671
117527943
23337073
6990816
111955200
225567427
186985833
108258675
49726234
117125009
139848064
108574914
15112282
124837153
112862854
26886254
77016002
72477548
73847009
11622900
107188052
165278520
22684947
51724574
17628124
68120226
66446729
19920914
98654937
26998747
203669188
39626508
107959445
144241693
229143708
97333947
132412639
80813531
109708403
206958913
72487996
189007775
108579718
87000740
94278410
81706880
122909786
137003868
123918507
22926084
15954062
84209668
75441356
225755617
6897314
62275342
34934801
118188518
26244900
18276382
65104276
157739721
63377151
74801980
54750297
111537989
78252287
107034967
138051501
118141550
108387226
66059073
56560845
121510145
122076644
39166889
83873072
57519024
48899759
133895428
123118400
115702745
53246976
63018015
110788771
57301419
102691953
139603625
27404486
155367149
151582958
13530214
24920098
36784476
100239567
132902831
36127348
43893698
58451940
141964798
47451945
105638871
44036857
125879927
115059164
91134632
53135868
67711833
114091312
22335455
63636778
6924023
52598492
116312389
56978787
44114668
229361989
27372565
6817431
11440150
185718049
111664534
117196292
30409014
19732002
58166775
50064786
25013164
6706912
22327276
23479413
206356215
31416132
175927711
185443109
213088710
136944765
83392019
23668075
43678326
42617999
47950915
215065416
84313966
5176280
20866668
175343114
173131490
87076667
23597258
110114277
128640690
77118704
116217614
33189979
25357277
127236374
58079995
20632256
63883817
156735130
81238891
159544199
48547122
177002638
218926298
28597291
92292609
79750592
30303074
133003877
34084993
18924668
21166112
52002459
42665411
138188351
218666472
126365021
31256845
25860247
118843931
7915205
57804778
155087272
112921201
196906445
182106033
62174643
116038202
41326406
52089597
9313920
111277500
167761855
150831786
126082586
82143654
12611246
18740334
151162604
56905853
105124268
156273064
231513276
24895761
108680368
160455160
20433193
25651376
28147421
207636086
146509708
166271456
114802171
39620566
165443448
28899627
116758844
113399864
110453061
119334726
18502375
25857842
20872697
103621297
199815291
80221163
13537977
222424954
221865534
36456831
21198034
6674709
218424407
52207685
16672052
175977519
152818355
5713764
115479505
89069293
100064317
43702363
12671184
89836076
12394217
87704137
39063366
32341664
142995362
48341447
8665282
22619107
139880636
84502375
93808394
40042757
20678049
62862023
48489253
127204136
116734784
36187725
224650853
31641393
62370847
129858869
222547359
86910705
11236656
138193644
81869414
30673789
11015249
122281824
110694994
110729436
40767586
126742757
88959733
108353795
155328607
17343323
47295924
169863493
185017085
182662596
137152060
190315078
123339166
118795572
50417804
23981811
124026339
219944133
179658256
31483271
131649843
124155513
113455656
133797875
53543830
129610572
24465014
5855644
151881982
111072942
26466145
81589965
213523074
115866047
184945431
45201386
154882119
180886795
222646937
61010972
110800933
126711784
173885269
90072680
69961559
132633156
103090453
27277356
112107863
103394002
32536926
51953609
135611634
18951391
140965582
224887419
183622938
200464761
17738837
17275497
121074594
99751602
111817878
78262510
63234168
95998785
64832330
111961225
32840326
92981481
18570388
112237264
16774955
65227027
95694777
191037599
148923270
20228728
135420130
59241988
229313790
65223136
47281926
131498027
112837108
83930576
117763762
13084486
72016192
42193621
38591036
16782062
65089302
53886265
18004535
41490588
34509572
80221702
18930112
17168564
121199547
137130760
40532622
129522628
17561930
29103381
21222819
48021975
116726090
58789567
182608246
15677229
99674815
37122958
92941781
72360536
71570306
65691517
82321296
223135142
107032902
17121808
41810983
83193230
157721575
46524492
111287665
121367954
84560176
121753869
77360532
30974931
85751100
115160078
12998358
16322747
4775854
139891084
23696738
122145045
78407547
60916747
54662619
106347567
160904340
120012014
28251890
19373512
44981191
24567051
113821337
72749901
22376550
11668149
84266560
191426380
153649364
160717341
85876345
24996843
32142463
106274457
15016293
162402018
21753364
123248269
208671338
38657683
142682264
191917143
167287158
227835196
58646407
152475216
200523181
44900649
13083227
128189310
49487911
30712100
154784196
47703753
117295318
133455543
213490743
131935798
128559910
100056736
11161005
32943645
73531798
41523302
129581813
152991698
130945053
152807677
44262028
9070914
12485195
22949025
34022094
71979309
30240209
146343491
141727258
174132437
80236119
27172201
148464772
147325800
149856032
120367371
10591049
167459021
159042897
51112768
139973095
198455560
115316065
55938820
40272439
47342565
83149732
6186505
68700280
192133468
110612011
114664282
147988036
21733997
115501445
85233702
132730989
32455070
34913005
60357868
192227316
11534838
7602333
154129407
45276240
20235716
20836197
95138808
55955792
120291547
112668735
19983972
120204546
57643111
28999151
44161814
24165544
67426405
58047843
57432775
99191093
109233226
90271711
60187395
30040656
178804387
16540539
38487619
173153926
203913394
22336925
75148397
89742003
17752279
154901873
146885977
19487727
181835695
34836045
169559479
28615156
206544428
51171119
29048238
134151505
150349125
11648747
31066559
142709403
62837685
22310865
156109163
46741763
12120090
97254236
127653684
111575889
113506926
116565695
205166894
132466783
40328800
28341374
5369486
213451810
190286899
58003978
38522916
69423239
8556563
12383500
206912133
21476440
53076021
100906320
63643167
155810164
4514415
114247398
58939546
175711974
142121529
182526390
119192963
181876290
51692381
39999671
119579290
108086429
103999459
25336070
7969534
5731921
74585208
126339109
74326947
151998395
8616985
201689933
135401527
110700534
12706885
73596918
53150550
86730285
130151766
138719487
41291124
29179751
98726254
94092672
89092576
34852786
194281610
80135002
21991909
114983617
208204013
195720539
18719631
66257492
142382968
139731723
18347800
81230021
203674798
52178986
36928678
143535491
112601416
38461308
175216000
59724942
88790873
21003710
109123378
135796744
115736478
176133127
17570934
8281793
180720233
34049393
23358844
94544379
120292290
120616412
6369833
148738153
150967329
188689992
34734538
138398274
13406148
20152628
29175744
18656371
157658567
57660597
113487020
91195775
151157390
6146902
72379665
151105305
81390166
155550872
15467293
112787481
85040634
60558501
16399341
15837558
107143695
134699452
36440711
146086678
17546032
114965904
15024078
54648313
182255535
37681924
101911203
46275911
22940170
94355462
213314596
204829552
15138546
123035535
37243912
209575336
144679105
26232972
46441100
63012123
30632125
186483416
173163684
50769487
120031528
69195527
59564241
232732514
108600382
107966413
103161836
75648195
47253091
6313799
57470857
33380304
20386352
73048521
27848967
215560663
30848381
16176168
5511054
46837501
123210073
25551523
14358624
145335622
142494607
25704113
137105361
22165549
206288947
140621681
146409466
45004311
156217511
147120034
204247905
122900767
41039114
69208364
138785021
157217908
80992471
187975503
39040812
181886319
206835349
55799811
125646899
208324118
123391489
161551484
230432573
58924499
96787191
218531777
25525446
95538087
115896556
26050862
63827159
131422784
39976960
175875794
166055149
95114712
26031532
103480590
116292119
26715549
21107256
118330852
86916244
25635058
104761394
135650975
61353898
22977896
26004289
197829490
154679518
169357009
77853159
131323719
183012727
47039260
43344074
8712988
25393954
210928545
79418859
31080697
161215006
43384749
158492878
84086553
158794206
124388384
27152715
161494161
35872303
79781965
25802593
32949528
176584882
172821291
29523330
32105342
109147322
147891544
43368474
191691683
91776246
25401646
41851655
11366257
32222625
17874298
30688609
130224823
15836020
38377402
10373644
42292640
50945286
18187308
38593819
63399997
24390777
137984177
6169099
176456833
159638791
230344157
23810664
108078028
144214622
12743944
41434905
125642555
21754708
111943213
18276308
43066018
23043132
193193221
210569301
52227806
124423135
25115189
176028946
144199703
126980574
192388645
11760369
116761766
34477676
161689934
27971550
183249388
25875182
65977117
213745856
192518414
58083042
132477077
125378070
141558030
128429762
38301249
186525962
192512507
59880297
90348883
69401141
79296437
19693591
114583314
50854909
205098798
22556962
13086052
23857299
20008625
26574038
11471126
35934499
48661065
50347747
59612584
112044626
68411125
136417828
185387348
25222956
207337554
86091189
94694500
16914541
12525750
90350274
74007197
50689438
39950585
26489934
47395977
15594008
61140639
226191556
148070949
18845486
221207737
112408521
25608505
223513434
31505127
122993721
208962925
12838705
57208693
71057812
93594804
63461124
41565361
202545396
43862779
49999772
29752680
70662156
18650735
198158175
29899541
225974372
19162448
165577852
137399763
125708522
134977197
86803042
202622127
62340143
63384615
165127059
20677087
86825437
4316148
73029953
224869477
17323174
111529329
117754529
190821739
119802686
106659057
125900977
35474634
155853660
128582188
37338255
56881283
108287668
110909243
108086130
34482208
41999386
27150625
17356137
28834752
116710326
50323374
104418314
185890855
80825661
63593761
107365387
65859314
99471410
11630038
47838853
26543164
84097294
109657899
116732822
88218543
102109136
88872762
46145445
57062576
52885675
127213852
41772232
132956677
11458095
111315942
143753693
72287400
28671570
17478255
50912518
16758623
45607552
101525920
27527772
105456403
35548875
22128368
136918629
6964080
32040839
23064321
64825873
76622347
140852004
23669449
131838458
31645351
26410662
51256188
21197729
26431969
137056262
79450487
16038715
108895547
39672349
12348951
220777657
206759648
67969025
161263845
160251387
22088763
132291234
123347933
127538042
131725199
28325797
45592484
94472741
38826768
60290989
129394205
97499045
20485141
199309636
19486987
26794178
166343421
25026458
148335067
233385153
25655451
64259498
33531008
20487189
152002389
115935962
12762913
48412829
6027597
43930646
173208144
86113339
119060644
65014405
24174398
8040223
115831292
6009747
90270362
223335962
46005594
69763661
133707190
22572586
167348686
86461637
66983802
6010562
25435681
215111863
12006789
45715464
63333415
21053469
106975379
204814266
91882879
150368968
22419823
148039638
111196372
126647699
188166747
131929539
180555535
25850304
133548483
49113767
50058475
89872589
73416505
118654458
72772787
41241320
127132916
148059613
7445696
120398180
185291029
103281814
149928225
124066559
182331515
180092416
7069913
67916189
112485465
34502577
198783286
33781077
44838098
53636082
143978887
44116075
174388507
103593676
16909840
45930211
203765273
207554378
38880601
49418437
67602756
109085004
110571336
40340904
98426798
81394570
23002912
109999539
43629183
20543355
47833080
146568160
55354185
41067932
44879612
42454368
179236296
127211096
166804618
40344330
122265182
7660835
37863690
167076712
162344937
36628065
44145296
211937212
104743681
78866819
209228809
51036357
90534769
136656229
22204828
31741998
26141279
202203217
119415425
7314463
102945251
21006093
7382816
161414725
19207949
157017673
167611130
110945945
225576315
114802215
175075076
33702109
107273491
58826121
114955844
123642697
39413226
18627489
123711047
119607395
97928593
119708700
24023154
77416495
88277668
112010131
13441441
19370411
20770409
191538997
168601885
28456947
40852975
16805509
172785439
20230443
203803584
65096012
156302871
108844423
61171626
65948584
66250761
108422005
70252892
29944647
77004904
213413108
112188488
80931253
35069375
11715529
24907594
83065108
137038106
30715933
21693475
92679346
12439967
27681765
30796167
161169540
169821796
8030630
71707144
118522907
24978507
188136230
12885727
139833758
23313131
62037356
116031674
83863993
6376106
42205634
30843891
17279690
215442552
22381010
42665283
78351057
39100571
132471034
173893201
134213523
29990353
229706431
92060162
40922887
128005320
138694501
49605240
175619536
189642288
112929409
79237487
160108355
181140490
227606275
123732934
85748819
193707230
99289118
164130057
27972531
12381857
205572812
148311082
79531296
49773855
222924803
135533108
157793777
208956502
122332720
71183054
136073056
16941279
72891686
5470636
5901616
69038761
67531912
18583029
74367545
22803963
142245048
156373922
8573158
170006292
18039835
67716101
229874432
43547426
16510441
225838118
52013558
36351096
117085721
118784636
116617677
179451549
80285328
39807512
32316172
43966969
21284644
171471416
172533555
94203293
69711947
185525282
63394008
84398495
12935229
6195555
183193296
50824367
215145706
34359648
201419106
46148882
184876818
54332919
44723127
141438521
117339328
115674435
8009466
80646328
59007259
18123515
172302787
17767271
107445550
85448730
186622506
5537756
99883605
94745155
57209917
221057605
79424127
18463327
202933737
18192267
24078641
148767712
135878241
104622901
182370382
34601557
43185919
189574201
77042438
89256928
136003063
21395626
89683487
147911439
33992292
23308542
64592978
183648581
34888464
29106760
109382483
105716457
38985705
97581152
114829461
22751186
118120636
149194404
12245976
81113701
154153279
123357811
30045336
60874375
123732028
81260081
79444580
196033163
67457325
167588671
32095415
37659821
191603472
131098094
48177016
53831030
48633810
91702578
5279280
19384314
221753624
58436217
118512675
49555672
59116038
162898028
166056322
42939703
131905414
222587297
97512844
146567104
71853934
59960165
6865913
53903178
73951558
28601654
182511290
38115546
107058832
154989877
125008484
61066371
205043154
14286485
27115196
114861676
61765732
91903579
125426530
41638434
225555367
123186100
228406207
156142412
51732850
40753616
107034345
68485966
44343806
187934447
169869009
72713244
118852831
43429467
38041395
150153978
153901228
46047924
120945354
25454961
150487286
27424209
65262413
60215431
119061242
147051916
181995166
211470505
44870728
165094003
12137917
23452044
17731707
199603195
67548125
26616623
12533822
28361584
24468462
123195332
21323255
148436712
94322182
144915905
145457410
49072834
35294982
152152869
52599096
141716438
110907323
185395225
126690794
30624221
50936785
103607820
26974016
128220460
37253125
218546406
125118936
78870810
94579045
76111607
132637762
117151839
6128150
104908222
3529485
36445209
36267646
63825984
25839462
178161677
110878386
46131352
87614713
92864627
228828805
33815710
221266183
192627143
98512060
121285656
56350949
40119690
57335681
232977121
142968742
62964765
37599617
149918500
56892165
205447393
174453988
143523322
67339047
107744338
116814591
41645603
24690882
62348988
55258193
83342729
34018906
14007777
211854935
46666416
224100539
12787270
211456982
19911825
148345284
5884618
10093086
163155347
24339731
81840324
121660525
64691972
22629833
40322971
206440295
47023137
191038234
11451282
6134090
107208080
86209800
94506950
40317777
111063608
105999796
23368669
133378431
52142015
9805084
26280781
46826162
32980709
34344049
103020179
18756596
7668522
22042120
96591841
197713525
147419755
26466174
28114336
209188643
37377435
112150491
88758612
7703490
225853594
109958486
31315320
212154273
70400377
79971390
156994831
177009021
58062405
66003830
38166644
110720078
7948201
109903638
24478348
109337451
221737828
102670384
30469111
230260191
143977188
26789760
129010675
138333037
89769409
8805027
51505904
175737496
24959411
149969860
137444780
78185703
39321087
66361907
20026428
184806238
24916718
74998998
7415299
23642140
176611208
8429761
38434460
12437905
16440206
101528176
100630868
150787842
6580848
208979227
20181446
55454108
22825372
16090722
136326523
116785889
104272702
72598365
36350944
28686635
134563245
171650590
87780523
25608516
39138047
18965343
141906244
145059980
57982937
118951383
195114684
79822641
27820044
187859002
46874053
22042026
161243001
81507691
27144323
18207904
23903286
21524058
222171527
52676802
217970623
128737239
177345752
5828210
135925228
125661550
51812246
66760319
129512203
52817291
150854641
18797746
180294870
111408374
50673319
4703432
25158789
21509770
77610915
214241666
27471182
18989860
160210738
55749811
122220968
171348567
87231100
232075838
95427326
18281028
18066311
26965381
117614892
215053959
6154472
42200338
45410081
24232826
44508121
98161318
171111313
28890613
159254211
203139814
61401904
137428731
198998558
114757484
83455341
28535405
55279300
150944993
56929260
159966962
120052612
39046606
194122295
192381328
93236165
206274801
18158612
170892722
209761921
98514938
41753736
168782059
99633179
218034166
21910342
23924560
26788121
220352200
49730231
98582831
195412527
119799996
169057507
42267265
83487432
156175914
39857317
105541909
16892785
114488102
51910613
33274853
41767033
167856231
96735002
12373545
52951915
52988722
13209951
101477818
68629471
112158703
22939277
102679733
82785882
21150504
110330787
115889688
25310923
150550075
184226819
83712862
6352342
129142786
111788745
121281697
87861948
206075553
48853436
79412052
71617949
117270853
33962692
111296342
16791803
109922985
119605181
29708080
198128773
15332833
154545975
115231828
109001295
112384239
12578837
116419709
103446763
5677506
35082895
204626993
65767110
23300434
140819281
84528179
204094940
38678313
115261786
114817497
123833951
84738898
83655032
16726617
42287690
131559041
26929474
215716118
106714132
136277765
32697236
113247513
105192182
39393007
66158949
27273944
175963886
35626958
130916744
141271541
152311101
210700470
118546111
78708820
78084693
78974892
146287063
47740289
128646250
45044990
12779602
13355769
29785457
132537860
137620516
113885706
77872075
187659777
156648043
229155202
44340820
211471456
162445133
22278676
32199739
223358553
132935876
211869261
207778066
203089569
121370495
78904952
115819411
111923657
32142105
38280749
24403809
165906664
99798460
20673231
5647411
37664907
187020269
5335483
22766777
69053909
43184831
84906771
47961950
95446055
52505829
50893849
114608562
132298904
116544920
76828097
64026249
82673057
51391570
148809447
31441285
21819707
40864681
44958425
73302567
112188070
71731604
33875520
117366459
135237745
91604397
207972468
59285182
5296473
38641219
34519100
98585673
56934688
35495485
11806410
110529393
32604354
7038727
24051229
114222776
120936297
29851782
114358958
65014322
152774423
210037449
231941373
12217931
62927554
20475632
192600263
199220797
116717795
227690815
204482222
113764616
218496985
49116166
117350812
24704108
27005953
78789473
116172153
121411820
15383982
132239837
28847264
16790073
195024226
18815219
184377038
48080006
30014921
91283873
102528407
226566340
60259540
61161082
106794937
221062649
50485191
24893306
60485209
121002967
87836050
41173006
48408260
127791468
28126913
183344832
169867003
77041249
117149099
58302168
46051925
120495215
114980529
105473358
6537204
86134169
17245479
56340982
94053246
79056909
66791778
28133378
133556596
110045082
120296445
37355185
199694441
89024480
37213658
58644770
70737112
188111123
97616154
29263263
15269546
29013250
135850297
24755855
126652866
41704467
130074977
28145770
31194628
61348907
52520821
212785820
17579694
51193484
22458642
146299289
24593669
164869853
34215304
153295819
43799768
28838729
26720588
51381691
190721832
206919381
28183532
128510494
44450243
42026878
12419891
61818722
148482007
206085741
30611509
101915019
54737369
13830532
181156285
22265291
109783530
76279423
84553839
51108773
200550290
197374196
173525937
44932670
56343533
46376836
31464119
27686381
215275926
70744233
197507877
25788737
169867735
181822050
220660542
142665370
156796570
63557543
148646986
34989793
79386892
15169573
84364487
80373007
158049880
92341799
94935019
27080242
116502437
97341528
178034964
40277232
62159596
117705918
30858771
110742894
84688024
120319499
33681950
149572450
153714319
117667629
100627554
20510396
94879509
15549432
16814174
147879857
105711473
29651264
49216659
80046802
72010739
36734185
65382304
116531453
220752922
145767491
20427352
200342308
48888219
16831819
7891364
5095634
32880849
83294452
90103571
76191703
59223288
40670615
28589525
55855144
113255805
156208853
4531114
20553449
131082788
143668118
186112588
40985724
34476384
52298666
33399617
85160836
71217690
209891701
142048958
47117933
115145366
41982543
216709480
173337984
121738196
92623200
10416811
37904495
227397278
221697607
108472263
141215332
49947647
21367783
157488736
59013929
82524109
212489930
69616861
115640389
5412117
111294077
44820756
103834349
51359378
125228448
125879781
38326869
72524420
197489091
112548504
69082466
200797908
47741290
96396446
29268086
197067341
16731545
161322180
152780238
77642444
186137438
22783353
64211359
178358696
74215509
35649161
39616330
93868833
104158707
12588643
153286308
9028319
149040151
6488970
16990527
40519106
27289978
15017614
22586178
111096529
25392283
110124224
40410447
33363001
153839916
63846997
23160820
33025475
124372708
112222935
196108309
45272505
97239956
85518428
126214220
157208776
143223042
196571353
127655985
89131651
22033951
134140195
94730251
129366267
24352985
34754865
87763830
221647321
231777825
98287454
30971664
131114262
20099299
18770775
193423479
27219957
32373122
204396625
7563521
145782404
158390095
56074033
59888231
208174766
109401607
213852758
129223398
12513762
133798767
48567122
153895928
66951153
20569871
134446032
98590291
135200665
156712768
25221007
42867684
155111129
41154304
53110070
111174544
63028377
130663803
115681819
127285327
87232595
18665010
128176558
107731306
126186342
130918697
30706663
208626006
68226822
26461944
175756757
33799494
211484949
176663172
78438077
41109751
127909535
31579128
39369262
122906280
21355438
129555028
225680036
136186326
7646365
117823646
164509515
20150829
44019009
117035199
126072093
27059591
56349794
139198563
17154560
166539936
171188285
53364253
36281213
45469401
192083642
19493131
147712150
206389736
121079976
17966609
32748708
72475357
118014969
6741688
208203050
188216883
114989988
23829179
214298437
163061016
32474554
23527928
18750725
25460849
146955749
29954261
9307176
7156881
7601216
147037276
136585505
11967703
10230388
34395603
12535948
39705653
214417572
14971398
29225916
148335972
32933377
12810467
107809174
57910677
145221361
149803581
41520088
88481579
28250573
79896237
15711622
72002678
116247969
56643693
212884065
21612070
7136467
22236698
41685024
162387512
48076928
67106776
42337382
118435860
163922853
4717580
46551951
110761936
20845592
41776416
72458615
166480665
20941391
5837835
22210347
187026040
72707326
182027807
21360058
73358553
10982597
121247742
85458306
22609675
12826552
93024668
67082725
199165139
120258705
56938746
199525064
215081543
40832216
25914047
132212818
5325994
118755369
38325087
82325438
8821334
19245547
108656160
39360335
186400149
88498036
48579356
68437168
48312745
168492769
32392519
197670221
38390052
60768555
85162692
149390590
124718906
148924736
5621512
92158852
102733903
36020049
93841242
42791058
35344820
175318931
24736734
180668293
112187694
42000759
38386812
44148891
61299840
123732529
206329043
28685186
35231662
23629762
40818537
44932572
150401182
43163855
140363396
91431073
105723527
18574252
46701605
139214294
144625663
81052874
37510385
144842487
157168557
179069943
49594253
17331904
205212955
16465756
161797953
42558199
105789353
16235993
6110937
39949579
158914581
16689799
6930150
69682265
96723056
30206890
144899342
28518706
11445549
183515105
212886548
41344902
62504403
74636285
89250326
183703518
37467019
15624086
10046254
71746569
68632932
100846733
105386962
135494576
124798157
78168207
88681434
195677641
134994049
149701101
157884904
39204991
144870624
115459617
157859786
53314074
197825499
116923577
18226464
86472998
109158859
11542872
126024334
217244744
41657244
64525695
151280666
214685355
39941406
46900914
40102314
60001437
80796371
78537250
69904696
13560227
59683717
98924103
205466079
208694007
79180100
116015416
107506435
200238817
142259565
25528066
20433865
167724193
25806931
12373705
111420103
84521843
27474182
30335707
6089737
36436944
215320325
23790846
198346625
135225897
70858301
82326775
152443024
64903635
106441999
55422580
13866144
77983438
93186236
110628457
32208512
119926308
75870444
34658593
48559135
103683843
19972273
97398002
88499298
33660197
26573448
20715356
65530277
16891501
47942367
145984331
124540349
156264649
43490927
77196949
50063169
132265647
64915653
138514592
117855101
20221146
219873863
121422534
170166578
122033984
105946572
200480155
130840641
62836702
133822035
116061680
12755880
35937398
182324414
58381818
44826466
86034461
86445774
55076618
89416114
140995960
166813152
3163856
45047358
160975665
21856231
14948583
154702876
27289850
197575447
146874038
227534977
149905010
9386681
137077556
8798273
70996288
107298518
188385414
26678911
47308249
86332138
126211261
26015667
118447874
106129162
183839922
73253430
31922332
110882792
160331556
96550292
209021133
42456704
87964669
122732764
187398504
207407252
30935974
207628468
91891419
176063025
95180985
95725243
18890417
208783442
121265734
121575308
164150888
175683016
193390730
106224247
37670116
69803063
118897923
68735288
161178902
34906811
37599473
205750432
16311648
122568433
114911895
21203075
111059737
113616693
96420840
90152190
44933887
224166745
209170255
51775080
137623357
108087220
106969673
114547145
95671514
111885590
83124229
79421084
96656208
38222260
81479311
170440965
33009397
149709732
198946343
18573388
20697855
6534891
20566821
25337697
7405919
43871165
56284607
23987997
68830072
87283132
185423337
11062074
162145966
95236730
198456078
54375793
167027521
123505729
152893646
126167831
133934307
126957226
193139113
101896609
60453130
213119221
137698742
28426601
149026077
114564933
148082065
190315606
83224361
174909822
6320299
91328901
224023590
211920234
7875850
112058217
38633286
192701707
187673113
154766125
55873842
187574766
205637675
131138696
127787030
182279910
127431328
118228735
111132429
99542080
6822326
90453008
112106933
13209816
134548935
19197386
86320321
32465665
30029402
162569379
93815262
31928290
51699739
199307993
205373173
46042377
64405713
129041711
20129075
124177388
204293941
93754948
55572354
77080579
194253598
51004246
50518814
23656466
59661370
58583267
108767641
60364001
108550278
30454792
217356828
98768138
159799431
162002799
72612029
20980745
90060632
169614866
52853877
121203864
66002498
43238813
136594773
142981986
59461688
8682180
188861841
19865813
128293197
36113755
60821696
143951040
75517797
65288566
30122612
184292969
111773672
37203021
90551843
5794574
28831342
234596034
202604004
19313628
129971059
26978787
167814129
38025873
57514486
157310036
108358676
65837769
61158876
82361113
50302035
140065911
22751815
165910261
7624371
129808019
78751092
12169562
62585978
29753443
191501858
133740819
114485420
30742059
213172546
34088947
224975427
19465045
229823521
112389987
19626474
17589364
29923330
68876077
38150737
28618243
46549540
228216094
121850250
131168503
232740957
115227752
106207824
143913513
42998351
207433748
194437193
144927778
206531738
33472966
143230761
68850029
23116858
17063003
141563395
66561196
18674635
98059504
47013617
17716890
49386161
116749014
6870970
149643764
135493757
143501788
30342595
35678141
169963511
81042813
53616754
89156280
93149859
166313790
59002438
83153096
44583267
17729533
144894022
137802488
64150889
39913268
170559022
161866045
149523011
207671373
17289939
92992865
31702759
9630150
130347612
12451100
133490972
107265875
17288721
119005227
57929985
41093544
98032312
52232539
191330021
174469220
196310826
23270722
21251018
19849981
133718961
144843839
55915277
44278344
217597335
87182538
202069578
168857323
120527026
181752693
86724473
137265523
105433777
4517557
130734776
12024993
71881138
43354494
68480480
124839394
172802361
56910933
29101109
120825349
124056530
50321584
52751234
28995233
27702701
163920469
117335200
150326881
223061210
150269310
62056416
218373753
41156156
120643907
73700707
106834670
129280800
61212615
60668025
69090509
162780477
167724200
154778418
213592225
94450491
29769450
11676141
150314050
51146652
7203562
78290573
107499733
138152841
138430206
23320639
40054942
26972894
73124001
56501283
29073330
29932880
102008592
26056648
183818963
206776220
88507615
15686698
20975786
52481669
29217278
17948882
142643708
150148233
105856615
22523747
131132267
208384163
121591845
11381234
6207422
94827111
157888199
24035047
111141047
166011991
28439970
85276774
71652843
150238971
208156370
31784766
49639841
34402903
141748367
224141306
6968807
140417063
53932146
64418402
136499769
28531466
4433230
218291869