3093073
3211754
3222839
3234284
3361485
3455083
3535172
3776428
4132956
4148655
4177456
4261311
4272338
4273613
4337619
4412305
4517910
4600178
4719249
4806872
4889816
5018254
5034726
5094758
5210669
5223124
5264554
5300593
5342705
5425515
5449702
5489132
5494849
5534796
5591784
5600243
5652508
5665985
5737960
5745801
5801133
5806954
5921847
5955279
6057084
6075081
6100674
6103617
6126110
6146924
6163324
6206038
6291406
6373284
6400114
6440625
6450975
6491159
6497962
6583070
6615387
6619986
6639296
6682535
6713683
6739666
6759051
6831401
6880715
6891754
6908538
6913378
6949186
6983745
7042345
7072831
7083044
7095856
7137008
7159288
7213788
7291601
7329903
7350459
7410514
7440597
7470209
7563972
7571482
7606210
7635835
7663811
7688032
7762406
7799237
7868665
7888352
8031869
8052827
8055329
8056616
8683317
9117886
9198240
9214173
9245729
9600858
10352534
10867225
10931729
11036589
11038418
11124082
11163394
11173116
11270244
11287039
11355856
11360307
11406422
11424303
11440910
11453712
11456786
11510002
11600877
11635756
11638316
11669199
11676343
11707918
11738925
11750357
11820297
11860426
11920622
11965166
12027600
12044283
12061976
12079847
12130857
12157143
12225881
12264421
12288297
12316863
12369391
12388158
12432164
12468436
12476783
12492069
12559025
12559579
12570967
12578570
12595250
12602230
12633706
12638092
12667737
12731045
12736226
12752277
12753737
12762544
12766617
12768529
12810885
12821822
12833761
12857274
12857965
12866564
12866824
12877861
12893383
12912437
12952932
13047839
13048386
13112360
13238887
13267846
13275801
13319707
13361349
13367621
13404516
13409098
13490183
13493768
13531771
13598568
13614629
13640000
13848388
13854845
14038428
14098832
14121569
14140844
14217759
14226397
14477354
14501929
14746894
14976590
15046476
15221398
15243915
15279795
15309948
15334276
15364404
15587693
15639209
15736174
15766834
15886894
15947849
16154936
16211200
16245889
16278281
16286692
16308227
16340299
16360355
16395810
16480096
16498042
16526501
16631418
16658738
16713840
16780224
16780591
16844822
16856952
16891410
16968404
17052428
17078821
17099665
17115258
17133454
17228780
17340533
17377945
17379979
17435225
17515865
17540805
17549821
17652324
17728413
17751232
17764122
17828807
17857610
17869218
17912260
17914233
18104889
18185537
18319614
18382306
18435962
18441486
18448741
18593172
18686313
18707523
18794889
18888912
18972425
18984536
19121393
19352496
19570297
19667373
19806633
19815533
19846520
19890018
19971016
20005210
20124935
20129150
20182372
20235537
20297272
20355380
20504026
20549999
20618772
20628158
20630221
20678253
20707582
20712081
20823909
20827089
20831560
20844942
20873482
20946638
20993384
20996141
21034683
21154940
21177280
21193383
21194381
21202981
21225722
21398954
21415527
21421127
21421648
21440471
21570142
21582124
21621644
21723610
21725423
21768416
21872556
21946642
21963304
22116243
22122010
22123952
22134039
22140880
22171536
22178174
22223972
22231248
22298158
22341519
22423749
22475071
22478740
22694636
22743029
22826136
23048842
23168600
23181538
23195634
23204184
23228024
23274008
23283902
23323539
23380220
23381995
23390097
23400415
23482474
23488649
23531991
23710539
23726820
23747960
23773180
23774808
23868506
23872933
23921512
23927339
23964657
23998757
24062748
24305902
24356035
24369993
24396111
24432731
24492707
24555993
24557805
24676216
24725768
24788158
24795650
24809555
24854406
24891893
24896665
24898746
24961502
24977408
25017421
25021870
25097131
25098533
25169235
25210169
25245711
25307141
25340081
25373752
25380278
25409810
25448059
25544630
25563678
25583919
25600815
25657103
25661153
25668718
25742729
25744613
25756898
25804709
25814726
25824207
25862456
25878668
25951399
26015494
26063368
26063749
26103425
26132443
26156035
26183810
26195534
26203707
26211366
26215981
26315559
26321221
26372745
26412029
26492959
26511628
26571096
26592886
26615973
26632727
26640585
26662186
26701951
26721600
26722637
26750059
26753391
26772301
26776184
26925196
26939301
26941640
26948682
26976912
26987068
27119701
27120851
27163068
27165265
27167978
27207010
27220959
27255337
27325155
27325491
27343014
27474487
27480546
27515909
27524646
27568675
27571318
27588867
27604664
27608730
27616190
27636485
27645523
27662359
27782027
27832783
27905041
27905865
27908458
27933907
27983461
27993889
28012567
28013733
28021755
28109526
28275374
28299862
28326360
28407639
28414274
28472682
28482062
28537945
28591411
28611275
28655923
28685039
28716162
28932580
28980964
29041524
29054303
29054589
29098101
29117117
29154428
29185985
29249837
29290298
29303165
29374079
29491565
29559216
29592367
29617419
29659086
29682533
29710231
29725971
29748992
29781378
29863419
29890362
29903733
29952306
29983906
29990315
30012014
30070589
30072499
30086840
30097815
30106431
30179866
30214516
30267134
30329716
30334589
30353622
30477930
30501450
30578586
30668289
30777326
30784451
30796622
30871744
30906977
30946347
31075565
31083811
31121024
31179839
31205016
31225725
31254041
31295015
31295845
31306232
31317810
31323435
31417371
31418535
31443726
31451303
31459430
31462621
31475935
31490663
31571145
31651177
31744464
31745861
31765333
31816760
31821965
31855738
31867271
31916239
32006784
32015063
32030828
32043206
32094920
32183462
32227086
32293645
32306133
32421832
32510937
32575949
32584209
32608511
32721611
32738549
32781230
32805337
32822002
32924835
32937803
32958247
33015760
33131325
33243683
33492242
33510798
33589701
33633294
33651507
33700400
33825253
33891711
33987951
34023698
34075104
34082845
34168355
34196143
34203954
34227570
34401250
34550244
34591627
34600129
34615264
34805666
34860990
34864623
34916005
34951185
35084948
35175456
35185326
35197302
35236717
35277035
35289040
35466542
35469957
35521864
35561075
35662604
35816336
35863547
35923523
35927165
35932019
35970974
36024687
36033690
36040907
36106284
36183439
36229878
36258522
36360991
36439873
36457120
36463665
36552249
36590642
36638114
36660977
36731342
36796710
36812513
36819294
36823636
37125778
37189806
37211881
37221879
37231665
37319315
37429006
37436430
37501074
37592658
37618523
37633453
37705109
37791246
37798301
37818279
37833445
37857898
37879572
37895482
37961770
37974761
37994213
38035017
38049382
38053896
38071893
38162647
38184561
38240827
38242444
38276065
38468341
38473009
38483155
38542278
38563596
38582239
38738370
38817712
38948265
38970105
39011955
39028290
39051685
39114336
39126636
39134210
39190554
39249667
39364861
39372203
39434439
39535646
39864795
39875934
39924205
39971036
40052664
40074839
40082598
40132093
40133238
40215798
40226908
40270646
40273866
40298019
40362975
40410640
40424754
40433802
40477348
40491600
40592195
40857831
40886510
40906992
40985024
41033976
41197034
41214446
41228374
41236528
41324194
41553636
41653594
41787561
41835890
41856866
41880292
41890763
41893380
41978338
42021511
42055468
42074819
42099230
42196146
42255842
42398962
42440409
42446359
42476963
42641686
42680970
42702896
42791846
42830374
42846843
42861741
43057083
43121413
43126354
43172389
43225141
43276232
43419261
43657598
43685573
43688290
43689013
43809706
44169785
44261317
44266058
44273328
44412061
44433257
44458955
44467111
44561241
44591682
44616851
44969240
45076740
45090907
45203806
45329089
45443373
45475711
45550820
45612875
45617184
45656593
45661477
45738072
45876253
46027491
46048066
46107784
46159948
46171240
46174567
46181731
46210781
46235644
46301386
46358833
46432836
46528497
46566010
46828417
47072318
47105718
47208171
47341706
47460961
47488479
47663229
47702075
47731291
47945890
48011989
48077435
48140280
48179495
48241343
48305103
48394848
48514334
48532419
48596201
48737199
48783674
48841696
48867301
48912682
48952562
48971521
49036936
49060318
49121661
49219151
49226692
49251569
49518990
49521144
49562349
49632276
49715407
49732909
49733934
49740002
49741649
49762814
49768131
49774731
49803795
50006537
50062208
50102104
50158108
50223320
50237320
50331043
50370477
50397472
50564719
50617132
50716121
50723219
50737171
50750506
50918014
51069764
51098431
51198779
51250801
51282903
51429268
51473216
51727999
51743809
51777014
52023136
52104959
52262430
52342292
52405822
52505214
52539776
52650466
52785881
52895377
53103762
53312612
53320256
53417334
53417482
53579526
53582184
53585806
53670621
53781347
54020296
54029810
54122832
54261203
54396666
54586226
54950968
54974245
55043704
55338971
55451394
55475346
55680937
55763959
55838206
56137443
56250862
56392856
56483844
56787124
56819526
57088414
57091051
57127143
57193192
57339680
57352253
57434717
57559635
57599613
57913800
58084204
58134149
58194022
58517860
58536654
58627693
58818023
58856210
59211869
59294685
59646278
59677057
59764690
59819462
59832441
60039366
60214278
60520213
60655577
60788459
60816042
60873483
61021991
61041953
61094565
61110098
61197546
61644201
61900238
61999988
62085229
62206463
62287226
62329597
62420183
62493040
62650539
62896626
62982582
63030829
63044729
63062368
63148291
63286393
63459639
63543433
63577011
63665804
63696334
63729387
63849337
63943248
64013962
64135207
64161072
64255980
64425632
64455377
64530680
64567659
64595509
64811290
64979382
65174729
65195122
65251047
65367160
65391187
65609661
65615017
65715197
65764707
65782152
65860100
65871322
66037353
66090737
66232850
66262433
66320797
66453316
66455440
66490845
66696902
66746665
66748295
66776547
66835517
66998933
67039275
67042903
67122525
67136395
67197914
67297469
67436015
67552277
67865971
68014690
68149840
68191385
68263954
68285742
68677347
68766573
68922757
69049168
69134240
69152092
69311462
69332249
69425490
69707669
69882266
69989306
70014791
70019761
70041731
70105524
70273239
70308901
70373925
70469556
70605312
70696801
70741794
70767697
70795822
70813052
70826307
71006709
71077135
71167537
71365626
71383707
71389388
71509448
71554550
71598380
71622070
71757742
71818818
71863446
71903590
72018398
72025864
72129296
72219796
72361066
72390446
72645835
72840540
72853078
72881075
73026618
73260295
73511041
73654831
73796216
74038054
74072011
74160476
74206539
74218312
74235078
74286550
74440707
74449079
74902909
74919615
75029678
75187582
75266862
75357173
75407544
75508214
75828338
76153495
76211054
76272785
76285913
76371588
76391034
76401323
76635770
76764782
76885297
77109498
77118394
77219474
77244028
77350991
77437423
77470670
77483507
77538543
77564914
77585753
77758258
77763313
77859890
77919539
77928903
78060872
78061832
78080497
78096243
78145502
78180115
78280900
78285455
78308703
78430739
78437687
78483859
78517326
78520653
78537838
78632377
78711028
78732686
78809811
78935917
79066292
79077740
79135276
79183431
79271182
79272372
79341669
79580656
79582225
79669588
79673685
79712147
79722763
79920690
79965712
80019956
80199735
80283723
80346550
80462346
80500278
80575120
80587823
80616261
80652940
80678922
80713108
80751796
80757878
80764214
80765589
80775135
80883958
80928272
81202579
81284214
81325240
81333070
81380219
81400842
81482153
81546189
81553450
81675305
81686141
81714747
81723667
81741747
81747511
81895799
82091202
82098275
82293411
82421941
82434098
82477318
82502337
82511137
82520492
82570526
82607240
82714064
82720872
82846654
82898904
82929519
83159693
83171176
83185527
83187201
83189098
83278388
83287708
83296245
83298392
83299736
83356169
83398360
83517416
83618433
83634920
83636264
83655011
83675448
83721382
83734680
83768520
83815385
83938344
83979176
84022507
84077032
84120002
84245192
84488150
84514713
84518465
84535097
84588459
84698319
84948327
84958809
84979448
84998006
85167545
85185990
85333001
85409054
85425466
85466925
85542801
85605897
85642715
85650665
85674145
85694682
85821338
85864326
85940646
85950171
85965060
85986013
86099770
86148807
86161660
86315386
86315766
86328133
86345659
86384283
86423739
86440708
86479471
86487659
86622011
86678245
86686683
86717103
86733773
86735962
86856346
86985095
87022373
87046332
87078492
87133691
87138850
87151867
87222331
87286203
87463164
87475739
87482172
87509149
87533514
87573531
87596508
87628038
87652544
87662788
87687395
87696026
87715491
87757178
87809917
87814348
87823097
87948700
87950532
87952450
87976302
88080014
88158686
88164900
88195777
88235495
88260167
88284924
88323751
88343332
88350787
88362304
88434045
88497671
88525731
88536642
88587525
88625182
88636065
88636166
88699230
88722176
88793890
88814241
88863750
88866426
88869025
88886588
88919617
88926134
88951362
88957378
88959334
89007871
89033824
89036830
89080545
89098011
89155938
89179168
89182082
89232666
89235774
89262011
89280315
89280923
89321129
89457951
89519234
89556614
89562593
89567689
89687360
89886939
90042686
90056512
90196896
90225863
90226730
90250437
90266953
90278818
90332964
90356037
90370563
90383484
90470301
90609039
90612571
90633571
90634561
90754496
90834719
90925499
90941986
90999519
91305600
91323722
91372110
91443839
91451590
91567294
91731645
91752067
91778244
91809852
91811780
91816066
91916821
91955965
92013792
92086308
92253923
92269759
92298497
92351551
92749855
92777184
92953018
93004076
93029207
93030643
93045203
93244455
93334682
93497129
93502071
93510546
94074393
94279227
94404385
94513897
94760728
94767798
95413341
95871583
95943189
96237501
96343684
96539104
96751340
96985165
97024869
97257568
97268570
97419962
97477062
97487856
97493889
97510785
97572229
97603589
97640007
97663205
97667928
97673147
97816410
97898627
97944868
98241359
98302043
98366681
98596959
99066766
99355108
99356902
99449716
99492712
99540377
99542261
99898910
99932486
100245335
100277925
100337156
100396602
100704844
100733437
100948912
100979355
100987589
101315056
101376445
101387025
101426599
101463681
101554128
101972311
101996534
102023195
102153968
102300904
102356040
102532431
103008590
103094547
103111491
103123403
103171069
103306095
103554067
103600692
103629080
103985019
104033484
104283696
104313746
104333677
104944425
105047880
105259869
105289329
105348779
105437897
105472903
105546613
105617365
105619423
105646262
105808554
105921331
105946143
107371046
107388231
107405082
107999625
108079956
108463524
108487685
108545850
108611943
108763763
108907932
109004439
109105044
109255150
109464827
109473713
109499281
109572770
109585981
109640030
109874628
109940354
110095955
110332451
110393242
110422682
110424889
110627458
110683463
110688242
110856350
110873563
111049487
111342301
111383925
111460129
111499068
111703327
111769637
111809976
112231768
112368839
112522560
112596953
112665605
112672232
112937284
113013018
113034896
113288666
113373941
113406635
113489594
113608091
113678778
114250895
114303868
114309837
114542043
114556708
114771732
114852296
114923875
115151159
115408548
115446074
115573000
115602237
115677469
115690951
115721535
115725129
115919338
115943529
116046759
116132574
116165377
116171564
116305398
116350641
116358934
116477198
116619454
116850104
116853498
117050391
117250112
117371739
117608910
117634354
117724404
117788438
117828820
117908570
117988057
117996282
118463764
118484217
118904045
119040745
119318569
119461294
119468629
119539056
119706365
119925286
120134418
120154549
120221947
120466082
120671577
120729000
120845606
120932848
120937066
121000956
121001510
121350329
121464814
121497612
121808823
121811864
121872822
121877793
121941857
122109923
122230959
122402593
122448529
122657931
122730208
122802042
122872418
123007483
123081545
123114360
123128902
123231543
123326973
123523023
123620344
123639092
123722906
123777247
123870445
123882643
124086361
124091112
124230642
124519278
124533247
124625872
124702019
124933544
125006445
125021454
125208658
125248202
125275623
125411123
125451351
125489126
125542101
125922175
125961849
126036174
126219605
126222037
126289741
126523687
126565861
126573377
126604048
126658091
126699190
126771172
127017074
127121595
127142040
127215937
127438823
127520357
127702624
127747454
127869858
128004306
128072405
128096048
128242294
128463616
128652243
128733977
128765713
128805162
128835713
128891694
128962947
129006708
129008202
129124500
129140802
129169769
129236782
129280349
129334048
129385819
129452984
129833935
129883144
129982002
129984419
130194901
130341802
130372467
130688305
130707233
130710411
130792395
130797999
130954283
131053354
131114167
131497230
131533695
131639122
131655547
131710267
131798613
131826777
131842829
131878521
131941405
132031973
132037768
132113883
132127942
132261048
132266387
132317017
132392290
132429162
132732462
133163303
133245519
133384572
133402470
133534813
133637138
133727866
133908301
134194377
134248693
134290554
134333384
134342866
134374892
134452017
134527097
134684174
134882703
134911739
135063341
135063765
135081201
135211118
135299516
135603448
135773314
135801397
135910567
136098623
136248868
136340495
136431997
136457258
136465178
136644356
137020164
137052013
137303084
137544295
137570360
137644915
137650387
137710252
137911395
138119794
138253386
138313600
138391666
138434611
138613718
138626403
138638453
138696951
138697680
139072642
139280119
139309858
139348588
139659081
139734602
139773769
139824490
139955073
140073960
140136274
140151644
140254070
140349369
140394800
140529276
140534895
140707245
140904295
140961935
140969769
140993941
141023784
141147202
141148131
141156712
141184093
141291511
141316122
141461424
141473884
141527151
141538479
141557952
141739308
141929873
142022799
142200602
142530526
142718557
142894588
143091725
143112426
143137383
143251261
143291107
143467981
143579491
143587427
143856109
143942627
143961575
144000658
144055893
144157560
144318815
144331152
144390539
144531752
144577857
144579743
144579791
144717030
145253130
145286130
145489415
145506584
145609368
145690159
145728167
145765448
145994938
146007256
146092493
146190738
146400840
146477636
146532478
146548297
146954631
147584651
147694248
147793829
148173338
148180195
148347534
148368880
148390813
148408382
148448839
148455397
148512922
148526369
148733658
148830126
149074694
149103215
149113807
149161061
149304511
149427462
149456905
149469488
149471398
149660511
149713740
149754964
150040043
150505643
150531493
150609049
150697508
150820858
150876354
151179850
151322084
151358184
151405144
151468415
151499791
151723718
151830149
151836851
151854426
151997703
152011833
152140415
152152235
152155363
152257482
152314132
152335591
152349389
152505810
152814999
152842529
152856512
152964079
153007943
153022982
153123328
153124692
153192706
153268442
153335083
153354390
153421982
153502042
154408150
154508874
154674602
154932767
155179058
155198561
155245999
155400722
155531868
155598456
155728253
155935529
155942737
156051042
156107954
156355812
156424865
156673087
156704534
156748297
156875451
156883847
157083418
157383699
157398382
157428444
157547691
157862403
158049048
158053607
158137524
158221351
158228114
158240148
158298942
158458783
158471274
158486214
158514637
158635552
158666648
158688502
158817101
159032577
159106242
159265346
159289582
159374003
159416644
159539598
159545068
159626783
159668766
159715756
159910714
159974765
160044391
160213960
160293070
160375781
160381875
160917741
161183343
161564741
161796825
162005830
162281058
162334950
162379766
162388767
162405745
162407524
162428634
162441295
162442456
162528294
162608977
162661945
163107294
163249167
163297319
163342788
163374796
163452006
163534563
163582946
163703868
163793296
163829229
163969390
163981125
163993159
164061732
164167652
164204314
164681013
164803825
164849052
164867017
165274994
165338533
165413619
165497516
165682791
165692937
165706173
166124754
166330143
166599269
166652205
166751839
166952932
167379148
167448435
167942394
167987026
168096378
168142314
168204274
168212758
168214492
168296820
168310437
168326353
168433598
168515282
168554697
168691725
168816551
168867291
168894095
169035042
169040515
169041176
169131058
169138430
169148266
169195780
169206904
169354660
169578353
169581353
169629680
169641455
169653390
169663902
169857834
169890521
169897982
170109524
170203005
170211885
170250672
170284630
170365602
170400826
170457560
170489521
170554306
170582126
170651728
170693954
170696228
170787090
170934024
171077545
171087987
171216491
171224378
171264372
171281258
171298768
171401104
171430642
171548852
171610032
171769651
171816658
171841227
171849173
171945931
172000332
172038863
172234894
172392363
172440242
172828239
172891469
173157708
173171990
173232714
173273923
173425396
173553645
173628557
173866924
173907929
173973144
173999774
174068922
174070841
174111976
174304501
174397751
174498579
174544554
174602228
174608324
174609764
174667866
174746709
174758680
174789869
174832878
174902831
174938487
174997994
175076009
175110741
175113384
175138442
175199076
175239410
175314725
175342801
175393194
175528163
175603861
175688253
175805504
175808712
176056236
176069039
176077486
176233627
176508581
176520951
176551436
176700508
176740756
176790324
176859635
177095149
177342443
177386749
177524074
177543543
177571892
177683124
177964683
178003982
178006654
178141005
178186841
178189578
178229589
178257553
178302968
178399270
178404235
178514789
178613190
178680113
178697616
178707429
178709141
178715968
178728799
178733699
178983337
179093117
179134504
179167100
179191283
179427497
179482280
179521240
179608183
179824215
179827445
180001005
180148941
180261415
180349852
180461891
180599139
180715949
180767272
181103169
181297454
181371018
181506393
181590912
181667544
181904738
181971817
182149264
182344138
182353773
182427462
182469249
182488135
182530893
182560104
182563690
182613590
182716333
182767752
182787304
182799109
182805998
182826252
182932462
182937383
182990925
183194810
183204036
183281795
183300086
183330990
183346447
183406679
183627352
183658478
183843263
183997204
184053948
184228165
184327107
184378283
184428665
184546112
184706690
184792983
184901845
184965077
185174845
185277753
185342298
185464432
185671607
185721167
185774836
185872270
185888890
185894142
185981020
185997444
186020077
186045104
186212863
186229182
186261293
186356070
186511375
186754556
187171351
187251146
187354614
187365109
187378338
187392588
187395890
187487644
187506283
187532876
187533084
187575874
187616313
187696257
187769714
187777334
187807007
187823275
187831587
187843868
187905736
187991706
188110293
188134782
188261579
188276722
188299026
188372929
188435131
188486839
188492832
188580883
188596613
188601037
188602120
188801943
188827514
188832848
188839368
188996428
189027020
189033580
189051475
189167233
189257410
189263873
189313346
189315741
189351716
189391206
189450873
189463617
189515972
189584001
189647893
189665831
189694004
189830551
189850968
189866297
189918713
189956503
190061593
190138812
190152058
190244568
190321371
190332020
190344470
190494215
190504908
190573549
190664428
190752487
190753897
190976728
191007360
191111453
191135320
191167710
191200628
191217539
191325764
191339301
191345338
191487161
191877218
191960725
192039555
192041922
192073502
192084163
192201534
192313353
192477351
192517430
192600288
192606563
192663749
192890688
192913300
192979936
193022252
193045917
193045992
193282047
193394913
193602632
193687977
193759172
193852634
194079485
194125567
194174888
194261863
194386212
194507466
194553733
194652247
194690239
194702373
194818101
195017515
195111383
195127128
195656314
195688989
195714583
196004417
196007897
196028996
196057497
196310592
196371449
196578403
196592197
196698855
196929791
196948826
196975555
196977834
197097920
197108453
197155776
197277892
197816320
198253244
198499744
198515491
198619239
198778790
198862362
198949920
198951746
199149961
199165988
199435750
199762729
199922075
200157736
200375706
200682400
200872666
200911257
200920646
200945052
201147752
201270116
201296869
201476153
201633991
201635972
201834941
201939976
202051171
202107073
202233722
202424381
202680423
202912261
202942497
202981022
203249466
203272199
203424355
203598886
203940251
203945627
203975197
204250938
204631076
204704857
205268770
205515685
205556382
205753541
206075297
206744384
206856090
206962460
207026278
207058754
207163813
207341987
207503515
207811811
208134463
208248767
208366116
208593859
209065787
209168226
209301503
209497055
209923875
210211009
210514428
210853890
210855137
210934818
211160164
212385056
212408320
213089920
213272895
213368546
213410815
213580002
213643522
214012738
214648191
