3204498
3209190
3222839
3234284
3742702
4177456
4510196
4742966
4870744
5173429
5178737
5210669
5355354
5382094
5600243
5637844
5735183
5735655
5784778
5853675
5898162
6100674
6357815
6703327
6777841
6918281
7050147
7164009
7569622
7616298
7755519
7934537
8034976
8088712
8164825
8177689
8253056
9198240
10960753
11036589
11238818
11572015
11596912
11664727
11781498
11814518
11833429
11965166
12085133
12191089
12237342
12248282
12250663
12255817
12336213
12340919
12341943
12364820
12367440
12467521
12522768
12577723
12578570
12612741
12692868
12765748
12823436
12853501
12894821
12981752
13099136
13178476
13249594
13756317
13820966
13952828
13980223
14689384
14734350
14949074
14960240
15026579
15086962
15120237
15186628
15203154
15207698
15268133
15279855
15283284
15509813
15509974
15590348
15742445
15759015
15870158
16128672
16178049
16204665
16209591
16341398
16377760
16526732
16716612
16979108
17029164
17172348
17458881
17468025
17558916
17897013
18106689
18213263
18216453
18322322
18593172
18775988
18923958
19065002
19229519
19498594
19500782
19667373
19668989
19769295
19769684
19858797
19860012
19869302
19884219
19929393
19935822
20237435
20297323
20454692
20497429
20604991
20749062
20812241
21029666
21217754
21416653
21528099
21641342
21693890
21693940
21713644
21819933
22006297
22115722
22324018
22363392
22622375
22689322
22709423
22835742
23263128
23372934
23392060
23462997
23476133
23501007
23684144
23746806
23773839
23964657
24167516
24238705
24242047
24377937
24432731
24455497
24762527
25011572
25282153
25513515
25643333
25732842
25846852
26216426
26705111
26713896
26776184
26796406
26811221
26949161
27031127
27050468
27229230
27381550
27424059
27468233
27531245
27735465
27763982
27833207
27844831
28156886
28196895
28260678
28326040
28377883
28385430
28419368
28620594
28707460
28808045
28906061
28947617
29016145
29353499
29403652
29587455
29663974
29793787
29845273
29865644
29872737
29917459
30189858
30281979
30412681
30412920
30749445
30937877
31046570
31117773
31314444
31361271
31386069
31638750
31656992
31729309
31787455
31852167
32455871
32618829
32721611
32883628
33399799
33497286
33591520
33806021
33836098
33880147
33998238
34122867
34147219
34932166
34945705
35226628
35254365
35369648
35371567
35426112
35471684
35536964
35783455
35923523
36135905
36168926
36286159
36314227
36390444
36697443
36749292
37025741
37146216
37474096
37518559
37754072
37892085
39149657
39344009
39617088
40123026
40152830
40318970
40595235
40841952
40946169
41054632
41603155
41672413
41716136
41782573
41866976
41916931
41948949
42448860
42485391
42630414
42697735
42913713
43172989
43252863
43254352
43318299
43353965
43398749
43548174
43647925
43773997
43860999
44036907
44090467
44102558
44174601
44312240
44416423
44572090
44963558
45076740
45219318
45266188
45352274
45354382
45623859
45826188
45979558
46125717
46333853
46354237
46635154
47274150
47431296
47622523
47957847
47972473
48159034
48500252
48958692
49301627
49507805
49710555
50403655
50547905
50610549
50870144
50908676
50927523
51280032
51496983
51639764
51750623
52137335
52601330
52789536
53292609
53582474
53585806
53862226
53888456
54564879
54616731
54890860
54893062
54950968
55028720
55396427
55452358
55628061
55738958
56176393
56214198
56279459
56405225
56561585
56570705
56751937
57168451
57584926
57913800
58018125
58296149
58316242
58397964
58535661
58573946
58660599
59283015
59654123
59813913
59934477
60901514
60914079
60941570
61191428
61226949
61253875
61487836
61530354
61565854
61899420
62771052
62832224
63517589
63741059
63942249
63985446
65261578
66092949
67000627
67694225
67835661
68441024
68604700
68614859
68659183
68776501
69039959
69208364
69270078
69280420
69324019
69793408
69933323
69977559
70444948
70881368
71126752
71506333
72129296
72141094
72516020
73220721
73546784
74535060
74796764
74883001
75051429
75197508
75702601
76133544
76376155
76611642
76939526
77452035
77549711
77925061
78168350
79056006
79196069
79843962
80066853
80352352
80971903
81347087
81400842
81593560
82099692
82357517
82435294
82546584
82614434
82627219
82768100
83467608
83787243
83990355
85302792
85824632
85910532
86426704
86805846
87030559
88465090
88759049
89002914
89382005
89457951
89618501
89736168
90075611
90470301
90648369
90766985
90889336
91001846
91019711
91898631
92265011
92593780
93035674
93794026
94097252
94282483
94802086
95666435
95769579
95974295
96494248
96664933
97630430
97874130
98743435
99122997
99384243
99810356
100082464
100382557
100860293
100979355
101091648
101161068
101761969
101935086
102038513
102142728
102469352
102570628
102624503
103110060
103114512
103124694
103391327
103416716
103759789
103767498
104095377
104445583
104507458
104802415
104856935
104921163
105143283
105494345
105527311
105764071
105816984
105924304
105924948
106317974
106380083
107141353
107371046
107489238
107659128
108201674
108292598
108316942
108822037
108876247
108911661
109255150
109434920
109450479
109874628
110168167
110295097
110319723
110350087
110374907
110382793
110621072
110797008
110843529
110998537
111251498
111345079
111553693
111610725
111667533
111855322
111918342
111947500
111948275
111949866
111966204
112053324
112127026
112152902
112173368
112325430
112513902
112596953
113481885
113508953
113608342
113678778
113752361
113835158
114033664
114236442
114303868
114326934
114401945
114501399
115061823
115082712
115117784
115273357
115360231
115470777
115492228
115548858
115721535
115869987
116351071
116456659
116644605
116661069
116741745
116860026
117065516
117070933
117444821
117452283
117460161
117576615
117586079
117838756
117893810
118059186
118473307
118484217
118520726
118705126
118750737
118785724
118863578
118904045
118956269
119252437
119327791
119467879
119656474
119733885
119798224
119865461
120064990
120102728
120125909
120428271
120472318
120729000
120808120
121078709
121351529
121414514
121418520
121790454
121869134
121901485
122152271
122197518
122373779
122414126
122686221
122724468
123046260
123231543
123380710
123403220
123448697
123461677
123544288
123990693
124034163
124061361
124091112
124230642
124512308
124630399
124642388
124999383
125109937
125264778
125365569
125882816
125951152
125979265
126016068
126036174
126045824
126076889
126138581
126163708
126206676
126444453
126604048
126634161
126847566
126851980
126910897
127109616
127142040
127187095
127291153
127450237
127558744
127610284
127683218
127693490
127709512
127802589
127813222
127930712
128077238
128188184
128202910
128379117
128385956
128760797
128765713
128962947
128980597
129014545
129046399
129048459
129079545
129135381
129236782
129352043
129385819
129452984
129482222
129577842
129822501
130324413
130344080
130396829
130477461
130733357
130757102
130784990
130956744
131042522
131195202
131340844
131470168
131477164
131655547
131767755
131878521
131941405
132031413
132113337
132127942
132142105
132261048
132263468
132302778
132308876
132619804
132909167
133009551
133015242
133280344
133908301
134153618
134194377
134203798
134493323
134646211
134672344
134739604
134884779
134902518
134996965
135611065
135711999
135910567
135977192
136047198
136354490
136465178
136644356
136713882
136740309
137008341
137203677
137233079
137397320
137544295
137729629
138024726
138253386
138422263
138524017
138545618
138620923
138814750
138928779
139003107
139030720
139159691
139432068
139605762
139726591
139847263
139889445
139960440
140114021
140178233
140253280
140567226
140710311
141131525
141280332
141381613
141493089
141839636
141999222
141999478
142171936
142718557
142905591
143137383
143251261
143457057
143461140
143527865
143583078
143760035
144000465
144069856
144135012
144331152
144338570
144356774
144380924
144432113
144547046
144793213
144896046
145121502
145132926
145173080
145186991
145317308
145392111
145631661
145747054
145941733
145994938
146400840
146402432
146890139
147001454
147024899
147053985
147120926
147432609
147584651
148014833
148236431
148347534
148408382
148455397
148615460
148781968
148814343
148967921
149069305
149103215
149113807
149162509
149188420
149333845
149388102
149427462
149496485
149570667
149592998
149602642
149732869
149754964
150022674
150229671
150267078
150357230
150876354
150955184
151008740
151069265
151450516
151581842
151645868
151747537
151959051
151987323
152031444
152087057
152206228
152228755
152390994
152541240
152842529
152881013
152957125
152978351
153007943
153032564
153130406
153254965
153340846
153392504
153393592
153451278
153524348
153890257
154259251
154289814
154328755
154508874
154577136
154957260
155198561
155277656
155400722
155474318
155475688
155514003
155620133
155728253
155920856
155942737
155954608
156051042
156125625
156158417
156605290
157017844
157349386
157383699
157398382
157428444
157579060
157670045
157732050
157817353
157906386
157954138
158137524
158507033
158617520
158784502
159032577
159075201
159106242
159283776
159374003
159522531
159528387
159530411
159539598
159668766
159725168
159770307
159965672
160054375
160060592
160146836
160244823
160293070
160369186
161008523
161321494
161353201
161651550
161690737
161824437
161880139
162278311
162360592
162405745
162441295
162450508
162480079
162500604
162528294
162538789
162608977
162712853
162752629
162830383
162886256
162945586
163171593
163249167
163354000
163374796
163402424
163403011
163404648
163625809
163701646
163793296
163881394
164061732
164144080
164204314
164236572
164587696
164630513
164675368
164766487
164813448
164878454
165163334
165270604
165333019
165413619
165547549
165579500
165725239
165993926
166034400
166038886
166050890
166102099
166302950
166446347
166527586
166528880
166532784
166651399
166740589
166765315
166815988
166963690
167215586
167379148
167448435
167806390
168204274
168214492
168256082
168326353
168384161
168515282
168517875
168631818
168759158
168862637
168863121
168882637
169035042
169040515
169083536
169148266
169184089
169195780
169283613
169304758
169389992
169408912
169453332
169545498
169578353
169592289
169629680
169641455
169653390
169715954
169758858
169890521
169897982
170229923
170365602
170514903
170569268
170614014
170693954
170787090
170888490
170913470
170934024
170971446
171087987
171216491
171264372
171606194
171769651
171841227
171849173
171852637
172025599
172127712
172184653
172366634
172385398
172452584
172506142
172692971
172828239
172891469
172983192
173109951
173112249
173123052
173157708
173198279
173239816
173407436
173502199
173545730
173553645
173704354
173933370
173999774
174025957
174027642
174068922
174070841
174111976
174224529
174306058
174498579
174553663
174570177
174789869
174832878
174893259
174902831
174974993
175024686
175110741
175138442
175199076
175239410
175338205
175393194
175528163
175645936
175685993
175688253
175705650
175764787
175823344
175880421
175908932
176069039
176106196
176175722
176295662
176298513
176313126
176337206
176438880
176460711
176520951
176553571
176689692
176720005
176790324
177088628
177095149
177280359
177594318
177659461
177708930
177999704
178003982
178006654
178013255
178059658
178102915
178145930
178206924
178285658
178289335
178296439
178514789
178541095
178592893
178613190
178697616
178733699
178819855
178821944
178847824
178929697
179012885
179093117
179101074
179111385
179191283
179277567
179301532
179377351
179427497
179504098
179521240
179522844
179571176
179608183
179711811
179768380
179884234
180148941
180192235
180349852
180406024
180461891
180577957
180599139
180859587
180965187
181033884
181103169
181115787
181119469
181243279
181280674
181297454
181506393
181510253
181540913
181544931
181590912
181711958
181748365
181765868
181849639
181904738
181922157
182016831
182083415
182260888
182344138
182353773
182432456
182469249
182488135
182505089
182613590
182664231
182716333
182756527
182769952
182990925
183112392
183204036
183300086
183330990
183658478
183724455
183811858
183843263
183886070
183926800
184278944
184289689
184332399
184570757
184662619
184706690
184792983
184821740
184901845
185072231
185277753
185414203
185586790
185631914
185632819
185721167
185785589
185833513
185852825
185872270
185981020
186020077
186110170
186127787
186146948
186206166
186356070
186439635
186528354
186566420
186573728
186758022
186861630
186920788
186927037
187027104
187029980
187132665
187223013
187229722
187234842
187365109
187378338
187380884
187395890
187426686
187457203
187506283
187533084
187639402
187658325
187823275
187824189
187831587
187926278
187991706
188074650
188134782
188261579
188276722
188335589
188372929
188417593
188486839
188496721
188580883
188602120
188674755
188801943
188832848
188884881
188982483
189051475
189098870
189167233
189257410
189269909
189450873
189463617
189584001
189665831
189678021
189749951
189848613
189857667
189938154
190152058
190417082
190580037
190637596
190752487
190753897
190913865
190979492
191013151
191048614
191070356
191111453
191135320
191217539
191290916
191325764
191332492
191339301
191398359
191851298
191852164
191877218
191974836
192073502
192084163
192084716
192192258
192577250
192600288
192635976
192653089
192693408
192890688
192909143
192979936
193022252
193156887
193173356
193394913
193488362
193687977
193696577
193785957
194046104
194079485
194125567
194211645
194261863
194309119
194337494
194386212
194507466
194553733
194589785
194652247
194775266
194988323
195104520
195405066
195555871
195656314
195688989
196007897
196028996
196371449
196698855
196718986
196783364
196811400
196929791
196948826
196975555
197042646
197155776
197249058
197277892
197481495
197830402
197902174
197942121
198084037
198419100
198499744
198515491
198527671
198778790
198877305
198949920
198951746
198964247
199435750
199512440
199562728
199568633
199753464
200008130
200157736
200181152
200228923
200591142
200686916
200728322
200763877
200872666
200911257
200920646
201229350
201270116
201296869
201387047
201476153
201577856
202107073
202341445
202424381
202628158
202662821
202680423
202742299
202855679
202912261
202981022
203155131
203272199
203598886
203940251
203975197
204184474
204250938
204306820
204563165
204843039
204885562
205634970
205949379
206376864
206582011
206610242
206856090
206962460
207026278
207058754
207163813
207306491
207566269
207640034
207644227
207748670
207848411
208306655
208366116
208432355
208475650
208693567
208840253
209065787
209163487
209497055
209512609
209663615
209900864
209923875
209937501
210053596
210211009
210514428
210855137
210934818
210936735
211160164
211466237
212336191
212825536
212893633
213272895
213368546
213946528
