2762579
2969902
3099791
3230259
3234284
3269069
3289676
3328680
3393362
3505929
3550307
3552956
3577467
3585904
3821390
3835609
3972694
3990826
4038198
4076431
4119100
4119126
4152222
4173670
4177456
4221513
4224722
4259457
4313079
4515402
4562417
4572341
4627270
4640241
4660067
4698155
4717882
4756115
4829201
4854975
4876993
4884749
4885037
4902325
4942390
4950313
4969036
4980396
4993729
4997958
5125882
5158569
5175642
5178038
5264554
5276370
5312014
5327418
5360107
5385564
5387857
5400126
5471585
5477439
5549850
5551032
5562177
5590998
5600243
5601470
5621528
5649472
5684822
5713580
5721051
5815068
5843724
5888298
5911521
5922404
5935574
5936486
5949558
5966703
6006209
6013696
6023018
6076194
6126110
6143678
6151314
6201801
6237302
6254624
6258024
6325337
6333162
6338240
6367727
6386353
6450595
6467022
6542964
6584886
6585141
6594000
6652517
6709907
6714157
6739666
6758123
6859908
6891754
6933943
6937231
6937532
6943883
6981692
7041858
7047769
7073509
7087076
7111046
7123826
7125202
7137008
7141902
7160511
7279418
7291601
7309259
7311497
7414701
7437439
7464691
7483508
7493891
7558325
7645224
7663811
7667240
7703669
7757003
7854787
7923970
7987287
7995619
8020829
8088712
8101922
8109411
8110344
8152672
8253056
8272222
8285026
8294534
8305538
8356388
8412858
8492639
8610841
8619034
8875547
8926812
8935362
9011177
9080963
9132765
9268863
9273150
9480095
9794171
9808335
9967395
9987871
10007647
10061505
10115188
10184340
10192941
10404426
10919365
10966450
11036589
11154222
11247119
11257391
11369620
11381779
11508367
11550600
11562608
11592303
11616338
11659696
11683319
11711438
11711656
11719512
11796115
11803433
11817530
11820021
11820200
11827052
11896090
11939604
11943068
11943225
11951574
11953007
11955132
11956173
11965166
11972972
11997675
12002684
12025776
12055509
12058880
12088595
12108541
12108675
12140778
12146009
12174853
12230862
12233586
12243082
12256930
12267595
12288297
12297659
12305162
12340919
12380295
12403322
12404904
12416527
12469517
12474824
12478164
12478764
12485268
12492069
12508441
12542396
12546564
12574466
12578570
12584298
12594683
12618056
12641950
12649338
12678909
12680336
12686071
12712544
12737712
12738564
12748747
12762449
12786500
12793038
12797833
12819872
12830814
12853501
12863714
12867465
12884138
12888983
12893755
12917445
12920288
12951581
12993732
13029859
13035624
13072388
13075137
13075435
13093410
13104477
13156420
13159913
13167393
13180476
13242393
13248185
13278371
13314171
13361371
13371355
13396859
13402506
13416035
13456965
13513115
13753215
13756959
13760609
13767171
14003196
14203458
14244223
14253747
14689384
14776399
14976590
15088460
15090923
15095380
15193170
15196785
15239311
15248629
15261549
15266947
15366890
15378955
15447265
15485131
15506518
15589419
15624503
15674134
15683347
15702889
15740693
15789325
15886214
15903948
15926663
15944421
15970968
16004540
16036451
16075464
16088056
16107886
16114331
16134812
16138093
16148477
16150208
16154936
16167699
16175439
16178049
16260204
16278064
16280127
16287200
16296917
16316255
16372035
16388605
16431876
16438991
16480575
16498211
16501036
16511296
16514012
16514439
16545247
16559014
16570265
16613337
16622249
16667165
16687103
16720010
16739332
16759551
16762965
16814015
16849931
16851808
16874487
16875398
16881780
16995834
17006324
17036829
17103963
17138921
17139712
17187182
17201528
17236213
17241180
17261633
17279460
17279517
17287856
17296828
17355104
17465830
17468025
17484542
17501101
17531564
17548092
17551663
17575559
17630522
17644748
17724892
17738731
17786531
17793107
17803299
17827336
17836232
17844962
17878456
18000720
18076658
18105755
18286124
18303811
18362468
18365438
18380489
18469183
18572144
18593172
18604526
18625177
18655477
18670702
18687836
18698909
18735605
18738965
18780153
18846057
18867870
18872480
18875407
18935371
18954503
19012600
19026456
19065285
19078235
19082578
19087689
19151593
19200293
19225032
19268051
19319504
19329231
19329837
19338711
19425223
19433313
19455675
19461321
19495596
19546512
19598284
19637206
19663276
19671131
19677759
19731911
19770991
19800726
19829051
19833855
19846520
19887181
20002273
20088668
20102392
20103987
20206983
20211924
20247424
20247566
20337178
20355380
20362172
20374331
20378006
20381078
20391915
20426361
20494938
20500554
20519960
20629474
20634406
20772634
20779960
20780384
20858000
20859391
20974723
20983506
21085238
21215141
21256252
21397667
21493941
21517669
21572977
21582746
21632722
21653409
21660848
21666631
21792787
21839415
21844479
21847483
21867416
21891817
21898445
21915986
21940723
21996733
22003251
22025581
22109733
22117863
22339060
22395800
22424805
22428130
22443930
22452013
22493950
22601839
22661194
22673801
22721395
22724502
22761796
22764343
22800284
22919504
22931969
22985819
23020848
23109969
23173810
23200926
23227993
23245762
23254364
23371825
23436791
23481465
23639227
23642252
23680710
23711621
23721253
23723105
23793651
23797643
23798608
23855570
23899240
23953984
23974842
23979754
24021081
24029139
24035960
24059683
24065206
24136513
24262554
24275199
24277162
24311840
24316564
24372677
24407746
24417120
24421308
24432731
24506009
24551940
24570709
24598603
24639596
24760249
24765920
24811975
24910154
24935295
24951703
25068428
25071333
25172415
25183337
25256393
25295078
25321598
25442735
25513515
25522237
25529033
25566833
25572784
25586433
25643333
25678479
25698403
25713599
25748363
25752322
25756898
25790112
25814726
25848953
25897354
25934452
25958502
25959372
26008788
26063828
26094221
26098770
26190381
26234702
26269387
26302161
26305748
26391656
26395082
26445770
26474599
26533270
26596845
26645304
26662919
26702223
26722180
26758104
26762269
26873823
26880711
26904655
26933544
26948257
26958343
26998501
27178112
27197094
27220959
27231620
27238692
27302257
27350720
27364161
27368848
27386024
27433874
27524157
27601938
27648851
27650553
27698132
27703043
27712731
27771362
27780817
27858568
27945020
27979985
27991793
27996243
28143289
28143459
28156886
28177555
28181786
28217398
28267438
28298645
28336830
28376953
28393101
28421110
28473147
28474084
28499259
28560025
28580756
28584032
28616328
28636208
28664334
28673210
28709366
28747625
28759437
28896295
28903899
28932794
28935147
28983819
28996021
29046706
29112891
29135910
29162427
29181538
29197080
29198061
29260917
29283909
29291586
29373582
29400166
29403652
29406087
29451081
29456053
29493418
29496995
29550867
29552866
29571385
29590362
29635587
29643295
29675583
29695529
29715951
29766525
29819389
29860940
29948212
29949705
29971693
29977294
29977652
30007830
30058196
30119196
30134720
30215040
30286893
30345772
30349109
30397583
30408797
30428667
30478356
30522300
30557088
30624947
30716016
30789839
30823573
30964289
30977615
30987662
31046570
31096371
31230569
31255457
31340404
31367773
31433588
31458501
31466400
31617569
31640916
31672459
31683070
31785295
31876259
31888597
31903708
31922357
31922425
31991758
32021572
32057479
32081085
32123487
32164918
32196423
32296313
32319514
32332330
32374333
32414762
32463074
32485482
32618829
32693062
32721611
32743060
32774943
32796852
32959238
33049113
33060417
33081595
33084069
33096287
33104817
33122789
33125943
33291095
33333331
33345592
33386702
33433475
33442664
33453309
33455355
33474354
33518885
33526683
33550161
33553852
33592909
33601456
33680355
33728007
33767447
33891098
33933594
33938556
34003086
34031020
34042735
34087950
34088462
34102211
34156049
34160741
34232355
34254566
34261166
34271614
34272203
34334746
34336546
34363485
34370837
34492337
34567557
34619278
34662220
34667621
34677418
34702158
34799021
34802028
34813804
34815994
34851750
34955565
35004377
35096246
35166852
35210828
35241213
35253183
35371567
35395781
35418827
35485387
35530974
35607893
35666321
35783455
35839325
35915336
35935131
35954687
35965925
35990980
35998827
36042667
36071106
36111388
36180783
36186481
36233750
36289466
36291202
36326236
36345289
36462736
36484386
36615392
36705126
36734485
36750150
36783919
36867051
36892005
36995214
37024038
37073446
37108655
37116411
37158696
37161928
37194289
37223736
37239629
37254632
37310695
37328118
37337232
37359756
37374853
37379995
37386309
37417453
37446654
37495759
37518343
37582102
37590218
37596275
37681964
37700168
37773972
37888406
37923718
37926511
37989927
38062367
38084194
38089436
38096512
38169309
38184343
38209395
38214754
38248776
38277792
38453549
38497288
38537242
38561483
38607633
38689982
38750166
38816286
38869038
38905716
38982654
38992127
39010568
39085288
39141405
39249137
39254649
39270233
39276458
39308920
39321364
39325901
39519549
39528952
39538527
39552054
39555107
39580055
39601087
39659992
39674848
39867915
39876189
39993508
40012004
40028982
40074436
40127259
40160246
40175371
40201464
40216476
40221795
40224758
40258312
40272065
40432133
40443306
40572552
40656323
40776823
40777991
40787803
40797821
40903257
40918070
40924340
40927205
40934143
40946169
40956356
40965851
41009104
41024685
41248795
41337076
41345094
41361105
41400226
41400675
41403262
41412095
41466206
41496603
41499911
41525343
41588796
41603444
41708692
41716136
41739997
41791422
41803128
41882374
41886152
41910622
41984627
42186759
42241826
42329477
42372566
42414685
42421201
42427653
42440474
42467111
42481841
42508779
42553539
42619969
42628778
42642115
42647674
42664898
42672642
42685871
42701215
42783601
42826060
42837558
42863735
42889277
42889942
42927980
42943511
42977341
42980622
43114080
43123027
43130072
43172989
43272152
43368406
43376954
43452577
43460794
43468062
43468636
43483685
43485517
43545979
43619843
43702624
43739100
43750974
43771570
43820725
43842327
43852090
43886350
43890691
43901762
43995915
44012722
44051720
44110927
44116451
44154679
44157996
44312240
44362340
44371754
44377746
44383151
44454127
44483005
44506603
44528722
44555518
44559399
44614813
44617127
44624600
44637678
44825311
44888523
45011199
45100271
45117970
45176406
45200141
45239731
45269546
45283670
45361404
45363021
45413754
45662474
45691986
45768332
45819222
45863089
45883891
45888173
45889927
45890808
45893212
45898472
45912186
45927532
45954648
46012617
46016494
46049558
46079432
46086843
46177809
46215477
46350851
46408188
46471497
46500084
46576694
46613495
46614705
46705427
46735803
46743824
46777865
46819005
46832217
46848311
46878285
46898745
46923889
46928174
46933748
46972552
47044621
47049847
47098121
47143204
47197736
47283034
47306251
47312966
47415100
47419688
47469854
47716295
47846053
47918499
47930332
48042529
48100450
48156954
48242428
48264649
48324330
48475771
48508167
48609587
48668307
48704582
48813432
48970445
49010308
49090000
49107235
49121661
49247156
49290793
49292227
49294514
49349473
49396820
49410437
49439525
49483649
49513264
49520988
49552044
49837977
49856200
49923877
49996206
50026372
50072312
50083311
50090529
50115614
50124722
50181153
50181277
50199622
50222209
50379905
50380000
50507720
50538966
50580551
50608366
50725145
50733496
50740163
50761066
50780018
50927523
51005308
51058167
51235922
51400233
51404287
51455568
51478775
51480383
51565184
51566604
51580580
51661408
52066850
52190885
52237782
52581392
52650466
52671591
52710978
52772823
52864313
52907946
53107496
53184713
53396066
53441919
53454536
53465386
53579133
53605869
53691616
53758897
53927254
53956101
54045078
54061337
54117920
54131109
54232690
54241637
54579575
54978869
55034508
55331901
55335646
55562009
55585788
55608086
55648272
55670085
55706794
55741857
55748900
55826510
55829452
55863972
55870111
55888606
55966336
55968032
56013267
56025807
56106996
56138183
56211618
56242770
56320522
56425795
56601432
56656460
56768548
56875405
56902069
56968030
57006571
57069354
57091051
57184291
57219892
57311857
57319497
57323217
57324316
57437301
57468106
57531455
57584926
57591599
57600292
57613335
57632029
57689951
57772604
57776471
57941624
58022841
58033341
58046802
58168178
58389879
58425320
58436829
58488662
58744527
58887096
59075401
59095541
59172248
59183124
59189558
59260616
59359020
59408946
59434349
59465072
59488208
59593711
59624571
59652319
59719435
59753899
59780072
59852403
59862963
59959886
59975438
59984696
60019282
60062105
60121035
60136551
60185044
60328232
60366897
60449092
60499933
60547084
60606156
60717297
60941570
60960317
60992146
61045927
61047769
61055744
61075211
61103630
61235645
61317478
61464213
61536857
61549529
61651885
61666459
61670482
61899420
61968977
61987733
62104041
62172051
62187672
62204375
62219771
62274279
62316883
62332709
62340849
62412043
62443524
62591197
62601091
62624596
62660808
62727216
62738232
62792448
62803925
62835772
62871045
62877923
62969982
62981115
63148066
63384605
63390396
63428325
63437051
63459078
63494743
63517589
63535933
63652872
64123173
64174270
64221985
64294505
64311869
64321183
64321733
64366423
64367871
64396746
64683864
64845392
64891864
64917597
64937685
65098430
65357513
65406414
65559340
65603858
65660547
65684430
65748984
65765080
65953953
66008955
66042776
66092118
66126950
66364616
66496393
66560014
66711818
66793665
66802409
66861970
66913606
66941513
67132372
67186633
67271496
67535995
67538562
67672678
67708557
67796085
67810034
67924519
67960534
67973577
68054589
68057834
68065401
68150890
68191385
68201465
68244191
68441024
68447725
68659183
68677347
68684755
68691340
68796509
68839442
68840881
68944994
69049984
69161063
69373581
69526208
69864802
69994922
70105524
70278125
70461489
70659301
70776369
70881368
70893985
70994652
71002182
71144439
71155265
71195771
71272947
71383707
71418261
71464346
71491427
71527053
71566937
71581314
71682429
71749059
71807501
71810013
71849674
71866965
72129296
72173614
72197042
72215347
72261658
72552498
72554038
72557456
72708818
72820046
72834970
72881075
72976460
73008281
73008681
73055732
73352697
73418304
73565806
73763055
73872897
74057588
74067065
74309599
74309725
74339279
74491692
74504468
74596694
74646516
74718439
74740967
74753495
74788666
74876500
75012513
75046513
75222441
75223665
75263673
75390143
75493042
75524993
75566662
75578059
75601099
75700880
75824104
75827034
75833645
75845763
75872026
75945082
75975424
76059378
76385261
76401323
76470484
76643572
76716494
76735307
76824254
76939526
77059097
77122220
77165898
77271919
77291772
77295155
77348965
77370595
77415124
77448001
77508597
77573618
77643952
77720072
77789936
77867379
77925061
77978318
78093115
78124914
78170054
78185797
78295865
78360489
78397912
78526626
78542204
78559225
78697574
78709607
78718361
78724381
78787486
78822003
78823433
78932385
78987670
79029211
79197917
79198256
79248962
79324115
79478489
79489471
79491365
79544025
79582225
79599836
79717124
79768012
79783596
79830655
79846174
79916224
79975660
79989797
80066853
80114015
80211870
80232029
80328173
80447144
80459773
80542850
80554277
80555631
80561280
80576432
80649835
80652940
80878599
80938598
80987508
81109126
81134845
81157829
81244204
81322349
81327052
81339162
81347087
81439274
81455479
81593560
81630404
81672248
81769102
81773554
81825917
81908933
81911221
81994749
82034390
82058745
82071438
82091202
82122632
82166299
82214530
82339958
82364987
82525277
82636748
82754758
82804247
82850714
82936540
82945045
82957341
82990822
83035627
83143435
83169676
83264675
83265410
83356169
83516039
83518449
83563066
83574764
83603007
83706842
83787243
83868045
83897107
83950582
84018743
84129817
84130495
84224790
84454240
84491895
84530323
84566877
84637767
84647943
84679134
84711892
84759305
84874876
84884646
84954978
85034292
85150534
85197028
85223858
85351046
85388702
85429888
85455423
85567199
85686889
85771488
85821544
85907398
85911209
85986013
86049052
86059407
86068680
86271227
86346465
86426079
86474085
86476104
86513394
86850991
86879148
86898272
87090852
87099005
87197275
87219248
87229829
87367087
87443476
87470350
87510276
87683432
87708365
87761710
87766122
87852282
87909595
87974509
87980318
88032884
88066897
88088765
88180707
88263316
88544702
88590121
88602709
88694355
88731099
88844642
88905333
89029109
89073132
89190556
89208805
89225157
89243745
89376197
89385431
89393056
89457951
89493562
89567689
89570758
89609366
89612253
89704210
89715454
89766235
89847999
90049455
90055235
90059532
90126107
90146889
90225863
90284506
90319414
90344483
90411055
90470301
90509946
90602493
90642077
90682174
90690086
90867030
90894018
90937087
91351190
91352548
91434740
91495494
91555297
91635354
91667608
91680779
91747748
91960899
91989957
92231761
92243254
92256085
92372728
92392974
92395101
92458397
92605694
92628556
92685679
92691042
92696566
92744029
92921759
92938746
93088377
93119462
93222200
93325017
93483477
93654690
93662590
93794026
93797023
93832798
94545050
94680215
94690329
94732415
94767798
94810594
94825729
94943102
95137726
95544477
95584313
95670619
95963913
96604353
96674012
96787005
96890433
96913491
97227878
97316503
97487228
97501305
97763195
97841824
97909798
97949668
97985296
98012079
98142522
98204176
98386593
98442774
98450805
98557488
98560119
98569720
98741896
98743435
98873800
98931353
98963809
99079282
99192590
99239132
99271687
99492712
99641296
99810778
99902767
99909646
100021969
100396602
100402778
100453267
100692847
100890860
100906745
100944499
100979355
101009774
101129369
101152155
101233467
101336037
101373204
101460517
101513510
101595727
101891135
102061485
102214752
102513354
102679794
102781070
102801571
102866237
103015200
103105020
103110060
103135907
103150252
103265000
103361170
103396534
103410622
103540660
103563504
103568365
103734649
103930984
104022856
104023734
104063516
104283696
104294988
104347788
104354071
104496662
104548919
104651534
104714866
104769549
104976369
105017012
105117583
105494380
105503764
105575442
105587662
105691729
105816984
106014322
106147252
106184912
106244805
106259071
106319957
106439950
106555916
106647537
106888554
106910803
107155602
107228499
107329779
107362675
107373965
107400535
107425600
107511784
107535987
107659128
107660211
107677518
107730326
107768372
107834051
107861452
107934765
108041415
108073685
108143657
108298046
108398714
108426735
108523853
108682449
108734874
108742613
108822037
108861014
108914765
109033800
109069812
109133271
109184185
109255150
109282027
109434920
109488731
109611227
109873065
109874628
109922256
109938250
109979417
110062833
110112757
110314112
110346387
110382793
110429127
110519239
110538730
110576881
110602826
110611441
110650003
110698512
110705604
110727986
110874558
110885972
110972126
110987456
110998537
111018470
111109809
111156886
111160767
111229919
111240664
111311055
111343111
111348904
111364187
111398473
111628870
111655504
111677033
111752442
111770147
111795316
111829089
111923214
112028837
112103567
112178834
112183736
112231768
112250305
112298112
112320358
112362647
112382947
112415335
112491501
112513902
112553030
112596953
112603602
112651534
112663610
112678232
112693406
112703913
112713292
112733363
112854117
112913030
112999317
113062089
113125017
113149919
113157894
113221377
113277988
113284022
113287783
113289487
113342989
113409304
113440937
113502570
113532973
113532984
113540866
113544288
113678778
113705743
113718400
113750875
113756713
113782163
113795765
113837932
113906648
114110375
114228142
114270125
114290844
114291067
114303868
114309837
114327390
114452608
114728053
114818492
114889707
114944311
115007258
115111607
115151159
115169220
115288137
115316924
115374867
115434058
115470777
115506359
115540963
115557536
115573000
115628902
115684132
115721535
115755962
115827519
115857047
115913694
115993969
116249381
116300871
116392890
116460120
116490535
116504223
116596783
116631962
116654282
116663314
116751389
116849933
116937213
116942539
116956702
116964555
117018117
117062725
117076309
117090100
117101597
117452283
117586079
117678565
117717760
117761734
117804839
117893810
118044364
118050078
118100135
118108187
118176125
118183680
118189015
118190536
118247064
118265724
118296784
118299647
118304627
118430927
118594212
118599843
118657314
118707451
118712869
118742333
118807836
118827909
118878115
118885826
118904045
118944069
119049119
119252437
119269297
119309260
119407065
119444804
119458944
119535802
119586583
119603194
119669146
119787874
119812073
119893545
119927083
119963007
120007543
120023703
120127130
120292469
120378044
120492382
120496199
120500462
120596494
120671577
120686025
120729000
120845695
120846342
120925084
121031942
121054673
121077733
121085537
121106405
121326975
121335831
121374721
121457951
121594782
121681987
121694136
121750098
121760200
121883479
121941959
121954363
122047996
122109923
122148490
122152271
122169422
122173091
122183322
122414126
122467852
122493732
122520026
122686221
122698817
123129437
123149408
123164147
123231543
123299324
123383596
123403220
123403225
123523369
123523640
123533849
123731297
123925978
123990399
124049142
124053841
124061361
124086361
124091112
124165403
124230642
124492662
124512308
124558928
124561777
124642388
124723430
124801978
124914030
124993486
124999383
125208658
125208942
125264778
125270693
125282649
125359879
125714457
125974400
126036174
126163708
126240453
126245214
126310373
126342236
126381178
126546057
126552239
126555361
126566611
126604048
126637314
126660220
126665569
126773303
126862083
126910897
126981652
127020467
127116456
127449793
127461387
127478673
127492515
127583422
127610284
127709512
127747454
127796911
127827424
127946123
128006778
128180286
128210361
128276959
128282170
128292008
128358171
128379117
128464972
128508891
128522550
128643442
128658945
128730245
128765713
128771646
128980464
129048459
129135381
129183394
129270526
129406412
129452984
129550099
129722880
129772994
129917766
129976898
130194901
130258689
130318252
130324413
130344080
130377760
130396829
130516818
130697841
130757102
130811953
130956744
131042522
131052813
131081836
131114167
131192401
131197575
131249612
131427124
131477164
131510579
131558399
131586915
131767755
131848135
131878521
132010509
132113337
132127942
132210952
132261048
132263468
132308876
132619804
132764210
132901458
132967876
133050162
133056677
133217145
133534449
133682164
133685958
133727866
133761208
133802668
133803748
133882949
133908301
134153618
134156214
134194377
134203798
134260386
134268481
134314381
134342866
134493323
134554399
134801711
134882703
134884779
134996965
135049054
135061825
135265469
135517968
135711999
135801397
135944881
136041418
136185426
136197668
136211144
136315989
136320150
136445004
136465178
136513951
136539951
136611898
136642632
136644356
136891502
136999830
137014952
137069813
137203677
137233079
137311621
137312223
137323924
137342961
137386892
137448192
137490098
137502775
137650387
137744190
137847243
137855498
137860665
137890143
137925616
138143632
138172358
138228477
138268100
138277048
138349456
138422263
138463327
138545618
138620923
138644847
138696951
138774882
138814750
138925414
138928779
138935487
139003107
139030720
139051184
139057806
139163048
139221182
139348588
139417853
139580691
139713571
139758781
139773769
139847263
139912928
139933520
139944538
139960440
139996128
140086662
140136274
140172107
140241496
140254070
140294366
140337961
140366119
140380273
140515174
140639944
140870123
140969769
141050373
141147202
141148131
141167764
141224254
141280332
141337288
141363141
141381613
141528315
141733224
141739308
141740447
141753087
141778690
141789750
141839636
141862459
141986131
142200602
142267105
142473452
142598450
142716402
142718557
142856539
142945347
142956936
143228309
143423947
143441112
143480291
143533577
143553212
143583078
143615435
143759077
143881151
143890746
144127060
144135012
144157770
144250985
144262363
144318815
144331152
144356774
144411620
144432113
144778919
144877670
145006251
145169799
145173080
145224834
145253130
145320714
145631661
145695734
145747054
145854939
145902861
145908910
145964036
146152022
146221871
146252190
146400840
146422399
146472176
146480733
146546274
146877540
146891945
147095927
147149076
147168672
147322083
147360350
147432609
147796962
147864601
148067372
148103999
148124000
148173338
148184653
148230680
148236431
148244646
148319392
148347534
148434850
148440220
148448839
148553815
148615460
148708551
148852320
148859764
148890907
148916657
148938121
148948971
148967921
149009937
149069305
149169888
149210011
149254932
149269631
149277530
149290948
149331829
149333845
149388102
149679446
149688995
149710915
149754964
149800443
150088296
150159637
150358926
150395661
150605040
150766782
150955184
151069265
151143633
151165130
151179850
151263516
151444965
151455676
151581842
151615290
151689044
151730378
151735515
151747537
151959051
151987323
152031444
152204244
152206228
152390994
152607035
152692799
152978351
153135240
153340846
153405388
153451278
153500502
153507508
153625584
153727445
153808284
153819654
153890257
153903893
154125547
154239053
154243074
154259251
154289814
154302076
154328755
154353015
154408150
154589398
154831510
155006586
155055278
155268184
155274538
155277656
155312149
155371202
155400722
155514003
155620133
155728253
155846292
155954608
156033215
156051042
156158417
156241840
156308459
156328292
156413900
156475487
156480355
156519807
156785067
157017844
157065258
157080164
157117101
157209819
157397803
157398382
157428444
157547691
157579060
157683384
157817353
157879790
157954138
157974313
158051204
158137524
158240148
158243977
158354256
158458783
158507033
158538190
158609002
158784502
158921420
159106242
159157757
159272213
159354585
159668766
159725168
159748207
159783084
159818065
159965672
159994992
160087157
160369186
160420033
160840501
160962744
161004168
161058539
161106674
161269207
161321494
161377384
161495630
161533058
161645516
161690737
161824437
161880139
162168557
162178173
162237499
162278311
162332791
162361238
162405745
162421680
162450508
162480079
162528294
162560756
162627976
162700172
162752629
162770164
162830383
162870055
162877779
162902290
162938800
162973616
163171593
163196108
163249167
163354000
163374796
163402424
163404648
163441045
163592434
163602449
163625809
163701646
163752311
163793296
163843579
163924190
163969016
164011518
164056112
164184173
164204314
164220518
164355598
164395793
164410213
164587696
164613126
164630513
164675368
164766487
164867017
164878454
164880046
164916467
164974930
165044903
165050030
165088734
165127651
165163334
165203498
165252120
165333019
165338533
165371421
165413619
165426152
165477556
165526201
165528331
165625482
165685510
165790470
165857320
165897498
165914332
165929055
165993926
166102099
166143293
166474433
166531747
166652205
166885630
166963690
167007118
167067183
167121988
167125926
167135240
167171210
167325237
167448435
167474515
167589595
167810702
167845834
168069355
168090158
168204274
168212758
168214492
168265677
168326353
168384161
168403700
168517875
168534307
168539536
168691725
168738754
168759158
168816551
168863121
168867291
168936367
169035042
169040515
169083536
169107633
169116254
169148266
169195780
169219565
169283613
169288911
169303909
169329663
169373960
169377037
169380985
169389992
169403417
169539177
169543571
169545498
169576209
169581353
169629680
169641455
169653390
169663893
169890521
169897982
170109524
170229923
170312623
170314505
170365602
170514544
170569268
170577124
170614014
170696228
170741413
170804490
170913470
170971446
171050850
171081683
171087987
171127043
171224579
171264372
171295725
171298768
171329206
171375368
171401104
171405759
171474692
171548852
171715956
171769651
171820751
171841227
171849173
171945931
172012681
172063038
172261983
172366634
172385527
172506142
172680636
172752848
172772089
172828239
172923944
172933420
172956960
172983192
173056914
173112249
173123052
173152490
173157708
173241814
173256753
173266140
173407436
173409468
173424533
173493566
173545730
173553645
173693330
173738446
173858954
173866924
173930907
174017313
174025957
174070841
174111976
174241833
174287415
174304501
174306058
174352082
174380467
174450290
174490217
174544554
174553663
174570177
174585554
174602228
174605300
174612273
174620110
174852494
174890936
174949773
174957408
175110741
175239410
175248908
175303882
175338205
175393194
175454532
175528163
175603861
175635641
175685993
175712357
175764787
175823344
175880421
175888547
175928190
175987848
176069039
176106196
176175722
176214509
176233627
176237002
176284673
176295662
176298513
176326318
176419552
176438880
176765453
176785109
176790324
176859635
176870602
177095149
177160742
177162444
177265965
177280359
177291722
177300625
177342443
177432929
177524074
177543543
177594227
177739828
177748012
177771687
178003982
178006654
178059658
178141005
178206924
178229589
178281478
178285658
178289335
178302968
178322152
178350804
178404235
178428773
178531030
178543122
178613190
178625470
178695085
178697616
178707429
178721261
178728799
178752459
178819855
178847824
178870871
178929697
178983337
178984266
179012885
179013348
179019277
179037193
179093117
179097025
179113123
179134504
179160579
179191283
179249341
179294423
179305853
179308601
179377351
179427497
179522844
179571176
179633184
179670891
179692084
179711811
179827445
179963149
180036094
180281818
180449925
180504716
180915741
180965187
181103169
181115787
181119469
181280674
181297454
181371018
181522557
181571983
181708109
181720885
181745758
181748365
181765868
181768781
181922157
182000254
182016831
182083415
182149264
182224372
182260888
182344138
182353773
182432456
182488135
182499362
182547829
182613590
182664231
182709118
182716333
182756527
182778196
182799109
182826252
182903209
182932462
182933338
182937521
182938247
182990925
183194810
183204036
183300086
183330990
183474194
183479273
183555319
183627352
183678566
183724455
183732960
183811858
183831122
183847923
183878298
183997204
184017369
184040309
184077292
184139573
184217201
184289689
184378283
184457003
184517235
184570757
184662619
184706690
184727639
184791095
184810559
184846282
184874704
185062547
185277753
185342298
185428914
185464432
185586790
185632819
185721167
185733363
185833513
185835111
185923238
185981020
186020077
186110170
186146948
186267518
186386067
186511375
186526361
186528354
186549514
186566420
186570428
186751718
186754556
186758022
186814116
186844644
186927037
187011391
187171351
187223013
187229843
187251146
187299915
187395890
187506283
187532876
187690385
187743030
187769714
187824189
187831587
187843868
187875000
187926278
187930142
187991706
188038631
188074650
188083414
188110293
188126146
188161762
188261579
188276722
188299026
188372929
188403950
188435131
188471692
188486839
188496721
188498624
188580883
188601037
188674755
188786733
188798639
188801943
188802716
188827514
188832848
188918725
188982483
189051475
189098870
189167233
189188752
189313346
189450873
189463617
189515972
189553962
189584001
189585880
189596728
189665831
189694004
189830551
189848613
189850968
189857667
189938154
190211414
190244568
190446417
190463107
190573549
190624229
190637596
190681324
190712674
190752487
190753279
190753897
190799661
190855320
190868547
190887851
190913865
190976728
190979492
191024345
191070356
191135320
191200628
191217539
191233153
191325764
191338313
191398359
191508217
191645133
191684069
191851298
191852164
191877218
192073502
192084716
192192258
192201534
192477351
192577250
192601557
192706203
192933591
192979936
193004833
193022252
193045917
193045992
193139916
193141886
193156887
193173356
193365658
193394913
193452390
193488362
193811866
193816585
193852357
193901241
194079485
194261863
194309119
194315594
194337494
194429542
194433237
194652247
194690239
194728448
194754854
195005993
195036824
195093899
195104520
195111383
195127128
195405066
195504451
195554975
195555871
195656314
195911544
196007897
196028996
196053304
196057497
196082457
196279962
196446057
196549794
196578403
196606950
196609566
196698855
196718986
196783364
196929791
196948826
196975555
196977834
197042646
197085219
197108453
197186012
197206314
197266181
197387265
197481495
197602335
197660963
197661893
197902174
197940768
198063266
198084037
198100506
198499744
198501665
198515491
198527671
198778790
198806396
198816380
198949920
198951141
198951746
198964247
199165988
199288956
199303583
199435750
199512440
199562728
199568633
199605510
199729787
199753464
199762729
200112544
200529062
200686916
200728322
200731324
200786373
200920646
200945052
201090434
201147752
201229350
201270116
201296869
201332185
201387047
201461117
201476153
201545893
201577856
201598808
201615261
201635972
201651042
201834941
201939976
202055331
202107073
202424381
202628158
202662821
202680423
202705209
202855679
202912261
203143463
203155131
203292794
203495269
203887358
203910406
203940251
203945627
203975197
204184474
204250938
204306820
204451993
204563165
204631076
204704857
204885562
205097633
205161019
205268770
205421442
205515685
205634970
205643260
205900221
206376864
206455483
206610242
206691455
206962460
207028642
207306491
207470434
207566269
207640034
207644227
207748670
208134533
208138112
208306655
208475650
208693567
208840253
208885250
209163487
209168226
209512609
209900864
209923875
209937501
210053596
210211009
210559613
210853890
210873629
210934818
211160164
211466237
211716701
212024546
212385056
212893633
213124896
213224864
213272895
213851522
214012738
214819551
