2879919
3330151
3793159
4183550
5615605
6054868
6287477
6595362
6598149
6605867
6614151
7188360
7228243
7274266
7392444
7683702
7755519
7857764
7960168
8227171
8422238
10817529
11375907
11396927
11681035
11983147
12026857
12061030
12069016
12091079
12095050
12186357
12198985
12288297
12318945
12413576
12607608
12741179
12913642
13148870
13749435
13845663
13983550
14110812
15142675
15483005
15607689
15824345
16019002
16053933
16341662
16506146
16653521
16791351
16993758
17009908
17533031
17585987
17678119
17762690
17844873
17916525
19404212
19473724
19959979
20228776
20336213
20747737
20981490
21132883
21137099
21360150
21534172
22408122
22475873
22490637
22908565
23318829
23335413
23349137
23520242
23534727
23534757
23844942
23864087
23895386
24003574
24146920
24764192
24802409
24855100
24940056
25107813
25488706
25593841
25701716
25992400
26100669
26747615
27401703
27728400
27950296
28016676
28061913
28114043
28304970
28509172
28522166
28602073
28856461
28869415
28982708
29241890
29247274
29247406
29313848
29478197
29789466
29818020
29843883
29919470
30279613
30769400
31651177
31914361
32307286
32620249
32789427
32797352
32988589
33000256
33089088
33357018
33412450
33617626
33930865
34004808
34276349
34892209
35146072
35394685
35549419
35654640
35903874
36447001
36737417
37137181
37199671
38247465
38259379
38395007
38434961
38548128
38661467
38797288
38812515
39515243
39568853
39717540
40231029
40478097
40921194
40952929
40970932
41273317
41433628
41626810
41934504
41960340
42782515
43950346
44168203
45073721
46332815
46524109
46686043
46986402
47678816
48556912
48668223
48740251
49245103
49779693
50213287
51410403
52136234
52150693
53189153
53440104
53797846
54381989
54753990
55632365
55864309
56743267
56887688
57406102
57543239
57741464
58598100
58843076
59061851
59077171
59763282
60236112
60590358
60593573
60958572
60990747
61049749
61551516
61858795
62461364
62855529
62888033
63285418
64280654
64565209
64594879
64650138
64841357
65509568
65856646
65906206
66053964
66242572
66379325
66665174
66726971
67206842
67674332
67758108
67828740
67886999
67909495
68267073
68478885
68493019
68631530
68789040
69021246
69153470
69381952
69435495
69713722
70062748
70068941
70862502
71991881
72659356
72840891
72944605
72994981
73442181
73672287
73785634
74249180
74710250
76105120
76901073
76942544
76949200
77127344
77190385
77368850
77578770
77599183
77626546
78054125
78085008
78302243
78484815
78613248
78775500
79080423
79420235
79643284
79645908
79800245
80747146
80833002
81079331
81138067
81220355
81292694
81593971
81802284
81872568
82072553
82181939
82254353
82417769
82527329
82651704
82708784
82720872
82806871
83213697
83280673
83388232
83458408
83580908
83755408
84022030
84128816
84169415
84224587
84676178
84923272
85119248
85195972
85215832
85242705
85341433
85516058
85565644
86091215
86219287
86248908
86325710
86482318
86662173
86847853
87540250
87797524
87857940
88534531
88655458
88676251
88680830
88721200
88937801
88958496
89647570
89843535
90065441
90133918
90987506
91184898
91200351
91400600
91727031
91800295
92013792
92129724
93269335
93715388
93775378
93859393
94419460
94767798
95049539
95352323
95400056
95567075
95658888
96143201
96741730
96850225
97039024
97118030
97448844
98019036
98020199
98233752
100021000
100195588
100442485
100927239
101181147
101523712
102246520
103105020
104870585
105727254
106158536
106234266
106260216
106483321
106637829
106933906
108131306
108265039
110060907
110926525
111497138
112478623
112606017
112791220
112844389
113018787
113952863
114056189
114163158
114250895
114316127
114468692
114775082
115742967
116705722
116744433
117076305
117950668
118524500
119162818
119444357
120939907
120972058
121414514
122026565
122448529
122589657
123458159
124558687
126555629
126635921
126996161
127149302
127300950
127922696
128081460
128118075
128171542
128208995
128276176
129463739
129958145
130688305
131007192
131477164
131951379
132060621
132127942
133131146
133438470
133455668
133642963
134255976
134884779
135355994
135450216
135801397
136015495
136513951
137016226
137020164
137216505
137233079
137705766
138620923
139057210
139064601
139111846
139960440
141280332
141381613
142439340
143586289
144135012
145738990
147572044
147865392
148417930
148664188
148872815
149277530
149660511
150238390
150335176
150361923
150598254
151069265
151121200
151361121
151439538
151471899
151959063
152184553
152206228
152390994
153195921
153451278
153696509
154175911
155251708
155277656
155304015
156355010
156544425
158486214
158538190
158784502
159035790
161321494
161880139
162296507
162672432
162830383
163402424
163404648
163845032
164495707
164667097
164766487
164918002
165315527
165628035
165993926
166144714
166699393
167806390
168517875
169042509
169792382
171170046
171264372
172506142
172869617
173198279
174027642
174068922
174605300
174688602
174902831
175393194
175593319
175608920
175654515
175880421
176090336
176090717
176227133
177086362
177285224
177948771
178469159
178668949
178984266
179019277
179191283
179522844
180406024
180577957
181115787
181147439
181748365
181904738
182353773
182613590
182756527
183112392
183724455
183997204
184295150
184696993
184740429
184760513
185774836
185782620
186511375
187381203
187744203
187843868
187982677
188347251
188496721
188807055
189665831
191033485
191338313
192979936
193013577
196578403
197108453
197207145
197527612
198065790
198277593
198949920
199568633
200160954
200529062
200728322
202705209
203554499
203975197
204306820
204694847
205634970
205744515
208306655
209512609
209937501
