5525183
5772840
6767850
6863903
11586669
12160272
12208529
13133111
13821380
14122606
15440686
16306648
16769829
16842731
17405348
17780282
17795853
18017672
18212663
18251727
19037164
19992462
20135418
22693973
22715777
22742189
22975320
23732512
24261972
24673045
24937468
25382730
26148374
26562389
26618834
27722394
28109192
28819476
29461094
29910550
30272009
30712198
32296374
33131191
33335492
33613756
34090636
34263475
35135404
35413135
36760778
37333602
37825446
38244625
38478821
38860409
39476769
39735266
39871545
39876982
40780196
40893782
41031876
41074880
44256843
44360369
44992375
45350146
46106790
46506467
46756944
46813323
46926345
47512387
48967974
49633242
50000922
50204349
50529034
50561684
50639247
51064453
51434539
51456438
52419892
53555042
55629192
55916538
57478290
57569601
57713835
58035214
58530532
58825161
59674286
62905029
63091807
63203040
63383239
64625253
64787382
64900312
66054986
66485333
68086592
68332318
68423441
69169410
69197847
69494272
70762384
70826746
71434363
73856172
74087270
74257990
74299774
74302937
74799997
76450287
77215170
77329175
77961982
78560168
78862817
78896212
79620788
80693741
81346844
82044475
82680160
83294512
85194265
85391732
85445660
86546605
86629271
87403542
87927207
88091239
91094076
92813135
94929744
95935939
96418038
97905219
99805070
102405633
103027134
103343041
104194367
108362036
110523230
112312385
114415801
114805974
114994992
115511780
116578421
117883331
118598684
118604313
118984768
119126916
119974204
120973012
120990190
121370882
121940070
122450508
123182539
123600251
125915205
131076390
131252102
132315248
134864169
136299731
136558975
137340611
137923718
138490686
138498042
138500552
139505282
140468420
142504853
144171720
144536082
144844107
144901870
144946383
145362663
148261326
148626066
150635847
153944516
155427667
155652862
156326264
156788529
157144736
157445672
157902410
159223822
159665398
162472763
164381142
166806229
168232608
168828430
170951900
171949457
173969763
174905901
176146052
176214224
177230340
177265676
181024617
184090873
184455301
185408109
185909096
188284113
189109889
192021339
192887422
193406308
195215881
196871948
198239650
198988531
200735930
205091601
206101821
209985056
210468065
210595905
214080179
214678709
218836963
219128052
219322355
220224043
220316939
220722918
222207647
222391907
225281353
226535993
229200722
230044258
231313138
232302814
233025000
236487299
236714952
237070278
237896551
238547340
239039451
239919816
240455606
243015769
247068989
248641346
252688903
253602305
255303972
258615459
259215462
260158243
263418175
263655520
265397119
266864607
7180022
9285026
9447526
12607791
13865158
16398835
16975297
18440903
18872978
19200788
21708689
22776209
24041257
24994698
27599368
27743399
28919393
33617630
36139236
37076771
37508108
38228537
38357680
38382186
38603885
39387301
39685112
40814951
41957450
43192796
43475671
43640594
44853894
46874600
47713503
50746364
56588352
58081187
60294325
61157110
61317531
67077026
67523889
68493089
71288318
71581590
71702642
72292730
73023774
75214781
78749634
80367076
83359028
87055064
89137489
91262716
91780391
97602575
104801000
105811270
117628899
124719183
127171401
129422655
129649850
132168950
132287086
134609073
143573439
143634386
145543902
146230679
147131292
156137065
159302794
161510718
167311888
168105948
170380264
173640148
174414537
178179951
183494317
184606564
185611277
191288059
191319493
196140737
200346390
200905734
203924302
206352477
206738626
207324501
214702502
216249718
218150378
222946920
224695850
237253978
240221996
244608574
248742272
254216165
257251198
3765210
4544752
5166345
6227749
6881045
7061688
7458341
7489851
7758661
8029176
8714266
9104737
13526434
15459721
15940371
16161951
16364853
16742735
17120418
17236119
17305898
17641619
17652890
18002932
18888820
19310238
20083852
20158234
20321791
20330653
20342327
20550596
20762284
20994552
21366417
22044083
22134210
22437382
22696032
23765262
24052547
24057092
24543187
24740659
24747938
24748508
24801040
24870933
24933519
25467127
25491791
25632411
25794721
26647381
27237676
27399701
27538761
27840908
28423155
28783143
29541877
29544740
29711523
29944465
30476708
30882074
30926953
31275393
31770728
31794153
32179281
32225432
32870374
32960223
33091612
33755049
34269919
36719381
37072725
37086162
38497888
38517120
38793585
38877972
38881590
38987683
39056641
39246131
39263342
39465214
39804724
40863523
40944052
41870707
42117974
42951683
43093151
44109515
44302738
44454088
44515077
44771113
45472848
46443492
46630185
46911360
46967423
47610391
47778663
49258977
49374329
49381264
49532317
50544056
50696035
50839513
52071531
52942956
53246509
54366292
54743562
54799662
56542873
57801305
58146529
58682104
59278727
60283988
60286210
60755328
61251046
61528973
61859684
62404404
62747122
63455884
63487328
64649571
64959230
65259930
66867630
66960178
67338908
67493879
68667286
68874337
69068386
69880351
70086844
70338273
71416771
71936064
72080627
72665785
73091619
73947734
74623170
74785355
75317647
78653779
78734339
78846296
79410411
79555832
79629591
82067846
83717513
83840446
84059208
84709655
85153301
85345493
85702390
86650016
87077522
87233155
88173623
88827793
89366361
89730003
90859848
90990946
91037719
92408841
92991615
93277738
93696158
94244012
95596832
96233168
97503881
97939643
98320830
98753863
98955112
99249416
99771174
102448142
105183122
105852062
106008532
107133582
107188547
107811066
109243618
109631320
110197413
110556824
110966137
113441045
115121013
115125553
115312207
115857832
118473651
119792826
121099233
122265621
122526753
122704011
127204821
127466797
128578742
130125352
130632460
133765927
135618371
136042858
136085633
137170066
137763881
138357702
138751532
138791087
139422310
140051241
140952492
141189732
141432059
141814612
142487050
142487351
142585120
143019709
144261340
145049204
145750183
148710691
149210114
149396199
149792492
150108203
151342479
151726757
152349417
152419818
152803006
153005598
154350067
154494907
155730512
156309197
156549965
156839346
157069952
157724420
159518900
160107408
160150453
160936905
160956869
161274393
161318312
162693623
163225824
163288649
163956561
164493315
164708224
166536507
170069000
170690193
170767728
171724342
172553743
173962402
174346890
174649604
175055164
175238887
177083517
177640209
177906629
178815596
178989089
179887532
180491360
181287236
184077967
185109229
186875503
187116638
187270724
190107537
190613782
192012320
192326094
193513480
193620794
195844024
196229613
197376503
197656121
199470813
199772717
200013921
200903990
201013042
201978849
201979345
203079385
204269975
204565924
204939596
205149925
205555886
206419027
206741105
207430237
208182304
208503379
209256106
211863616
213047757
215613971
218301625
219125636
219862122
221005257
221401093
221916044
221943944
223895183
225569674
227961721
228060252
228167350
228178238
230323980
230914406
231281897
231307617
231391510
231802503
233787042
235321266
235397235
236314052
236715467
237287259
237519531
238687653
238876145
238893065
242348170
242481587
242663527
242753931
245182016
246289251
249204158
249341946
249386936
249853276
251313564
251613915
252862147
260581981
261402917
267986909
4316111
4345303
6018332
6699287
7072632
7899935
8057131
8189731
9153475
9160606
11282666
12282230
12290152
12420381
12656437
13711742
13972543
15037231
15494095
17364560
17627775
17826274
18908820
19329449
19373462
19804679
20012035
20071246
20831338
21340898
21438235
21475879
21481024
21653487
22138094
22389914
23076212
23212729
23405113
23721454
23830790
24219357
24479938
24612161
25051551
25150181
25221053
25616429
26035018
26104705
26119230
26260076
26262481
26373016
26952176
27539860
27685438
27866809
29103383
29340636
29922770
30038009
31742606
31971829
32071454
33279614
33790565
33822927
34332691
34453667
34906759
35451684
35856005
36308330
36358398
36426252
37609316
37628472
38030696
39734590
39878884
39935521
40518954
40617976
40663516
40734379
40787927
41001435
41060340
41300844
41337585
41466898
42008488
42642624
43261369
44858569
45126431
45597226
46319720
46399602
47003678
47305286
47673659
47858440
48396035
48762760
49012806
50814791
50869547
51666605
52032938
52789788
53665480
53746864
54534043
54897956
55454937
56138314
56916683
57040189
57664537
58729332
58734467
58835922
58854818
60221941
60508314
60737754
60837561
63545041
63590835
65800420
66073813
66274936
66302685
66334984
66494976
67715129
67748625
67778622
68366944
68685522
69411910
69445152
69587809
70057546
70729355
70928857
72398470
72441554
73586740
73842696
74012094
74041670
74912805
76563253
77025186
77174021
77412611
77667356
79204189
80039041
80258754
80453532
82744711
84511224
88202931
88832052
89348275
89530522
90184159
90358043
90439807
90621797
90989755
91185634
91791343
93104832
93612582
93623035
95857285
98737826
101322533
101388051
102645895
104236680
104549464
106990767
107703959
108243608
108397296
108732738
109279164
109600528
110044357
110527777
112740796
113651652
113721846
113851156
113930355
113963589
114169007
114829900
115374683
116875285
118319637
119264812
119532195
119670712
128002074
128543934
129188365
129892999
129976386
130631263
131508931
132038213
132774488
133056935
134043099
134581132
134656114
135014767
137038295
137352052
137540925
138767191
139121015
140630522
141004274
141180161
141205203
141715624
142413889
143961521
144023526
144544530
145026946
145320873
145770084
145833925
146270511
147647422
148040443
148196115
148981055
150410396
150537171
150724205
150834723
150898236
151773933
152027555
156251660
157337129
157390323
157498357
158263271
158863994
160032888
161337470
162061529
162812957
163338588
163989285
164534794
164739023
164945900
166006857
166474001
166873228
167352556
169120160
169467592
169597132
170968375
171227218
172257400
172415902
172556833
173815976
176101500
176359321
176594460
176645038
176818951
176919760
177004141
177032930
179053350
181055893
183544611
183560771
184437547
185854185
186916508
188155059
188560297
188827793
188999732
191415067
191584497
191967866
192046492
192786730
194180359
194212739
197364746
197956054
199006462
199386495
202439269
203208947
203823921
205406536
205423795
206486932
207484177
210745483
212351623
214236584
214957233
215955587
217375806
217646659
219463381
219493725
219993446
220636813
220780735
221335852
222030212
222205786
222215902
223344125
223386060
224047533
224670766
224940748
225928469
226231404
226273397
226596535
227354479
228158327
228993118
229954444
232215836
232521035
234939061
235984257
236713704
236825674
237458729
237542165
237589281
237707556
238088358
238252406
238709763
241943407
244438984
246018107
246923204
248660125
250277418
254314780
255539752
255579332
258509636
259383967
260694050
260733724
263201248
263490913
266076348
268017090
4095402
4118066
4214597
4950379
5588360
5842225
6216176
7237622
7296350
7435145
13845057
14020349
18222641
20355506
20386451
20520599
22191662
23070739
24593417
25867840
26130464
26637853
26901094
27110972
27149697
27685078
28305531
28468026
29201287
29258396
29261647
29851214
30104447
30309139
31392476
31560627
31995449
32365632
32532264
37285809
37330836
37428199
38166534
39118352
40179407
40197232
40820945
41132165
41286098
41421073
41617159
41698349
42182982
43485386
44141673
44215732
45089774
46488503
48112956
48778321
48915102
51077467
52279569
58485618
58780145
59872909
64202682
65296010
65698163
66973179
67135174
67730411
68024287
68593483
71204026
72613133
73369030
73424760
73872592
75608272
75862843
76778396
77001879
77269312
77271569
78466411
79583935
79891157
81967904
82682488
82708687
84175434
86746121
87665556
87922481
91850582
92190548
93151490
93430648
94059337
95047444
96336250
97837900
98941082
101624560
102492989
103671614
104372920
104835788
105418562
110388784
110527357
111899131
112821266
113282188
113398478
115972696
116063639
116677634
119065054
119322022
121581292
122247574
122976476
123348646
124205116
125402079
126795040
127469578
130485649
131678131
136616922
138460155
143139247
145064584
145754269
149254468
149296282
151529800
152423231
153237185
153340726
154604886
155199883
155422997
157179959
157705077
157726383
158543692
162221474
162625332
162984812
163122792
163608939
165790520
168088675
168935071
169821944
171598373
172359827
175163175
175502488
177097426
180212319
181626360
181961752
183351048
183997627
187759797
188228902
190082438
190145031
190398772
191936539
193470974
195283374
196795389
197070093
197874469
197893285
199448524
203640762
206666814
209733855
210208135
210833252
211317169
217195473
219199118
219215252
220243848
221810986
223504423
223609904
230160447
230589859
231273488
231704578
235191685
235483170
235847247
236506016
237158631
237897299
237938724
238198952
238648298
240303038
257384773
259995237
261277830
262318406
267279299
3368336
4927715
6344661
6363704
7296959
7701224
9259484
11422094
12667550
13374664
17214418
17426691
18206414
18475961
19463444
19476075
20324954
20762441
21394191
22351334
23385496
24313015
24548145
25046895
25532580
25681635
27203573
27436621
27606871
28115851
28349665
28477806
29157935
29815295
30234958
30695570
30802049
31849602
32022569
32087297
32185823
33044298
33152157
33962940
34467957
35303173
35681633
35873805
36309803
36575776
36817830
37250458
37499926
37893428
38221733
38608553
38908665
39191913
39310339
40309192
40474077
40770234
41232305
42076608
42469151
42514963
42722241
42768388
43999666
45360085
45978237
45997220
46038759
46476582
46962241
47124663
48455268
48807643
49212273
49402227
51319922
52124404
52456568
53134943
53406179
53446343
53984783
57023586
58179509
58312950
59043483
59627524
59819663
62589163
62751667
63248074
64779763
66655473
67265916
67273855
67512617
68215894
68620996
68745886
71299240
71999077
72019753
73053966
73116483
73841230
74200730
75562065
77886627
78023697
78950349
79338644
81470098
81837815
83805672
84280147
84369829
86005855
86272333
87198260
87483849
87612966
87787274
87902599
89144647
93212830
97860345
98827262
99039263
99312613
99374924
100352827
101151387
101229069
104130537
106366346
106762477
107009564
107057829
109728982
110172624
110454631
110921696
111039880
113818126
113902980
114930510
115031274
115735419
116140386
116991650
117172025
118742879
120699324
120754006
121004617
123471201
123735876
124005504
124891575
125060976
126079641
127104284
129156465
129184129
129482337
130536644
131395834
131494860
133218243
133293833
137310207
137719664
138343842
138494916
138738889
142724295
144321062
144887811
145694717
146139893
148363608
149319797
150325117
152057580
152388040
153183295
155659443
156766207
157039512
157161447
157927784
159792256
162447998
162449564
163281305
164478981
165061018
165539002
167550741
168126560
168812832
171264315
171546231
172174807
173758098
174110531
174134245
176604444
177116192
177414801
179153022
179813795
182305602
182565855
184270031
184700626
185227779
186358342
186976634
187603990
190046543
190656985
191297944
192878239
192977828
194605191
197353247
197639058
197821561
199245649
200360733
202619581
203308952
203679629
203770126
203973426
204446034
204786555
205208083
205374774
205430758
207528375
208782256
209094209
210165898
211152064
211693997
211857125
212978501
214514586
214547126
215611907
215925641
216664250
219174520
221599444
221810218
226836964
227182704
228323178
230839286
231749246
232322596
233048945
233279679
237797969
238143374
239987311
241881208
242762058
243364286
244081021
245942885
248047110
254692510
260699003
265692356
267000259
269399266
7093828
7689637
8769726
11987670
12255851
15412977
15999758
16309453
16383144
16640402
16966035
17068204
17868958
19184756
19216365
21781274
22545839
22808962
23538092
23826988
25017761
26558496
27174161
27364653
28149169
29570669
31207085
31410741
32839908
33643774
35780053
35985122
36684213
37067847
37242101
38581464
38873512
39011885
39457003
39529959
40228282
40495938
42933344
43268832
43486175
43506449
43539896
43963895
44979386
45066056
48229148
49339485
51074114
51526430
51536433
54106553
56936707
58161762
58467648
58602014
62276831
62718304
63083199
63899822
66320008
66815746
66861583
67385021
68082840
68365279
72156006
74510804
75296981
75450912
75951665
79877156
80078772
80137873
80179210
81064823
82146003
83060944
83112707
84402090
85582104
87231829
89884314
91466138
93158886
94554590
95367305
96167299
97671566
98146671
98287647
98501311
99348241
104665106
106120072
107575204
108773662
109667097
113749511
119416762
119858365
123768100
125968265
127591231
128208912
129195808
130572116
130747372
131265582
131717822
131846932
132492152
135306190
136817512
139349292
142371009
143396422
146655822
147289979
149068944
150032346
152605033
153376893
155486039
158635551
160548496
161793124
162662984
165673705
167693273
169948955
170104646
170342105
170864924
171879364
172258165
172660520
173004273
174277829
176493483
182727888
183810469
184382397
184886231
186628220
188933747
189364933
190522877
190581372
202154168
205402508
207724452
213543881
215512062
223164013
224037083
224597896
225324442
227489654
229289372
230321024
235605443
236789620
240411426
240894583
241008563
241045914
246647452
248514536
248941097
251036187
256362760
269436385
3868334
3959482
4148869
4321020
4390388
8771846
8951073
11251317
12517113
12745323
13858139
14110973
14959123
15394903
15906124
16398098
16642258
17223681
18884067
18892570
19065713
19197731
19293107
19851834
20020438
20182885
20546998
20787537
21191899
21252931
21329718
21445391
24288344
24545880
24580935
25394654
25693913
25742722
25745002
25890772
26060739
26717822
26854312
27035692
27146674
27263544
27291590
27600492
27637539
27768705
27915762
28141967
28492131
28678379
28875738
29050251
29116243
29209027
29625053
29642473
30170379
32265118
32288741
33671808
34193894
34282175
34655507
36022303
36312191
36432576
36483305
36528957
36667445
38077095
38405581
38531369
38797415
38826592
39580681
40592579
40834757
40984065
41324999
41433699
41557220
41907216
42052180
42226535
44661889
45485491
45720825
47252372
47270645
47949669
48110873
48605399
49409092
49959184
51044128
52841316
52877295
52939240
53440193
54504592
56521776
56737694
56836282
56894715
58048833
58186297
58477267
59338882
59843082
61169188
62520718
62584944
62586041
63538477
64183607
64270222
64519739
66881072
67365243
67501048
67971354
68513042
68879592
69019961
69395415
69550860
70744809
72026137
72354822
73031069
73600008
73712403
74315423
75241167
75871292
75924293
77792261
77826644
77885339
79464133
79693391
80125457
80139417
80242820
80754230
81071742
81536521
82353505
83295035
83485182
84245995
86286724
86422509
86569717
86685421
88080547
88323265
88476436
88910541
89029381
90407626
91187934
92007914
92205785
92531449
93082971
93976412
94401065
94622560
97319417
98203068
98980795
99163002
101833718
105932567
108497785
109448957
109605060
110913319
111736383
111873014
112520419
112937913
113143341
113222801
113659862
114109954
114427048
115074733
115197423
117345160
120095314
120568649
121208301
121259142
121493824
121884004
122940991
123094325
123134418
123140725
124008186
124594778
124758574
124845044
125189318
125644640
127098549
127531562
127616407
127710461
127898594
128712821
129065043
129445792
129487797
129600819
130011616
130060886
130086887
130349343
131349274
132109364
132145798
134519865
134858459
135107004
135232060
135454497
137157480
137945547
138018918
138810307
138926043
139035241
140525500
141273725
142294837
144346999
144372652
146916946
147094792
147126171
147697925
147920925
148765688
149141733
149551701
149893520
150479734
152109842
152164764
152733869
153702532
154098117
154506828
154998541
155521050
155958871
156667331
156956401
157287061
157447682
157482427
157737595
158243449
159381162
161702590
161705734
161807044
161989644
162222075
162863257
162876967
162907279
163069510
163526828
163879702
164584893
164730571
165994850
166086618
166559473
166666026
167003164
167712532
167870877
169930501
171291817
171864337
173192061
173626462
174603434
176277982
176556319
176727103
177196082
178593124
178723697
179661004
186468789
187744958
188135293
188657272
190007042
190164975
190983929
192596908
194691365
194883591
196011431
198318272
198416393
201141170
203891456
204315312
205173294
205190019
205201936
206273210
206387210
208021086
208440266
210060668
210951290
210988175
211018098
212657251
214664734
214903564
215425207
215616866
216523085
217156712
219160156
219346751
221661011
222702275
223699548
224076061
224456713
225856608
225961316
226311134
226894491
227717284
228042625
228753616
228956490
230191920
230932669
234045837
234439606
234523107
234751705
235555297
237212924
237590239
238316764
238772572
239763775
240007126
243008039
244927706
247496577
247755485
249614458
252596745
252750601
253165344
256247898
256382559
258736711
258782311
259793722
264002493
265539390
266557084
269111168
4417440
5135192
5390604
5767691
7811779
9479130
11002213
11756695
12179080
12352086
12530979
15422072
15439730
17522552
17655364
17909827
19142286
19551674
19773640
20093941
20642675
20662574
21194905
21261713
22645822
23019486
23436167
25111203
25435837
25696796
26209424
26222939
26480869
27262544
27308866
27854308
27865730
29628508
29670506
30008058
30109899
30543284
31076704
32284128
32376156
33233545
33330723
33515838
34326929
34908659
35995593
37753845
38330033
39196021
39994827
40167329
40594129
41169731
41516103
41998225
42134144
42195629
43342459
43504786
43598559
43934579
44269321
44742729
44943168
45139128
45226099
46124699
46139715
46212950
46264883
46289001
46393276
46612080
48130018
48923452
49019202
49503807
49720931
49836014
50749146
51170805
51185427
51480020
52200591
53799902
54127749
55585190
56429186
57081795
58293064
60566338
61382005
61740425
63947204
64694023
66790076
68831452
68932134
69516823
70059223
71621779
73404008
77090199
77357065
77922304
79457325
80120500
81670542
83077730
83612747
83839735
83999923
84089977
84384796
84584908
85210296
85483108
86053742
86136657
86618600
86669243
87384733
88070003
92306584
92493964
94057727
95619481
96493826
97413586
99688848
101096838
101228838
103124809
103331697
104450090
104536535
104593910
105234946
105280799
106454483
107871900
107877515
109887432
110679087
111343475
111462665
115260091
116084160
116191789
116730814
116919874
117695581
118251714
119501059
120097945
123522398
124593276
124654581
126117020
126583619
128027434
130663206
131556000
132411007
132413979
132859221
133220013
133639821
135752455
138536589
139223994
142460549
144114333
146356200
148148907
149207612
153266107
154863855
155489138
155877008
156447129
156932025
158513164
158550381
158741106
159524408
159854392
160398921
161217400
161248068
162513170
162680520
163262277
164321786
165536263
166718467
167058684
167723794
169075752
169388657
169862366
172330369
173013098
175025386
177245920
177343555
178124214
181077858
181176429
182336066
183181020
188280778
189783795
190803658
190877605
190960679
192095842
193768977
194798232
195714626
195755086
196269707
197524435
201956434
203686432
206406234
206661881
206807567
207359473
208373032
211435450
211949308
215885406
216886440
217000787
218462095
220999353
222075757
222802440
223228916
223265498
223315876
224592693
226337783
226491498
227161118
227935673
230409987
230768753
231490206
232308030
233595445
233823638
234505076
235049092
235821118
236753259
236922978
236937748
238018010
238594079
240253138
240333429
241337425
242339904
243930987
244275307
244457631
246943883
253066888
255651448
256588349
260354939
261122979
261727068
4202602
5667977
7595654
7668514
7770411
7881627
8618548
10760249
12439697
13267038
16218579
16400677
16672254
16931403
17144367
17166969
17195922
17708321
18611503
19006470
19295109
19349968
19434389
20353467
20822972
21142501
21275417
21304205
21583450
21668294
22029455
22307711
22335131
22513528
22708384
22711389
22777460
22831567
23577384
23632390
23961311
23980627
24353391
24469775
24950455
25080505
25210214
25334884
26222710
27323445
27815092
27917886
28011001
28017795
28435955
28690178
28701237
28867427
28954192
29141530
29665714
30056873
30365847
30405813
31894529
32133412
32925402
33351669
34612757
35562345
35975953
36104034
36285921
38018730
38304094
38497449
38822605
38825193
38951549
39033576
39095272
39212014
39628534
39758168
40264928
40597329
41057559
41680096
42034747
42442709
43548504
43810591
44328364
45465444
45926069
46446331
47165484
47225154
49681372
50209167
50879654
51848778
53015041
54041496
54421749
54450363
55513988
56049749
57786771
58548114
58978769
59122629
59349950
59632478
59961023
60235571
60296886
60863980
61242014
61979299
63255392
63454429
63687181
65572070
67609486
70209940
72864083
74592897
75149358
75151354
76522914
77625754
78022126
79315005
79833640
79911012
82110389
82209623
82547128
83751259
84093396
84294765
85111960
85986021
88027001
88275973
88404885
88867484
89127296
90718666
90791764
91035945
91201889
91409650
92571787
95289109
96311991
97536023
97846235
97997649
99882854
100656857
101310800
103174692
105230478
106609525
106621477
107894630
108099592
109753316
110839662
111425572
112260304
114178886
114512914
114842816
118258717
118931508
119306742
119459474
121267633
121955576
123152344
124101281
126934960
129112232
129246327
129998581
131329692
131769587
131918112
134951028
138576924
138622012
139247050
139734670
139900418
141325763
141335159
141397825
141925029
143513399
143640361
143661430
144189931
146374583
147525885
148043455
149110986
149276343
150570403
151516069
152304495
153203637
153923885
154064782
157279528
157354674
157818175
159292244
159764569
160470489
161247234
162367787
162570538
163088880
163339065
167170018
169734766
170469759
171005444
172132309
173819950
174006765
174442517
176111244
179000862
180156710
180366480
180777051
180977772
181605791
181910723
183773589
184034379
184166360
184559818
185538248
185585721
185969371
187559665
188880946
189367390
190097275
190920961
190968866
191401843
195065116
198768444
199392968
199468163
199763130
200626133
200939655
201693271
202133403
202908192
205245520
205538287
206498249
206584297
207312149
207756722
208149157
208153300
208955466
209136342
209609822
210625678
211070266
212037912
212876266
212992097
213227118
214450861
215180315
215793671
217282771
218671652
218849278
219721196
221011358
223051461
223709850
224183567
224200769
226527829
227091984
229104779
229587172
232326746
233764561
233934231
234532551
235419795
235789379
237864865
238489250
238633880
239927288
241171358
242999163
243019477
243534664
246634583
247139712
247945212
248300152
248593979
249316516
249986590
254048024
254210820
259323267
267935102
268437856
268806561
269643776
4633817
5734937
7517859
11764821
12144881
16344668
16417010
16503333
16663535
17158106
17224683
18981456
23002400
23015386
24359656
24673444
25168649
26533840
28544895
30782396
30945363
33234963
33781284
34082492
41724787
42169506
43135456
43392584
43410112
43729430
43890736
50294468
52229555
54016317
61375874
65793786
65897519
67077394
68688248
69126212
70730782
72110670
75107609
75179685
76030268
77557803
80898954
81785304
82976912
84586970
85334845
86867135
88117728
88381138
93564319
94399714
102493052
102722345
104619596
108142668
108413781
111937605
116181555
123044512
123228750
124198410
131674618
135303891
137277902
141299922
141951122
148910543
152117781
155651126
157785445
165130163
170226629
170369767
175555538
177204926
178729935
178900602
181534754
182057151
182714150
183069200
184150495
184342028
188259799
189291922
194727314
197105745
201373064
210665294
211126713
211156240
211412589
213252976
215918360
217619632
219052103
219523796
222308946
224282680
228564403
236053962
237611872
242811103
3467606
3652142
3756413
4084645
4234479
4394868
4922004
5263794
5274866
5294932
5834928
7187197
7367760
8623174
8707387
9056700
11565836
11606838
11712467
11725545
11800662
12042443
12747825
12956034
13244345
13267620
13371786
13473791
13619230
13775525
14154509
14615145
15906724
15992226
16246771
16292244
17717625
18005552
18194433
18329885
18361690
18821872
18927626
18961818
19174696
19305226
19324619
19410161
19737487
19910281
19951309
20068730
20120404
20148704
20532267
20589098
20708638
20734208
21229418
21237416
21566432
22818298
22912016
23013636
23422805
23908732
24042659
24220772
24734348
24776537
25105379
25132151
25233815
25353325
25623195
25625447
25808710
25903449
26064092
26428252
26535211
26649119
26834306
26850113
26887413
27280369
27362799
27420403
27778869
28099879
28153058
28280940
28350304
28574284
28613862
28808775
28897417
29093830
29302031
29476302
29579227
30857573
30926597
31024913
31387647
31510744
32117695
32356132
32495391
32641345
33016789
33088315
34112192
34204257
34791539
35557001
35649464
35935525
36078089
36674740
36732582
37333394
37425865
37791079
37836132
38104280
38112375
38231501
38280313
38380667
38519112
38629925
38751233
39061326
39215857
39494595
39557662
39593708
40153225
40390884
40416196
40482885
41632094
41970637
42140960
42204906
42657498
42697712
42792118
43401186
43580370
43726683
44201693
44532260
44557333
44914666
45096165
45246128
46116025
46187556
46396006
46480405
46499745
46544708
46602753
46888571
47028223
47044178
47068630
47587748
48267127
48661085
48664795
49103521
49372933
49378632
49495265
50582911
50797460
51019647
51343133
51533227
51695878
51719940
51762716
51763126
52248924
52363427
52564003
53046175
53276970
53558364
53637857
53934706
53982943
53995297
54042249
54570863
54826875
55175432
55218842
55589031
55741389
56334329
56601611
56757577
57454738
57538901
58256239
58389697
58809200
58960408
59178900
59519634
59531065
59836870
60286662
61694133
61800501
62000381
62570574
62587574
62671626
62968055
63724640
64012311
65106567
66867478
67150862
67415611
68012857
68200699
68312194
68336729
68851154
69429782
69492909
69614925
70001153
70198507
70641918
70668127
70668834
70845355
71140240
71277883
71396714
71428053
71517829
73378953
73741781
73762934
74341793
74383459
74995024
75087066
75269596
75275817
75886011
76126925
76326081
77394625
77529794
77675679
78098441
78378743
78433731
78692931
79008961
79204514
79997685
80663622
81760843
81955446
82056538
82202211
82989451
83203004
83321157
83510610
84298232
84491320
85091375
85314369
85437062
85696713
86133568
86161623
86165113
86823419
87064148
87318171
87389101
87402316
87528442
87928643
87943108
87973590
88016110
88716369
89380315
89444562
89613392
89621285
89691954
89734454
89836859
89846417
90732588
91171760
91399014
92235337
92622838
93334638
93582414
93709865
93733055
94015034
94642549
94646283
95268971
96825995
98491993
98544514
99560970
99715012
100178592
100351178
100466145
100804109
101350571
101422506
101616977
101773833
101832806
102197165
102511469
102700603
102700826
104444625
105760347
105958635
106269461
107006225
107313958
107756121
107945463
108105538
108352474
108376937
108466895
108936529
109141944
109221319
109305766
109706232
110145055
110648568
111166736
111272104
112026694
112129783
112689768
112738854
113480429
113519856
114175192
114941630
115011773
115399766
115490516
116335210
116373529
116521565
116632670
116992970
117035419
118145503
118382092
118714111
118865770
118900578
118965168
119310850
119564252
120095851
120295966
120364242
121505473
121621610
121653525
122292717
122394138
123041243
123189481
123675050
123828821
124411725
124757918
126499765
126637093
126822620
127373225
127448052
127673011
127826214
127906073
128292416
128436009
129514717
129802873
130521942
131682245
134618803
134920323
135168701
135817779
136115057
136805433
136885293
136973050
137097659
137666131
137918408
138623476
138655111
139198622
139921775
139969147
140075150
140289104
140716534
141249155
141420481
142179509
142237843
142640626
143134546
143185517
143560877
144582142
144654994
145680613
146089028
146725540
146935807
148222187
148651441
149029519
149142472
149460540
149853617
151473845
152077152
152290414
152504999
153275427
153347723
153552135
153868302
154021060
154274079
154748155
154887339
154933490
155296673
155461713
155736433
155950766
156069733
157401567
157616154
157680587
157688430
157968878
158451884
158573360
159018136
159627736
159884652
160431078
160513698
160581388
162935624
164237694
164689500
164709682
165004820
165174761
166149698
166472244
166994298
167173155
167539938
167608164
169572582
170712607
170912614
171101128
172118482
172733819
172931548
173910324
175376091
175437808
175975813
176048185
176782786
176835869
176905390
178080405
178208564
179185023
180135523
180705838
181232991
181272374
181345138
181436721
181580901
181588581
182159389
182381746
182489096
182767986
183939691
184891228
184983486
186351706
186435216
186714341
186775700
186807768
186959351
187162304
187272091
187795179
188019598
188249929
188335360
188680655
188741258
188807270
189189891
189995257
190059290
190299134
190380219
191028721
191469188
191562903
191838585
191907798
191912631
194680903
195172582
195477521
195595501
195703828
196776715
197460833
197497684
197509160
197564086
197702262
197880041
198176304
198662889
199908228
200487545
200493196
200977825
201036222
201492281
202639773
203559650
203926019
203938965
204054978
204298525
204357533
205055315
205152682
205904096
205914170
206553577
208322926
208526641
208929066
209599755
210191309
211129911
211690118
213275835
213693442
214191852
214338391
214745161
215682813
215869062
215907776
215981970
216680957
216698038
216837842
216880843
219068231
220173727
221423949
221793991
222750660
223567192
223592642
225456537
226174504
227032575
227322420
227341164
227411117
228277534
229009479
229407479
229591142
229805650
229812536
230564068
232106458
232748673
233004693
233521032
233684029
233720394
233931557
234463520
234571192
235775123
235880260
236295970
237108274
238367960
239125886
239159832
239697879
239873155
240017704
240071837
240204702
241453743
246276665
246759582
246900257
247112922
248189864
248473763
250436771
250974652
251180092
251992775
253229828
253509225
253740224
256426887
256506814
259348570
261490370
263832965
263964669
264866046
265068099
265309312
265912833
267543808
3062679
4458291
4877919
4947381
4950290
5340776
5549053
6266447
6469752
6870947
7754565
8052223
10011891
10236691
11259686
11745456
11970201
12055452
12193468
12199849
12366410
12392762
12655896
12679755
12760835
12791190
13048766
14196255
14354175
15055629
15187538
16153981
16182417
16466582
16546833
16548737
16632079
16952363
17027468
17447030
17919578
17973860
18585427
18722110
19074351
19610584
19641979
19651906
19901795
20034096
20201350
20310551
20579181
20613947
21225698
21721579
22383921
22925252
22934182
23140931
23144107
23306367
23310601
23354276
23423886
23424465
23774241
23944943
24226644
25175208
25306826
25311230
25326194
25342534
25451560
25467219
25949081
25952404
26119155
26852433
27043837
27162189
27225662
27290965
27305809
27629681
28988399
29189892
29628000
29742394
29864393
30077151
30179543
30291181
30474892
30861012
31536377
31553305
32041410
32376768
32540938
32588871
32612669
33347350
33410936
33588658
33859187
33905663
33951362
34474720
34600269
35052984
35183792
37696105
37709292
37861963
38374785
38533886
38598344
39239643
39252770
39268227
39567356
39711396
39865132
40553853
40573896
40726229
41125146
41189324
41473737
41536164
41556742
41922409
42707391
43232087
43744708
44133106
44590248
44590846
44929848
45087511
45169389
45292194
46032999
46117102
46196966
46262514
46412275
46525525
46546218
46958272
47423805
48139992
48227356
48559285
48914314
49345082
49462684
49712136
49775969
50232107
50496328
50620308
50752796
50890619
51736148
51847190
51898757
52177956
52301317
52939694
52949565
53035864
54273766
54776376
54808776
55199428
55243729
55451949
55617668
55669959
55832534
56719625
56746079
57207601
57283683
58747994
58823800
59285486
59661039
59789791
60544219
60655824
61817491
62291958
63466246
64320708
64825553
65001935
65434119
65601837
65939589
66033717
68105084
68887186
68985499
69383347
69541644
70160004
70240155
70580587
71025582
71390912
71793116
72054879
72163528
72193016
73309394
73540749
73674552
74863426
75446765
75868518
76383229
76731096
77445024
77670224
77708388
77717278
78052145
78903494
79309790
79968412
80542598
80580847
80643926
80731473
81170664
81475572
81488051
82520868
83115190
84205190
84458640
85034441
85309110
85319034
85796464
86035780
86109916
86600569
86852976
87864342
88436349
88890289
88898750
88991403
89144400
89231036
89727573
90179406
90553298
90648880
91650241
92284307
95870464
96640718
96871283
98013753
98434107
98877067
98934503
100593807
102672977
102825878
102842326
103351904
103353455
103441144
103624914
103733009
103953585
104006455
104256938
105468596
105669619
106061951
106854922
107214872
107544849
107805193
107974617
108575109
108640236
109368383
109586234
109813142
109972247
110305130
110565381
111461117
111970589
111981711
112062321
112206719
113791116
114756177
115035552
115102100
115222444
115790526
115853602
116282190
116410390
116591560
116660399
117367079
118052222
118125092
118299033
118623783
118662165
119146787
119762650
120336719
122216985
122217477
122449763
122748102
123669130
123672732
124095246
124359807
124741018
124830602
125221930
125468492
125817835
125867654
126636721
126956196
127087292
128147112
129238927
130821790
131487015
133551688
134646670
134763684
134775669
135527332
136773172
136857045
137158312
137658268
137775881
137845544
137968128
139204393
139604136
139879358
141383114
141514863
142052962
142586420
142883302
144408533
145816498
146022926
146198967
147383836
148711879
150002627
150324592
150975026
154401606
155038020
156425979
156565668
156646690
156691074
156847159
157013817
157241584
157573078
157846660
158013138
159598051
159711539
160220011
160446812
160527235
160600645
161862901
162463234
162518842
163046030
163545454
163872089
164451138
166046590
166709751
167110598
168218386
169191486
169525390
169569286
169655216
169728763
170106392
170365380
170366342
170556432
170981051
171387409
171723484
172153463
172831753
172982384
172989743
173784924
174332795
174606268
175712225
176472872
177998144
178165646
180391473
180394896
180633927
181061365
181153032
181168543
181222688
181748870
181751669
182615559
182871982
183495647
183615576
183730019
184254099
184257934
185371370
185776081
186189908
189109694
190666500
192117438
192203479
192704639
194438945
195478801
197038700
197638774
198076797
198538216
198855964
199060288
199078347
199195473
199458682
199881211
200465343
201207964
201284965
201904272
203240271
204375238
204615443
204678696
204789231
204810018
204947843
205191988
205276161
205319073
206439467
206777329
207396971
208416004
209411717
210371485
210792816
211212868
211218795
211270633
211507306
212037262
212991066
213700449
213726263
213747772
213910478
214382744
214656388
215453541
215549488
215572255
215799939
217203186
217570406
217866142
217980611
218347160
218484248
219658034
220005912
223286796
223537807
223591750
224257656
224935947
226253406
226631993
227193624
227877472
228107592
229204607
229500159
229822942
230417475
231379194
231479547
231856519
231973657
232261699
232451902
234568514
235247197
235674816
236464176
237159259
238230673
238618483
238715523
238974658
239119926
240318103
240321466
240565242
243140161
244627001
244665736
244934274
246434538
247960437
248017663
248706776
248904602
250766711
251513627
251753829
251974276
252474726
253837338
254715331
258160032
258173189
258532380
258654082
260346111
261029478
261199488
261482149
262507456
264987937
266321791
269524674
270355711
3446482
3526640
3864371
4289368
4603077
4830225
5124410
5654245
5675507
5912222
6026915
6572686
6839625
7045085
7127068
7271706
7706556
7792737
8471942
8508157
8908764
9891267
12189164
13308406
13876123
15724934
15925013
15969337
16001709
17045913
17085109
17100696
17110600
17896225
17970527
18168737
18270046
18397811
18485419
19180504
19516025
19683271
20283514
20833184
21091487
21093137
21320208
21668381
22013037
22201136
22312583
23537587
23686821
23699283
23796638
23903101
24012832
24481765
24505907
24814089
24893620
24979155
25030786
25141781
25205062
25246312
25312656
25769761
25788065
25921174
26025717
26497801
26546303
26621170
27216932
27297910
27995038
28018834
28086225
28281256
28512839
28635089
29289237
29638201
29898300
31472683
31496424
31570182
31877424
31884024
31901493
31996293
32016626
32198861
32379937
32394831
34428422
35577957
36571715
37105392
37211399
37331302
37761863
38006934
38114166
38279732
39154732
39941659
40550294
40845618
40873393
40931056
41297456
41414077
41435746
41529596
41869003
42272256
42272966
42467073
42772326
43144464
43374658
43830498
44054912
44095247
44246850
45447094
46181953
46517171
46607259
47974847
48217253
48328961
48633295
48849942
49034750
49380260
49473218
49631671
49658405
49959165
50118437
50450639
51212516
51352537
51611428
52113068
52582629
52976024
53030270
53088792
53230451
53305822
53482601
53583498
53688567
53807148
54942748
56046297
56445214
56568464
56594459
56792499
57438677
57733481
58635395
58647028
58664259
59219639
59260366
59575716
59730378
59778800
59797486
59998821
60735474
60774113
60854740
61228882
61841678
61957004
62315656
62978687
63393312
64580013
64637515
65500612
66018309
66241280
67303987
68000116
68291463
68722695
68785491
69286446
69292968
69338020
69775068
70054199
70236607
70691029
70770365
71669627
72064049
73275826
73319559
73486297
73609215
73785249
73993214
74000193
74981089
75163504
75212493
76019211
77087631
77406004
77672180
77788135
78595241
78601965
78709628
79045364
80039539
80283026
80383505
80815382
80839829
80867777
80895860
81857272
82119018
82393328
82415798
82641276
83303689
83940990
84341755
85112729
85752163
85851550
86114675
86153068
86417726
86634075
86965285
87274831
88115131
88747303
89077070
89928879
91443045
92689617
92751623
92902106
93637397
93959334
94072757
95003259
95304290
95441444
95909596
97563647
98305370
100212209
100599044
100676187
100838218
101055605
101179940
101446685
102450805
103351054
104212958
104710893
104719456
105018536
105355953
105751691
105877855
106583498
106795932
107856563
109696215
110608416
111034137
111536558
111817638
112437892
112515782
114843690
114928101
114962189
115301193
116511912
116540174
117871391
120297762
120513023
120647416
120972332
122584094
123282996
123403924
123785826
125819313
126005388
126723202
126958314
127391389
127880571
128087592
128343301
128382266
129378696
129469402
129652173
130099962
130160386
131174402
132327225
132466853
133647824
133695494
134324848
134956152
135647700
136261762
136569911
137632494
138207943
138268512
138374896
139267700
139490921
139575064
139686166
139723592
139938624
140198337
140231522
141124275
141352519
141608144
142376042
142659543
142918842
145521599
146002376
146418224
146573929
146801289
147062465
147266919
147561405
148286120
148553525
150241709
151855868
152020864
152634256
153552491
153765333
153991108
154332408
154822618
155441906
155560708
156323193
156613463
156618082
156861011
157374072
157707175
158199402
158302990
159010305
159092600
159260965
159874327
160370219
160663102
161089864
161156309
161519575
162078246
162402972
163528040
163532264
163739276
164010371
165398768
166480870
166630375
167611336
168496329
168830259
169279237
169612113
171921584
172190196
172459995
172975097
173912709
174011101
174143794
174217951
175163167
175730090
175778179
176483346
176898389
177277835
177814645
178013087
178679695
178807275
179636172
179755101
179798147
180825646
181027644
183391026
183430327
184784801
185020235
185020464
185973893
186814176
187770899
188113950
188120334
188432177
189255354
190248201
190453190
191355457
192192417
192714932
193755899
194344712
196528168
197052096
197550016
198693741
199191735
200277650
201805287
202378899
203152281
203909222
204131523
204407752
204911187
205265126
205555214
205686818
207186501
207358332
207679066
208130078
208262511
209297446
209847344
210063331
210267406
210282090
210595562
210994129
212082819
213249323
213797692
214240407
215291287
215782371
216221773
216266344
216344102
217117016
217735745
218106528
218516345
218807431
218903991
219943084
220277347
220288469
220524188
220990664
221607878
222145712
222538756
224572323
225578455
226754620
226972086
227210985
227422700
227894273
228150936
229025830
229479556
229615460
229989906
230725368
231734182
232975324
233414624
233765323
234311773
236895976
237427319
238524689
238870625
240974279
241183314
241404765
241980212
242686578
243007749
243109985
243386297
243731552
244385252
246487705
246762619
249586391
250371000
250597046
252703974
253436676
253603351
254770947
255024776
257646490
263490397
264533442
266550148
267499715
268302976
3675350
6485110
6646136
8381927
15531126
18542542
19281545
19340366
19906222
22477640
22852251
23634680
23992275
25391803
26490952
26613178
27258610
27430594
27827432
30834471
31796091
33309470
36745094
38667822
39471623
41449549
41501805
44565520
47166622
49174222
55723655
58141549
59186565
59319911
59371543
59548295
59839086
60091055
62212146
62226054
62352491
62621860
63950675
68059588
69486941
75498949
77114546
80478785
81054909
83201063
84492321
84838603
85301901
85527528
88398878
89765279
89951833
92080011
95353339
97069819
100616095
102994673
103934953
106479952
108096148
109904228
111107067
111217981
111242218
115128850
116196612
116935796
118875191
124351175
124397747
125832712
126087636
126131744
127069381
127658173
129006941
131918807
132178950
132450547
133306907
139417998
141913728
141987010
142244662
147665839
151901560
152191019
154068279
156597633
158454494
158741611
159328814
159680106
160068574
163009618
163505712
164823785
168104953
168716064
170369732
172827112
172827717
173192791
176163755
177629288
177859939
178755003
180787302
184515675
185363953
186616193
187183397
189757439
192503659
193159894
194409422
196244683
197001888
197376582
198299843
198518409
202313849
202410929
204800636
207495583
208450020
211310390
214091156
219620598
222067501
223766252
224724077
225040166
225564933
228173299
230004863
230331531
234965997
235164102
236073296
236335278
237445846
247543969
264245759
6325453
12618147
15740980
15977737
16260880
16607687
16914444
17176621
17856927
18558311
18863974
20237493
20867771
21179812
21282871
22031588
22172094
22624511
22709134
23199408
23912528
25792275
25828210
26085033
26278696
26458490
26739424
27281644
27825832
28135147
28666492
28952342
28952788
29065803
30004444
30046802
31358898
31485970
31566452
31813669
32076744
32096403
32927619
34425110
35866378
35883213
36230845
37399624
37676270
38178670
38340367
41034130
41062170
41348532
41911919
42488578
42662122
42825913
43356081
46139024
46182787
46385116
46972475
48666225
51056961
53388533
53612474
54650697
55697969
56424119
57162223
58378166
59054024
60704954
60917835
61085790
63451051
64720181
65268230
65890755
67736093
68036139
68419768
69070005
71472320
71985889
73835613
73993820
74047048
74280764
75427846
75811845
76654584
77863703
77903412
78073641
78211638
80828412
81174288
82288010
82479227
82910993
83888501
85717285
86138338
86342322
86800523
87802303
87845033
87987986
89513925
89670759
90221385
90759645
91249336
91385662
92730271
92968027
97299097
98078046
101336719
103772802
104385054
105750407
107457225
107633124
107774635
108890160
117727228
118009823
118293357
118447017
120989919
122087380
122112623
122504298
123883131
124781115
124946641
125360385
125891119
127647898
130584330
130620289
132274387
132818887
134154394
134972432
136205685
137947935
138091601
140669345
142173216
143329205
144210112
145199831
147091376
149531057
151020641
152552368
153235354
154180226
154321473
157119283
158555407
159900922
160308007
160879892
163191845
163944177
164149747
164641887
167491762
168554363
168975954
169029475
169836273
170036666
170791425
173949625
174464433
175149731
177242699
179065134
179365047
181701182
182430471
182960938
184907926
186145086
186527029
189014597
189589336
189788629
191649219
192583721
192981334
197920840
200554553
201274758
202114217
205258682
205750120
205986474
208181397
209572702
211647294
213883790
214452529
216540759
217615033
218646679
218894819
219039781
222731859
224312988
224378383
230191931
234627048
235008652
237843792
240618917
241567045
242374837
243858817
246155722
246842155
248038411
248305534
255657564
256156448
257985438
3472011
4929459
4960732
5199037
5395979
5897426
6440876
6515230
7138617
7564030
8238558
8499758
9064800
9219612
12494658
12756273
12994795
13450423
13864486
14043135
15181811
15221052
15392831
15477230
16026548
16289669
17333188
17667273
17922014
18020019
18124244
18713509
18905648
18920038
19134418
19440134
19558808
19805415
20169299
20649212
21073467
21239904
21338658
22636589
22642233
23283612
23312372
24425807
24451260
24495188
24545808
24607428
24909232
24913481
24956437
25045258
25182317
25314451
25386512
25533683
25616766
25694811
26133198
26461528
26504121
26664943
26795978
26857955
27008178
27280664
27826354
27945441
28111907
28534712
28557606
28924543
29128095
29395472
29634624
29687419
29691301
29813389
29848116
30229148
30280936
30597311
30756872
30813347
30876454
31391384
31415009
31462753
31515124
31910515
32031533
32069536
32091247
32344823
32435231
32544660
32901627
32923334
33352224
33776061
33779943
33949090
34188699
34415221
34701323
34855155
35223030
36434031
36504818
36553629
37065896
37209515
37523696
37713638
38104733
38156677
38547524
38784177
38873255
39208879
39392581
40249099
41269733
41530628
41592861
41698209
41883646
42477087
42528346
42827524
43228878
43295028
43330036
44096555
44130744
44504895
44732440
44804213
44937503
44994959
45128481
45615750
45929630
46163775
47216864
47781021
48022165
48254724
48271024
48281215
48524853
48744048
49245326
49422748
49503804
49512574
49723119
50447525
51177724
51228433
51344610
51896115
52368621
52508478
52606917
53121976
53497235
53751239
53911950
54444677
54497299
54800909
55139228
55549789
56169610
56677283
57527414
57532516
57604927
57715881
58262941
58535919
58869403
59255765
60248574
60415652
60965084
61251974
62011057
62206310
62298379
62312357
62360367
62440672
62472738
62759096
62833034
63059227
64357625
64825659
64944923
65037325
65513896
66866859
67177663
67458415
67598169
67845979
67901448
68082416
68279965
68849550
68867916
69053399
69073236
69550756
70698199
70732672
70789071
70817217
71420469
71513016
72102572
72429808
72464697
73401729
73424268
73667517
73848940
74026591
74624861
74936277
75603531
75639149
76512822
76782618
76884311
77103725
77533235
77669569
77796254
78427380
78875029
79741150
80034881
80391011
80657830
81346508
82402967
83503895
83827130
84984789
85114975
85135865
85279702
85848769
85853048
86123157
86153798
86163669
86764093
87173819
87400251
87417897
87566249
87674294
88202541
88209905
88355437
89210838
89808241
89984968
90062954
91002851
91922794
92221474
92845364
93142613
93521338
93841346
93858732
94476280
95593689
95868507
96056843
96170499
96228011
96384873
96694838
96726282
98536233
98730697
98802456
99138618
99307724
99403386
100225840
100246820
100553230
100981385
101059844
102464580
103222292
103542600
103742364
104238920
104597982
104974445
106601758
108899421
108994317
109149380
109439645
109896472
110978635
111697041
111990330
112582628
112688297
112725382
113398957
113787039
113860464
114103805
116216513
116895029
117150958
117808576
117870272
118255325
118298254
118401664
118983554
119142940
119568266
120823769
121768894
123091757
123347212
123548558
124103135
124129899
124151042
124439012
125065990
126340965
126996460
127305024
127741439
128064515
128851206
129548704
129903242
131263394
131388720
132024496
132260119
132936140
133372388
133632967
134115819
134765395
134987884
135357321
135390188
135650921
136287552
136544631
136867997
137549170
137643034
138506341
138688126
138814723
139491536
140250136
140609175
140833143
141121552
141411200
141850860
143107113
143556294
144203465
144802860
145348383
145598009
145731887
147067383
147926870
148470349
148527054
148887675
149037554
149579170
149741070
149965343
150121821
150246682
150301142
150516700
151123581
151182884
151264771
151517792
152307179
153477643
153626159
154602115
156300501
157323654
158784864
159032401
159563064
160048071
162515206
162536004
162935116
163299526
164426363
164735400
165676465
165826212
166310518
166451241
166520835
166674474
166715931
166730526
166778241
167074671
167079396
168688423
169178139
169269170
170006584
170244129
171607016
171631207
172006583
172022829
172352261
173175341
174052867
174781349
176519961
177282586
177793066
177823394
178052730
178835509
179003335
179661244
179785078
180085040
180894740
180922089
182574225
182782007
183146188
183149223
183640176
185555692
185620874
185976879
188520071
189236823
189472519
190344231
190570705
191388202
191540856
191598726
191933007
192006582
192643866
193533209
193802368
193897283
193934280
194364923
195164872
197137218
197465267
197756336
198900284
198973759
199435793
200164847
200662120
200702201
201523722
202465539
203155163
203287488
203788933
203977262
203999377
205209273
205271250
206052464
206521410
206885231
207257122
208236617
208242253
208494549
208505326
209110160
209253891
210548340
210567437
210888850
211127610
211924249
211941873
212422031
213335901
213400053
213829292
213885467
213979609
215657717
215847311
216622172
219616477
220455955
220776993
221509937
222202224
222589509
223889240
224749319
224797106
225130594
225493220
225701827
225895822
226596878
226818449
227681073
227956484
230494786
231145653
231338418
231596040
232153136
232866584
233948015
233967390
234920187
235829994
236038340
237498767
237508750
238402833
238827288
239627524
239793153
240269534
240991274
241563373
241588319
242530517
243547145
243683768
244258977
244832709
245453013
245753830
246199837
246530496
246560383
247452767
247453377
250912615
251281761
251466665
252380248
252638013
254110616
254697988
255132351
255355961
256888091
257508487
261641888
262496318
263510275
263617377
268949694