3695908
4455903
5093809
5386615
6205951
7275132
7304870
10078642
11524178
11777989
12130659
12166150
12529792
12703775
15645617
15717672
15752855
16548966
17348872
17653955
17741146
17960364
18408802
19453471
20839429
21127287
21470982
21860983
22620087
23845621
23935126
24069853
24372057
24478470
24981978
25037666
25361752
26112038
27002961
27208613
27559973
28168628
28359509
28669724
29225222
29783012
30220565
30401609
30852162
30861931
30873942
31345063
31939549
32736422
33063676
33108266
34752728
35282977
35302444
35479261
36145909
36293833
36449580
36647276
36945175
37331542
37597996
38197462
38624469
39043897
39254397
39455606
39681622
39740552
40011585
40326248
40515119
40606779
40636233
40785820
41276345
43632788
44761776
45079660
45677825
46340854
47320205
48012400
48036055
50142280
50961747
51380944
51663002
51749463
54056753
54108770
54605850
54656561
57175759
58376442
58614076
60363965
60599864
60922089
61272257
66000710
67714035
68141118
68536656
68649883
68860906
69243727
69262180
69355101
69985151
70628846
70696073
70724622
71481139
72719757
73097115
73609448
75719770
75952888
76074600
76158690
76293242
76579226
76719268
77073939
77526720
77728348
79330208
79388646
79661941
80533820
81620770
82422821
82883758
84893354
85356890
85743210
86390597
86673321
87604173
88333516
88370878
88398237
89558519
90030030
92153666
92314344
94228063
96096157
96209216
97326873
97599880
97752094
104630036
105543899
106378885
106625447
108812557
109145201
109479990
110254250
110802444
111384133
112921903
113142947
113693581
113806694
113906855
115542563
117133435
117971139
119340571
120992071
121999552
122116939
122282947
122301059
124672406
124779535
125009234
127287842
127608143
127865967
129001400
132460495
133428471
133608803
133989580
135485840
137001887
139185061
140372712
141040954
142181588
146455742
146574863
147724162
149440249
150136880
151308963
154778329
157060132
157403579
159030948
159094567
161104055
164224043
164308123
170998158
172288088
172420854
174689825
174862687
175429667
178177785
181286234
182958134
183307472
184245254
184274107
184780758
186858262
187954196
188529147
188751543
188952981
189844150
189920167
190935772
194795084
195717859
197342759
197714241
197716732
200574047
205391002
205591226
205752731
208575381
208803944
211494968
212476645
213406323
214481824
215757561
215898978
217560417
217741004
217770225
217894874
217992152
219025993
221539909
221818951
222055692
226765138
227800615
228617934
229048730
230697570
231067677
231885099
231972829
232109641
232344929
232851999
234909601
235199418
238923548
240802128
241634557
241642350
242688407
243708827
243936733
247295465
248584959
257722845
258624441
262343420
263464158
265442336
3465215
6305863
6547849
7475564
7570018
7672098
7986666
8090844
8736868
8934949
11148148
11189359
11464366
13333251
13538211
14955915
16587858
17101234
17348236
17639875
17766819
17986569
18126814
18594175
19095797
20120325
20204714
20379993
20651757
20672818
20758184
21101444
21611172
21731934
22237239
22742440
22939361
23180369
23559960
23963273
24535910
24610292
25582399
25620797
26159468
26220227
26651719
26811899
27001361
27498005
28090824
28500284
28550918
28778377
29039707
29163899
29790370
30340758
30593858
30805416
30817349
31186922
31193436
31376029
31518233
31754805
32141765
32808705
33650112
33907758
34354023
34588341
34637793
34755829
35365324
35906624
36630868
37972568
38322089
38420778
38766833
38781233
38816173
39863136
40390538
40781971
41057763
41073951
42155463
42391720
42495238
42561201
42753265
43764622
44180457
44235806
44700062
45276319
46361255
46731634
48753020
48800695
49729748
50675920
51444780
51674660
51790540
52073356
53214657
54894416
55954235
56883360
57578344
58437238
58661534
58828641
60527321
60594479
60730675
61276831
61370517
63508513
64594357
65122395
66163291
66641177
67323073
68189614
68640223
69187117
70140380
70166954
71113636
71271883
71710914
71727474
71752096
72044782
72054870
72221452
73471354
73627780
74626999
75266059
75275364
76806892
76991764
77482571
77581030
77938037
78217270
78833650
79311618
79349071
79717935
79839834
79862402
80690289
83595028
83628882
83670324
84545725
87153669
88837192
89002280
89515809
89816663
91715355
92415909
93469851
94121050
94789031
95261208
95558073
95828158
96743545
98418708
99421948
101267604
103114708
104309073
106194616
107393268
107747559
108125681
108875957
109320300
109651395
111031803
112691162
113073555
114185354
115281575
115848382
115944493
117298224
118048542
118366209
118744454
119653834
122337212
123530063
125864784
126332525
126378769
127131203
127348958
129857804
130334518
130424660
133213861
134230352
134437294
135720671
136439061
137887227
137968669
138692572
138720586
138957550
139179774
139262693
139339016
140080863
140231322
140342623
140400145
142729894
143295832
143846055
144501276
144508508
144840390
147192171
147363351
148151362
148668074
150461529
152069667
152718080
153143721
154818759
154825162
156043458
156309741
156692779
158336111
158457969
159404708
159891538
160315115
160490777
161231337
164458080
165343901
165609227
167135100
167596158
168602544
168744212
170750643
171913036
171946293
172634746
173422157
173580744
174609638
180721428
180723358
181855170
182238408
182420437
182583504
183816857
185324662
186296260
186697933
187520630
189159828
190456765
191832134
192132981
194401370
195224537
195303417
195659495
196173475
197007176
200281604
200466131
201209177
201271928
202786337
203200220
203284943
205366468
205982106
206282239
206386939
206592327
206732613
207223873
209282086
209564890
217326698
219326624
219363727
219428313
220960040
221085761
224760921
225757510
226511796
226640370
229125733
229210778
230158711
231012536
231040833
231627134
231900617
232260597
232554910
232904321
233511468
234763316
235633297
236328362
236626422
237807674
239819295
240017045
240906953
241201448
242637715
244056637
245577243
247507528
247519745
248008507
248328442
250105050
250951527
254893411
256753496
256930052
258600283
259111167
260894496
263070879
270311200
270845858
2964532
3729885
5592353
6110130
6273623
6654751
7473796
7706019
8000286
8188262
8206272
8332955
8796540
10831847
11210383
11657174
12330391
12846641
13042977
13823259
14127460
15193482
15875882
16123400
16155973
16184747
16552103
17230748
17238020
17401301
17919005
18166856
18991343
19844906
20086469
20533387
20571056
20601988
20851143
20918780
21225452
21631769
22339436
22502861
22595201
22599690
22915883
22974265
23327604
23775471
25068230
25182243
25657585
25659008
26198170
26416657
26471802
26747569
27349787
27424157
28790495
29147791
29161151
29332071
29416149
29796991
29808975
30763107
30993866
31156540
31452209
31637734
31847418
31895104
32196870
32583526
32693308
33460717
33625478
34342227
35234420
35386957
35572598
35742514
35751781
36545701
37407477
37904678
38307605
38375997
38622357
39621006
39928366
40481850
40504966
40652045
40886206
41245790
41717755
41830567
41839337
42015686
42276288
42370502
42782377
42939205
43224091
43275537
43364980
43670694
44080587
44169657
44598933
45013240
46079941
47144859
47319278
47806346
48086041
48260101
48368625
48950663
49089595
49861406
50083888
50292207
51057084
51193190
51517056
52245430
52458449
52509100
53289433
54527372
54655015
55356420
55513877
55601893
55606393
56348605
56812864
57201060
57342595
59155785
59591746
59861252
59956269
60893823
61982835
62070391
62164628
63829898
64701034
64782380
65898178
66206225
66301699
66577284
67536062
67619549
68134340
69116155
69372529
69682306
69831001
70194174
70412632
70929647
70987523
73098086
73780719
73947833
74276302
74447621
75167479
75427158
76219341
76801656
77032059
77653646
77795752
78959537
79064585
79287822
79333279
79540173
79680850
79695619
79807397
79931422
80785098
80835713
80937934
81784917
81986029
82116509
82129514
82409064
82455843
82865410
83033025
83926896
84512111
86945046
87590858
90119894
90346752
91702541
91788243
93488843
93901902
94140390
94182106
94577724
96365429
96889950
97942337
97959677
99112333
99178035
99402768
100948208
101394995
101836236
102805165
103389929
103415166
104938891
105447849
105581105
105763925
106332507
106594549
106712634
106946958
109032086
109155764
109170630
109404824
110485663
110584824
110749942
111613513
111679040
112621158
112846509
113667086
114059616
114118840
114335586
114617503
114659278
114753074
114811337
114844214
115139688
115748709
116653788
117090428
117143622
117259696
117603747
118882450
118996094
119415848
120325571
120429425
122173310
122327467
122582906
122834942
123082615
124072237
124564110
125600535
125683598
125818062
125873164
126286050
127152192
128083847
128362445
129177154
129628288
130518998
130703980
132198985
132424878
132513613
134243397
135707885
136110040
136399872
138210308
138622036
138716820
139222981
139683115
140069471
140271979
141350610
141970205
142119454
142293101
142555017
143156978
144431840
145186054
147777069
147985436
148607319
149215331
149537958
149748501
149869890
150104401
150607592
150911343
151272636
151845720
152503380
153242325
153520959
153867455
155119689
155586444
156465279
156622186
157496697
157942252
158338250
158585872
159590995
160110157
160202361
160278423
160306756
160342242
160632729
160691018
162119593
162570985
163061598
163184339
163361491
163760752
165864580
166023757
166348722
166532800
166772231
166820260
168015313
168892479
169348202
170404072
171735417
173216332
173216922
173268613
175141118
175493988
175512642
175716441
176840736
177066008
177152888
178007056
179069965
180110614
180159720
181356498
181439035
182087189
182397420
182861638
184613566
184716414
184792812
186234859
186540931
187905587
188076925
188368416
188536399
188552575
188613991
191871880
192988482
193476277
193722558
194191208
194968430
195892406
195953555
196323743
196499059
197443082
198652800
198827894
199031288
199112415
199184490
200290376
201420349
202618878
203840125
205186186
205387206
205789490
207886219
208290062
208407106
208789973
209447348
210508848
211915843
213045164
213149615
213538733
214350337
216209328
217226915
217518866
218148661
218480379
219688395
220745598
221665100
221841223
222874499
226050057
227319652
228235073
228961644
229426324
230740264
230851152
231210957
231343694
232149322
233470605
233597240
234490839
235867420
236729862
239129907
239818585
241077808
242290520
242365257
242454289
242996502
243038403
244143676
245047124
245384835
245762404
246555263
247074055
249306888
250858885
250900760
251001750
253937700
254513694
259160325
260746150
261692514
265148091
265642211
266573118
267433055
2831727
2880238
5449098
5805560
6387253
6405971
6974216
7018384
7667129
8378000
8831494
11350292
12196692
12706970
12977397
15093331
15428644
16320600
17047908
17474874
17859753
18682797
19169268
19342986
19503963
20271798
20428766
20918212
21112807
21902144
22195426
23106719
23249029
23785718
23910411
24013032
24340657
24679280
26226262
26292596
26428058
26668038
26775962
26827900
26878859
27601943
27774699
28465366
28642823
28781690
28916278
29223384
29620330
30065475
30195228
30427313
30967182
31158554
31306815
31506017
31981214
32107544
32640475
33716019
34020249
34294100
34962785
35186320
36250740
36275193
36912850
36946951
37121719
37410299
37924290
38046986
38056988
38162036
39235435
39836186
40052706
40374327
40565259
40575492
40906768
41441175
41830719
41847559
42074291
42863881
44004232
44088310
44400352
45322226
45347317
45946171
45973521
46397841
46628128
46716929
47165921
47328064
47453672
47556579
48131484
48384046
48618025
49244290
51764566
52117610
54445319
58693014
60600878
60811907
61734211
61830136
61962824
62207775
62748493
63090399
64409530
64674388
64900239
64931264
66164163
66481548
66857515
68906598
69518182
71212486
71230239
71601151
72286119
72338446
72812943
72887846
73557621
73874482
74422478
75502637
75920180
76029871
76150884
77006615
77798703
78576855
79388082
79402270
79487998
80081900
82209568
82511255
83320175
83630064
83682717
84584827
84597426
84687593
84784955
85189679
87740470
88722428
88804522
89773481
90044334
90268979
90837318
91651260
93177529
93377812
94851477
95542280
97993865
98797251
99065861
99073554
99666980
100998768
101025481
101622891
102330721
102767892
102788495
103047277
103092626
103160217
103770348
103902467
105276942
106223216
106279149
107311447
108259508
108840659
108923159
109541358
109612713
109658823
109675481
111540259
111548704
111693422
111707692
112306143
112667869
112871911
114945652
115250761
115512100
115962431
116638315
117696301
119180759
120647055
120841302
121174791
121291643
121432440
122150967
125589253
126022810
126062663
126670913
127101311
129380419
130397890
130800302
131250686
131341197
131430388
131975953
133376819
133377238
133613976
134313790
134440874
136296509
136505112
136572190
136608446
137101383
139116627
140459150
142042668
143787284
143946199
144481282
148141088
148948408
149114462
149825767
151006492
151586713
153142880
153797810
154052623
155418488
155676361
155730593
157067153
157593428
158305077
158379977
158920391
159055455
159743567
160257234
160426146
161098825
161164923
162926956
163140203
164040157
165877960
165901063
166310059
167187448
167450536
167533758
168315483
172261164
173321389
173666941
174595070
174828146
175710419
175811895
176044423
180032027
180069483
181057731
182329472
182411172
184461626
185837706
186035606
186225615
187048987
187713122
187745735
187751905
189341147
189850825
189859734
190264999
191241777
191935447
192720010
193426453
195317607
198328419
199372313
200965181
203498870
203664456
205907679
207631492
209869146
213043170
213191222
216277691
218223896
219186580
219560100
221348965
221575278
221728756
221790077
222879344
223305177
224506161
224984731
225903219
226402374
226440994
226722630
226830265
228932287
230131482
230211957
230502287
232403809
233109915
233770833
234358960
234535005
235592866
236093589
237376285
238058783
242095680
243811962
243895894
245371939
246287840
246365890
246868927
247518946
251741061
253590952
254460163
255153499
257620514
260628804
263134790
265319967
267307934
3023090
3768461
4157273
5088453
5209447
5292114
5447485
5672948
5866261
6463857
6671604
6848489
7089358
7408600
7676231
8407426
8672293
8860768
11591500
11913136
12919079
13045243
14193217
14750641
15058970
15255183
15735385
15793518
16243661
16364720
16683991
16736491
17398583
17427234
17619026
17674920
17940700
18058785
19046342
19093771
19411533
19506355
19561381
19587495
20042985
20273492
20684048
20805230
20858389
20912892
22081219
22242868
23019050
23348134
23651494
24459204
24656083
24723671
24857068
25028507
25225291
25514686
25933662
26050573
26199909
26340119
26497271
26704013
26846582
26878086
27418636
27919143
28027897
28855174
29060450
29124292
29375456
29659524
29673171
29751176
29769475
30102529
30111230
30432756
30757915
30852802
30860444
31083141
31457245
31767678
31974592
33614882
33755073
34469174
34535405
34643815
35131560
35290445
36379816
37096221
37175731
37343371
37510536
37757433
37987764
38138828
38175186
39022331
39613805
39665480
39669226
40118696
40619489
40703059
41148934
41296849
41609325
41915899
42242598
42444301
42505829
43437490
43626072
43719698
43790541
43867688
43903726
43977866
44073464
44418740
44576017
44804572
45356267
46731822
47011246
47306588
47983915
48126187
48339098
48574504
48890105
48960170
49174574
49330408
49715307
50145895
50459675
50483944
50764621
50878349
50905540
52926973
53103777
53195270
53510607
53766616
54117070
55151451
55546372
56593212
56680131
58495528
58645032
59228350
59611464
60083489
61202856
62093047
62157375
62210718
62437544
62943684
63603358
63764311
64198113
65199246
65409671
65732747
65936358
66378885
66941644
67655103
67708609
67946758
68199805
68259128
68804420
69771584
71066491
71192824
71573951
71792343
72031360
72100793
72960904
73078175
73102525
73518186
74198483
76173650
76768745
77617681
77840546
78240493
79302609
80375164
80991295
81339301
81388770
82142105
83238616
83463894
84192433
84251303
84669846
85309199
85489153
85902980
86443024
86508554
86634827
89211903
89654317
89682185
90138777
90256875
91007369
91521087
91718477
91989689
92242795
92812416
92887280
93592929
94481851
94966489
96221640
96837016
97931354
98002214
98477632
98731533
100410391
100455980
101659294
101816540
103196124
104246110
104457022
105976046
105982081
106184621
106541775
108729780
109462719
109743203
109813772
109920696
110229270
110400439
111057051
112204054
112623403
113160309
113590697
114409028
116398847
116920833
117420764
117855368
118442211
118475494
120443258
120807437
122485313
123603882
123678042
124201925
125532094
126528681
126741233
126971257
127269540
127644664
127887292
128355457
128603723
130212402
130229514
130634801
131101658
131468915
132100849
133276985
134329112
134542045
135230602
135497758
135563703
138376808
139259428
139768560
139987533
140260223
141540498
141578411
142230997
142291908
142337494
142548427
142793430
143105033
144571510
145390030
146441287
146514774
146521196
147808151
148169187
149043308
149799256
149894598
150227847
152254411
153151285
153598875
153733403
153832867
154503392
155035587
155511123
155888291
155973812
156289341
156387482
156900056
158138728
158150314
158724031
158892681
159080385
159301937
159894224
159934478
160685729
160949631
161784456
161833799
163194498
163486368
163969147
164722001
164812524
164945912
165264844
165874205
165945787
166186907
166522370
166799053
167536151
169064161
169975597
170106858
170218571
170605534
170835576
170837309
171568069
171696900
172157539
173541420
173648731
173970118
174025867
174577847
174706211
175218153
175242046
176194497
177244446
177445589
177668684
177674672
177718519
178267924
179150502
179238716
179426853
179495262
179904882
180981319
182352471
182686289
183177636
183668098
183700843
185128465
185835109
186210426
186294587
186473406
187188154
188236432
188563257
188825511
189632632
190573352
191195832
192587345
193400225
194097433
194417920
194862236
194988462
195751900
196464909
196494976
197227495
197357672
197874694
198415432
198562600
199060698
199567028
200443466
200475692
203721036
204087354
204826787
205399608
205933101
206141327
206740172
206832216
208016258
208348894
209683813
210723405
213038454
214699475
214924631
215066487
215705913
216079211
216842533
216923515
217278871
219089814
219148037
219170230
219305200
219388887
220823248
220859677
221556160
221583817
222061031
222163193
222842381
223001599
223335497
225910618
226035804
226269475
226696576
228435625
228497249
228506651
229178053
229522363
229806916
230200237
232152359
232212301
233715167
234020318
234784256
234929705
235624826
236903074
237683536
238003619
239060629
239172543
239632882
240024385
240577997
240809200
240836415
241104019
241663325
242049537
242203372
242898959
242925570
244233000
244613224
246326786
249239595
251233218
253280102
253934019
253960841
255615368
259548347
261568447
264065698
266999776
267339012
267352062
269430179
272450912
3203144
3555080
6248758
6497173
7413453
7525441
7721397
8142307
10034502
13042582
14171872
15197551
15527165
15878481
16363529
17465409
18872808
19543899
19858810
20818675
20913798
21141581
22551857
23020825
23546206
23796871
23908657
24142420
25603689
26285183
26341540
26930236
27231201
28194341
28601321
29177424
30733846
31192938
31799970
31836535
32137255
33067637
34299620
34544486
34768439
35426621
35503250
35521787
37246228
37633960
38081617
38083566
38999751
39405145
39670019
39957772
42943737
44383294
44913293
46305482
47429116
47754013
49231213
49482544
51538305
53147987
53250499
54866844
54991356
55116492
56730258
57165236
57539607
57909777
60129691
60842467
61760917
61890893
62337922
63229060
63792945
64412544
65068779
65149487
68774007
69576228
73459789
74564428
76747906
78082188
78136103
81818763
81911313
83164398
83179888
88496946
88618133
90076782
91986839
93670234
95430883
97819886
97854258
98378204
98557507
101086390
104828778
106557454
106565489
107401015
107682217
108122359
110144140
112179185
112281977
113511520
113881942
114163642
115940470
116049142
116311297
117978461
119301151
119376366
120418617
123145968
123402183
123973377
125002415
125232729
126165981
126308664
128327940
130012098
130782767
131839216
132661742
133810757
134648705
134829985
136592259
137939464
139581499
139582989
141696942
142256069
142305387
144746110
148705651
148909923
149842922
150322330
154290921
154380719
154630225
154632381
154848140
157959811
158149846
159597275
160056177
160338772
163684201
163864269
164943171
165661677
167739152
168616871
169875375
170584583
173455083
174154877
174450585
175006853
175670253
178146322
178905797
180629657
181416472
181520065
182097912
183215739
183458702
183466169
183997897
184469310
185237399
185354611
185368046
185460442
186563339
186885070
187612778
188588668
188898054
192020145
192284951
192829949
196285874
196419230
198775264
200135137
200661824
201915098
205093560
205858286
207986416
208454869
208874001
210919810
211276019
212355664
213977954
214718780
216199474
221017276
222605524
224120076
224860942
224931642
225585568
226549251
226600987
227648553
228391622
230904737
230950303
239169547
239347339
241047815
244000211
245887428
246192325
248772521
249040518
249356646
249951367
250357123
254633990
254952997
256874105
267275684
3043926
3364592
3766613
3893730
4391825
4907700
5472717
5587722
5656852
5933772
5983673
6192585
6360278
6440461
6582210
6644020
6704407
6705385
6743587
7034568
7178720
8068552
8102567
8179932
8419649
8904635
9012989
11108280
11333823
11748100
12109104
12153010
12377505
13311591
14030300
14297012
14879048
15360371
15658804
15741972
15779564
15803547
15821915
15942054
16021918
16103888
16239315
16288556
16749043
16788677
16933570
17222797
17322590
17369214
17656712
17699725
18080809
18122035
18258742
18408057
18489682
18494563
18560976
18650480
18939597
18962013
19863640
20032374
20043919
20255130
20381273
20419522
21001889
21226446
21256533
21302763
21410380
21520103
21807059
22086531
22176082
22185639
22223339
22446564
22528976
22629465
22865227
22926925
22931658
23025583
23117280
23263003
23326289
23462207
23859825
23926450
24349780
24461367
24868064
25220962
25450892
25796143
26172232
26192579
26244219
26577609
26892495
27684966
27701429
27734600
27866060
28366443
28775246
28920637
29849634
29853417
30932487
31288581
31436563
31471072
31567897
31580262
31581768
31620939
31717639
32283175
32624194
32737213
33476956
33935750
34209798
34260814
35115038
35279756
35566697
35631465
36290227
36307296
36648814
36663014
36765192
37043476
37066247
37106567
37449881
37566180
37596885
37828802
38178785
38279379
38448759
38493985
38723695
38752041
38842351
38886505
39098801
39871180
40237182
40592511
40595784
40737859
40897407
40972819
41223952
41742464
42333305
43025916
43285894
43297315
43363898
43437291
43547031
43561375
43677000
44015957
44073071
44158747
44276154
44325004
44514293
44769707
45725719
45772783
45981709
46624579
46705666
46740534
46881186
47117393
47257827
47586804
47796904
48758663
48864133
49629797
49708779
50335391
50519949
50634816
50992834
51570170
51810194
52055512
52067171
52177094
52217482
52449034
53329030
53345314
53390622
53582430
53828743
53930597
54000600
54058540
54066732
54624584
55125903
55439422
55491469
55672858
55845751
56186111
56307014
56321709
56405826
56553420
57385998
57955646
58059335
58173370
58909323
59196186
59616778
61030615
61098507
61268482
61435058
61820444
62312832
62879876
63357536
63380991
63490504
63871194
64021181
64406486
64414680
64702976
64873128
64903492
65015314
65030138
65206214
65327559
65987546
66116330
66851587
67113968
67232691
67267845
68225906
68301762
68713409
69360914
69428760
69446740
69814110
70104427
70106373
70312528
70352692
70431286
71113347
71288117
71426165
71451599
71515617
71519412
71970448
72054638
72372490
72982837
73228679
73346796
74193814
74281188
74347464
74493125
75075416
75268261
75810429
76328193
76734914
77506343
77619749
77675715
78161829
78659028
78928620
79770130
80354599
80757166
81326865
81364794
81436035
81441325
81557278
81835215
82144873
82259856
82450604
82471171
82493869
82688105
82870329
82938391
83286022
83758955
84096826
84190987
84679962
85266891
85373045
85460341
85596979
85612860
85717159
85974505
86455778
86495276
86632928
87374312
87444849
87746257
87789497
88675235
88684530
88820047
89034099
89481874
89510399
89842471
90781383
90980703
92399439
92819819
93599283
94754507
95278946
96877599
97458428
97650096
98083119
98278925
99099414
99125073
99805212
99813365
99941935
99979711
100516771
100552096
100574914
100697594
101306505
101372038
101438427
101495395
101922842
101978171
102076398
102516530
102966806
103343456
103378096
103510576
103646467
103973436
103999825
104192913
104360526
104723382
104878827
104923947
105286942
105701996
106730287
106910195
107057457
107390985
107691624
107799813
108263892
108507371
108543700
108925247
109016859
109930319
109997356
110227432
110362070
110435062
111130822
111505562
113391685
113566438
113595539
113633423
113725776
113825070
114102804
114350236
114377185
114462673
114478595
114703057
114735904
114750124
115088642
115834689
116032344
116706986
117193072
117216946
117223893
118010691
118185751
118363018
118519299
118731647
118857988
118999594
119522147
120185686
120362410
120714717
121128531
121580817
122649537
123315018
124074009
124074012
124786736
124869157
125153004
125603261
125883811
125921134
126113132
127299440
127402921
127962877
128092964
128461016
130008402
130214962
130224944
130308602
131917627
131941465
132310287
132881293
133033002
133444451
133550021
133884770
133910306
134487723
134525864
134675023
134735727
135136248
135353542
136119183
136334520
136656420
137002951
137841299
137977155
138183654
138323496
138791259
138911298
138915181
139004885
139029572
139765804
140132020
141507012
141671460
141691744
141952307
142117455
142187504
142246893
142373205
142471271
143150765
143581930
143817190
143914510
144016074
144452492
144878684
145375537
145485142
146181607
146715665
147120601
147607005
148150505
148298753
148748935
149107711
149330883
150035736
150423740
150595384
150882694
151281430
152549747
152986208
153261355
153682194
153707774
154027758
154113110
154544065
154922892
156027237
156327682
156556670
156560683
156737427
157273465
157598524
158070795
158254456
158379638
160114937
160296544
160576705
161057392
161249080
161466113
161763912
161785903
161923354
162048052
162249994
162327114
162654347
163378124
164171651
164171724
164700401
165071767
165101997
165703474
165894060
166850132
166903459
167013536
167742828
167875481
168026858
168341447
169010060
169584743
169720551
170071993
170353438
170940819
171129352
171667034
171693724
172168268
173154958
173404056
174217329
174524773
174569921
174716557
174905946
175189080
175947692
176432389
176854601
176938113
176999203
177089432
178737473
179570335
179657943
180085399
180504625
180823563
180850485
181279975
181308913
181358545
181715107
181820290
182506284
182747818
184331734
184669172
184923653
185050677
185636186
186289925
187194011
187221939
187604658
188333602
188616774
189622398
189835878
190425927
192250282
192467856
192683176
193432503
194190758
195557507
195686969
196116436
196364859
197008791
197436825
198873467
199018301
199020634
200059165
200824166
202824092
202851077
203091171
203726146
204705945
204769352
204894711
206596273
207119280
208045114
208157569
208516787
208576428
208729754
208734228
209682244
210680093
210692776
210961117
211144255
211277305
211363653
211543926
211713259
211996976
212391859
212810000
213069271
213378108
213796920
213995535
214124429
215575552
216255450
216461471
217327787
218191699
219019184
220418690
220815132
222291652
222452327
222805662
223340981
223757500
223995921
224342918
224365900
224440628
224590012
224802760
224942917
226663020
226927898
226981910
227247418
227376506
227380549
227731841
228663079
228998529
229153247
229454964
229522987
230340982
230735687
231159767
232382182
232382398
232428150
232659604
232756744
232768018
233734527
233751219
233843142
233931041
234237157
236322926
236358165
236570829
236882192
237887282
238731448
239169907
239314794
239831158
241644465
241669641
241745838
242301216
242545737
244565804
244933686
246141925
246173351
246457085
247057894
247811396
248690393
248925768
249013257
250713207
250796346
251786233
252307460
252766017
253320132
253988890
254120616
254354246
256469243
256671841
256934177
259689344
264891995
268004956
269340735
3789457
3990994
4164989
5077985
5113867
5471021
5534041
5645786
5685258
5784329
5857434
5892091
6443533
6466194
6600364
7067080
7185028
7255200
7306867
7395212
7428551
7573972
7793475
7827650
7926197
8270522
8301311
8403767
8734082
9027389
9219232
9548070
10079726
11227891
11240610
11846550
12030602
12177714
12496708
12640119
12665459
12786008
13340933
13438966
13621378
13706720
13869378
14041261
15066002
15086901
15168491
15339312
15354418
15547310
15562195
15642316
16237568
16497528
16797984
17051715
17329800
17383400
17879625
18020477
18504801
18562948
18749451
18851446
18891995
19017889
19232292
19683783
20078138
20277424
20752389
20817743
20895577
21087365
21347639
21463457
21641414
21642821
21683439
21893482
22120485
22179530
22353479
22404532
22554641
23358549
23367548
23600505
23716167
23720672
23901001
23969059
24037089
24289797
24386340
24403812
24621672
24747047
25450491
25851613
26053129
26244792
26678302
26931927
27005159
27029632
27134462
27634262
27650596
27665194
27735820
27787172
28154690
28270002
28273924
28457721
28553885
28584533
28936324
29062996
29423187
29472077
29551616
29568755
29638559
29679862
29821510
30346983
30486095
30511162
30593375
30659009
30730858
30746046
31052265
31129536
31367206
31925127
31951971
32188970
32651460
32686977
33224632
33544177
34147415
35056698
35238986
35427284
35661801
35810489
36735192
37643272
37917097
38074784
38138418
38382714
38681462
38792236
38942694
39090089
39250328
39686654
40455357
40834977
41030752
41237491
41759113
42005404
42209066
42253543
42354201
42602292
42823412
43355496
43385268
43490016
43701202
43795129
43953624
43988461
44321553
44407779
44582777
44584132
44759690
45169659
45369231
45590651
45769202
45917736
45928169
45935194
46020209
46158117
46320162
46525788
46887260
47010161
47014468
47036201
47067012
47081876
47269954
47695105
47787115
47992647
48272413
48324521
48486263
48817591
48848192
48883992
49296738
49415826
50020228
50162073
50487472
50538017
50715361
50883549
51244745
51901281
51944287
51988571
52692248
53273088
53323698
53355545
53729770
53742175
54722705
54950084
55082660
55234020
55836002
55870051
55870711
56371177
56435652
57244828
57429403
57641336
57822767
57902640
58270559
58617779
58638915
58819981
59224626
59246232
59577882
59855953
60197668
60735914
61046891
61253555
61307152
61906990
62909783
62918819
63399517
63441670
63457547
63849259
63859288
65213632
65262006
65407514
65943636
66127932
66488210
66823203
67032792
67874469
68620728
68649725
69084321
69335901
69363949
69884505
69888098
69947043
70117143
70179670
70620026
70815775
71399038
72070023
72138176
72184549
72317393
72370823
72994101
73399159
73851949
73977168
74228487
74277909
74441126
74643025
74758569
74844047
74848730
75096572
75169709
75185559
75318565
75406340
75694142
76059344
76552956
76748318
76798403
78351726
78450015
79073953
79330734
79672808
79875654
80564048
80822500
81139626
81369267
81766879
81912586
83029769
83414920
83702867
83895501
84261600
84317885
85203976
85264616
85391428
85451736
85675748
86126390
86529735
86813776
86866109
87431812
87442477
87538684
87654027
87772200
87869219
88050668
88208313
88554625
88865430
89376384
89512780
91416100
91629439
91748685
91908156
92183553
92546537
92546591
93159603
94701000
97090643
98024620
98131738
99892883
100023275
100394374
101090435
101114865
101775643
104429821
104897226
105307335
105857478
105911252
106069752
106803954
107229480
108587144
108713531
109744556
110091962
110457904
110575612
110666874
110890873
111195580
111211109
111351856
112269771
112395408
112564230
112922569
113157130
113681936
113958137
114030140
114296395
114491905
114812959
114840038
115395793
115635759
116335300
116375743
116955896
117163062
117248924
118858075
119388958
119458774
120296234
120360968
120403648
120557575
120892266
122006201
122395208
122923867
122962639
123467943
124133658
124276884
125402479
126035453
126609418
126811846
127110204
127418706
129077791
129136005
129155189
129162514
129693085
130949352
131166305
131283938
131293570
131717582
131801784
131991290
132091635
132580463
132809467
132909851
132999356
134088936
134211020
134977495
135041594
135229128
135806725
136140954
136581038
136646346
137094309
137267683
137389140
137650537
138294994
138685502
138773253
138865316
139398234
139483262
139715139
139848984
139851884
141626097
141836337
141942256
142003978
142266299
142583283
142704635
143472672
143769093
144503299
144532741
144772601
145203814
145274752
145318523
145722468
146100572
146203832
147029796
147605270
147809560
148167549
148471357
148567687
149404596
149854876
150087530
150448812
150932721
151091062
151320200
151735939
152088841
153339503
153537027
153627522
154700289
156234103
156637243
157383539
157528261
157565762
157753807
157934519
158591471
158605092
159136727
159294998
159599231
159792579
160586497
161477559
162093214
162596075
162918937
163139897
164107860
164264073
164730822
164886061
166217388
166277495
166532385
167367248
167406006
167532754
167835394
167949657
169099420
169354322
169392951
169544043
169840134
170019686
170172864
170408450
171151473
171231987
171323131
171329323
171371231
172195898
172570155
172634544
172720070
172841294
172974342
173245320
173385558
173938221
174106672
174500924
174900253
175329822
175456788
176613296
177327460
177601714
178022716
179658596
180040257
180209137
181078613
181461970
181582993
183296988
183356270
183630312
184886878
185335458
185515311
185604194
186496012
187634059
187986015
188009311
188164379
188755296
189762603
189848371
190050670
190139036
190165521
190275513
190398402
190452191
190881009
191605730
191716947
193049057
193589240
195310840
195683543
195924635
196597855
197180230
197358531
197514692
197543311
197648582
197768621
198015971
198112527
198991334
199086689
200137560
200335980
202370330
202379853
202667717
203562852
203761659
204619945
204624736
204784809
205318802
205784650
206031664
206146169
206228798
207545638
207696300
207838161
208139278
208324846
208512255
208660006
209310365
209706671
210399855
210998761
211488108
211516153
211571888
211923484
212186930
212542789
213486638
213607618
213910091
214703382
214717675
214786706
215501405
215672069
216039472
216058401
216179472
216593942
218313249
218889683
219101894
219371896
220000419
220238791
221564366
221685296
221833755
222038573
222336830
222747502
223461420
223676666
223878567
223941165
224345825
225198254
225614872
225834270
226648809
226724662
226804964
226877933
227700171
228537763
230768320
231494804
231624351
231652302
231792473
232314021
232756126
233368210
233526135
233633052
233641735
233976562
234591245
235233556
236138639
236296784
236414358
236753429
237000571
237989528
238695479
238999474
239479058
239793886
239796307
239862153
240260438
241236770
242009927
242065698
242095011
242367335
244563180
245047070
246588798
246707261
247474594
247511499
248862986
249211004
249294439
249829731
251842007
252336966
253310242
254163550
255166331
256087166
256912191
257632504
258779233
261270078
261584993
267079132
3026198
4114356
4153854
4186420
4265973
4384676
4723660
4845942
4988342
5472646
5804963
5988716
6048163
6658134
7145863
7185016
7249399
7296355
7540289
11561038
11591664
11783540
12215924
12409928
12500957
12679003
13295996
14880754
15091654
15108924
15791797
15792493
16241277
16468725
16509071
16520681
16834971
16884880
17161900
17183765
17327205
17381581
17441877
17510061
17531513
17707008
17862731
18140397
18435401
18662917
18777998
18782088
19028607
19233067
19480250
19927283
20213344
20232233
20264661
20452773
20571271
20681368
21028736
21107053
21469272
21534722
22153163
22405951
22407911
22416558
22650863
22682101
22755327
22766934
23164578
23205379
23592624
23636907
23721099
23837689
24100508
24130637
24608797
24620822
25321826
25673669
25997921
26672560
26672898
26736814
27265099
27287708
27472331
27745956
27847272
27954815
28455656
28762808
29377989
29679408
29918039
29968461
29991490
30039073
30204187
30550552
30861690
31137878
31276599
31401662
31638268
31924708
32399356
32936642
32940773
33664272
33775185
34032179
34096500
34202674
34319488
34903501
34951754
34972043
35186806
35281312
35699247
35914979
36192167
36442951
36673261
36677103
36773929
37272115
37322193
37589500
37706022
37793135
37795876
38057469
38423898
38573596
38809610
38869837
38988703
39096316
39201526
39322805
39468668
39959020
40095991
40225787
40317058
40737621
41083729
41108944
41223804
41789616
41915115
42102917
42371642
42374554
42630114
42967521
42970921
43123658
43127332
43468187
43704882
43705408
43843025
43922473
44063733
44237771
44455907
44878528
45632364
45824047
45848970
46212318
46625345
46629419
46653302
47151263
47215168
47415651
47897290
47980644
48480381
48502494
49937208
50096130
50124103
51101080
51313731
51782897
51920992
52147862
52281644
52678924
52816080
53031618
53192375
53383246
55561978
55866014
55924286
56178564
56202966
57000951
57128711
57620925
57753751
57930337
58084315
58212813
58730678
59366711
60068548
60482107
61139754
61476064
61751818
62276969
62560061
62757953
63034091
63500407
63802613
64333276
64701606
64757537
65276337
65352385
65411844
65414476
65508876
65726673
66121224
66142052
66248097
66266380
66818696
66947647
67128380
67687839
67874843
69301487
69585651
69826043
70679859
70803895
71173020
71435502
71699425
71722325
72600268
72697410
72789562
72897289
72942551
73290829
73295618
73462302
73471532
73501938
73670861
73850624
74294723
75148574
75179032
75189448
75352313
75938834
76071907
76819139
77376054
77492818
77726332
78129876
78224941
80252670
80982794
82030663
82095587
82579524
82938667
83342759
83646922
83654634
84492045
84753665
85134317
85304698
85330388
85367213
85538572
85605288
85845918
85899867
86032125
86208685
86990012
88020481
88021946
88101843
88139004
88182094
88837896
89251261
89495934
89875840
90475619
90601090
90813118
91186049
91220928
92000900
92400811
92716199
92775106
92915528
93430456
93803703
93858061
93961492
94059526
94270774
94275142
95131038
95987223
96094173
97894948
97945826
97988539
98447929
98863141
100253085
100785733
101100117
102077460
102486894
103611598
104462130
104759854
105238579
105301590
106454962
106698665
106806511
107413385
107508973
107512006
107917833
107971208
108189690
108890419
109984009
110382930
110498476
110623570
111005574
111126393
112468899
113062735
113331357
113390361
113803559
113814805
114122004
114603177
114654741
114671742
114827669
115689305
116212422
116468442
116506568
117354675
117586732
118739832
118834142
118843619
120229229
120622791
120645931
121073990
121150011
122269042
122416799
122952763
123032649
123280739
123564623
123826293
124386324
124498158
124804076
125076980
125812510
126546560
126615202
126783085
126863052
127147863
127937645
128257234
128264386
128886031
129109524
129147293
129558497
129721479
130465306
131009593
131108227
131129433
131539096
131740962
131834058
131854410
133790760
133833421
134412568
134449091
134657895
136103963
136301801
136352779
136768478
136794655
137498844
138376196
138638401
138975294
139118986
139325479
140065163
140940941
141070472
141132841
142080157
142230553
142605429
143716527
144063936
144307226
144704731
146220227
147557691
148155664
148410936
149817062
149884055
150190376
150550683
151942510
151972142
152778103
152867984
153275527
153879562
154025656
154913399
155323333
155914627
155991526
156298625
156948032
157772705
158120433
159049074
159730211
159897560
160007521
160031965
161024409
162744528
162988815
163067703
163805248
164109115
164473258
164541583
164948404
166168514
167480200
167574425
168860087
168885769
169137788
169659489
170748860
170834152
170993363
171060563
171278998
171377508
171677982
172559917
172703883
173165593
174197888
174378191
174462689
174714956
175574338
175752061
177405105
177506583
177593754
177899120
178350826
178845125
179306429
179307792
179320311
180621675
180631444
180718176
180723894
181052773
181407028
183294312
183964738
184167419
185281630
185715760
185999099
186952486
187094256
188162605
188233899
188972492
188985175
189025684
189430472
191458695
192540008
192604709
193094779
193569754
193984887
194223221
194389505
194505218
194536519
195269580
196041402
196393144
196941145
197009206
197614728
199497350
199832853
200418699
200441592
201149872
201610205
201952734
202007792
202742506
202849905
203349502
203637782
203981098
204016702
204093915
204274289
205489114
206185515
206665305
206787206
206796573
207176208
208989165
209509462
210317487
211915948
212467124
212477876
212521081
212810736
213254605
213356356
213464140
213530926
213692234
214071594
214495932
215089086
215123290
216579845
217308428
218193850
218963426
219381061
219874377
220205919
220322755
220584069
220588425
221547179
223073355
223604966
223844901
224209499
224235550
224652714
224847246
225008682
226674701
226719887
226855046
227298602
227899258
228390094
229078945
229096324
231616286
232366639
232505552
232564795
233574043
233974262
234837261
234894274
235240365
235703230
236721140
236814623
237889460
238068586
238133220
239340011
239395819
240395057
241774792
242016008
243127991
244152277
244208300
244956781
245383095
245477206
246700151
246914046
246947911
247626265
248536028
250620135
251204426
251263447
251730905
253952647
254073762
255789735
257163783
257540229
258105725
259607618
259628647
260455584
263614364
264427329
267214690
268122140
270981407
3300570
3378004
3634627
3948921
3981839
4627793
5265974
5498399
5510264
5965978
6139520
6145643
6211182
6263027
6332593
6333704
6620306
6914965
6981344
7049175
7247236
7367632
7675011
8075009
8886591
9102787
11505296
11982155
11983056
12249895
12414247
12479809
12489581
12506160
12507290
12733128
12807587
12956162
13230791
13310632
13780038
13820354
13874044
14120641
14922673
15279179
15577297
15924197
15960341
16063906
16085918
16263559
16316708
16380890
17133940
17358950
17369297
17504684
17809542
17826763
18303428
18507527
18701210
18703059
18760262
18816114
19924570
19984964
20080725
20226145
20400593
21114864
21417613
21831395
21852409
21999805
22500671
22504902
23175714
23387952
23479818
23493086
23541084
23562911
23813303
23927496
24106839
24167369
24346733
24363584
24613216
24911456
24972228
25038260
25236610
25566705
25569805
25600194
25645748
25852573
25904370
26002408
26166695
26226008
26352706
26359109
26535797
26566508
26587575
26689245
27216656
27318889
27321616
27371393
27795088
27855887
27931722
27991705
28309160
28316791
28665573
28768618
28788840
29016107
29092237
29148456
29425745
29568077
29665286
30032438
30198250
30520180
30563608
30659133
31133759
31464054
31475135
31521601
31606339
31812263
31906524
32017445
32405058
32543559
32988025
33167905
33293120
34025046
34212974
34235389
34714495
34871664
35037298
35080567
35608430
35971786
36204208
36773619
36911455
37101991
37314374
37478441
37587954
37590542
38039493
38058932
38068671
38134749
38142532
38822970
39001747
39072486
39329924
39352231
39639997
40124373
40266500
40371106
40717168
40741752
40840539
41068775
41130524
41217407
41885725
42133947
42210814
42373251
42620282
42825193
43479108
43676468
43898974
43901886
44026257
44026600
44310210
44472753
44605402
44666881
44998584
45162963
45411458
45443438
45536635
45872858
46383163
46611222
46932745
47352129
47362599
47437509
47518284
48045310
48421759
48522969
49472061
49733286
50537039
50991023
51017990
51078528
51443011
52077055
52277875
52966164
53405640
54308529
54308711
54310549
54466149
54523049
54652436
54956982
55112120
55120910
55328211
55487925
55904882
55977582
56130231
56691145
57156545
57274859
57315732
57565730
57933813
58498317
58916600
59924365
60398246
60469113
60493595
60502684
60540026
60750443
60809933
61127117
61224488
61483144
61579491
61770022
62330590
62879761
63489337
63758036
63804841
65063260
65065696
65349703
65365579
65402084
65513320
65686305
66242998
66528654
66617668
66705425
67282174
67345142
67383027
67595313
67616053
67659375
67756281
67937520
68009974
68026990
68150264
69017302
69414311
69422349
70020390
70068489
71735495
71913489
72015050
72043095
72261574
72305197
72711062
72841886
73078313
73500505
73533301
73724442
73766293
74063534
74351402
74561884
74587126
74708009
74739918
74959411
75166363
75382231
76113224
77629052
78411622
78580802
78745046
78962420
79182891
79236817
79270492
79409248
79655916
80343419
80372785
80536708
81037406
81050205
81093798
81243226
81290691
81549546
82441459
82538317
82696168
82891693
83075288
83090422
83260051
83364746
83379850
83598337
84113910
84134738
84170464
84211147
84455952
84669156
85142087
85751003
86124512
86213292
86546275
87013992
87146380
87314865
87831524
88039710
90172500
90231285
90725552
90811992
91461155
91761093
91828465
92990265
93950779
95064844
95430397
95536775
96572605
96670696
97157196
97447294
97506625
98211321
98414248
98856909
98973807
99005255
99181895
99858050
100133966
101257869
101547596
102370486
102464160
102953665
103387965
103765496
103961489
104288099
104574578
105030664
105037077
105172950
105180925
105337016
105659060
106714765
106763669
107057337
108345189
108347730
108371224
109433529
109927773
110689933
110794744
111058182
112178176
112615600
113131187
113256361
113717156
114414668
114486694
114739269
114767220
115423391
116030965
116158154
116630161
116854594
116881358
118544320
118699147
118806728
118974585
119276016
119867289
120446869
121125902
121584948
121916068
122001337
122255145
122416312
122715486
122716680
123362818
123748571
124297707
125967748
126632941
126744337
126916261
126980213
127139796
127246702
127327605
127712451
128084612
128590782
129279292
129621729
129639399
130944501
131297475
131508316
131889773
131921759
132438085
133094107
133828766
134189980
134262202
135033457
135277568
137220793
137665967
137699675
138879116
139638631
139641428
139941249
140217473
140340449
141357083
142324075
142752237
142861850
143107591
143404162
143592266
144137258
144309983
144981011
145612397
145954496
145992186
146034957
146328098
146394869
147055817
147093968
147201292
147271027
147960880
148579763
148600996
148691326
148776202
149356384
149628007
149712834
149930211
150195069
150683967
150763256
151000276
151046149
151157466
151721887
153024898
153100679
153225724
153382719
153655815
153673569
153776520
154376184
154959894
155003006
156114120
156128220
156612266
156709825
157338300
157413442
157476961
157767767
158003306
158892592
159190332
159309985
159858303
160157749
160557728
160908412
160953772
161243381
161752591
161913959
162331461
162490676
162519859
162596136
163262247
163304238
163689079
163715210
164045634
164613500
165535069
165970149
166743410
166809917
166900588
167938215
168154829
169363297
169687234
169887604
171473787
172514416
172715147
172798893
172882203
172977137
173038824
173398433
173604968
173974700
174225492
174430132
174453089
174733137
174927284
175024144
175077098
175298550
175748524
175757534
175794224
176104344
176798370
177628954
178540527
178999279
179117812
179141742
179489110
179514153
179543450
179574906
179745924
180705800
180943654
180977084
181027820
181306815
181406890
181478326
182364448
182565800
183099234
183788589
184289622
184373389
184392849
186519898
187477355
187497352
188160146
188613761
188762246
188837249
188897184
189012544
189423274
189769732
189883479
190126152
190962799
191355990
191584842
191616389
192157720
192351889
192703412
192956329
194176256
194309740
194445592
194727876
195069811
195258194
196195592
197406070
198200464
200238370
201175233
201357899
201805759
202627008
202630396
202953301
203190686
203774301
204008198
205655986
205749441
205844788
206488571
206804839
207074403
207232209
208449330
211162301
211665880
211912307
212205428
212240480
212686443
212777008
213062677
214542257
216029045
216058820
216584080
218054943
218346200
218469321
219786354
220210329
220851558
222227084
222316529
223477612
223842947
224405403
224935846
224977107
225011878
225219030
225318442
225842204
225853741
225985983
226224809
226234069
227774270
227986561
228731515
228905530
229038433
229514299
229665059
229892311
229923749
230676303
230856039
231326489
232094491
232730985
233335127
233501211
234944001
235013270
235021788
236092561
236229424
236239109
237654152
237825249
237825533
237842090
238686429
238799671
238815025
239519016
240380477
240626582
242098346
243093822
243988108
244500651
245467432
246378502
247290556
247379175
247667591
248451357
248453664
249060252
249234113
249272000
250523047
250858716
251955043
253238243
254379613
254472744
254812996
255342523
255641636
256254152
256415237
256623909
257212060
257507769
259397029
260200869
262669214
262721283
263296357
263561341
263893441
263916800
265320548
265516453
268746814
268995939
269691040
271817729
3705673
4064241
4473530
5174602
5618410
7319835
7895006
11329898
11832011
13490938
14462421
15404950
15437133
15502672
16525076
17061373
17062418
17488875
17891082
21432341
21875069
21978344
22349914
22452607
23434535
24963309
26045192
26189418
27052043
27457999
27646185
27670271
27733947
27876853
28534838
29663060
29729499
30006163
30052122
31723025
31795457
35228061
35726451
36335367
36971034
38359864
38952678
39021407
40704193
42803574
43996169
44091465
44523221
45029024
45366762
46040478
46106140
46213232
46853345
47908967
53800144
54990088
57729720
57806121
59309664
60447694
65121786
65318657
65985661
66841883
68187223
73964523
74067328
75261396
75849727
75964490
76919531
76926887
77226952
79840321
80305266
80349553
80800755
82259906
82518895
82722707
82938574
85184667
85254447
85645868
86068869
86246366
87100837
87654631
88148515
88620699
89718725
90074834
90160895
91713652
93294662
96874817
98913146
100002830
100528163
100713716
101138653
101293133
106401771
107443977
108702376
110473530
111127212
114771135
115171295
115394859
118126715
118694607
118838897
119006301
119081481
123599955
123829234
127326412
127476674
127616187
127746747
129426165
129617130
132198382
132612618
132704080
135742569
136104588
136723322
137484777
138041388
140766234
142671731
143203601
145500025
146026987
146123287
146333711
146488782
147961809
148198089
148271605
148402014
149198514
149882365
150331854
150560545
150719186
151218681
154313968
154842574
156059654
156704119
157815982
158031633
158816651
159103392
161650908
163691938
164072135
164179672
164875754
165979931
166744353
167774694
169733340
170787337
171183471
171857979
172826067
173922052
175286338
176076584
176670706
177154357
178564234
178794753
178857329
180426503
182333583
182427461
182808919
184981378
189676045
190729501
191835539
194190446
200832070
202979356
209211827
213980627
214993708
224667644
229322521
230052423
230571558
230761668
231570894
231640084
233103200
234337690
236808935
238736495
242969920
244099929
248513156
249368298
249949281
252355910
254230105
255023272
263094206
267602660
269083294
5091415
5990253
12484913
12835222
16042421
16199315
17125071
20971452
22144241
22184160
22639353
23368166
23637467
25226478
25664600
26268988
27268103
28234549
29302842
33555975
34370521
36643778
38265843
44606921
44612495
45209739
45600667
45992709
46362538
51515695
52736510
55333034
60458560
60953716
61606115
66875411
70784595
71476291
73485507
77653935
77964314
82123393
92525297
95324445
96896665
105619799
107532437
108017928
110168393
110383447
113158538
119797332
120553915
128088181
131122665
134543800
134944621
138693424
142851072
145143179
150858634
153209268
157700601
158365714
166670399
170096858
174863070
176064538
176823969
177805271
183738726
184971993
185633821
189211870
189932537
198291935
203501857
205574741
206712794
207653113
208911959
210390897
214837739
216668395
220718660
225443383
227482570
232896067
233141008
233227970
233459493
234353536
234495017
237622840
238954251
240924776
246204700
254597925
258590975
262889445
6089695
6508066
7459340
12245929
12938141
15548755
16309880
17501697
17517976
17916918
18289287
18361943
19025860
20186252
20626305
21201480
21821101
21912572
22088581
23675103
23804675
24622051
24883827
27260811
30194072
30427008
31179094
31770631
31796811
31871013
32150206
34439385
35482637
35618841
35961707
36513330
38277773
38867000
39170858
40122628
40167095
40408241
40885570
40904898
41025155
41826010
42065938
42269291
42356925
44275370
46126835
47267783
47906932
50148283
50168398
54506327
56521174
57089556
58485937
61107158
62707844
62829892
63284915
66797256
68530244
72297207
73250359
74973736
76723092
78200847
78665619
80870767
80880432
81922205
82280911
84227680
84276008
85068895
86048944
86276207
86728870
87090318
87722269
88499007
89169835
91594702
92519508
92747585
93557536
94471708
95903799
95943882
99638096
103532796
104539538
104552696
104981968
105302665
107475001
108324938
108946896
109564553
110003827
113221739
113864903
114033276
114444977
116736269
118098718
119283715
120505825
122817052
124941898
125189406
126957250
127959786
128603138
128992233
129750935
131880178
136066142
136786236
137357124
137525668
139366758
139713196
149368994
152840262
156204937
158602090
158618811
159111790
159223203
161371064
161473759
161737964
163278914
163712436
163733349
164657360
165582589
169362481
171339916
172953317
173609725
173687183
180898511
183627210
187694284
191301203
191602316
192481230
194158139
199758764
202826367
202976780
206350285
206391015
208902330
212000686
213130844
214944660
215066239
216280340
217003931
217492734
218471103
220378685
220522345
220834240
222182827
231275495
233115564
233160520
236129273
236309636
239057244
240226765
242584268
242600315
243859680
246412388
248504661
253250722
255254269
258811140
262571901
4711139
5669062
6740694
7142537
8831062
11351049
12182033
12208640
12275268
12308085
13086688
15080442
18087323
18187185
18962813
19479093
20015132
20544508
21857065
22042082
22152939
22452123
22902683
23123992
24518430
25931061
26901093
27513205
27541925
28120243
28203555
28577131
30355261
30521228
31876633
32445114
34352618
35959697
36417799
36464595
36561390
38052442
38520515
39162204
41643165
42000196
42015918
42580205
42982362
43613260
44622848
45507572
48136007
49035454
49205892
50338076
60244027
60710904
60857060
62626456
63987872
64330017
66962937
67339812
69022821
70973232
72489020
77863642
77879984
78946900
80497861
80525697
80611718
82172210
83076983
83622224
85685777
85859021
86269414
95555119
96432288
96765122
97349938
97609532
100104517
100292789
105469394
107978485
111328464
113015796
116402818
116972789
117601649
118144034
118847597
121131798
121405319
124912693
126572282
126954971
131634166
132897308
133480619
135856229
135874667
137739536
138261777
139429509
140849782
148318090
153234493
153368048
155414722
155654624
156693569
157446798
158008506
160866709
163385288
166540866
167599025
169110972
170456672
171141438
173003090
174254270
175181913
176335727
180041348
183148833
192631930
197104915
210709706
211200289
212969028
217432826
218057008
218192138
218653800
221961480
224847764
226566436
230459265
231109445
234249235
234747669
238467616
243915551
246696706
256736680
258167813
259208836
260469983
261481213
263109568
272400736
7679072
17140112
17461400
19494292
19857535
21028304
25070639
26120277
26399307
26456175
26582261
30083860
32787046
34262718
40343828
44568899
48915038
49595527
50237227
52434857
54573901
61938080
64131980
68545360
68756883
73916159
76350540
76541762
76710240
77972686
79919770
81262346
81582636
87057861
87306308
87647431
89185088
89188502
90077725
90215036
93451157
99294995
100110495
102241904
102538162
105613269
106117609
109994686
110250024
112617255
115001624
115576189
116154361
116292672
118750582
120334984
126285682
128329652
133995377
134994782
138163641
145807361
152387943
158288024
158425288
167803575
172077531
174270464
175666947
178070126
181168297
181998134
182512415
187040042
191733298
194946109
195085425
197058873
204077022
204629955
210210990
215352972
218896343
223045180
225720825
228216193
228321703
228391636
229186404
230170136
233767653
235309675
235989080
241007578
242273674
251988393
255274136
256426271
261379265