4608404
5847879
5915551
7332135
8376637
11816166
15004724
15298551
16429970
22424790
24817706
26489551
28690059
29378211
29410232
29853981
34082408
35830730
36205184
38164532
38601525
39659117
40825074
44416926
44757103
46484231
51440599
55984898
56326402
60557461
61018717
61317056
61927763
70858881
71947910
74598551
75473335
81238965
82945891
87671716
96694233
99762061
106459981
120311926
121534164
123145420
124717414
124722485
132048922
134582615
136769415
137249608
139588152
140032483
142334998
142638875
143180884
145230407
149182788
150039056
151534401
152341110
154370164
157309008
158990271
162705989
166819318
173758098
174235133
178469667
187872665
193212675
196017922
196959281
197672284
199612176
201861156
206148538
210497419
213038454
213720118
213765700
214427527
222756764
226683076
234267087
234376780
243722434
244500651
250755361
259255974
261918150
262584615
263318752
268670338
273296927
4360790
4417495
4670480
5410572
6105904
6336518
9020127
12052446
12063276
12085119
12455422
12792403
12825449
12895832
13119521
14154913
14916082
15443940
15666785
16249704
17845224
17987194
18057889
18330021
18349497
18714514
18717061
18882644
18955738
19034424
19062896
19178566
19412313
19653071
20146144
20148704
20188793
20205448
20276402
20613285
21160531
21906748
22165315
22542399
22565010
22841481
22848640
23044279
23066053
23233626
23645504
23646076
23743315
23758240
23813303
23890451
24057878
24066123
24189542
24428693
24463048
24479804
24559608
24906438
25586502
26262789
26314452
26917789
27266295
27331788
27336079
27599368
27713590
27714637
27770897
27813166
27905486
27940214
27999977
28454635
28485417
28652539
28661469
28684482
29029967
29117054
29263866
29389713
29626258
29695208
30007399
30194809
30956488
30990155
31435651
31901309
32495391
32516357
32545091
32785989
33922723
34646164
35132643
35156368
36100614
36558401
36690959
37019141
37255836
37322805
37391361
37456609
37598295
37912014
38552948
39192480
39451471
39479104
39613613
39825990
39953509
40008437
40806359
41317649
41347861
41542830
42070565
42188546
42391806
42545450
42966206
43198097
43356081
43580577
43829948
44022626
44713411
44988912
45229600
45232036
46486033
46494235
46530339
46674026
46803508
46914893
47317779
47580355
48490055
48939040
50487472
51044777
51109855
51318299
51522449
51552259
51883107
51919253
51955475
52178131
52586102
52842813
54310549
54318863
54710994
56407078
56595151
57130237
57213493
58253379
58910408
59125135
59302294
59708789
59981427
60614392
60788843
61400560
61669556
61796624
62485794
63455827
63924786
64342780
64977468
65212587
66372727
66647784
68063116
68455178
68850683
69386986
69586678
70712560
71284580
72060137
73523078
73775209
74573620
74966432
75286039
75344882
75640901
75790006
76206584
76535277
76743478
77049532
77433157
78497139
78596045
78869876
79464133
79699304
80240900
80351632
80571851
80633821
80745755
81037406
81209012
82094720
82494800
82909549
82976811
84540071
85277674
85719210
86029036
86539096
86830122
86834191
86911311
87046535
87130927
87420656
87686999
87864694
88648935
88745600
88775377
88885082
89614905
89764214
90623776
90649178
90866913
90905704
91533686
92220699
92635897
93134828
93467756
94957761
95108904
95239840
95288151
95474731
95652229
96466557
96939602
97763705
98019073
98767932
99044628
99181895
100364177
100865504
101258002
101523286
102468841
103260475
103376278
103825310
104727379
106446934
106512747
106916366
107224455
107783368
107909777
108195045
108447295
108978461
109973684
110679064
111425572
112708571
113117206
113592895
113815210
113916008
113947075
114044964
114191332
115191118
115759637
115825096
116181022
116420018
120754006
120895657
121631446
121736057
122670728
123032607
123238217
123418713
123705607
124424684
124567676
125987406
126262499
127260752
127699495
128058715
128061248
128693105
128926677
130214005
132399543
132477694
132746257
133517315
133617584
133897302
134223643
134286737
134305947
134861663
135308529
135316463
135411344
135723273
136585468
137522197
137735972
137738111
137741663
138187266
138309372
138625511
139017286
139060457
139340880
139812607
140569430
141416721
142084528
142335617
142529656
142538875
143071268
143413111
144066689
144646275
144652491
144763623
144858656
145761883
145938561
146232672
146476988
146780232
147298318
147870180
148302613
148500914
148698097
149015583
149025459
149116306
150668717
151459718
152806499
153784751
154206827
154681279
155677220
157327156
158571627
158721840
159317893
159461592
159550468
159803955
159880955
160969146
161401954
161936510
162961715
163305740
163658896
164717912
165081879
165125730
165332491
165615926
166158015
166356262
166507098
166629204
166766209
167608164
168170261
168512264
168930974
168997594
169625667
171626646
171806566
172984584
173238432
173519882
173904769
174776779
175170939
175415244
175538593
175672515
175954560
176266382
176553685
176663033
177468383
177851593
178617264
179583424
179893837
180778886
181085103
181127391
181490800
181588581
181804280
181937167
182033182
182429973
183659661
183980382
184607745
185432627
185564259
186209869
186214206
186447734
187261650
188585295
189645685
189963597
190860751
191395476
191827241
192588673
193176490
193251199
193939369
194053018
195757393
196544281
196863829
197052879
197266784
198395539
199702940
201193284
202392969
202445168
202694740
203101988
204905339
205282663
205393882
205399760
206236233
206579046
206814288
208159247
208255191
208258204
210194063
211375308
211956631
213765541
213792856
214444359
215172486
215883032
216890782
217744000
218853962
220703724
221643475
221657667
221769968
221878688
225079937
225429314
226099528
226889110
227281742
227462935
227487646
227531008
227606112
227943293
228123095
228537763
229621338
230913584
233103489
233716648
234532633
235112068
235114874
235413990
238361555
238422865
239315993
239698132
240258177
240389380
240933255
241409182
241634702
241694193
241945915
242082998
242590479
243246367
243247791
244058036
244212134
244302307
245101130
245302451
246273071
247399167
248263518
248504661
251283272
255880836
255980671
257302045
261124099
261895623
268247773
268892285
268960645
269430179
270057275
271349092
274023395
3154680
3696185
3841574
4083754
4095158
4197245
4205714
4576824
4962959
5243317
5431631
5596207
5779711
5911673
5948824
6057867
6236944
6693478
6848853
7053743
7237134
7253862
7800603
7808729
7877975
10078091
10078928
11020442
12025607
12332414
12824259
13131038
13277273
13638175
13689055
14045277
14626806
14705747
14784664
15775577
16489630
16549453
16913568
17324482
18303183
18479997
18821102
18862636
19072961
19119216
19208546
19371123
19673783
19839114
20061739
20065215
20118041
20274162
20439943
20978025
21278455
21802432
22593377
22979895
22982013
23028448
23982408
24106487
24344822
24437347
24635701
25223293
25258759
25476593
25489805
25579777
25696796
25841315
25949079
26207921
27223633
27736711
27779758
27908142
28048105
28095897
28373802
28440501
28444695
28639715
28788840
28944854
29051587
29140861
29742179
29809215
30400799
30597542
30734246
30847978
30856390
31407480
31925858
32018389
32099545
32519847
33345435
34202347
34594092
34626251
34731579
34963839
35086948
36266563
36727735
36829549
36969772
37619980
37712712
37747854
37774394
37945321
38124600
38364777
39035806
39047394
39371939
39423708
39749710
39757847
40149527
41428760
41467282
41826849
42885686
43112532
43232806
43280735
43550813
43572568
43766423
43893416
43903919
44023006
44173290
44288572
44372233
44395437
44692918
44738481
45416088
45455636
45501876
45621327
45624206
46156382
46370342
46593559
47199807
47253322
48576545
48598748
48745272
48918767
49004733
49283578
49327246
49646808
49850206
50565530
50974073
51002656
52154221
53046997
53113892
53185250
53321222
53713710
54066975
54378407
55174348
55184987
55393483
55404024
55404276
55471924
56456639
57030076
57331764
58255025
58365729
58633743
59303096
59413151
60111550
60492799
60664059
61184626
61338548
61395190
61616173
61651463
61990735
62067014
62157652
62521459
62863349
63064260
63299026
63494711
63710618
63826003
63849613
64024647
64112288
64174892
64407459
65151634
65381499
65564623
65714957
65812019
66194269
66204141
66306664
67220989
67490748
67704020
67902260
67931291
68083363
68194345
68875456
69028154
69039097
69294754
69340088
69474924
69480813
69486867
69609821
69624032
70239771
71408247
72599567
72848985
72881615
73479903
73520355
73848292
74917487
75607780
75823984
76071907
76694043
77047228
77954637
78117052
78731721
78813880
78861812
79206250
80500989
80752865
80847870
80988107
81492661
81554464
82710778
82864808
82928637
83098966
84089659
85110294
85699693
85868376
85941396
86511499
86656844
87321947
87413476
87420085
87840160
89392577
90005837
90039868
90435517
90529065
90587343
90756060
90769114
91013389
91373800
91502337
91886243
91910641
93482243
93769916
93799946
93897255
94276356
94988536
95264995
95332322
95692006
95863159
96475427
96940243
97045742
97238449
97248742
97601786
97864665
97880574
98325084
98518196
99532517
101028556
101162922
101267339
101416802
102262497
102503061
102947768
103082186
103151178
104196654
104670793
104928716
105372749
106237389
107366385
107521071
110105899
110591780
111016251
111303063
111914151
112322557
112729213
113149391
113323935
113391685
113391791
113547181
113965720
114070642
114853865
115515076
115736013
116075075
117099125
117135695
117580729
117695392
118808282
119356440
119583742
120351602
120574209
120707902
120944000
121488610
121807276
121873297
122385488
122610238
123224063
123329645
123508995
123773674
123977534
124133658
124230982
124287825
124315750
124411470
124602148
125093494
125419576
126790529
127441847
127535958
128441019
128966887
129264861
129609849
129846796
130018694
130143230
130188657
130692682
131493281
132080178
132274269
132297810
133688518
135007844
135729053
136744311
136920681
137051631
137190014
137402404
137576657
138106190
138248700
138924339
139134227
141237683
141355824
141456778
141510244
141780943
142268086
142748265
143385495
143388201
144208853
144380443
144570104
145490544
145646817
146720942
147984145
148175711
149432453
149666341
150222147
150703097
150879413
150991650
152129488
154395669
155288121
155427667
155445154
155699132
156370583
156409445
156610677
157065825
157419687
158122519
158292599
159597840
159680609
159705093
160315115
161242374
161518221
162008649
162317470
162507283
163333918
163395850
163424742
164354352
164577943
167520290
167568169
167888960
168148811
168963067
169113838
169180213
169239660
169510724
169544209
169553758
169661710
169679079
170292757
171205217
171483236
171501178
171826326
172185176
172409314
172411264
172465711
172747289
176191924
176398864
176828914
176977870
177245847
177928329
178246463
178451038
178737473
178858464
178894117
179830375
180597367
180604125
180920457
181012771
181052741
181494880
182168414
182395117
182973247
182995876
183053018
183394772
183674104
183845516
185281630
185419362
186861372
186964116
187236437
187419297
187610895
189407645
189440837
189719628
189738685
189852531
190585609
190621171
190634366
192448872
192540640
192821265
193144226
193275209
193359252
193474525
194042560
195980578
197141472
197327544
197419872
197438747
197525446
198079611
198259584
198404931
199160748
199791259
200332656
200510111
200592734
201956434
202085111
202176065
202706831
204815252
204894789
205780616
205881013
206192247
206549241
208241746
208385281
208611292
209376223
209385011
209528790
209910883
210667255
212740759
212928365
214282227
215310994
215361847
215429781
216331401
216924261
218839911
218881022
221005446
221256839
221404028
221687790
222475643
223715212
224053092
224245709
225083153
225704106
226567715
227047947
227093689
228814955
229678332
230205998
230283270
230286243
230401900
230941395
232410598
233137784
233603542
233757824
234965997
235442788
235927811
236362349
236492515
238190721
238372654
239809115
240008458
241883536
241895963
242046970
243267880
243313590
243547457
245408585
245862940
245910712
247110777
247197095
247518474
248078984
248204670
248964444
249323260
249684474
250787906
251499579
251631607
251855030
252020833
252753218
253196412
253922690
258159259
258386502
258880897
260053624
260224001
264407072
265162048
265164574
265538715
265574243
269732673
270139168
271880766
272133476
275571040
3921673
4329868
4342148
5139380
5467123
5488000
5543253
5799696
6129614
6470735
6682748
6909877
6943638
6951614
7721023
7939962
8029176
8072829
8313730
8375952
8790442
9064800
9158909
10313963
11479279
11904933
12644365
12857140
13133412
15894586
16031530
16345822
16492909
16680572
17041438
17065900
17138894
17697889
18436381
18616591
18705324
19243782
19402421
19484426
19583886
19592722
19722392
19881656
19931740
20080299
20105260
20497485
20595867
20613463
20843017
21106296
21254930
21461321
21512874
21562743
21731934
21846476
21946305
23081141
23707899
23888336
24146670
24390081
24455906
24497116
24596095
24679887
24862178
24934856
25138759
25250661
25290199
25406204
25532095
25572505
25719892
25864274
25988905
26507903
26918866
27095517
27156928
27375656
27958198
27975211
28050302
28257361
28448525
28546883
28713711
28823432
29053839
29322425
29877314
30023122
30057821
30362175
30402638
30410625
30917606
31440289
31819935
31947367
32570948
32588167
32692172
33017478
33464514
34050826
34304314
34753430
34813266
35005242
35319601
35622410
36096978
36751848
37099050
37434376
37772779
37974404
38122803
38270931
38360417
38515716
38704135
38785230
38792286
39097376
39115899
39144421
39863136
40048588
40470538
40672451
40686541
40740117
40830594
41751216
41951892
42402085
42680950
43280134
43457898
43568982
43600850
43674906
43926561
44147477
44181241
44209703
44380673
44520340
44749635
45004436
45376945
45523097
45891798
46091010
46199045
46787823
47557627
47781021
47990775
48648880
49261159
49269856
49482544
49589412
49637055
49732322
49775908
49795541
49848798
50484509
50490011
50889238
52075598
52122360
52125501
52186099
52790519
52866935
52870983
53248597
53369699
53389808
53563971
54200076
54467131
54504634
55014644
55023116
55133371
55390520
55430058
55492584
55613923
56064269
56070659
56179276
56837468
57223349
57310575
57593980
58116064
58425937
58686680
58752467
59160270
59278831
59958663
59993147
60512777
60768725
60810939
61396060
61501762
61589398
61795339
61807654
62662732
62690378
62710656
63768457
63779500
63810695
63947904
64073951
64211456
64416546
64836475
64860819
65044647
65115354
65789039
65818160
65860943
65872356
66147667
66318065
66332858
66457321
66565148
66685953
66922534
67222664
67975305
67981617
68024125
68053860
68447080
68484037
68829811
68959419
69454766
69630437
70474228
70988434
70992033
70998949
71178310
71932857
72212274
72445903
72741560
72787438
72798812
73231812
74247520
74298502
74627113
74896405
75135427
75179032
75345049
75655391
75799390
75838338
76688430
77340126
77708388
78500646
78926083
78989711
79275512
79348585
80241468
80417067
80579817
80717866
81153286
81411310
81894149
82222517
82593097
82768455
82786813
83100043
83297294
83842275
84356641
84460100
84680558
85477990
85524325
85707269
86100542
86240761
86245111
86779228
87183922
87278612
87483469
87827467
88029927
88295403
89374929
89566052
90233552
90261920
90478925
92012573
92807062
93105782
94541173
94998748
95404351
97102258
97222520
97401199
97471841
97892750
98067020
98085751
98189777
98226580
98644859
98730389
98814320
98919454
99393570
99458300
99753457
100281791
100285083
100826554
101177194
101208773
101298752
101852063
102170112
102512433
102534079
103985802
104011461
104501310
104993001
105839604
105912981
106160313
106572788
107566221
108159707
109227157
109251468
109337183
109552272
109591162
109663509
109754954
110122643
111007240
111210231
111211109
111254568
111403728
111462665
111683005
111856055
112707271
112859879
114025307
114548194
114945775
115078144
115396305
115678476
115940470
116245803
116286187
116401939
116797179
118038322
118200318
118370707
118806967
118882450
120340151
120579396
120622221
120641832
121114950
121262910
121534713
121650555
121976792
123115154
123454442
124542171
125780550
126035453
126361052
126459975
126488975
126617460
126920649
127211760
127813185
128076478
128284704
128771954
128821728
129115592
129132361
129210304
129847384
130293267
130470994
131656498
131861457
131871435
132729601
133088349
133154767
133433578
134123494
134162170
134789782
134816243
134849314
134868371
135068882
135077933
135547425
135642248
135733493
135994018
136076701
136252519
136735543
136815166
137927818
138034825
138668006
138899877
139780222
139960015
140049560
140458187
140459409
141152271
141296427
142336584
142397127
142425636
142584829
142929108
143040947
143830856
144396898
144455510
144628171
144697854
144885424
145420797
145480839
145566638
145854703
145944070
147084333
147316925
147357721
147809560
147931326
148106598
148338750
148414847
148792541
149167305
149315404
149341154
149490514
149563534
149772488
150326451
150492746
150583946
150669633
151384438
151957760
152069033
152498591
152834148
153480167
153897975
153901985
154104062
154130730
154570678
154780026
155502579
155535579
156086930
156602220
156939211
157103573
157600037
157753807
157899386
158062607
158572823
158852365
160694276
161000532
161139755
161320591
161397391
161815686
162176438
162373338
163111596
163177561
163317021
163633666
163650831
164290919
164571763
164614532
164958321
165085216
165628348
165933087
166163162
166443817
166466441
166500251
166515895
166986025
167997005
168069717
169232913
169501427
169886133
170061087
170630457
171251853
171517719
171776706
171793617
171827147
172286686
172621641
172649521
172971156
174793136
174936952
175297393
175822153
175919169
176082708
176126467
176877788
177340448
177705971
177728921
177910985
178472394
178673472
178829057
179254723
180161929
180487379
180659552
181052729
181522222
182198622
182454347
182638921
182771557
182939488
183400930
183852561
184058719
184110614
184369264
184382344
184947699
185051721
185322302
185717196
186383091
186529403
186881903
187102826
187207647
187674610
187699118
188040419
188656080
189086949
189406591
192325277
192610925
193305101
193722753
193802368
193848873
193985752
194090047
194943202
195018398
195048720
195067955
195151795
196050879
196189847
196351450
196595772
196703357
196877418
196907987
197561674
197621115
198693741
198918881
199188281
199276682
199346620
199541688
199739841
199944425
201440484
201652921
201707414
201827359
203299482
203422212
203485918
203714669
203835219
204488528
204615079
204690896
204792481
205174932
205592948
205771821
206514406
206717323
207061561
207207901
207314452
207450830
207803988
208544191
208711036
208868470
209416741
209494162
209563298
210569123
210626037
210911811
211025752
212585584
213202733
213337063
213487109
213632393
214276075
214535517
214773961
215553827
216862573
217059251
217632532
217706837
218337181
218456342
219376164
221489351
222883737
223050187
223133829
223225958
223826127
224049502
224404608
225090148
225557790
225787350
225838203
227166254
227458145
228062982
228121345
228772701
229040234
229198427
229406031
229686604
229706598
229828169
229909771
230020557
230094853
230109033
230244800
230261275
230321061
230639391
231008171
231051433
231259382
231774207
232333401
232520296
232769177
233001952
233139567
233612761
233633288
234008831
236050759
236495886
236720841
237232275
238773505
238894141
239307953
239572699
239820702
239893382
240571864
242266856
242543539
243911659
243931398
244264164
244592731
245168031
245183222
245479593
245922622
246541645
247294656
247454634
247833610
248564998
249072892
250105100
250114082
251172629
251545826
251633788
251988094
252064417
252833661
253354559
253902730
254189494
254483970
255308091
255630492
258004703
258307768
258723010
259031523
262036249
262136128
262433854
262897729
263905445
264427329
264830180
265185787
267286305
268701345
270024069
270124961
270317189
270585471
271179548
3256915
3285324
3351686
3370033
3494628
3695908
4354547
4505670
4912918
5424874
5440435
6186837
6248758
6834775
6930880
7052863
7096983
7250939
7429105
7491674
7567615
7992695
9373633
9408487
9479130
10336949
11748565
11803847
11962539
12028668
12264250
12388573
12674297
12862988
12954280
13047865
13370683
14222900
14340620
15437810
16279790
16456557
16471828
16669418
16721729
16987026
17122533
17398583
17917688
18202590
18290143
18429123
19214807
19216365
19307733
19736566
19956018
20032236
20585439
20979144
20991939
21335887
21563123
21736906
21801166
21934491
22015500
22067545
22280969
22369642
23174102
23266539
23824759
23949162
24243260
24305587
24355877
24535354
24581250
24621640
25249658
25474809
25744964
25851671
25852574
25912555
26007448
26042235
26264315
26600432
26645429
26659392
27009244
27135484
27138769
27337987
27374202
27966507
28044784
28053846
28095301
28136145
28149169
28301885
28450895
28586864
28600785
28738712
29065354
29112356
29120582
29298181
29472566
29764952
29865936
30189321
30316668
30803655
30836405
30877942
30926953
31074518
31096751
31536379
31690791
31727656
31876487
31997704
32232231
32335199
32352132
32353690
32410047
32710565
32733490
33497999
33600862
34423659
35399883
35666305
36219507
36407490
36750998
36816399
37056390
37145126
37230138
37410741
37496691
37514567
37752375
38054534
38306136
38353912
38710030
38867973
38995955
39182402
39340634
39351830
39490253
39734087
40052805
40250755
40521347
40593926
40596124
40688214
40734379
41399039
41475872
41879546
41924169
41968915
42008488
42120624
42316775
42357348
42707135
42789879
42975383
43200526
43254774
43662302
43865551
43905814
43977866
44089952
44228104
44237362
44240950
44967367
45477512
45512782
45856742
46210838
46412588
46456111
46497458
46553259
46736468
46773377
46968005
47369469
47457323
47476691
47562653
47981577
47984056
48094166
48197126
48224402
48227162
48502937
48982432
49254936
49339641
50570973
50819786
50884163
51161878
51293246
51481758
51619425
51675813
52358036
52601769
52893071
52905739
53211134
53455270
53648598
53812406
54004059
54012074
54255059
54477198
54523413
54675666
55270290
55284554
55496956
55539662
55649038
55928709
56159878
56180414
56639148
56723041
57098317
57559504
58062294
58160493
58492815
58744408
58775856
58818890
59642438
59846570
60023225
60663188
60671973
61773183
61834236
62471715
62616915
62642949
62706275
63069492
63139010
63191087
63788416
63882125
64307871
64324309
64331173
64555529
64672912
65721234
65985661
66016720
66082626
66335123
66677458
66808556
66867516
66980668
67024803
67926555
68158956
68164933
68265631
68321018
69683314
69716549
70207589
70542392
70682999
70812090
71238976
71280653
71674174
71698366
71778903
71936599
72007520
72035882
72179120
72619748
72841697
72854359
72998013
73161157
73514137
73724943
73913705
73934158
74067875
74319717
75296981
75994600
76355257
76548554
76593309
76682036
76693539
76786034
77667991
77818273
78082188
78395366
78867269
79216967
79418641
79813862
80259933
81043163
81243226
81727239
81841305
81860149
81995049
82634133
82802281
83086982
83218448
83440712
83565842
83798964
84067886
84206049
85521839
86615564
86778503
86904203
87176380
87313801
87598238
88116811
88384815
88479069
89003866
89097833
89226274
89511226
89723247
89980566
90310367
90419270
90595285
90845157
90986225
91182574
91904794
92911741
94135421
94144703
95315875
95416798
96398177
97096473
97157329
97806132
98008962
98175551
98408311
99220001
99757063
100995732
101123191
101580976
101694355
101713782
102834116
103018387
103804083
103827445
103959603
104167598
104448528
104699242
104960328
105000304
105140001
105708627
106006101
106066513
106511603
107211638
107291604
107396230
108076754
108237127
108267155
108577260
108693623
109162806
109406421
109709066
110194149
110298716
110827642
110940441
111188971
111379612
111382247
111389197
111473880
111520534
112598959
113168753
114391957
115046893
115159090
115502546
116284079
117420764
118858895
119418768
119486872
119817798
119899096
120480550
120935949
120958557
121427367
121526752
121558871
121786605
122421492
122858129
123323238
123344467
123366649
123433840
123606519
123619378
123795910
123952416
124564110
124666284
124800804
125445516
125460144
125611492
125632093
125697446
125920522
126477711
126554535
127678140
127917924
128354897
129075160
129188365
130927100
131321260
131377042
131702149
132693838
132782492
133491290
135255852
135422990
135597333
136052787
136440454
136451623
137093354
138289438
139094823
139585803
139600088
139774055
139833265
139975429
140053821
140615952
140723790
141252944
141443544
141533999
141815460
141858399
141933198
142080157
142231087
142555017
142759246
143418874
143466560
145204713
145232232
145571095
145589624
145811301
146420822
146619796
146655807
146875864
147043809
148678906
148809077
148970403
149154693
149872372
150127423
150132957
150494416
150658872
150671634
151050675
151425949
151880641
152970538
153009159
153115996
153235065
153440454
153583379
153586011
153851439
154075952
154654764
154883227
155251432
155470229
156469682
156475972
156608087
156785536
156832529
156841218
156880415
157397646
157707642
157712296
157724420
158036035
158057583
158563380
158968617
158971126
159150206
159202974
159300139
159756687
160347723
160840007
161314111
161449295
161671077
161677213
162157175
162935284
163565036
163795989
163967579
164015119
164697067
164753363
165392499
165459864
165735583
165752269
165852586
166099936
166599987
167168105
167319270
167540949
167569524
167698771
167957597
168413817
169136291
169284317
169665841
169958528
170662889
170787337
171690750
171812980
172238515
172256527
172480159
172531843
174485839
174870753
174902336
175227552
176257728
176266344
176316773
176791662
177010827
177404675
177597731
177846897
177966755
178031799
178112300
179554623
179838146
180124167
180366505
180517008
181879383
182785473
183051228
184282222
184312545
184817587
185026037
185984518
186484998
186945153
187140691
187200674
187447406
188006285
188079693
188613799
188926242
190289002
190602487
192218627
192224266
192259915
192506847
193316384
193347189
194562112
195144313
195222210
196497775
197008441
197217785
197265485
197301908
197478285
197668577
198353843
198403356
198644649
198781406
199158526
199219311
199340568
199386495
199570077
200361734
200518284
201143869
201518982
201634733
201965535
203649468
204928272
205232967
205615522
206043453
206248442
206471354
207151903
208231006
208606585
209017703
209175265
209594394
209672611
209989779
210131258
210841769
211022493
211388357
212255623
212600001
212843925
212887157
212993476
214293133
214434615
215048462
215048780
215134381
215853987
216044129
216209328
216299071
216323148
216515251
216555302
216597523
217029744
218036177
218071381
218809397
220785862
221264580
221723276
222886616
223145487
223227181
223508689
223617335
224057206
224633486
224913185
225039032
225242234
225306397
226139781
227040421
227056486
227517769
227992673
228544495
229088376
229263666
229529324
230059416
230734061
230805057
230937324
231657548
231928274
232184316
232553442
232723955
232834826
233856754
235184722
235515770
235730927
236453696
237161706
237263280
237691156
238431914
239151473
239340928
239980799
240044326
240092211
240402061
241704072
241927175
242001330
242624749
242982553
243268483
243281216
243488025
244747375
245502707
245796908
245892785
245999370
246266684
246522897
247146746
248023634
248765209
249946389
250107964
250451772
252231387
252502883
253214465
253276356
254542518
255430026
255557159
257467817
258024471
259021443
259303589
263564285
264002973
264018853
266043972
266587810
267219263
269531812
3582041
3643319
4163308
4224656
4688548
4984598
5001227
5069268
5627229
5712388
6426349
6632308
6691414
6704266
6816010
6995542
7513690
7599801
7741574
7911255
8210972
8269391
8331104
8610916
8799396
9933700
11695546
12295476
12501495
12530979
12566183
12666189
12684269
13164085
13165603
13175305
13281827
14057059
15398411
15680714
16349611
16402818
16513415
16591411
17179867
17235825
17384277
17596237
17730579
17738757
17867158
17952862
18100564
18316012
19113967
19406541
19429797
19644781
19721489
19879186
20738981
20841069
21061716
21097147
21334364
21465431
21526407
21568640
21599878
21643546
21739248
21924130
22481250
22498233
22616541
22876831
23195387
23435862
23640937
23724163
23926085
24129285
24187944
24231546
24258774
24384721
24416417
24597454
24652712
24795826
24848193
25139255
25139811
25263645
25417025
25530158
25533691
25593197
25615969
26275350
26464396
26468494
26551558
26551933
26635511
27043645
27375105
27647764
27680191
27839264
27901838
28008168
28025336
28227951
28372955
28587076
28694164
28719238
28931407
29090187
29144326
29344911
29364538
29526590
29578424
29743845
29907037
29914710
29938885
30022028
30187271
30226163
30527043
30579592
30708033
30742906
31081608
31139367
31563100
31691233
31795387
31909131
32232133
32362983
32520356
32530758
32786411
32790300
32808136
32924929
32988025
33287395
33412897
33544177
33900030
33998871
34311241
35239979
35289185
35523884
35783478
35881678
36652437
36938001
36948405
37214001
37583960
37838205
37955277
38367794
38502005
38666457
38750293
38790110
39068977
39127691
39135080
39194209
39573477
39593932
39610041
39613477
40022484
40118956
40218612
40304564
40622337
40896271
41009576
41346119
41424903
41431500
41551990
41570896
42256327
42532821
42827524
43084238
43188653
43752221
43790699
43916915
44111491
44352313
44464226
44964959
44985334
45165907
45392849
45492086
45750858
45937924
46058053
46605376
46839727
47288391
47478361
48347432
48407678
48928493
49064106
49353964
49510907
49669697
49921402
50148889
50526419
50628070
50958114
51043677
51218689
51342956
51442813
52215743
52289668
52678924
52748597
53429213
53982943
54000982
54400997
54465448
54511905
54653619
55563894
55873380
56186681
56609441
56763063
56895945
56973557
57159517
57546708
57684881
57893159
58265511
58425040
58530079
58611740
59366411
59420120
59435910
59759564
59855953
59898652
60256222
60459590
61242408
61419386
61752840
61934469
62434216
62490174
62634152
63025000
63032738
63063831
63069231
63415774
64025128
64239775
64291029
64360678
64430293
64534314
65071985
66869236
67704099
68552647
68596725
68852645
68889652
69006026
69784919
69792216
70164450
70286000
70288946
70520543
70951608
71171424
71269198
71618721
71827042
72066662
72200588
72213352
72231344
72395859
72775127
72916353
73048442
73126447
74719285
74739694
75249508
75562065
75829023
76019211
76186248
76240576
76291041
76533074
76866601
77376054
77410914
77667356
78129604
78374345
78554051
78785038
78993473
79019166
79290495
79405180
79536411
79649515
79925309
80187735
81194189
81511291
81673113
81917040
82328513
82712471
82731556
83670324
83681154
83973433
84116720
84292340
84617779
85493122
85690509
85805518
86027253
86496900
86647963
87216835
87550377
87601535
87758079
88319458
88549382
88557244
88991459
89115540
89243625
90019830
90773281
90889826
91117963
91310876
91468133
91862958
92546591
92708614
93286393
93312610
93370022
93803424
94916095
95040770
95289180
96038383
96890553
97220881
97298258
97659108
97769715
98269912
98280308
99119956
99242556
99807887
99830764
99858050
99957099
100088947
100492013
101187185
101545919
101634403
102503042
102781162
103029969
103056348
103493727
103870041
104385228
104624686
106076561
107451587
107780836
107989010
108190852
108778328
108849591
109025126
109105113
109632481
109658823
109891301
109943221
110088141
110585178
112105686
112222715
112509574
112746988
113047459
113084845
113230255
113874944
114153316
114457168
114538282
114633779
115040953
115175124
115497327
115574173
115596905
115597439
115828468
115895616
116120818
116537465
117093429
117375365
117524537
117584825
117715121
117866739
119264895
119476983
119539784
120303894
120739226
120785208
121079486
121124093
121754842
122092529
122487105
122498140
122597547
123648794
124274171
124327216
124874147
125068427
126018756
126031427
126863052
127488634
127748905
128640037
129513363
132118452
132377836
132548492
132617621
132747361
132808323
133233400
133783382
133896655
134862378
134885434
135222860
135229128
135284273
135675260
135687933
135988088
136421056
136794655
136814998
136826977
136996980
137771026
138012204
138102092
138316076
138583808
138812043
138852319
138863882
139223069
139970670
140036018
140101382
140575888
140940831
141893796
142553401
143446516
143480463
143801830
144266999
145951611
146022926
146326800
146644069
147193692
147338203
148658261
148766383
149019406
149202281
150008088
150112078
150858335
151129698
151407066
151979438
152355906
153162724
153254557
153307712
153392266
153715784
153765803
154649231
155195856
155437394
155676397
155757629
155790391
155959601
156516667
157236475
158000629
158227422
158557311
158676495
160144398
160429005
160665139
160763475
161003844
161217624
161416133
161427519
161808287
161852274
162553200
163341245
163431593
163669378
163676090
163727731
164811712
165068632
165402258
165472853
165825982
166006857
166502543
166813091
166902706
167239352
167576109
167904508
167948738
168291157
168435401
168585757
169061645
169490629
169855786
169922296
170345232
170452956
170805425
172406482
172671652
173248166
173743456
174008465
174152429
174482010
174587477
175446250
175483192
175724333
176330676
176524443
177895432
178147982
178220884
178548535
178964671
179153022
179548785
179665007
179995755
180009423
180695297
180852024
181551252
181903643
182070713
182076362
182081685
183307472
183506785
184085237
184440143
187148828
187769166
187812186
187838251
189316348
189806789
190274795
190318794
190855007
191217742
192159542
193273103
193598189
193895661
194064741
194267451
194831289
194902140
194958116
194958600
195049883
195259320
195652023
196487142
197154351
197508792
197861178
198433130
198877267
198944894
199236941
199633302
199952998
200583230
201152143
202054158
202513770
202817093
202890248
202907600
202953225
203134123
203537423
203644270
203999397
205178962
205533163
206422888
206477790
206787639
206955211
207572376
207779488
207842433
208224814
208763874
211151286
211975051
212163107
213056514
213610144
213683397
213740820
213866208
213977954
214044236
214099689
214370923
214399010
214575965
214977759
215600265
215743243
215889352
215898774
218399334
219988509
220422107
220744937
221373797
221407852
221446059
222020074
222464238
222725038
222808433
222967141
223238132
224128677
224534859
224554630
225999638
226511796
226793426
226950160
227027899
227543130
227564261
227649257
227683786
228662422
228790308
229251283
229303239
229390260
229507351
229708433
230048119
231121572
231302801
231906712
231973657
232222445
232415014
232862401
233363277
233408870
233545893
233808028
233873401
234812091
235091998
236469110
237373048
237460590
237541699
237583143
238715523
239124972
239180020
239348680
239397199
239567646
240558675
241124896
241538293
241943695
242459671
242968499
243126904
244958250
245141645
245592975
245869686
246226548
246675966
246676143
247123387
247560486
247744244
248115966
248173496
248338465
249853276
250891852
252219197
253246075
255248318
256520732
258508222
258687645
259555939
260169504
260643590
260804389
262069119
262669214
263679804
263709242
263897244
264233089
267691489
272311069
272629443
273239459
276034752
276243617
3601284
3827384
4253566
5132891
5874739
5892091
6003933
6008830
6015724
6020975
6078550
6081725
6096523
6358219
6451314
6652292
6654962
6789864
6848489
7033176
7065266
7675163
8288414
8463098
8658484
11110095
11383027
11543945
11603242
11866278
11877013
12229296
12290002
12314382
13363646
13487645
14001169
14266496
15970097
16777812
17176273
17592532
17626956
17681431
17688949
17851222
17909366
18090253
18365933
18769407
18804498
18876374
18895767
19043966
19044688
19212171
19383171
19885102
19919959
20321791
20423739
20449477
20861499
20918780
20961805
21350148
21432963
21591317
21747329
21768864
21768919
21809220
21903402
22012797
22316214
22377324
22869434
22898760
22899050
22980921
23166193
23575756
23641886
23812544
24034869
24198622
24372057
24386340
24473483
24700002
24949994
25075594
25232750
25470199
25553318
25820945
25839796
26227371
26456342
26521333
27046161
27098191
27209691
27373493
27776211
28190984
28634970
29114726
29644606
29816456
29942729
29943277
30318376
30324328
30901559
30980159
31085762
31161525
31903368
32213181
32340936
32403564
32700252
33964680
33999533
34057952
34085930
34125831
34524112
34571652
35116270
35181660
35363407
35366725
35429144
35496474
35587469
35647886
37192459
37840202
37930919
38179583
38291833
38601630
38727602
39139496
39162248
39270049
39307714
39310708
39343940
39605866
39888504
39928652
41180114
41747682
41933244
42027682
42195437
42532541
42572882
42731461
42971455
43229956
43572034
44177113
44359292
44471550
44476239
44531687
44659891
45064481
45083043
45801108
46143028
46586118
46686559
47074364
47074968
47139837
47159200
47332871
47527178
48363281
48853238
49116219
49459364
49516189
49637395
49695417
49816545
49942137
50047015
50200971
50487971
50672318
51048533
51175855
51402242
51450788
51635275
51636110
52559395
52885343
53405360
53405505
53590221
54268168
54374796
54409178
54716104
55199085
55496664
55940991
56311469
56317887
57150128
57223043
57577141
57599326
57660637
57823548
58199343
58354618
58382689
58669609
58690855
59269082
59349971
59922684
60260775
60588514
60667064
60955383
61112982
61535243
61630449
61957105
61987856
62002186
62267624
62528781
62625709
62671626
63556017
63746982
64252253
64549841
64653687
64985063
65013929
65025386
65168379
66551085
66702206
66877254
67235784
67311041
67363768
67730853
68061322
68212614
68294038
68313923
68495507
69108219
69753420
70015083
70022222
70899268
70935875
71907774
71909408
71927487
72502903
72549882
73939631
74094885
74106855
74239313
74304565
74423217
74694468
74715836
75583539
76050909
76658377
77172658
77506096
78514173
78599200
78692323
79253100
80657383
80775678
81031669
81057455
81100711
81477929
81714161
81833674
82324320
82433049
83325469
83795276
84275018
84330745
84341849
84456658
85430940
86978077
87289143
87296477
87976349
88035391
88344809
89186079
89868150
89962309
90454248
90475619
92103946
92546286
92781184
93245970
94279572
94361883
95146982
95189305
95398761
95869150
96142883
96500613
96848476
96872814
96884444
97001297
97315832
97523437
98405023
98955516
99984064
100406097
100435168
100539699
100675906
100860642
100887679
101819499
101961005
103054217
104117392
104296336
105374211
105543899
105692586
105824160
106452428
106619355
106729204
107369077
107929153
108040418
109321039
109741180
109871032
110045745
110176109
110488595
110629869
110851002
110976294
110981777
111265299
111566274
112221519
112455009
113437328
113522201
114229372
114857911
115170129
115930586
115987669
116130122
116205109
116361505
116382300
116553869
116617176
116885077
117358943
118440624
118907597
119199890
119412634
119669316
119974061
120140759
120388122
121581292
121913797
122558331
122618440
123129284
123656082
123903524
124077184
124494368
124622319
124785896
124882335
124936803
125175864
125511781
125523953
125841069
125927277
126014722
126143458
126318322
127133747
127139289
127383591
128264386
128284765
128563416
128632893
130116772
130501234
130556675
130660129
130674604
130743642
131351015
131485095
131612044
132058822
132064157
132109363
132271416
132626479
132945134
133142809
133639821
133721842
133953026
133958298
134196638
134227836
134270219
134415139
134540760
134725919
134907401
134922126
135250745
135299440
135404767
135489772
135501003
135641000
136131920
136270804
136570923
137889227
138057361
138082661
138294117
138464361
139129143
139365099
139906743
140534986
140721934
141065313
141155641
141269236
141926375
141956919
142459891
142810368
143049940
143239102
143315602
143581930
144435312
145328402
146169038
146387218
146543993
147631683
147665167
147818489
147922094
148434105
148533475
148637399
148839967
148986676
149493330
150368118
150849918
150868475
151324025
152550675
152563965
153734385
153783073
154051330
154289526
154957314
155016016
155501202
156255729
157068389
157321703
157633276
158082538
158889175
160102805
160372831
160392306
160637417
160801242
161106700
161247234
162781081
162988339
163000627
163088770
163460085
163644678
163802093
164522880
164859884
165049449
165131911
165454009
165549479
166202700
166638076
166837012
167386310
167832603
167879371
168517087
168989732
169094733
169282951
169326295
169407741
169848071
170684252
170761766
171050340
171078401
172899853
173876163
174064209
174223298
174752187
174932535
175050771
175617694
175661416
175704752
176625100
177766892
177841712
177914608
178178881
178585369
179775130
180263245
180391486
180716035
180885511
181477112
181627083
181752533
182143048
182489096
182529511
182612666
183091735
183156022
183528333
183876495
183972267
184255431
184419821
187276023
187384043
187437937
187522902
187574863
187903852
188129600
188417127
188419927
190013112
190875452
191580903
191996201
192394650
193006718
194171064
194447289
194451975
194510865
194626355
195025503
195644280
195925585
196305055
197267038
197767885
197883444
198011292
198184092
199167046
199597682
199851328
199966779
200188849
200290929
200447217
200503797
200735930
201422276
201882795
202063616
202269753
203113010
203293483
204114366
204576223
204900736
205136152
205170699
205175144
205229270
206069628
206201486
206381420
206578415
206776991
206852204
207055663
207286837
207456671
207460705
207655447
207835248
208500680
209579030
209588268
209936573
210069355
210135653
211331817
211407428
211895448
212005009
212480092
213037750
213442608
213830315
214339346
214791577
214958301
215388968
217814187
217878518
217926146
218020428
218441195
219511881
220081751
220191640
221370856
221937749
222244395
223001599
223121833
224701721
225234685
225312887
225583478
225792172
226017192
226721994
226917337
227643802
227764345
228015592
228173299
228536948
228826473
229096324
229109627
229733073
229916931
230170231
230211043
230906538
231044388
231145773
231820041
232143441
232616432
232938910
233162334
234098671
234181049
234242448
234349469
235766602
236779625
236976191
237170298
237508515
237840107
237916322
239070855
239862737
240241684
241349219
241508977
241999207
242072312
242326512
243291037
243928795
244277783
244398524
244585230
244933686
245243248
245271476
245441022
245617499
246386071
247922336
248089491
248453721
248591900
248734602
249067051
249519328
249666174
249904779
249994933
253358614
253782311
254897757
254951752
255811209
256410938
256554953
257140033
257479073
258242488
258340040
258424414
258479327
259969880
260633575
260919335
261239875
262991653
263190432
263513379
266656774
266672326
269098910
271817660
274354878
4179895
4280518
5138768
5380293
5503812
5753306
6095374
6287394
6390925
6582828
6590255
6661206
6836667
7164493
7367760
7631974
7727781
7783562
7792260
7927322
7963581
8120188
9004228
9968479
9974944
11659345
12225367
12315531
12798385
13501445
15513264
15942054
16479948
16716364
16785795
17055803
18358249
18607662
18682797
18915829
19021292
19185057
19226743
19471244
19505980
19606874
19757466
19782649
19894928
20262701
20404435
20857850
21191076
21310203
21574366
21724840
21781274
22087420
22194743
22212810
22353479
22501742
22574166
22668767
22691210
23062260
23165008
23183102
23283873
23655888
23784129
23792756
24195295
24230984
24870802
25050510
25066607
25116030
25124964
25306236
25308438
25474431
25625447
25742055
25948585
26138989
26260820
26473403
26812110
27145646
27179020
27191857
27616299
27622044
27869342
28070069
28263792
28498246
28719477
28727209
28801649
28834298
28838550
28878404
28892108
29038773
29101885
29477545
30106251
30131107
30326536
30465274
30669921
30707389
30925251
31298343
31336174
31429962
31781986
32093924
32203935
32336260
32885347
33082055
33293313
33469796
33476213
33660676
33924580
34109486
34155264
34263904
34287129
34339033
34532623
34875219
35122713
35255300
36174098
36230935
36312191
36317645
36385077
36612787
36696726
37231400
37828207
38292857
38748004
38761510
38980160
38994379
38999416
39000425
39175612
39865304
40076728
40271169
40336707
40662560
40852976
40917175
40937654
40976746
41019031
41267412
41630281
41783292
42071012
42374524
42385816
42625319
42647601
43023768
43255829
43528114
43597170
43909800
43943661
43961289
44505837
44735453
44951359
45195706
45517225
45741588
45790287
45797976
45874982
45968550
46386014
46545901
46573127
46653682
46653775
46730491
46861445
46898405
47292706
47340649
47666948
48016265
48133973
48664904
49258755
50051326
50084999
50504656
50939774
51795076
51810967
51985631
52097094
52128246
52819359
52839107
53357542
53829207
54008944
54824040
54871567
55534549
55626350
55920677
56105611
56337302
56349808
56385065
56565885
56600867
56613820
56662233
57045912
57195253
57343804
57408485
57568258
57651227
58090105
59274385
59688418
59780849
59828016
59949209
60410439
60733172
61076478
61376128
61610963
62099375
62195554
62288840
62503081
62640533
62666972
63409127
63504445
63712725
63888272
64228774
64704519
64965588
65743702
65902737
66455515
66514580
66558731
66984819
67005707
67027129
67170845
67546129
67908921
68184140
68186659
68268233
68750834
68767757
68803827
68833235
68860584
69746422
70318625
70493109
71006968
71100727
72531062
72866727
72937819
73027897
73122663
73137700
73285141
73470033
73473618
73884295
74292088
74669535
75546400
76471814
77039176
77085152
77650608
77797011
77960537
78613383
79027944
79038021
79236305
79385036
79465371
79897998
80083059
80185775
80563452
81170664
81210529
81648431
82020534
82040733
83095595
83414920
83466519
83519523
83978521
84075712
84283209
84794556
84915878
85328566
85372220
85604726
85823184
85895252
85953401
86757466
86872073
87031521
87127614
87645514
88053388
88450796
89463689
89613163
90370145
91537411
91601500
92050193
92187205
92353324
93793483
93964420
94159483
95226520
95793593
96047864
96210788
96224920
96972519
97862629
98246203
98667556
99587776
99678387
99806976
100308448
100396551
100976309
101369970
101446685
101477276
101762205
102087186
102585441
102990960
103347053
103968736
104054190
104405068
104593764
104759256
105025750
105232193
105301152
105520762
106097743
106176865
106783372
107860702
108013879
108099592
108142391
109836953
110703407
110787659
110958064
110997622
111160639
111631008
112132236
112630729
113066654
113562577
113657363
113859140
114151024
114199153
115112780
115123752
115608820
115896463
115945410
117035732
117213149
117549537
117735557
117879156
118159976
118371434
118706322
118733459
118967730
119114608
119907221
119934826
120527873
120775736
120802187
122275847
122563716
122631913
123641956
123861119
124023669
124441515
124621466
124781910
124817181
124996823
125139217
125281151
125394720
126020955
126329630
126462942
126640743
126761806
127390230
127529290
128583787
128677762
129634727
129848963
129975886
130017588
130202505
130259836
130324184
130359517
131012751
131604674
131682336
133495830
134245149
134549276
135309414
135400509
135462374
135545610
136167518
136240411
136399619
137437168
137837129
138566005
138566986
139134351
139330187
139976971
140064928
140182142
140348543
140389243
140551843
141588192
141605916
142088655
142366748
142510062
143023028
143571490
143602944
144339594
144575797
144694725
144708519
144799335
145011099
145703309
146302671
146317363
146588399
147015643
147129414
147375402
147832245
149439381
149447794
149476615
149543867
151381153
151406322
151563938
151765057
152515894
152573815
152677979
152918665
153002785
153139340
153460004
154406556
154493170
154832384
154862623
155290785
155311591
155462644
155555495
155575203
156020141
156056654
156282056
156519817
156811801
156825874
157008953
158141652
158537929
159078394
159187723
160305390
160408881
160566897
160695026
160859432
160995776
161146197
161355755
161552712
161633292
161836458
162182357
162590552
163635918
163724976
164567118
164711652
164766237
164978542
165012010
165285008
165392593
165679205
165738070
166363398
167335183
167451684
168027708
168289146
168802625
169335177
169655216
169771599
169788067
170168936
170199642
170596066
170770231
170777387
170806281
170959296
170995455
171143453
171389644
172570155
172878461
173295088
173450127
173893096
174185851
174312888
174883480
175272385
175456788
175492860
175944649
176320674
176484902
176772195
177116567
177121724
177483861
177998189
178564234
179420270
180217018
180343663
181204112
181628364
182871982
182995427
184110314
184223176
184792812
185056227
185385154
185409516
185635172
185712368
186456015
186747992
186988457
187253095
187485070
187751919
187771362
187841617
188018542
188124289
188701545
189211870
189567296
189899816
189904438
190167831
191327969
191940356
192024860
192442641
192453782
193481343
194532269
194741414
195044262
195114541
196237855
196249246
197507742
198034981
198141253
198200464
198223637
198237972
198641727
198775264
198775388
199424885
199994884
200055012
200853933
201198672
201319266
201609264
201834097
202756080
202931987
203294053
204296880
205411603
205555214
205809950
205959917
207541075
207665220
207694502
208362977
208871780
210028880
210624174
211443445
211794786
211812108
212211686
212632356
212675969
212733460
212890531
213193093
214452529
214542670
214880314
215179160
215650987
215800355
215913357
216218013
216252198
216818980
217061072
218868676
219441999
219733334
219822798
220450970
221304048
221521398
222489760
222765735
223796647
223847052
223881623
223944028
224124331
224249341
224821757
224839017
225206759
225235493
225925163
226627803
226752040
227945789
228146278
228330474
228535746
228810297
228881445
229874977
229995815
230439336
230857853
230926882
231223516
231447065
231675122
231793202
232007157
232747449
233373315
233446771
234027359
234272464
234857240
235525678
235803395
236448046
236703438
237019974
237521477
238744764
238773883
239400446
239625796
239656700
239865957
240305729
240408112
241623266
242401831
242698743
244813151
246049692
246125497
246156242
246242326
246266467
247118297
247290556
247710552
247830902
247851915
249232779
249499995
249525973
249749307
249959715
250032164
250773462
251007875
251306922
251775775
252266282
252590120
253476196
254597925
255733992
256069315
256503809
257572741
258696478
260315800
262106243
262286625
262552411
263703715
266552768
267818181
268186399
271451772
3124522
3301004
3674964
3917113
3964525
3974527
3976910
4695153
4840586
5940245
6143647
6169378
6278883
6699928
6860587
6861061
6965615
7042609
7158781
7514818
7631210
7704453
9455201
11611736
12767784
13507394
13576934
13598435
14008475
15031450
15553683
16065608
16394185
16410978
16494764
16561543
16636911
16798114
16845497
17127695
17224959
17343245
17384708
17605209
17776245
18017507
18189089
18381312
18396310
18605578
18613772
18729401
19014381
19126423
19162509
19555127
19706557
19916656
20355655
20384497
20704402
21232413
21517930
21595677
22417244
22482846
22596543
23117046
23237519
23355226
23541084
23617898
23881249
23897690
24012952
24027515
24068345
24252305
24259152
24286192
24446968
24483124
24525457
24667316
25044790
25047482
25183428
25264012
25315130
25315986
25578004
25606469
25685991
25724890
25741111
25810296
25932921
26169274
26263310
26374388
26612011
26663111
26813621
26889515
26955351
27037107
27270028
27326481
27399780
27702680
28040602
28161138
28180817
28478887
28802961
28946934
29103537
29157935
29199240
29364540
29365944
29398027
29490743
30126522
30142901
30586638
30897536
30914656
30957896
31683800
31742476
32144487
32168122
32273391
32610729
32664453
32703419
33305475
33416609
33514556
33883871
33993215
34453950
35196975
35359763
35896779
35944227
35987857
36696977
36775654
37006575
37026135
37093718
37508603
37721131
37827093
37844304
37955338
38144702
38785546
38947916
38949356
38999470
39316688
39439783
39517195
39679164
39752003
39766585
39871490
40166039
40277783
40649443
41178729
41261767
41501291
41625746
41659459
41664600
41715747
41914511
41972729
41974284
41994306
42338300
42462259
42493081
42629271
42680871
42786211
42948621
42971497
43050850
43100368
43280027
43314824
43352902
43536709
43848181
43903225
43928741
43928750
44045512
44147744
44171008
44987277
45865827
46096039
46521366
46582959
46605187
46798368
46837992
47032762
47054474
47251101
47472404
47647700
48242146
48306784
48330238
48331682
48551750
48639889
49121500
49424986
49428492
49652358
49654960
49936242
49998792
50023365
50082547
50199838
50393656
50446687
50537476
51487028
51725920
52123063
52574900
52808969
54116101
54728685
54824597
55104307
55256243
55909872
56141403
56204951
56767367
56803361
56828501
57157026
57576227
57631455
58022967
58331199
58856352
58870217
59298253
59476325
59512148
60286436
60377830
60604483
60853390
61163105
61492243
61493904
61681077
61753187
62437659
62893582
62980961
63166500
63526236
63831578
64377062
65027995
65392232
65461063
65660114
65713225
65755467
66536462
66895955
66917810
67265279
67286078
67531473
67631883
67729587
68895822
68898676
69095658
69105847
69261899
69529655
69531075
69612567
70631757
70801655
70845655
71005119
71016200
71381154
72023300
72084209
72802054
72862537
73797589
75742968
75841507
75897638
75958430
76280763
76474346
76862686
76916163
77424717
77851918
78402674
78999139
79128650
79770130
80930814
81330893
81399863
81676839
81932567
82133741
82385239
82858401
82970382
83112707
83252705
83279933
83691670
83781445
83789190
84185991
84211147
84289946
84760036
85028823
85643055
85762397
86291051
86484898
86506725
87011014
87035330
87145592
87813356
87886858
88205666
88290142
88674054
89129324
89148032
89231488
89257527
89378059
89565265
89720776
90323685
90457831
90572500
90636521
91515424
91756387
91971695
93377303
94098560
94576534
94800636
94811619
94813339
94913698
94926338
95069257
95251897
96223680
96349344
97392463
98208015
98235679
99080819
99494021
99512898
99749909
100621515
100853837
101112212
101283404
101554286
101801762
102652845
102788264
102889921
103292207
103414689
105669619
105694349
106149199
106515163
106934577
107640970
107736508
108255238
108777931
108843583
109118657
109329490
109331016
109432846
110173418
110237862
110385802
111315212
111383997
111673112
111678994
111708746
112023172
112689768
112895457
113544818
113770890
113814818
114713005
115295687
115726378
115824807
115974784
116030965
116086705
116184763
116262696
116927133
116938491
117029033
117094128
118781907
119341930
119416762
119665723
119956084
119969761
120331562
120409443
121394982
121823806
122789677
122998724
123347212
123378343
123388304
123921619
123996613
124044071
124246777
124643243
124791550
125512890
125855872
126131757
127145907
127151545
127153629
127697628
128246937
129624068
129947325
130362251
130367427
130397080
130478566
130761813
131006484
131052291
132145011
132196389
132246997
132639219
133218243
133261271
133488327
134671684
134703287
134766802
134834967
135039457
135235668
135260875
135542754
135759906
135854879
135868859
135932967
136051052
136167120
137033352
137314936
137939414
138675420
139256447
139425651
139430245
139548962
140288728
140688976
140770058
141950907
141984606
142059428
142496482
142557678
143209865
143547472
143638185
143820592
143914748
144039073
144156421
144451144
144715935
145047356
145258757
145374734
145591462
145667608
145907072
146085082
146176406
146797238
147421294
147605200
147624832
148151362
148938918
149037554
149086951
149184433
149931111
150220605
150222469
150570530
150967697
151415740
151724523
151933950
151946769
152249705
152592955
152729409
152889090
153052094
153520160
154040680
154447452
155099605
155235881
155477669
155724950
156539796
157151431
157896549
157974952
158098407
158728143
158748040
159135059
159243564
159338791
159420564
159708129
161348689
161417655
162030586
162092608
162610927
162712142
163338216
164281773
165602570
165770553
165841984
166042840
166141336
166316355
166411419
166516647
166746839
167718835
168830259
168885934
168892835
169178139
169945957
170256177
170482924
170947643
171417938
171597477
171619578
171917964
172093761
172185577
172415984
173427530
173488880
173737396
174072947
174349179
174638921
175451757
175819711
176323890
176383902
176924863
177473953
177959596
178411658
179292419
179417595
179648761
180060526
180130173
180556245
180873665
181523091
181771758
182226596
182721402
183090855
183346699
183531075
183591084
184194816
184968346
185312400
185550192
185722288
185857498
186340890
187007639
188390440
188514974
188552575
190834319
191208773
191314017
191582281
192631930
193280536
194381069
194384688
194431210
194596444
194936741
195376472
195699536
195824193
196842600
197113984
197162162
197172214
198720841
199998991
201022441
201151680
201289474
202324778
202470568
202865240
202866095
203187341
203918210
204782213
206500347
206839374
207040034
208286484
209840383
210442067
211059456
211198420
211249569
211253357
212206322
213202975
213378108
213584149
213947549
214113844
214329130
214696786
214892496
215120544
217948207
218129888
218251554
218425564
218492135
218943741
218953595
219044500
219381061
220036691
220903133
221140676
221479833
221584660
222070184
222165300
223806468
224049163
225756437
226594913
226674701
227323397
227602432
227986561
228004387
228124122
228128801
228682230
228910427
229421109
229686207
229739278
229866085
229922586
230565145
230940093
231151686
231813489
231903111
231914664
232780061
232925686
233689909
234131206
234398779
234601031
235579996
236115135
236129276
236247288
236291376
236296416
236332206
236867021
236971942
237184387
237374502
237520018
238300599
240515489
240625141
240966036
244181020
244635618
245955693
246029427
246748413
246843122
247387356
248066585
248693993
249028729
252480361
252677835
253451483
254460163
254470980
254653878
254736950
255250730
257516087
258859012
261189606
262949442
263621274
263865407
264735327
266267931
266312380
268028032
268891073
269116547
269815489
270076965
271706977
272635132
2839212
3473755
3754481
3908487
4434527
4686792
4712019
5082334
5901078
6385328
6791607
6873428
7040191
7472121
7525441
7736859
7765308
8235969
8420927
8470046
8495917
8703523
9312447
11025339
11502967
11810965
11940339
12446496
12568926
12612428
13103564
13342694
13439298
14014268
14199234
15572188
15594964
15860693
16897864
18480587
19267378
19464028
19705626
20023783
20028433
20610611
20858906
20893797
21160765
21572899
21625951
21707576
21989817
22187666
22322061
22623763
22826127
22947343
23165081
23257726
23275617
23278976
23719645
23879284
24183204
24327393
24355965
24721340
24827796
25028966
25137137
25362970
25488687
25524341
25614344
25793872
26579420
26645281
26770149
26795765
26916323
26970356
26981869
26994849
27170333
27281382
27375184
27500823
27601943
27676348
27983802
28005672
28068821
28114124
28172130
28192648
28193424
28513669
28759174
28901369
29065417
29252279
29331359
29404600
29468043
29661501
29917452
29942227
29993650
30153222
30166118
30298052
30542080
30951136
30956678
30984063
31210423
31446666
31618263
31717936
31888798
31907838
32195012
33221559
33245441
33391301
33951362
34105099
34693132
34754325
34948104
35246925
35402651
35539854
35832504
36202633
36772431
36838829
37418999
37440215
37798334
37926255
38225769
38546431
39182279
39267509
39585641
40094915
40149193
40303227
40702734
41041678
41375581
41536164
41545457
41708440
41829988
42006537
42306640
42408118
42442093
42568462
42838741
43142907
43179477
43181321
43268966
43277774
43520348
44043118
44181881
44515325
44553254
44640790
44799759
44867551
45013818
45362726
45391153
45470120
45664009
45765828
45957793
45979107
46443151
46714278
47907488
47990593
48277758
48511897
48621921
48730386
48752735
49367137
49693547
49875744
49973308
50561295
50628226
50703489
51015428
51203300
51497504
51828256
51893653
52345876
52364869
52712068
52712842
52949845
53333024
53468952
53706425
53720199
54466330
54543413
55318580
55451949
55698057
56031885
56238702
56334789
57198604
57219093
57291834
57352218
57361816
57545475
57564310
57643144
57990456
58150493
58261512
58276401
58412157
58895136
59035596
59078298
59227751
59976059
60095751
60250173
60358609
60437125
60441957
60444918
60521895
60833248
60921301
60958049
61096098
61623675
61879861
61939614
61982264
62402545
62402719
62946451
63088148
63289436
63772623
63808287
63873331
64136530
64485478
64770584
65559905
66533676
66609574
66632915
67359429
67472818
67642673
67681428
68136709
68144690
68155361
68687245
68998294
69753522
70152254
70351064
70771395
70776668
70920732
70936002
70957147
71175349
71418299
71985104
72078344
72194945
72550754
72581000
72973015
73019667
73290829
73449985
74206062
74451855
75034883
75045033
75053710
75315682
75904708
75942276
76378299
76385741
76579226
76794277
77034190
77371616
77724178
77842651
77971033
78164175
78738633
78930964
78978349
78983753
80383505
80674691
80721267
81322737
81832931
81871510
81872502
82017888
82558562
82802554
82816314
83391813
83774335
84298925
84552256
84697325
85316344
85715693
86046533
86915590
88095609
88284887
88942159
89209327
89580638
89603258
89626729
90132213
90167751
90294265
90302269
90439126
91039358
92245576
92289578
92418963
93355130
93810395
93929677
94421000
94500602
95317670
95436812
96471815
96587426
96786376
96970190
97443543
97527351
97898863
97937969
98086281
98747225
98844144
98871502
98976256
99168178
99186581
100793127
100903856
101365075
101607182
101743110
102272511
102626565
102793164
102911747
103766604
104111138
104213621
104394356
105260578
105302121
105944352
106559863
107560432
107945463
108188573
109838288
110250024
110272960
110404318
110541221
110541304
110553610
110683800
111622688
112005247
112588261
113124304
113292853
113725283
113824560
113880840
114147412
114944223
115191736
115484469
115709131
115971438
116032699
116196794
116365899
116492083
116565389
116950918
117267976
117405271
117860980
117896837
117923280
118521475
118542009
119053720
119330634
119400934
119410247
119621834
119671525
121975358
122089390
122330614
122419014
122515911
122913527
123575012
124260860
124343888
124530564
124727564
124982657
125574745
125585976
125688295
126099555
126137327
126868866
127124239
127446860
127595742
127636219
127902576
128155185
128403210
129077791
129703304
130479216
130801209
131167995
131669928
132023812
132217086
132726384
132746471
133377238
133749644
134099851
134614248
134955302
135480213
136342571
137008538
137036021
137103915
137277902
137502323
137531270
137681298
137926674
138167920
138528696
138691530
138873561
139283817
139397588
139403521
139778403
139790220
139849414
140015016
140730235
141015397
141174388
141436206
141483056
141639463
142529430
142680198
143004118
143777263
143876316
143930398
144341533
144479914
144726530
144783621
145347693
145446144
145559839
145725794
146902139
147169329
147626318
147771707
148077400
148421755
148896773
148924485
149846054
149930635
150109548
150120218
150309982
150949431
150988868
151010131
151308963
152740740
152853857
153470542
153640957
153663233
154469473
154488908
154552759
154763072
155013638
155040356
155105070
155169236
155613035
156405212
156447596
156900056
156927807
158018259
158284351
158293618
158391838
158525974
158890385
159136892
159454628
160396795
160523171
161012172
161247356
161597459
161708681
162207639
163212048
163735305
163980900
164220454
164239500
164420595
166045596
166618925
166752207
167407927
167630906
167816115
168047509
168124732
168189605
168838973
169233187
170155905
170334073
170645794
170742420
170785151
171312071
172411870
173298033
173669955
173961926
174210625
174460531
175148320
175940839
175969010
176009935
176057470
176225988
176896982
177652042
177847932
177856101
177858035
178527628
178562424
179283134
180081117
180399711
180426503
180816627
180961791
181340929
181735129
181977965
183196350
183878981
184609272
184698530
184854358
185431349
185562646
185810988
185951190
187106520
187160751
187398799
188431022
188677068
189691850
189836749
190204147
190551673
190865242
191127801
191890169
192346790
193055967
195269166
195331854
195357527
195552573
195996465
196496228
196763995
197874469
198037211
198509123
198582649
198719744
199834023
200572297
202041538
202265122
202482561
203247350
203559856
203667039
204765818
206046427
206553026
207023702
207240543
207570639
208601723
209786193
210112305
210290576
210373145
211206775
211217459
211491865
211577074
211611766
211695431
212369502
212572159
212719887
213361214
213679100
213811376
215385708
216058401
217373196
217388902
217405779
217511167
218143350
218840371
218967548
219137426
219150747
219170230
219521489
219729968
220449997
220727123
220810090
221225251
221455186
221525327
221848779
221969907
222130667
222575527
223018557
223043796
223142129
223261042
223298768
225079315
225484608
225862988
226149797
227961774
228341671
229573121
229746047
229859962
230909522
231489779
232561643
233119268
233651287
234361615
235144704
236024823
236159340
236168458
236768890
237110493
238155110
238257435
238429233
238815134
239510750
240866917
241308807
241728315
241895154
242036485
242596049
243415946
244987644
245384136
245677300
245718910
245919511
246629411
247216278
247696776
249002806
250800933
250888283
250983075
251404917
251625276
252225560
252449065
252840694
254017211
254968862
255167940
255199426
255979045
256355583
257927942
258075576
259428576
259790045
260307964
261080255
263129183
263478913
264310149
267099322
268227204
268438497
269169029
269783295
272184772
275758913
3368716
3638222
3705302
4269764
4545916
4615695
5246659
5460216
6302771
6459629
6487818
7132239
8252832
8627552
8934949
11810991
12186104
12454966
12598438
12789538
12896042
14130679
14201700
15086157
15088589
15254065
15378985
15475192
15726091
16293836
16297589
16686169
16806108
16951218
16992669
17058427
17166111
17508648
17793306
18156159
19476388
19908552
20552558
20716303
20726947
21411413
21448248
21790372
22428910
23071595
23234619
23279804
23457739
23692673
23699658
23836057
23927636
24301828
24770057
24982561
25345810
25659008
25849590
26336732
26369784
26571243
26941207
27548089
28303442
28892642
29393085
29849634
29896866
30129989
30152410
30325282
31002554
31393290
32287100
32594816
33160326
33872164
33999191
34029599
34334995
34517301
35087844
35185253
36267772
36391030
36660132
36675635
36780642
36828373
37391049
37535445
37605100
37662477
37667411
37908276
38066777
38279732
38677667
38814237
39131940
39185317
39187474
39243008
39386820
39749764
39947075
39997668
40167349
40234516
40346922
40871943
41175791
41402132
41434613
41920615
42636723
43269908
43326110
44244440
44398423
44686285
44933919
45342036
46092290
48052763
48071959
48547917
48843631
49320890
49518711
49812968
50096130
50132584
50800803
51122558
51358519
51994563
52122324
52226669
52735282
53014163
53638606
55798282
55991244
56037986
56212155
56354261
57524131
57818862
57887904
58141886
58419384
58522040
58615715
58952999
59140654
59285113
59340312
59690712
60185521
60526145
60596175
60821619
60863980
61492532
61583123
61643739
61982835
62978529
63172940
63875945
64065427
64329770
64595205
65007618
65071076
65562045
65873874
66388579
66727479
66789769
66925365
67043579
67247560
67315135
67572066
67958875
68074946
68469185
68586022
68735985
68956141
68985499
69329826
69403989
69656042
69838150
69957178
70442498
70507741
70816644
70842696
71426465
72029091
72287860
72953892
74446302
74465877
75091141
75524411
75631818
75780521
76380483
76809935
76818693
77378164
78150272
78424050
78714378
78946900
79462976
79463928
79510562
79734287
79835347
79995669
80071216
80167406
81204602
81482703
82290497
83170312
83201513
83507000
83574236
83665952
84792634
85427624
85561050
85755355
86218162
87439911
87483390
87575276
87660749
87805595
88060853
88326525
88661434
89084554
89556568
89716772
89844144
90616264
91091718
91886175
92172412
92629676
93696967
94293974
97184698
97909296
98191131
99437250
99546432
100184990
102692937
102939765
103347380
103351054
104393833
105326859
105841589
106015981
107299728
107430280
108035694
108143753
108263892
108288895
108382141
108385369
108466895
109939378
110068166
110209640
110665756
110794744
111089978
111310757
111728660
112252689
112415113
112796044
113805911
114013682
114070561
114270768
114623303
115490078
115510371
115614205
115906496
116384097
116396716
116439021
117802507
117831747
117889542
118020673
119389297
120331291
120556777
122066728
122809709
123009575
123220745
123405307
123691979
123797677
123911928
124872825
125138558
125335874
125427910
125652739
125873164
126222584
127328492
127445170
129268389
130366592
130620431
131494161
131681213
132422506
132512312
132638668
133320598
134322860
134369053
134384108
134776445
135098589
135944222
135945624
136511841
137358001
138039711
138654548
138979151
139142560
139623499
140776829
141539364
143395723
143506929
143769931
145065935
145174851
146304406
146518540
147192869
147516052
148505391
148525208
148889441
149157300
150674920
150682567
150737015
150986981
152121768
152615715
153023984
153297858
153563710
153975811
154243686
154294548
156160938
157138902
157169938
157710346
158393246
159188682
159250093
159488591
160676648
161060087
161078336
161192364
162814727
163772509
164896755
165536263
166653514
166739413
168247990
169970440
170251149
170530549
171862096
172301453
172303902
172595578
172689407
172732314
172964264
173813956
174063196
174646873
174887627
175692947
175946871
176305008
176793834
178238115
178261570
178727491
179734329
180118655
180294509
180631786
182671190
183675929
184266284
184565746
184918378
185086717
186128637
186905491
187158839
187761795
190914012
190920961
191674892
192464611
192681861
192884103
192924935
194238303
194441381
194730639
194895434
195361098
198444533
200273235
202299337
203981098
204317243
204437090
204440932
205217001
205325798
205514381
209379341
210222054
210308233
210989058
212258902
213019662
213608779
214555525
214805997
215781281
216243903
216718012
217835150
218455533
218548040
219504637
220938858
221970682
222239377
222453116
222740483
223065549
223182410
223491152
224537117
225312406
225728664
226573852
228093990
229083515
229383882
229595774
229621182
230619525
230801897
232158755
232621481
236023166
236509196
237275940
237474647
237704458
238859217
239410177
240235762
240364093
240695233
240934978
243171375
243848783
244159701
244317140
245495339
246813588
247568406
247874570
248212395
248549470
249399742
249595550
250622132
251015574
253681660
254842749
258708570
263150566
265855932
266632095
267800894
268315905
5070707
6552303
6936984
7581275
11798480
12164728
15491473
15581933
17680476
18474658
20931363
22498956
24013032
24030302
27695824
28374260
28831296
28847046
29121826
30492268
30987221
42583014
43181781
44102888
44231205
44808626
44864915
46563478
47572729
49873670
51892927
52637632
56556849
56810378
59141598
60598393
64222970
70234728
70976432
75976050
78637299
79140857
82850265
85578164
86085156
86555343
86820076
89188502
92196380
93670234
96134202
99748928
101102743
113131207
113968694
113969312
113999310
117308851
117976467
120333865
120501416
122396679
127893163
128621238
129231025
131448946
131616039
134648705
139988746
140327389
141373621
141720932
142969831
144495496
144499673
147343996
147662024
152488564
154446764
154806906
158112374
159795267
162701260
166212981
168983092
170658977
171170103
171571322
172070397
172974753
174107786
174640801
175318259
177868377
188102027
193207751
194035309
196391991
202260366
205785518
220052567
221145519
224610401
230229735
231834287
238714270
240882237
246486212
249196442
250371800
259473794
260934340
265660922
270272513
3493641
4541359
4602207
5837600
5947602
6959154
8425853
12217848
13174458
14403861
14843399
15048972
19733462
20441939
21218524
21439444
21915358
22869224
24012586
28229142
29320704
29356070
29574613
32591598
37731697
37789956
38664737
42310982
43454926
46665941
47668197
47668342
48862483
50805918
52216503
52674936
56248093
56254234
57134953
57965101
58296430
58553516
59697726
59814469
60230494
60378453
60408481
60876392
61072066
61765577
62374654
62986756
64622810
64931264
65016690
65385059
66605205
66726130
67276058
68025927
68174483
68985198
69622827
69635691
70916224
72517006
73842696
74456773
76463518
76777950
81336199
85365766
85909722
86978643
87003534
87191324
88818223
90535442
92340933
92400811
97698210
98894482
102902152
103592271
103649717
103955785
106373139
109330533
109894638
110843134
112523262
112985779
113102999
113279645
113534571
116793447
117116740
118277305
120763781
124048636
125954540
129167811
134153068
135784707
137041148
140167722
141960357
142605429
143670632
145446766
147331112
148851819
149028090
152090123
155112643
155932195
156657246
158482186
161211699
165874205
166457676
168289021
171021907
171574234
173749018
175587303
176208350
176405139
177517528
182016046
183654624
184363784
185373493
186448287
188164211
189538660
189969532
190033906
192953264
193270867
196521200
196875533
197349127
200174359
201070266
202608531
203553612
207113354
209962236
211322304
211560023
212747071
213019149
214918609
216456133
217393939
218025033
218206566
219666323
221401158
222576799
222801942
223856713
224121479
228849888
230128694
231430296
232509457
233120108
242829858
249695798
251571321
254314780
259719128
272741411
5582215
6239885
6471615
6542726
6828858
7715543
7767653
13611079
14945838
20112511
20421973
21300802
22076339
29290306
30448878
31090510
40684155
40802832
40926207
41240396
41258025
42621716
44840592
46111450
50147167
52448328
54385548
55561090
63268579
66813689
67834677
68235729
69438301
71098835
71530293
73511207
74584832
77795752
79189929
79364015
81671251
81837815
81891769
85780116
87328517
105377978
106140381
106965388
110454631
111673459
116168877
117066655
119088664
119320474
120258883
121872697
122375469
123422792
123672817
124614970
125285843
126918440
128725198
130380199
133480244
134020807
136170849
136351005
136400468
136564446
136911607
137419871
137798780
141188653
142384178
142501566
144696679
145681801
146045720
147404281
150661039
160129184
173245320
173765247
175652063
175872968
176075577
180929262
183611952
186137358
191159165
192545917
194168123
195087483
198445617
202117893
213398894
214399748
216464727
221599975
227265973
231109445
233156684
233418523
238250890
249551209
256726408
261776038
263224188
265240219
5155682
5826267
6207279
6418030
6457936
7178720
7211224
7457562
9285026
12402126
12823032
15524404
16238900
16242755
16586231
17680405
18371548
19516988
19929336
20610835
21181428
21243684
22434499
22741665
23689423
25362165
26143426
26465522
26596901
27918372
28900937
29667485
30133682
30509211
30587806
30867317
30932498
31175367
32699049
34172514
34566993
35648241
36975317
38425352
38903051
39354875
41134830
41572880
43397852
47494977
48376055
51167239
51778923
52476215
53015041
53087858
53839523
53904542
55443723
55573661
60000775
66804233
68725846
69707919
71343650
73310598
75256259
75830638
75958819
78268360
79776787
82318537
82651508
83999048
85600660
89571104
90795983
93136199
99410080
102636276
105556395
107189323
108360009
108499623
108972758
109813257
113456310
115384899
117609818
117878257
118645998
122692213
123625373
124739299
124923282
126842359
127608445
128138975
130531474
133343253
133432594
133645319
133959327
135544028
139526539
140625894
142860307
144568191
146270748
147458232
151149950
151205286
151447544
158640086
159287250
160407565
160913401
160957308
161687280
162680498
166264027
176226879
176320729
180405924
182509785
183362147
183973692
185435253
187064999
187167349
187457278
190977536
193430946
198272189
200472452
200857896
201276393
204311392
208304520
211823875
213505046
214266131
216356906
216821735
220396649
220841681
223503601
225954246
226034188
228326979
228499687
232930027
236088863
237253978
237903883
240228084
244302043
247029508
247087557
247507528
247746125
252703974
255645482
260361272
261636126
266293820
267323108
268836895
271066113
274072355
5599290
5885312
6699287
7015291
7669443
7694106
9125155
12564865
13907428
16111879
17180086
17907199
18475773
19681301
20187268
20936072
22973955
23617167
24266891
24920765
26308206
26648182
27073918
27167379
28332627
28598398
28652740
29092621
29133534
29180748
30127773
30315194
30674526
31044746
31112750
31559457
31754805
37103427
37929036
38255504
38307605
39851483
42897506
43014690
45505358
46419076
46650310
47585932
50537350
50892414
51126121
51593385
51740916
51806781
51880105
52016371
53111058
55657542
56217385
56385155
57272130
58677798
59136857
59339113
60029255
60371248
61882153
61991216
63987872
64079101
64103503
64216795
65746118
66160838
67260864
69445152
71743587
71961603
73217527
75644868
78801184
78912921
79279969
79449541
81584493
82231984
84650280
84819650
85517917
86532492
86696261
87767006
89107780
91704869
92174201
94933258
99590559
100222675
100655351
100982225
101526067
102652766
104671404
106716751
107918923
108868102
109156572
111177444
115316152
115602621
116362318
119462414
120038331
121890363
122368160
123251555
123879175
124609407
125299477
125637214
125973755
127043649
127056461
127618203
129177154
132157848
132233498
133510090
135532870
135675295
136102294
136160193
136737236
140871156
141025139
142928894
144616847
147137408
147317806
149141733
150759954
151618966
154441355
157841526
157981573
158296565
161815130
162328775
162936850
163030758
163640372
163993103
166700594
168301898
168629618
169478188
170633467
173547741
173680870
176050243
176816745
178727793
179777378
180721580
190879755
191981712
192544357
193079810
193842077
195478084
196361475
196777875
197097289
197182218
200323193
202771152
205846840
206618493
208040742
210183047
210280642
211120376
213140485
213852409
214294639
215773707
216800264
216872641
218732334
220295795
223259082
223318769
225081954
225419000
226293972
226422520
228973681
229974983
231859218
232702661
232748772
234430882
235573317
242335566
246290565
248272108
249723746
251463205
252914058
255671594
256048673
256163903
257596227
261963879
266277348
268228097
4476011
5031222
5682175
5924858
6037472
6318082
7451346
7829622
7889865
7968133
8161445
10153876
11465012
11777018
12323199
12450193
12510033
12773970
15194050
15392831
15959641
16023441
16530634
16768874
18196259
18490047
19060090
19369776
19807951
20354766
20447266
20452773
20514958
22294695
22896220
23284110
24093538
24134057
24237404
24394275
24526281
24778499
25138438
25189793
25618712
25796685
25913189
26011226
26229615
26711492
26731533
26748211
26930236
27124009
27318889
27658484
27989940
28196944
28480608
28879964
29038077
29204157
29793809
30045249
30350868
30542716
30870461
31187155
31220701
31236216
31345859
31514540
32035136
35200068
35229428
35324746
35952395
36083241
36446738
37578702
37904697
38254077
39639142
39640854
40085807
40117823
40655245
41075511
41337675
41815479
42224208
43430417
43557840
43701575
43804323
44937503
45893256
46601533
47156456
47992647
48110873
48356593
48419624
49029728
50391416
50698937
51863256
52845528
53309837
53726590
53999609
54416902
55631261
56693755
57541527
57611737
57974077
58150753
58724618
59284130
59722736
60030587
61114564
61149922
61705084
61763788
62011488
63581985
64519739
64754391
64969006
65047862
65192235
65716112
65749078
65751887
66242478
67591509
68400130
68416620
69450346
69546532
72761445
73317944
74018935
74351803
74787310
75214781
75543788
75851897
76232409
77161040
77765758
77919533
78774047
79388107
79951326
80420683
80470912
80855046
81116298
81570102
82422821
82563777
83123862
83225309
84825569
85046579
85600511
86902558
87138643
87390611
88334670
88487551
88987228
89558519
91919376
92518475
96627496
97882020
98597959
99029213
99197470
100161461
101465887
101619474
101798732
102487374
103949057
104821586
108334443
108531091
110863625
111529629
111815609
112084967
114510629
115165915
115660149
115721459
115805156
116736269
116885634
117334092
118788840
119857756
120392928
120410046
120519473
120570194
120789600
121328053
121801282
121931047
122556323
122857157
124353652
124354478
124809906
125136701
126800364
127501535
128063489
128572016
130419083
130620289
131081644
131451629
131929309
132260889
132330322
133493515
133598518
135452646
135595705
136130644
137313953
139683641
140686491
145261965
145437565
146123012
146421036
146543617
147961809
148158933
150708174
151804589
152611655
155280947
155889571
156193023
156502899
156632633
156717301
157345313
157451377
158432137
158587825
160204038
161258030
162184266
163372782
163999987
165470340
165507134
165996063
166146959
169573239
169741435
170369767
170562654
171939249
172680218
174946526
175224935
175441210
179013324
179270100
179651339
180671230
180978056
181056806
181589047
182238795
182295508
182760917
184177124
184918080
185135749
187823486
190063973
190529257
190810824
191416735
192298346
193070130
194305692
195382839
195579930
195696875
196226919
196696810
199196987
199232413
199911785
200901668
201753661
202307402
202399680
204208623
205352258
209086713
209673442
211234973
212175064
212607719
214178583
215274693
216555250
216587380
218652424
220161376
220365167
220588425
222335282
223432663
226247811
228984615
229604406
231693830
233799428
238526728
239772908
241726720
242902234
243857172
243996498
245396890
246565608
249874751
250051626
252740316
255090654
256091100
263411134
268073245
269409669
273388387
3788887
6776262
6843635
6997355
7687099
7829792
8547916
9027908
11780654
12443417
13091589
16061988
16676672
17227661
17232878
19643393
19648412
19987286
20042087
20232722
20382904
20914399
21079132
21409395
22797019
23428904
23469391
23781380
24994427
25240016
25839734
25979687
26739772
26861447
26986837
27427992
28182870
28214612
29531816
29650483
30234958
30510601
30902911
30919106
31213164
31800441
31820160
32955914
34215805
34627846
35552521
35944010
36971034
37080964
38091264
39171887
40734794
40738774
40785398
41414077
42395426
43293969
44068329
45521027
46248779
46994921
47486436
48880550
49301700
50585132
50755485
50866198
52905678
53041763
53665480
56884126
57120231
57260630
58132552
59949180
60112539
60632903
61339113
62359109
62597789
63107262
64599700
64919532
65778256
65825203
66068072
67618739
67706084
67803562
67804846
67817471
69213267
69704884
70071479
70465081
71087305
71635425
73429842
74213149
75751864
76233027
76653964
78271732
78822326
80172938
80310761
81342763
82151577
84620318
85300255
85443032
87579402
89355840
89854000
89883935
90175548
90403097
90823485
91172692
91726388
92282189
92767909
93719907
93735476
95136040
95208507
96277254
97481729
98167891
104170925
104482244
105063573
105706806
106881580
106969127
110457423
110518730
112294290
113791825
115838028
115943548
116018052
116736111
117442069
119280229
121187285
122673075
122865757
123530502
124974591
126120834
127327794
127372892
127476877
128183548
128263077
128510368
128794414
131485051
131494888
131808368
134134205
134849287
135534134
135879032
136230178
138569213
139187485
140806569
144577158
145133107
145554469
145661560
146100391
147195697
147464770
147841054
150150793
151033350
152462125
152859882
154318721
156080090
156682947
157006761
157105345
157848963
159670703
161850814
163366192
163805300
164135797
165247350
165585998
166451037
167069594
167423768
167621963
168155763
171465615
172260144
172535956
173105597
173803715
176517818
177842298
179344322
183077371
183366557
184207274
190365721
191936539
192681653
194022421
197275831
197547739
198532745
198900284
198964324
199049143
199472313
200649146
201867072
202117272
203867084
206333722
206779786
210612102
210685811
211996976
212224778
212642313
212692587
217003972
217277378
217608096
219059121
219635938
219682752
223391202
226380866
226891428
228075056
228710999
236500300
238748559
239104733
240333429
242447757
242849134
243213785
243257050
243425596
244631365
245359291
245616312
246827755
248138251
249619973
249880515
252601845
252880996
253147430
255935398
256306153
258167750
263446178
265908575
268319460
270630815
273162591
274207104
3312439
3612016
4100155
6191760
7579973
7993571
8202409
8808737
11028146
11446443
11656395
11860742
12073907
12150671
12335014
15231574
16389833
17011290
17327163
18164769
18312963
18352622
19040168
19232292
19339095
19961463
20362162
20550164
20731610
21119656
21760747
22550288
22668844
23307625
23733100
24138880
24140551
24162226
24361404
25273295
25678619
26201936
26405007
26436437
26521789
26722723
27164849
28273279
28405058
28416185
28464890
28678719
28707353
28867933
28873120
29407895
30855234
32006385
32107790
32447232
32842796
32921531
32923774
33371299
33522341
34322527
35638024
36551528
36773972
36840244
37106314
37922569
38106578
38462227
38762250
38964781
39288356
40877051
42249365
43024662
43391313
43929084
44577042
44727345
45069780
45953994
46409834
46943844
48486582
49400900
49966002
50103301
50247354
50287822
51394497
52216548
52217482
52340372
54746524
55585646
55810966
56080759
56140499
56271068
56376661
56496859
57412779
58711753
58742974
60326983
60487489
60916170
61265290
61649455
61833871
62240748
62382844
62862617
63755218
66275503
66480377
66707185
67498302
67564949
67993128
68880828
69215359
71361278
71638729
72329716
72530788
73663275
74233338
75481422
76751659
76788722
78245284
78914226
79264507
79462463
80494451
80921887
82434921
82886965
83518174
83981375
84515930
86111709
86498874
88529999
88889112
89256887
89394319
89430318
89847029
89995938
90166005
90367715
90596163
90993239
91540142
92581172
93796340
95514461
95805631
96327242
96681610
97059826
97173354
100194513
102105983
102127777
103027134
105298732
106217609
106481991
106489906
107279382
108154441
110032499
111339215
113211735
113464666
113649145
114342401
114561937
115823598
117750567
118260264
118620534
118817067
119250210
121199384
121232280
121507897
121827560
121901821
122433855
122492322
124461266
125336945
125724915
125929394
125944315
130023532
130710763
130780550
132065304
132220448
133330678
135379028
135393261
136776744
136825765
137417163
139381613
140617550
141014955
141334109
141494345
142792923
143181887
143994118
146170485
148382235
148424046
150134336
150513441
150843018
152623037
153521151
153615507
153897965
154584672
155575914
155776840
155863914
157905778
157968910
158050582
158303804
158360528
159204179
159505817
160011225
160317906
160421967
161565211
162734631
162756821
163022389
163760576
163989342
165148906
166136141
166274025
166492544
169873806
169921542
170432021
171912578
173094839
173394761
174802721
175183129
177281409
177980153
179632654
180821057
181423362
181728102
182706583
183288902
184458709
184741721
185343770
187249271
187471559
187817503
190399159
191445998
192121268
192304294
192599683
193594356
193808294
194603072
196243834
197871267
198076797
198970317
199040665
200530686
201376290
201565639
203703479
203946496
204028100
206510427
207503551
207935892
212512717
216140856
216730678
220243848
220811628
221904833
223786281
224506168
226954544
228350784
229899080
229984229
230120695
231941885
233557540
233877836
236200607
236920535
238453209
239162604
241446324
241663325
242965033
243093822
246523490
247138100
249309369
249365469
250056597
250735642
251255064
259075714
266893059
272357090
3845908
4618472
6829622
7269144
8701820
9434137
12304175
12429759
12434839
12554265
12667751
14922605
15318735
15805515
16178345
17127684
17144367
17442573
17543031
18286344
18779094
20210986
20223081
22062484
22341144
22344179
22787347
23014073
23669511
23910060
25730557
26476696
27917415
27987175
28950537
31326758
31435888
31714411
31741599
32139459
34997334
35932502
37942807
39015856
39557682
40884881
40977756
43744564
44699236
44957535
46254474
47455390
47551464
48267127
48805532
49283663
49663522
51228433
51706797
52075741
52855209
53254310
53427098
55547278
56767206
57709248
58358024
59247788
61393724
61541956
61816463
62174240
62459990
63172351
63863911
63872469
64014849
67172549
67778622
68260848
69197847
71084339
71579612
71790438
72285891
73415464
74663646
75619492
75961705
76426711
76718106
76721706
79027517
79289581
79543870
79680850
79797180
79802128
79825969
79840452
80953263
81144521
81346844
81500104
83718396
83784656
85887640
86455778
86637243
86911723
86913794
88281410
88788403
88828968
89811544
89836303
90160189
90313700
94500601
94664471
95192956
95642986
96261783
98765168
100270781
100644933
101588627
102829985
102833674
104372920
106057812
106146004
106913338
107148329
107242871
107852938
108389288
108613611
109903911
111045861
112545717
113164919
113830278
114235836
115008430
115085814
116168838
116369471
117026659
117489432
117551349
117622147
118480190
118525765
118910605
120075481
120296959
121930074
122171433
126153519
126249286
126809834
129906959
130096140
130882424
131547693
131994258
132591064
132693499
133047158
133398931
133765641
134160693
135371328
136540145
136697964
136814679
137261129
137572594
139117340
139783920
139800830
140529447
140766269
141224504
142023852
144410538
145059825
148240999
148400997
149045693
150510168
152788081
152882033
153740674
153832867
154340004
155991201
156198887
156716443
157016136
157600566
158121872
158154882
158299439
159267565
159507021
161291487
162424099
163032252
164268801
165816319
167005271
168218235
168369001
169007353
169686673
170025453
171779476
171923916
172275371
173845226
176573076
176878253
179138464
179181165
179954526
180529807
181707449
181812023
183041367
183482631
185394861
185676074
188134792
188592511
189487664
191573562
191952243
192750235
194877503
195111408
195717859
195973278
196365391
197893285
199000774
199733220
200453027
201943632
205590133
206379413
206570141
210064439
212992992
213112672
214412640
216225953
216480450
218629776
220651988
224258846
225935102
226391291
227616639
228657704
229547614
231282929
233906770
238770137
241258080
241759877
242745446
243004343
243299178
245254551
247756403
250014412
250279777
250439178
252217735
253811288
255312324
257970232
261189345
261428675
266241701
267320350
275985119
5343959
7692443
11351923
12913076
14647144
15367189
16213941
17861575
19503963
20903226
21263918
21588497
22153631
22164953
22980573
23275644
24214762
24314245
24686002
26343364
27180919
27291590
27421331
29253152
30876454
31002518
31582592
31960221
32352867
32451178
35045814
35600308
36492414
40310588
40600841
41047078
41719598
41829631
44180646
44359446
44562181
44652636
46853345
49196731
50614658
51358020
54245819
54434703
55071236
55279526
55670443
55681619
57791660
58272673
58913472
59789791
59974076
61014949
62407606
62865704
62934098
63034568
63389853
63594442
64158643
64511655
64729556
65313978
68060899
68620923
71257572
71320701
71433238
72209423
74378060
76141723
76281292
77775343
78995734
79776933
80960715
81181068
86053147
88103367
91191244
92769940
93383667
93499021
95573591
99704175
105018009
105134137
109317856
110144140
110440748
110948327
112039132
112418960
112541041
113284407
113407171
116042340
116080760
120647429
120953035
124836546
125169357
125303917
127859060
128043816
128490263
128748392
129238927
131707050
132240993
132339754
133296724
135315973
136477150
137134597
137919508
141069320
144860283
144902243
146003272
147869802
148988008
149511416
149998841
157008055
162311634
170162871
171201865
171264315
172375612
174485033
174658076
176458528
179643688
181736973
183636183
183856242
184873676
187355568
190077301
191395796
191663043
201598510
205187769
205805807
208982829
210661943
213674141
215091047
215425207
215810437
218218462
219603592
221737846
221994788
224860942
225319010
225614746
226125849
230012839
232724169
232820210
236281811
240448835
240662143
241239063
245281404
245950313
250519990
252604058
253882664
259032442
261092604
266111107
266181574
4087581
6264285
6483826
7985503
11874825
15323339
16210668
16304281
16568877
16832623
17689965
18007742
18539034
18744595
19985639
22613032
23578521
24081648
25438056
25616323
27715423
27920518
28356614
28383675
29533586
29631829
30126792
30712249
32381566
32966243
34577498
34710013
37975395
38211781
39262105
40028198
40550245
42603271
44277200
44621649
45370899
47019501
47087892
48377891
49579170
50113759
54442895
55864599
58883986
59112386
60606819
60749560
64295814
65204113
66053553
67831336
69247713
69584531
71888263
73507469
74639065
74901934
75866648
75868518
75929539
76460539
78571603
80806510
81730991
84138032
85797663
85978997
87245052
87467058
90142322
91305440
92904617
93160868
93182020
94776693
95335179
95445148
97148369
98120764
98375347
101637766
103342976
105605856
106739312
107196875
107324659
108695736
111187685
114209620
116116380
117319943
119418592
121260507
121695745
122392972
124362598
127927706
130117646
134080808
134106334
138351600
141498904
145383241
156498522
157758256
158444832
158866537
161269722
164504804
165055499
165598294
169688159
174361039
174504405
175178091
175421744
177733630
178093733
178115171
181611190
181828833
182627390
183259978
187021869
188712108
190674789
192265573
192761273
193461874
195665338
198388764
199374261
202100297
202625877
203485646
204330334
213937578
215449102
223884606
227153135
228379567
234369510
234547517
234984445
238731157
240750753
241087625
243140636
244626697
245313424
245350501
249057164
252362112
254615926
256043832
258389626
260115900
261806434
267123812
267469922
267579392
5501653
6007815
6125488
6255823
7155208
7692202
8195814
8286524
8945559
9012989
11605078
11809704
12322826
12427723
12937413
14122606
15291371
15354610
15793904
15894393
16113723
16250975
16509071
16631586
16729299
16987352
17518763
18348801
18621091
19003509
20078097
20447362
20591154
20595340
21167138
21441645
21932706
21959932
21999015
22214855
22292940
22749392
22793790
23140159
24065890
24145239
25879717
26462924
26538558
26679168
26953483
27172681
27400512
27412984
27821406
27981982
28092357
28489937
28869085
28874712
29103936
29126897
29783085
29825438
29825535
30096518
31550297
31681738
33384947
33860313
34244846
34498188
34960708
35207718
35490016
35657615
36319213
36478125
36734376
37061318
37086071
37890013
38099783
38397525
38470476
39175409
39342259
40341212
40467685
41243504
41437773
42074291
42369192
43412618
43503676
43777777
44428921
44641805
44923063
45577266
45699460
46601973
46694118
46778633
47399224
48342296
48910177
49279487
49939988
50083281
50157720
50273643
51047857
54571219
54786288
54960124
55444597
55483165
55637104
55684965
56099883
56104485
56293651
56794644
57425841
57665697
57837725
58209251
58275536
58592153
58798777
58969858
59728328
59803487
60009165
60312040
62023176
63113848
63148764
63828762
64118066
64573512
65751613
66123636
66320008
67094628
67168627
67760826
68805706
70598277
71200509
71655831
71956824
72274636
72562566
74372697
74779695
74779880
74844047
75113440
75810690
76149995
76532830
76991764
77048329
77316830
78396324
78968963
79935994
80230844
80521390
80625340
80823191
80893258
81142241
83510001
83882723
85276847
85390003
85445688
85539037
85547038
85633349
86842077
86847864
87281545
88519274
88743681
89005992
89494961
89857497
90076519
91264769
91907996
92312402
94484724
94675285
96621953
97131250
98147863
98823980
99419557
100008485
101288404
101903100
102658513
103150502
105055053
107204882
107665688
109006798
109331210
109343428
111014401
111912264
112020873
112129783
112691162
113153486
113616691
113749367
114420532
114683671
115058474
115118731
116050735
117130392
117538461
117674847
117980063
118214605
118377913
118604792
118920798
119269625
119587656
119590963
119938999
120841302
120927695
121101912
121589442
124398096
124759265
126283426
126318757
126994838
127219650
127690249
128504414
128852418
129659817
130416509
130926493
132070723
132557126
132775547
134096678
134332704
134975735
135050294
135228461
136907598
138750827
138896341
139077294
139614324
139622608
139814439
139866718
141192702
141508884
141750802
142164003
142810147
143076031
143122813
143143074
143182997
144069195
144540919
146751083
147446345
147519828
147822829
148475415
150084820
150097580
151395240
153315209
153370886
155325492
155454560
156343396
157323654
157446410
157566899
158415062
158953032
159071299
159670674
160385508
160593984
161163418
161958854
162351024
163938481
164758997
164818910
165342844
165712929
167005092
167864538
170062124
171459502
171937209
171966824
174201623
174383154
174481596
175657271
176003757
176398078
176986157
177499808
177888009
178308844
178588623
179520730
179626817
179730153
180156821
181135851
183826966
184409625
185517851
186562170
191222110
192133351
192414952
193675947
194068129
194278549
195624715
200186809
200609042
201302714
202353512
202921166
203702211
205098208
206097636
206730393
207068561
210444189
210529825
210573892
212286133
213178162
213548211
214050988
214384468
214610095
214668367
214781540
214929098
215092991
215415978
216622758
218013491
218055078
218414132
218545293
218549809
218633587
220775004
221008011
221422798
221772920
222111285
223673997
223717262
223731712
224865790
230038692
232781440
234849786
235036758
235144281
235416183
235528059
236427934
236882689
238713704
238912300
238983960
241858179
244956053
245401211
247740167
250428601
250504839
250564330
251831901
254146720
255527262
255904247
257807940
257879521
258146492
260151257
265282022
265943942
266833125
266926147
267447941
270121442
270750908