10993041
24573583
114415795
215789017
35502403
118817638
173777627
195578202
150088402
213707316
225244546
185819304
12589309
92312847
117172258
17317526
136679469
138957684
185989643
31145609
139948454
101414195
50953885
103147501
68660128
182004139
36569427
106019728
49146224
20319985
112692865
50241787
92643295
210690161
113418349
112451303
116731862
207873011
93394521
126090360
154610338
122964095
117020357
91303278
93194701
106134705
186303487
111445830
102151155
105335890
101853003
119540968
70267340
30062526
20738930
116115736
112815152
228432865
211109555
135894638
209775379
184810520
221459738
119549038
37886931
46465723
207510314
172378149
18622101
146641744
59381471
186764921
111974135
175370643
117127723
172046480
84955097
189959591
52602742
79821372
82048361
144450969
189561745
217014109
131603164
177603658
87793034
179596271
121168206
113051924
130352039
220856348
139437166
56445249
95199750
115945088
21518093
31087003
216581591
148823129
143694530
66983804
131201716
77112559
125199178
5038374
6693108
103944521
184747591
79392014
88260230
91774848
7302781
101236981
18671898
166921809
132087630
24441159
125310859
30919042
110543897
79466483
89209277
134151983
231699967
12126290
214721494
22779613
179229298
102380631
210860276
22914190
47888022
6987152
4701265
7760057
174579630
186553646
122634438
82763911
148160222
109291901
20282664
216133248
161091016
203763462
193033763
13229498
107327434
61929226
116068228
74938896
104213712
186531151
156414481
125076031
118451355
107576301
167090822
173603257
12709673
120039534
162124219
232816228
116766666
60139399
199771276
32226233
23257335
41205224
6948709
56834300
125179049
20349602
106512910
156912728
5831919
56241287
12976415
203689453
119054208
219193275
122836162
119472274
142968742
204503918
30198311
234691488
121366082
124034437
99712795
172854147
201508515
106520014
152630030
86470214
95640515
103379760
19490021
118001022
162971603
30443555
111509559
178956409
23160645
195354812
108150105
218554328
107328398
33572677
75956901
8044955
123975924
52541911
32830591
10208116
215483563
38855061
77080763
172244572
25491255
11326398
214945551
111257766
235441056
25429952
208695648
211699083
96560111
24770447
61678600
121603262
150442809
33781954
22842143
104807216
82213762
68442207
101616627
110594890
34352621
33956929
228117892
231692801
22473687
180255995
165975943
122531465
30988818
137860475
225011717
228120292
30067966
209583110
227742781
241207776
25333834
11079823
142686473
59460286
34795694
8021660
199981376
198416971
28718527
83885560
103634167
163591271
62543271
111217428
222401767
142488548
50695193
17474706
39656756
96549893
115429465
108985460
240057730
226943644
139211139
137544604
85881509
226005110
26299390
66455218
29461542
88590942
111201541
25712261
56358842
189908281
154983960
127362778
110572725
188747670
223513736
145551697
59018992
66384303
204568840
116374510
104088941
137809470
157752463
233183299
225542055
206694605
159090889
136788265
32266717
111672717
214655549
127281993
49150780
53426909
76430373
15637622
142645026
12077984
54043519
202434190
118385037
96820413
198608291
214550641
26796035
111845093
59490428
182031324
62330209
32454023
170103973
159298643
110849710
117732872
112205333
8972324
113777139
73389747
86502925
134080265
77893709
149252111
186348865
148882643
134041477
92477578
131213396
79635989
80903766
81736393
31266530
39618006
29379142
61645597
124170282
220512532
40338507
20620835
19633799
135250461
213400373
70470664
143840398
217227383
204284737
18945385
80391055
178786156
96190506
144643117
8770722
15181234
142346372
119106915
130300742
133799299
120396435
166300741
172258117
218668948
37308998
20925919
66470225
196739644
18689256
148958463
115997306
74795822
24211999
219452204
40518038
111038491
106974376
108002249
117045317
107955444
58634912
120925282
170359391
126042106
107151763
174098792
107971916
108048181
120887033
119011654
115476454
13278720
5964671
39083454
153902658
88634902
142667333
167079293
20589388
105124626
113480581
224011975
217156059
40638780
111121687
228576226
172226704
205193422
62188060
105270479
28772025
212591109
126752162
188719737
136482184
112753393
143936983
46937699
3599578
204720687
29760918
194299044
151708828
212423612
26625114
44116193
118332971
182022222
22193057
218924546
33042019
166386014
196324618
103312844
13689190
104088210
144175168
116351224
68658802
26004657
216748715
104967613
11367662
107486098
95973562
84428982
92473857
126955206
87075368
120879631
18390564
58245369
118793462
112137026
35461380
87784637
164278604
87911895
98198160
128865396
107090514
142814208
15864656
223469562
147708247
156891204
6863690
77112555
92238938
79652118
151656034
37304159
72300623
144693959
111486394
137412122
138982821
11464789
66051399
227901943
76952988
47043790
86172503
36736513
32339265
60876482
114696140
96634043
108587094
222147622
27054782
198400634
204440129
99370773
91936935
134654101
193996855
30705016
6965826
80854826
89492390
179922278
12249852
140374683
175016758
107157231
182475399
43680541
159837594
140174422
202753891
204579002
191033081
34218451
28653794
215901845
32048324
61542221
199386023
198284838
166039287
166780530
19173435
107090737
234786112
21004641
171671339
22824564
39808296
23157892
195337264
197910124
151939097
18527596
131149062
5654330
7811029
209793625
158742669
124830113
55731262
207479691
220165701
69129807
215383114
221207909
140002851
42677341
38681872
69895305
151075198
203075683
59018855
185450143
35306762
24767825
145348406
3749685
120781216
30110191
30605554
159393271
91393344
79323948
88686753
53851827
125355313
25205102
25741251
88759618
149725858
95274528
157118104
182644893
91466516
218005208
220613015
8450363
87323884
17366458
13411362
84813774
86634335
17062696
162018804
205609282
72828082
12723874
130462166
228879871
98082917
220966887
118952516
172008206
103206687
44194573
144603065
116450876
107336715
116420751
117419666
116384934
24313293
26929603
164269113
123237312
195451676
55285966
109633015
56105781
119561836
75056370
182870464
222593852
12447343
118736615
135317600
27231123
15862033
226261494
101378750
179244286
54590856
184021111
176723880
95442659
53670847
184737562
100513102
72067325
20803410
46246267
46261125
104438895
99960622
115042149
154709006
21993700
46846567
41706880
27597779
121550249
123848938
127212456
51701531
138351444
59205101
36715021
223397475
24206905
45839828
81357843
122175528
103047505
109534083
117208169
229333432
4459350
174716061
26104989
30098899
32594137
144266877
219459575
212110669
108485862
155497051
116897832
166202550
8582655
86660549
6762422
18350445
57670711
88278466
120782810
108529461
83281448
107904141
182944705
23712316
12514637
177150061
160549025
53104464
183220820
6652370
212434011
139145879
61768063
182759582
215601001
46357709
213514442
19562025
169048379
153330765
194414260
84417684
146241032
206830064
116900583
107645229
121846691
59167212
95396569
110398062
68608722
43515746
241080290
101252147
110018768
55981051
46981946
11932613
105476365
17342949
181888353
15382302
119494522
119324102
97618291
112591861
123770815
208089733
22508739
186197912
25286223
41708447
140260490
202382477
130598521
51435770
8848390
35907410
148074305
71174097
167463863
72725538
123421103
209669268
93913531
204676784
28025824
62228395
144928193
20242537
24463095
132756323
128338711
88806509
120134336
24261736
178940038
184856203
190936568
17903738
124555230
56611142
32209533
109556982
223586435
71801883
234027806
157456812
69466733
56712149
124403929
142557940
221011114
109716557
119475936
119044035
105816045
139569853
84499800
88065788
90031712
86218630
205473836
88881856
88669279
192520520
13795140
107405265
162110120
140975248
228824453
101088992
32217833
212557357
73337834
24909323
29664237
147083419
80334325
25107775
24433973
221519115
209152060
207498346
12484561
25238523
175331117
98262407
84508202
37860285
5051787
12668986
148909174
140216656
71771695
227441499
111505928
214074697
124474205
75881668
235678337
206344732
172471103
111842865
35485087
34581773
137296316
111879529
110563594
120081186
199046497
110495660
38382686
222734489
12887081
14417706
106265776
22634173
106406034
185140501
168549318
7547112
119170313
207467029
57228581
112884244
116835876
121705473
106078253
117866334
113852776
221142821
209387055
149287648
113565984
112743143
34474672
65883176
228997634
186060094
58610014
171030884
177491628
177035810
76279778
19399937
190074345
22823956
140490592
114385113
121910252
204867951
163671175
228646081
135112929
218166668
62304605
113557994
34866333
194416519
125242257
57948483
59653761
52874474
112337889
88286020
111880137
124538550
18586908
113892800
232320346
118647149
124837789
116760056
221326124
211615166
242722877
115950989
49546476
153294663
211772410
140467679
133433192
81867559
218489618
143996452
231158205
61353482
112971554
116477862
106323760
64759166
77057877
210054501
36408220
37806512
203814543
78174323
229567645
234650208
82761016
79228712
109574709
192874609
45900057
110512741
68679303
203374179
201232740
149022843
106234992
136101032
234766306
220190601
98851723
23090624
149243485
16819388
66224551
211613582
21667987
66066117
206691540
133248526
160354769
227979549
209665963
51374124
43142040
36748013
23036142
85842413
104071168
123992781
117341244
52305368
166349175
165582384
86824354
24337398
232625754
136731512
133219082
198154914
144985101
141801219
130445770
151100869
166430022
224949978
22047640
143411056
55182169
174322253
227774493
153586926
198607682
12261198
93367999
116784854
194373806
239260831
214803470
227616136
222982374
233190720
215918187
155536837
4549903
173645185
169112014
67597520
119704988
18866849
131492265
77153296
191083738
69607613
214799118
144148295
143146430
80630194
145393248
238370811
163522381
24739072
22090131
83239256
144180207
56258446
85124186
77555888
88459194
6668257
157309410
168860777
148839127
21359071
40003416
85406778
36432359
110624275
106589940
12440566
67113975
155560782
186151914
29880109
6605160
240396548
213951820
152143040
182614364
81081239
138156037
83234888
77323057
181168899
42321660
18395838
7417254
202519564
135996228
107771053
112067121
77337584
151883314
168679585
172133889
108974578
167779661
7028705
216911018
130279923
11222405
96060322
116688791
16189524
189965635
217805216
231603260
123705731
117768480
103126832
158725214
173660162
28299618
86668788
104873295
137423595
137817693
135282117
28372494
174143899
53372228
18753208
67025848
192310459
37880870
28207641
20193292
19293462
27845800
209683009
147754046
201991664
87354076
87631261
77362994
79617749
26831921
90050626
33063615
153382233
84237433
87833821
89396989
178434710
88100345
77383793
174341984
216854418
205638379
68700785
6157653
132490963
170204032
85602427
132686016
127850086
89689097
78486766
66794552
17371672
186970518
23241291
29158054
199510529
186062540
5920962
24500803
80050611
46224878
130887124
117458238
79614544
109819507
97182634
54318406
185661528
123182627
43424823
20629123
5910702
131348692
122283713
215512313
11279786
216403797
176998792
124635595
131600265
76969346
122637093
152161793
180569962
7529502
95203866
211246698
14198110
116293577
116943139
136607001
87747861
173536896
222724616
25854508
113439801
18590978
193835228
153735750
28440496
146095239
86578630
104751118
8911709
60928947
37340146
201353096
5448222
4895815
34495846
125385527
28750697
73560427
104523802
40269094
45971277
168172929
107005933
165418497
45013266
78107214
66383801
27493864
195602682
71563561
36963888
36651091
138173605
67085278
142556869
23121301
115847855
129986718
188839143
124473981
17394560
121625957
157812971
169961799
175379731
108209452
115896454
120419391
206155314
124845026
174354222
198462434
217824118
5327317
89052047
77308274
79074379
183441296
54005856
91141956
86024270
40121552
23334990
37519054
203664802
166715181
7605537
123695940
199115611
211307784
52572667
195949446
37422752
203483160
214925025
21796769
107610387
42978669
144024711
76730281
177941340
99626451
60864059
180244688
184860245
210827600
221432413
116899030
71616607
163715271
171277128
22588716
31350029
23008694
79467403
81748681
77079311
77428143
80724310
77226384
81920098
90356994
87873053
109576483
110631194
7201665
150651930
109341669
115566058
212172631
112092526
160072114
112965186
107558891
105295442
118754367
135065980
56361096
113839256
211525900
45256050
231686503
124608161
159852417
133279181
22626794
190396410
111967002
117064133
123960208
72042030
63739016
136549436
136875008
153497248
114918602
40159643
15114894
174441092
23744019
169579877
218385414
106645551
18061192
20728966
207927283
220944405
124352068
124765627
100547136
91549422
87510715
8663195
143058468
78211086
208807665
18788289
80330836
41847144
136213292
198928151
121360224
24873274
23988215
26191915
115535574
154842210
38019757
41998343
118126466
117926594
111505512
116467324
116798748
115299451
118077310
64977848
105756781
110503721
111144176
79709734
67265856
19931715
78390578
86342013
98432431
148906037
64117806
178706768
84941401
81617399
78559021
78367955
129336337
110934112
107995372
88074339
87377060
154509503
214323255
49587900
138391338
104253906
209602818
25031737
81220533
228418916
171486663
172916350
176097040
47571998
124491485
119699581
85027911
71439768
74270820
131324395
135635923
141433949
112498464
50116380
32835620
50641933
101511708
39047568
135965360
228864227
36566553
38727009
18055163
183798900
122924332
209698775
177821062
104534261
22861389
168850077
113075564
109133003
31521115
5702576
142478815
104259682
104403778
119569474
6340634
48297403
6105515
30795977
136519381
206785172
224544742
240891619
127992645
56711925
229497119
5840278
23609931
196755893
208636915
101007189
145304011
29143258
126139966
55740894
115779136
29399726
12848373
225725275
215772892
12386272
31268342
169128412
199403268
138414509
7379199
36911082
25114810
176447504
167597511
139655412
158055554
108703018
75793915
116120228
108654890
111381976
104661166
119854587
134883646
184573907
25072565
231980868
130412825
110385169
24249908
29508774
131465869
104444629
133409664
156693254
23438456
141379221
166503327
34116703
127069565
20773363
112946730
119992159
169368856
154373964
196201753
215891313
134658847
120614364
36771390
127800865
106610478
34709692
115441913
219349107
12478184
46089160
219536257
192420422
60633667
96669352
4324332
133197705
144190499
185445886
5507221
120633391
29626218
182166411
60668703
146181389
110112281
100726978
199342089
5853925
175496049
167556896
114219123
232246141
176180830
199535646
198651679
228985702
151507483
186794134
133801357
200688022
122265614
127280792
138457216
55658022
152555135
121507952
90242708
182538986
135338496
55872134
106478548
144464498
130202246
165612680
110382359
114804969
115734875
186646255
44999368
132722500
45857684
49003801
22249593
188726353
26713098
77803729
126439387
217556289
180180254
107827288
87649949
138922688
78110733
83473708
144443513
105735479
197324768
86491642
101313709
206500894
200225212
121602960
66811326
25965525
38753905
114449287
14909095
35989338
122927387
173831655
28077669
155788578
173358064
37329364
57246550
109235852
96117736
130645565
181792381
39092820
115456092
137558262
203104915
82132509
131528145
221007723
123064574
192443541
206120933
185720476
115835179
230298535
86310907
85289658
79946645
193089099
114964998
63829155
78556644
112677545
166511051
19864215
146738811
19629142
155377739
21479648
67748831
31225015
150536503
102172236
196088557
161761655
49023622
59886463
201780114
112094684
52388716
69634464
127689713
24962238
209157902
60280650
174296009
87169156
53154481
11684553
78849221
136158285
226398441
201452648
109623157
110120653
112076181
186035327
34835724
12998853
148146172
193771590
89183263
77249967
62377276
181717489
168805025
147697593
127273366
88187747
85131802
43323582
105991923
207395604
219304602
103620737
225371322
143443481
150911711
215667268
31126861
102178480
24069152
204733021
97722946
106593040
45358290
6374025
192013390
165109670
105845186
118871513
199708815
106065809
20903902
12779909
109139059
188700123
118341790
120674293
169372847
108558425
72546417
158695710
46759188
33865107
12637025
214540273
87306940
87370531
126637029
68808952
18898475
109647556
60539033
206153683
193358112
224126171
120558085
87005225
29619957
70770406
36439485
143169304
48073481
110687117
142960896
205568929
212192438
206831219
207841395
130051423
151535518
60224047
216984648
22757989
229164002
146482950
212985204
142587005
110955125
220284537
111229192
218871544
213971660
106104453
28510396
14708233
133074898
46815250
30649560
225648410
33652419
110699560
31629458
61227592
32392492
89174529
79295988
85533702
147029375
83518731
85596602
47882146
5106826
39543380
192575631
77507087
54420056
63248209
143898749
148720669
153510638
191267668
22750924
114032506
31429147
144843088
223881191
223219527
157972326
99191012
121676773
33140582
234640229
119097857
21126350
32085795
16954482
132551038
118220430
30842843
178517171
141387440
185242578
105561261
216290345
223157638
180326150
165893471
119507108
121016267
12197442
51046547
129747414
115451013
230441669
218590595
210749253
182262575
86505934
160903401
102198891
51450465
64253871
17830992
173137996
119944327
83542208
117838754
118679615
84422667
11249298
217489607
33011939
11633744
218663541
42685694
21776720
230044290
151837182
214715838
22414831
150849937
141724923
135303827
183935142
34535384
187924402
24633476
65580384
9311208
156580033
224052165
149757587
121931943
159378547
151190248
122257974
187990183
101218737
184947400
151990230
108873137
112431200
190296166
106381751
108394857
106173969
119584803
115256953
125061672
205848141
112681472
147787257
227322938
216760317
23087819
24172889
45175907
46673286
176920622
229498725
47636777
96037086
65760365
215845076
126561236
175541133
68073841
124230975
78917505
216176723
58800583
137116394
58764820
232591323
29423734
112211035
218187050
130885508
235459871
176392948
225074874
5250961
233880125
140306031
150729313
114916517
29185686
102225422
103371134
97915432
79032309
214977973
26477864
204460175
217581480
30554963
119366293
116942331
57718491
52250282
70682330
204218156
121315027
15240251
107158926
12422089
116065369
38631698
165920956
22821961
170036063
89218528
78577391
204077452
202528852
101884496
155729154
214055223
38076162
84869094
88682624
19187818
228838462
153797633
6285988
22325278
36940869
19063342
212270515
18662678
52364571
139407179
207085573
110410363
49281406
172524751
112248566
152517181
85531204
112398423
75411319
53551678
157507660
37905204
96945921
147596261
214077295
216161528
187682776
138698496
70155152
64925176
188949239
23951782
137972186
111245108
139059489
141516343
21459450
204230527
126477912
222730136
136832822
66680135
65683140
181576341
145906726
90313708
117730461
6879213
224861495
199714284
190264420
213252341
12977856
112477367
166800647
227616327
50789903
58916128
21075303
25646337
242331839
59201922
121721616
47514696
173721442
137981107
110295413
105578352
100327187
102128821
122365391
113259410
31544460
96416604
92055604
118114113
139787928
153347558
151973252
188906647
127393497
35808690
225943484
107510286
172757666
61314473
84891221
171407228
206505339
203198728
215609840
193738026
159058057
206635694
34735981
153702032
117824250
164173668
130165060
183590055
12900585
12405263
75751618
229001406
219791864
205128781
229597631
79833908
114275359
117200229
111167384
135290696
152067823
64962772
117522787
101000046
5580339
144113887
140422859
17434231
152010721
54331864
160491302
7394910
61072584
29048308
52292348
20990146
7404568
206509685
222329206
13025705
115037615
47406686
172933713
25848312
89579522
96688886
167016195
198908897
92577376
80051093
154104783
85096073
57824155
92766905
123525555
154489735
207993265
156635819
121445400
218603306
208961139
19029621
84492153
107167186
132295302
105073712
215124503
115504794
107164178
117073244
145182778
119104636
118257730
184413346
111578409
17454346
94554161
37257511
107596440
30389348
114851193
56244886
8044485
25998296
58450008
25447594
108074740
13953279
170846627
222824344
5233069
186240328
153461686
7508480
168817286
59013829
60347038
152388160
59062744
188462183
79394182
135511568
132333781
87582365
214076956
229337252
25962292
87494628
200023776
20733847
37101298
115929564
106641012
97536192
116342739
32010742
137574333
126832487
209739251
195319436
132665088
94422214
137700218
88572429
214274410
29198119
91888698
64333212
175985168
43176541
196263332
224637499
187164040
179184085
173908367
134191651
218264023
172586640
159120702
85866839
110297099
135204297
79099451
114982804
158166979
78680602
27597700
37355079
12568962
111192142
22890902
11175282
123859468
35744475
40894403
61194405
118020415
168664989
46455060
38562717
5624180
163976134
83004573
64299312
21572570
109916151
16645595
44454798
84655353
42469482
68994035
89579059
146800166
101489559
89428832
36043994
150425574
17163709
24078106
22624107
225214202
47361994
176487999
33225156
142858558
228588927
109865422
155257377
118825538
24304059
41252837
205284078
103939952
145003942
48903963
25266001
242636382
6716145
83024536
67576741
208602510
156009672
109440079
55667613
198708762
27429453
110720759
116195546
152971859
109458606
187300688
114919118
112149911
220799006
118951935
105190257
107447315
71858260
112922629
230510659
134076214
180719951
107303353
77588559
213078399
167012832
16811720
116273879
103742228
98793115
209806123
57250837
117575365
229782529
232106722
129079305
108265165
205184975
123222659
135752657
119658568
7471956
173137800
36859775
21388059
13027010
145144999
209720716
39738962
239444962
70529744
179605197
23878623
195766513
58601128
121934171
107212237
24181201
39189849
51742445
87965981
57672331
186656645
199367649
205681424
6754298
218982842
201558673
220266229
206309299
51043591
232999897
65651343
195290857
124998297
40122210
239958210
160655221
235426723
183341779
32208970
130543788
24001126
72717897
114199237
67556961
12182639
242901280
183002957
153868785
113023378
164585228
207772820
29184546
228473575
55383119
98105786
81992586
80282708
119671159
44333843
48760429
107983246
126995645
34837297
44291459
53959788
167150388
32926015
19750142
181127616
225922683
129118501
119138287
123194081
232328348
213755073
119954358
223965562
214770377
54171241
13707964
208240234
12356620
175761454
25524270
85498358
38327776
110345322
119827605
94471658
127245620
13023649
55125723
19306658
53393577
43722744
207139099
222926524
193553205
219582264
106757100
136512047
21628991
230418820
22666357
21885134
99672946
86777723
63354449
79435181
115106411
179046667
167235549
6321934
16352893
192785649
106578170
139079423
59094815
133409977
177029255
139967676
142591779
156699309
76221413
126301158
23647135
81555895
157615801
177930266
175979494
221484025
122990057
25489148
52392703
106669524
115714629
17874005
133096773
115197100
119264199
109012523
111853545
118334339
106638894
222189466
18057583
7285217
136144146
112106986
19029475
203743815
46536285
43895817
45060222
15095185
15244756
35915759
109582325
110228918
119396889
127646317
67107395
82444919
152349452
210258973
193321397
212526048
206762171
192778507
189494733
213683484
211906465
209281052
199870312
187794863
122856445
188498930
13009464
218896936
212591860
20862967
25590397
39874870
135617419
158397209
75496037
153838008
66750636
88158398
30023700
84558642
160135647
170189213
32519161
17885314
85910773
154843209
54947052
200302940
128809666
208206292
224078746
74348667
107197492
215776073
185068444
214518835
82449879
35509515
197215315
227137672
90997953
109392747
5031270
141930933
69573111
168324413
16246144
217917238
142930471
220467501
224215046
224407226
77786263
204341873
49561121
165074177
114576924
153382791
40849690
40251801
42587168
37317614
38848298
37443725
120220032
39172009
104888236
45972290
192293062
230994596
227124871
238420706
212392736
77762214
227448409
96145762
150554949
4257296
131454356
124596232
140138322
111511024
117511646
19090623
158682330
32604293
102127827
182564458
196042699
213636995
218724020
154162430
89135247
206980753
48936261
219082200
42355034
195990979
7389538
168901914
214412975
101288863
52522583
27511471
187901433
136296148
120669459
16428583
19705860
127992070
182350380
26433611
230809760
47969926
197692707
66632092
87333181
235436005
12224954
22535854
125636042
8420890
144234315
112144203
88695189
99327075
108625919
106552086
52723324
98441616
87113188
29115146
135487097
77346767
78594547
136747551
211979978
230595961
190888083
118434316
16993181
101144938
196536183
217592841
188496995
191178450
15447263
84557663
115531685
84624679
87738301
64799237
23458238
13006759
59958717
232491130
125093492
122366448
178638132
48745678
118601028
138742081
148314886
178962256
228188643
122664953
51901309
138719872
5986560
147534265
155748848
181857536
79552136
20970745
11872601
109479142
61663448
5527217
79467117
135357627
22620399
179138674
145430867
171266678
21143815
114794774
66556390
88354738
198943388
129429075
86775712
204966292
120515616
32062552
214891953
173210941
50043663
139600240
207119660
137279467
31343272
106500756
120761903
204857777
22822146
57357974
13564314
173004305
10501807
224517664
163283873
181442745
217592241
35797142
218075858
186966043
159440787
176101870
116779739
147113880
133331398
198946144
25447778
216617546
189024502
223319288
18524115
212770509
230686171
233608037
218546474
205918753
180582035
203645375
171178787
180365258
123202492
104479958
87467448
119651289
113886741
23947525
115078341
221827418
132806656
126380642
196675449
103772111
22154191
97694220
137528320
128906184
42264964
17855192
72210354
214822692
235169819
58150908
63408878
26891909
186850952
66509534
112741989
110816234
181334783
225689545
205751503
205933347
214782965
75410211
157881279
106942283
192886709
67154747
39627889
38223136
32897345
22050212
195163384
231927677
28514614
187260744
42377625
8821500
213245439
229401987
101041806
105425975
113064548
122656002
117472611
44465754
158785573
237507067
21312995
19920201
16644082
27151461
126838734
122435283
63841146
218225266
215997199
205681105
191606830
198041146
144684328
73732656
129567251
23430544
171075275
22161279
225467591
95411105
27980931
230362695
133815955
150465021
111616679
134733189
12418629
133486906
179934826
83479154
189313582
180284370
60071411
64972998
70451593
72081986
228460666
71670931
200240279
142420412
167336678
10032390
12141054
196457270
138387832
31783584
224229499
149332675
19199323
161706232
38765064
8617377
16829823
37145256
138928007
118274754
121301316
109504469
177914099
5578004
119470758
124877039
23777737
81193078
142805514
78159017
134243865
29094845
68019973
134745211
122134173
140474558
118589324
59080369
167698117
167404709
195402115
80724315
21976060
242375103
118228808
47146451
32400257
132283674
114261798
192520328
118260834
170950659
143320616
136853374
115888179
123494976
113482890
109226320
28792876
165704715
215570021
108060627
47418105
215687111
238610083
72786728
174155743
26377051
48136798
176107750
106902224
21381554
162584430
169109579
73577151
203644050
6790888
112855996
225748773
113512122
158428085
144179299
223815706
241781824
55673569
131832935
39574155
19650369
107047856
157520618
111904628
124157257
228982305
65230601
67715334
151694115
63128939
71905632
70784320
119689505
224806331
125008024
20964028
6563945
83797990
152936493
207069466
36504565
129342593
169302469
24278781
99660738
186006211
25094689
79765685
23203048
81578121
107748348
229444929
31658078
103051734
98825968
63816149
30537376
117528539
122303467
226514376
116429467
57157420
42164241
123001601
122443659
124146491
21103898
78093008
200186751
37005298
171263430
76322016
11729555
113680662
133293051
177022953
210752303
71104138
178672932
32701572
153650937
81062675
200990222
57720607
155524653
217473766
74668411
76464159
6746104
6746360
148508871
22308068
222474215
232208252
23256789
201055917
28563942
32311017
42742980
177796608
28151971
130670653
103223820
52283721
205165842
190067482
40206070
167403191
229605476
11720369
121968813
120580336
16007157
231294337
22226440
113838155
217943338
206101871
20717466
103356397
129214297
72079565
119811417
16373667
210568821
122559124
221741145
79983577
76828704
205333681
212981259
116377999
61085051
196988090
41608299
6395597
148069307
204840267
20231669
92944519
113847072
131830666
181216606
66355973
38199136
144332347
53356087
166276723
125551269
208121337
220976157
174465273
120517120
56605281
199427413
89039361
78457869
81735658
224206663
227356771
80831402
153701915
31173159
20787550
197189212
21879833
24827554
67408246
183069815
215305996
14076610
6583227
124853768
152430784
63803159
25193483
142820225
98960779
224218215
82406263
193549733
229084729
178708331
181367670
179386324
174472334
197480092
185337326
92744976
138839697
123065361
129899931
162681539
228501314
104833478
21495566
216278511
169911757
181040054
123533984
125450438
117189083
126760040
232177862
106532519
125670304
127236352
119584010
111017681
128879228
172944724
124958204
114203723
121191334
123742876
170343192
107443785
104437813
103547085
46149556
67696896
26423452
198062050
47925025
140527989
25846751
90308188
113998283
42861883
52574207
42997847
185466365
203071026
53900338
168683279
233486725
194537575
162231640
95568361
159592056
22475440
190262167
232557375
228026749
60627033
103480348
206084065
208989716
219743924
187363815
63840841
74677966
18665332
184876757
209568590
186260449
176963367
183699790
67570155
31126485
24340119
118349252
121591543
110091507
68583103
32241651
126870215
225252217
101538700
133044640
11449361
181639674
190815998
226050823
13087244
15858101
212096341
6947195
233274234
117584220
35658015
171428892
107821368
36129404
225023397
6271992
173665357
56068903
9129760
200491982
7744382
71006017
105975553
111549912
34690319
127291823
79357949
200615106
218040440
42919835
22503956
24404827
117384302
92973758
179599062
111942258
143317194
94185571
7215362
125192152
26266472
27590563
173948650
150555988
158880242
238338331
92953264
8467943
135361859
30084448
23853283
7422145
51672526
7249634
147692823
118297408
28969521
12498363
38812113
115814362
203901008
144844934
35597372
146790851
133912556
36050836
196720828
62397091
195087655
48631426
45722796
143460281
170587352
242502977
74767869
125241439
109910741
117674061
205436194
95306408
28657826
11447007
124313324
81712051
92385377
106741016
21757397
129544796
64535464
49184471
190495561
6741000
180758727
12527093
175967027
49429932
227429225
155991614
45583542
235399205
208962227
174787374
128492135
79894383
127003225
239125185
135371839
150414043
217561922
25017692
122188046
178890423
21205260
27438071
239274563
8672876
68121151
32666780
222415258
26941569
154224873
76560828
141113911
123058226
136158163
106043049
51671882
39123815
20142479
140638670
41178617
94543721
46866698
154589066
98929924
134849075
46677616
127169402
167558220
55164891
229132290
43407531
201095620
221283104
212503604
43707487
147588490
93669495
111086959
137436305
178232410
67699993
34848364
117597361
175630623
211103101
122253111
81145778
129754724
107404270
113706108
178103667
179245774
203576703
172111425
119526566
207316231
129499052
117228739
20606489
121921924
203212986
235493508
25844491
168113351
143336236
235156319
147639048
35565815
138775131
116298206
155836946
7226598
106935951
107704718
118418050
57511008
65209620
120756481
89634396
86639064
12788864
127015118
152954629
92889270
99088283
99401755
95566696
154600568
99358444
100460971
77337553
38250498
178865338
34247643
190376269
45383150
211826261
111516783
22389474
160563783
104590091
128671509
222041706
17111915
207203120
111607254
157162853
121503344
155448417
24841924
114049235
66093154
114332824
112129427
238026075
50491885
7211429
15447305
17964738
84843487
131636012
27859583
108215305
56357723
8337702
89349440
21642960
213457749
23169908
56430386
152398424
35391804
19091119
37194699
13733948
121166431
118710335
104609274
65492339
98298178
145437340
93835901
104178409
74553710
87298332
219774548
122276526
106556423
14183746
188220863
55424473
218041548
57585006
81628978
73508816
86923692
144704519
30397813
27633756
16655830
107134101
57295176
177715747
76831940
114021894
147914432
55526267
13039946
121968420
130243865
61131570
89013088
66345059
11737401
133533489
28431289
6817595
26795775
221644186
22460125
54122137
74064759
196731196
146832742
41399007
102576688
42699834
116927368
178301506
22107946
114527078
221453592
173383386
111046732
119173074
87760262
197431344
22562266
117339323
117317637
110973322
110627482
115009029
58381622
154822209
28433651
199696831
136624108
184005911
98550380
18003626
70490092
11715278
15319205
13126715
111107631
19805553
23407362
77722834
144837628
134494877
135048397
41335408
24140902
39153140
217084053
135427578
210577523
92572270
213556053
226323776
22722099
4661489
204596113
50628607
40174528
27683966
118814435
24317392
35938576
117286678
117105229
35053634
143480796
181411444
85944191
58751555
156263287
131468552
119818621
131426530
128677765
129927108
117223856
123760841
178161103
47538532
172804121
173573565
108974774
138105950
135938563
112293707
129164931
118415870
109765789
17608064
15763712
132193575
164174540
23312611
195311100
175710643
208364274
209733067
242226817
107607566
75582491
26737276
225363943
83552841
11614541
27683774
31708385
18052314
225498263
142716098
149285894
172083612
29955459
28750679
103768018
144197936
187406476
18908575
11556983
67238613
68047439
131422181
116268642
127569939
136293528
82876264
29431141
25389408
235179201
4618550
11720695
230178566
122823207
156690036
13233067
220627497
110673364
66704261
90416127
67719767
131986850
54017314
109492526
23687756
134612466
155983552
78991353
110420586
24416241
12844513
141949020
6948630
27794588
38987925
79800158
13385435
192097392
181339510
30973081
220688087
160797824
74732451
215338349
229496612
104166992
163043610
49627929
121137719
127250646
29338051
165849426
20490607
139310762
15874790
84260359
66808328
41126473
219624290
238656642
47794540
137047110
35280625
55349158
218053034
111468402
115708225
112365112
116683241
36292612
116330767
227764504
73765933
112010711
111989809
222223480
11572177
49753466
107630323
215955629
115788232
120373025
176520438
124109814
81191530
90972964
127172448
126284286
115396185
92295971
76541499
169494503
50235387
111912207
205721007
237111548
137535957
144610012
5898095
35654263
24482908
234074684
37320325
11821111
177364300
179177140
149572795
20336815
64365388
151065042
122466071
41677077
102823310
224417638
159831312
119222842
77345170
9284766
19719174
72761041
85225322
119415063
40046849
53406315
7678821
60573375
217266664
77241551
86152251
88307490
87584387
66332389
227408828
103363049
141211961
58379004
15150190
123298149
115768453
46577362
142814551
113450360
107278131
113622952
107212947
111282680
179327426
173871249
108229140
200030904
191301236
30354924
67654661
188433017
83480517
111065484
173279008
5965713
82064535
72961267
7383175
122902426
211374542
143662971
45785788
128301559
117885529
90482137
83376559
123171006
134662205
230956965
92613573
99918124
44890626
111774118
17206821
51735059
200744419
113401456
224933754
110233043
12559500
105976020
83337943
53617932
59532120
113826483
99714355
120192189
206917645
49673124
44229358
192869766
194785550
239719777
6806213
7324512
109773548
33678361
225628258
203414221
195399874
187563692
133084359
34856303
224428837
124730046
72472760
113441864
122076474
120748061
113076584
86705127
109822486
129856297
119970633
118968707
120977137
26467396
114940945
17438893
20457962
124572331
229090910
220466585
121655630
51621914
7839839
146839263
89370269
190728009
144549742
117293555
73046245
157731058
58253630
214632163
133607759
27052725
43272619
85309227
153446686
38219614
172636383
103974928
4888340
120148306
176515220
135041720
208181585
62159824
38307356
43598333
43122148
230147547
137866918
129884623
173473745
173995345
239150878
65086737
72490475
46549374
185469225
129843353
115401044
130083767
196521635
170510021
226800609
153093220
117195516
114535258
219124576
44459149
33713685
80462465
214515895
208264721
82649607
226957111
226354235
110777249
161733320
218132672
138220162
227901856
186996072
195799683
40926294
137135783
68334340
89530427
23405240
60899500
136278695
130451452
124319981
41570898
111397592
120266271
20635163
20367779
20738401
83071823
42090976
87119174
22873097
72002256
6894150
113809627
141076728
49765798
188991569
172248208
125518488
172646992
28727804
76468532
25876932
46996666
214541039
126946742
220776724
218844664
104144011
110732389
177170895
145796909
115076023
126526622
110733546
209923051
52093811
47186710
114000362
97149468
138923113
106447121
119299845
147929093
52500405
220017223
113329523
134563995
109094865
37745146
26578632
122438762
54865050
152833072
208946191
125226160
113304125
244221055
118668036
50179228
112424885
16082713
191741979
113749416
130535020
19211370
102002378
178797719
140775280
49578736
19031755
222436426
213925133
178774574
29411030
194278853
209047703
46660256
144767637
96692102
159385359
16636827
155944207
149538459
214377161
221339244
157522340
156160635
158554446
28124357
159145213
20211856
117330789
116881660
109082788
89794273
124398332
50373818
106296140
47315733
116318723
118150720
131188437
45048339
130157709
134530442
235240225
211100271
143650633
13558236
195934038
71956314
106855953
204242308
84059437
9019294
56363810
21956902
22178909
216158274
49450092
178299614
184614434
165995343
38632237
5619282
90089106
176638169
7517759
166437446
222679930
230138529
44095901
77076783
67559901
75034877
90774496
36262151
163849497
212559104
136472100
126519372
24415386
18974886
42507905
8107010
122201960
5734771
151047011
106301108
139428009
209935444
80238247
7004545
5588281
192089256
21793273
214714871
135486537
63774719
139401133
166032340
86232635
77698446
88266850
138561991
138048062
222548424
182281538
118997830
167805178
207885523
176752320
27523192
9017641
31638849
91903788
6055824
136384463
22846482
198006014
38513853
20304551
229423270
123417150
241457087
8506816
170965578
164935464
212644918
193940796
25366401
119569898
25710844
24491514
181502589
18732280
37828695
129265977
76692434
194363940
173671433
140882521
184237363
63762422
117769704
89158782
209039408
127753940
144881148
67050785
127401980
114603905
82754950
44747826
85375296
41858996
7451080
106579924
13967236
31138473
24252416
24515258
142849316
167108357
152295969
90557446
150942944
158004939
148224892
162113077
176355250
94329420
87016273
92791591
111051849
147553651
178001203
7301772
108393504
117554845
34214535
4950034
227889732
105888557
59704923
150157315
184469650
109706837
217562392
22846507
24528242
37669610
138536091
235536261
50228112
200417568
194248672
175449298
231667361
68227675
23990939
165911994
5733682
21739930
118649351
50271837
211376883
202488130
26136087
119824348
163417498
17140556
115022297
20730340
56910410
220405124
6864858
12095934
142347427
109373064
39750143
25679081
147144831
123267490
119229254
217017560
226692602
37561634
121871562
157277465
118157128
63233279
50939084
48072300
189847954
31017376
60017498
123615063
32635847
49503124
24904667
33747338
35193785
189700249
213319094
84086953
52588768
7275653
91133440
29816087
8032832
139582218
219679979
25727504
24018622
18951925
81289795
152458722
76509729
126933185
24459364
168827067
129697149
199835504
111156081
51546084
71143386
205379724
61684265
199051393
56629949
101332243
179050101
120205786
69393470
115444942
4893004
94182935
42781245
155813285
226980284
28686620
17646812
37305754
191020490
208121754
11230466
145780199
29426302
160391208
176076792
145490495
122558943
162204431
94348421
172031649
150858159
219033080
225094086
223367322
16033524
123953930
113893560
164306063
166150873
82605816
136254888
19335455
143665223
192449696
94433290
73091611
143082453
98782716
200943264
209072749
215691824
230237049
145005598
82910731
79497044
36652151
142814363
81739961
132697655
50722709
56687761
190670957
134847736
147440504
52512457
240523165
193238817
229162472
170494265
206290882
86534467
67668210
5478097
91331726
13434408
37150923
96757255
156423042
224945719
224622470
206100533
13095449
190917338
108715279
107023506
124752578
54445170
109692338
133022471
56728099
160298591
71082958
204898077
87140444
76907216
23084653
20935639
211416845
201220210
202023665
40995717
105938708
60559549
154959808
36973031
80644907
19014833
220457399
83595799
136915253
213560016
222610422
227351768
28003789
102702612
107339251
226079163
206056213
198661057
55515299
141108980
125624306
13148488
34156419
148920280
33333061
120229970
114690069
117783525
68711777
44771017
36442344
155432491
49761831
110476569
69973679
7317871
82023504
216623820
114992473
22083910
212354294
61372635
208963705
69273426
216685385
212388118
222135354
126207771
37850221
234140260
179297955
238227811
132288863
41317514
129961279
174111305
78004844
79616351
167678395
63024648
100123945
220548831
232630310
143889827
232501341
212166282
30609257
218572905
24799597
238722332
227494564
102210379
97524411
119028160
173546415
193166395
119692626
147710189
210390958
112072107
200546094
228640616
103222700
181044370
211258389
40267035
13593415
36730313
12363300
117288879
38924440
16430478
25139104
33773477
238274619
221725244
51231159
192740904
204961795
213575148
24298646
144124256
47146862
79476766
113858636
85033897
87722162
91005928
38107822
90547283
24381028
24759284
105522608
160366355
241761758
204151917
150526010
6136555
214758233
161729033
23415887
45450695
46860452
114999373
35825247
124294186
215615822
124517787
20493754
225408260
197637815
45628921
130818658
36597609
120463993
154495155
118130632
127334036
183332681
128973429
142023777
41437211
50045671
74512672
144995577
36563930
202239310
119658740
115091323
50227483
133624796
134736276
86354696
120490353
219385268
91864394
128654472
133660872
39379118
123610033
190730649
32512143
37928374
118375118
118273374
209760933
33102105
28993978
105373580
149792477
87061796
65683513
231122527
212513868
25898487
27898654
14966541
172597233
47389375
138727238
210541557
77583517
111697446
110360647
22781897
7329363
7391291
229730657
24931420
206083853
116371521
45145377
73508112
143896576
225376226
22291842
33695415
88801614
74541204
68502102
50308120
228549186
112330518
117688928
227617629
108162832
149981384
71911521
167710812
121987664
139608151
17334536
66525545
32896479
36627438
182661074
150822113
65158458
13438147
71192377
67855755
217678826
169225444
23142238
92496559
25540349
32274787
188240690
96145034
16477977
77522081
6268939
206743676
135084827
151637196
7125337
155501469
100279170
226191588
144948487
43460307
99405510
111346536
182411369
207700849
48972888
114765209
112997590
140071007
47451767
135283406
192200762
159834765
168761659
88895229
27566252
77203522
13022602
113186041
22330193
36449415
19952913
234801569
67696761
173206745
98938916
134386622
204427663
40991740
39724635
41917224
19756263
44918143
56675117
65375092
31540664
52675030
112061045
139648457
181614067
142835474
5374700
110066733
19611525
104878220
130968617
65841220
108610426
45455612
57685859
12187002
115013212
19703378
5918688
219748329
7289063
107850617
147690418
237561661
193436272
137867263
233821667
218231625
215757110
65841136
160995769
7169287
67751217
208594396
114161210
224909125
44351196
132296661
51321379
24457234
112735263
173394448
188452295
109150954
210347919
92761582
182888842
46154495
17839307
45372989
34605562
96772276
139636476
18455188
68623412
135249150
118536141
101383790
58766973
87211991
176556359
120656638
177930506
92031518
82706550
170961372
113660831
62995294
230354590
128938891
69423405
70214507
117575182
133876061
230012613
190313778
36470887
77806469
77226475
193336615
138153660
71555524
228146295
202066231
6856319
98745830
50013219
60600889
8379281
112169203
16631494
44903339
224716602
236468540
112367028
106364116
182356411
171643371
6302864
47507584
163305423
104877392
62867594
87558275
48740637
130447574
150605104
154521889
22445770
148449276
6013840
22250614
15486250
16901672
152106951
88983877
141499995
147768191
171989475
227106569
218918345
112334551
26263655
212610467
110536560
94629919
159595039
45073522
99231184
46636437
133917651
33857293
200200847
22686815
164397565
43993529
206094926
158381423
124150933
29688655
146967200
228341497
241184798
213488627
52324845
42038925
21861911
209783648
155081982
118151892
133879195
125110124
188480947
22994839
21860703
25123739
149533853
149267924
140536554
226695196
20345204
124284289
12275670
163077160
15896842
235651619
167716969
223478533
105817932
217637377
191099470
39211692
172755921
26421523
146222614
41017647
100601904
26682374
26966523
50569268
183050201
118915455
132806363
145135040
88500911
105624887
130727012
123698729
97578565
219240180
33847006
169593572
125133737
85534886
145348841
214875325
136708784
123997210
131470429
209996812
30064455
132599202
107699573
86017242
59272186
18716209
153191551
80082795
16344334
57715170
103876395
199530885
24041343
127083671
117112240
104931505
108555536
172085242
109261460
15848042
229087614
194527811
160188300
159110676
177633984
114268111
138296191
40836917
191276033
213788588
92229850
216092496
186861096
28934530
228091961
16729332
24314142
38004561
42517188
62273979
111719113
119092171
196371765
116064092
112994826
108373325
228188325
122474336
152428192
119002059
185204440
37012359
40138558
106228566
44436770
209880567
105519955
46394227
38285935
203675166
135977083
135570304
137679102
169775684
65504608
88420162
161066156
120653311
117092131
112471188
35771232
12472130
111662429
21137535
142416135
117834915
110803689
68740620
27892112
12842952
40961701
226341663
37788139
109979127
109290155
115159490
110544088
118372004
54965806
110115799
76736547
12500178
46745344
154718557
54744486
55370791
229623655
19465894
81030070
152579839
48147608
209298399
159143956
81736553
100494255
87532348
109549810
108913776
112258773
198029026
112287723
121345788
108679674
123359713
208725910
109952594
123072926
226603431
48803333
145087519
184037099
178252304
210237457
81722092
103463988
68707780
17576716
208764731
19274165
136872410
218932631
238593885
99182748
228233735
41443935
36742745
157154557
225795615
16470870
208725388
139901303
35083041
226340036
199521605
205660755
162290622
55759654
58235037
13631005
223896895
12349741
45360312
87444636
84789497
110928607
68995357
48594863
85646468
30315275
150651389
81124550
85924343
227485634
173375708
83631125
24259032
24985805
11201969
32952613
172340649
31878714
167284706
175202398
170943097
120721663
54697348
111707241
204483712
131601285
125579959
65539910
25909381
129361421
194985509
212739241
26895164
134137367
16361866
76476463
114973130
25409209
11685610
216303575
4223022
138342988
34834058
16321686
214641079
125139521
114368524
111371316
67272716
18043229
121581938
231503515
145168125
145149232
124901319
200664366
25603633
126587682
157372393
48865669
235579711
124370226
12578250
79135589
237125116
149605633
219035384
220314630
79064089
198787073
157801764
233222939
115032781
192994420
196279127
215942142
20691354
52575060
212539124
230805892
218734249
73835330
36124268
179485931
16510792
148441111
13325508
196578722
84152703
51985019
38999736
52278421
14834328
35865060
44003826
95983045
27159041
224503703
237689957
206577479
102160669
7538109
92988983
12363561
14721159
211125484
50806405
213662808
154552596
232782628
192350124
162324909
32825169
12464999
79853941
17722908
148814276
25959646
84754725
6080428
167177389
47565738
205202382
127887506
223275750
127045849
82986829
125503469
34520491
230060027
126394917
114137782
207880303
15386968
241811043
218187283
120081795
122773762
113578998
111089940
154548189
156755820
38262404
64311476
140240251
169044982
72307395
175743935
38260594
19997170
12590154
167465061
57233691
75154282
108796278
202963042
236435515
219765780
228436007
120798078
115352359
224948795
69056034
11912138
115216137
109500626
131849401
235399490
177950223
198790353
34281315
119008953
80273133
134517852
118945680
138775099
16641571
106684756
109107094
98187903
24725897
83009175
40159400
76395638
228550985
97490126
131691483
240283588
173240943
243337822
90496085
217460906
29934613
146287996
155250570
5560806
31808698
129487077
172939095
189529017
22825499
82786854
158833287
26071466
161431225
173438152
17333136
102391153
42172250
188164284
84955136
112533361
155548232
230770754
236844932
94586619
213488160
32072424
225733114
208207153
117107423
11699445
155490018
220620937
226955995
114342119
116054714
51032755
105067278
27792256
79144045
28044550
82667145
82047786
41469607
112427369
120789017
135897105
16487576
26534834
23095734
32728985
20668900
80717573
11134585
151336558
128118415
50581662
64357710
29416640
95725386
160939713
7599298
58152778
26293220
24466217
157426191
129025371
111081027
26291270
230719389
87350286
105939342
228244377
26170407
14855385
43733542
88479491
77656978
87856103
114050492
78098739
206667431
13294661
99826929
119733671
114489245
108385070
201427766
136579627
187632098
90657606
193457720
93388480
193474792
73774122
119587391
80870101
146464313
88829952
10280053
43089756
181781835
99930758
80317729
104418609
136644787
31522678
63402866
164576572
24913851
53193869
125222315
84408519
19124073
116660337
125099956
186077004
148626909
118640391
127228624
219877228
230193536
63912147
49206839
11310639
5829791
82435094
217066664
18046818
205264754
148411378
92651348
111781375
222258967
117385403
104533904
136927730
107478886
210616875
74194368
29297528
33418845
105842005
104277296
118669129
146623904
82722312
210485534
213572766
77647983
129377840
141891914
117227829
69012028
26850404
215775465
67117152
57831215
24720700
209473475
82434321
55905790
136589252
22872982
112150891
67074509
12068975
110703209
7162323
133635997
208873293
141025132
49700813
38667531
23047514
156499935
185723878
32848495
37690728
144287242
157486658
153130395
232962266
60022437
110048844
176245065
191105568
145172103
116789658
24766914
119656139
147251815
114247080
208134605
132319942
61167525
49247899
24636289
27831953
53431469
92505171
26039423
25603237
216801438
141695612
189978550
17514619
172226170
93116738
231577982
153388622
94031195
126663190
204420046
172149360
66212335
239728223
126939096
141815707
56099031
125107243
170902616
129829611
42690062
181348347
67865464
65004533
106183120
18501196
36843943
115844147
177835728
163585750
229634170
63628039
174117971
143809200
188132239
220639559
21393353
24742103
221046100
12507839
131424989
21034331
202867398
190251047
153499920
195769191
7165284
118809050
215728791
91179835
23985685
28274754
34831615
125865024
74081637
16559035
55000277
108546925
50475168
172095266
77217713
155436364
47995235
42925746
124715044
132018863
67101805
35662927
41622488
137190851
85464062
16188469
47300712
190046348
93472904
118431941
195523303
238599296
5820559
99510328
224666216
40012567
18301240
211012905
103041622
160579549
235864704
137365854
185664567
174107217
198563523
153488252
185461372
229954267
98914513
25195300
120786878
18034853
179882911
45449401
24400515
122654366
100868793
123998046
136286658
12100802
5402385
90998047
79974125
135996174
37881850
141537604
26983221
116057430
127149654
16052248
215280919
26966724
43308376
98065241
111811868
217160751
117161949
189460253
205602395
42506949
130364872
7367804
32519364
30431075
71776266
225684551
218922311
12029645
104539731
118794753
119541892
123726088
104524985
203379687
39882719
47255209
132057053
28216829
80553962
81103638
12342202
216025285
216963060
47454916
182683011
168242363
227922935
219595417
231401697
11466955
195124995
137299702
66892961
157957314
99837426
50302991
117358236
120593216
137277627
112751266
162013515
151933704
84131239
89508737
47327014
88674145
147648685
92380227
228020538
187759452
128405966
88803709
182029690
70050452
170574756
116531250
179012390
229831833
137033111
171306277
16266353
111119768
118464004
118633701
193991623
137515029
83657515
5523243
37908517
113932254
205180974
232661882
6498319
25918296
243542368
12646154
54711367
109720954
4943053
149578397
178586750
122509635
15865234
135640881
174006971
154936940
40433530
164432862
212120168
169139804
6250007
135648542
12247512
152105919
115424363
131893987
82450471
61810508
177178916
207074904
121181985
35962639
48475528
229189185
78662482
96296142
156237524
216794903
79078643
116400631
33981184
35228620
160970539
88407262
79949813
80548790
170034368
122343847
125460722
167922028
146743175
39963245
130858269
124806366
109827886
51811277
27088824
28091603
49669542
230054497
123602748
137991631
94042495
147005446
18567179
225542299
223123979
160162605
11556392
103271665
31099109
152073638
132154345
123142397
70479151
54175835
63344866
135967098
157075748
99297035
100597903
136011473
43001957
13130203
67886619
52135917
43048154
214136470
171432669
205142009
218898722
101631527
30010041
123319678
182387158
191311590
195146779
51735118
110298517
120517566
26624201
27995334
20522421
74029329
26493209
105086223
202122841
38025812
208117194
32219995
51741706
113173191
33373883
171969443
242491999
158657578
78200113
107520252
80492885
56097241
229185307
226248870
98957493
18392608
136704648
46787705
87609098
148298151
11788656
189066269
217674097
157851534
155732875
74836344
19714575
173595511
79045652
107502547
108156204
103689782
61556616
82344649
124753771
22736784
102546381
113044547
120035392
111388465
90037985
175609731
138779263
160918329
175277232
70789411
169734852
116622261
65667354
169589084
156526481
88068608
132776240
171060215
46286709
175688319
224486267
203951792
113793000
107142158
215837847
61422335
204237847
35064316
186496417
68064261
178169978
176037758
23843871
126297388
30684215
187767258
67046040
243056030
50083138
229850369
28172089
23841723
173643339
28661369
226455575
216012119
232678724
30003241
24929496
182624087
67972260
159661928
14030739
21392667
223093000
129395747
25517152
219388693
26078015
209265843
82521103
57494312
162163241
4144946
239871491
135673942
44790542
59990238
145400705
137683763
231422792
151987122
16674008
154160333
169322710
176639329
16784479
88853761
170342372
157367562
240231234
172962086
34716064
37433051
57494230
125964995
117977325
6502825
236534941
38962237
235602080
14203883
214939475
15139060
89114794
39986818
71938472
147605851
149941475
232480858
94392674
23555415
136999770
55402573
176886195
175910162
82818217
33346062
203803056
176674542
216905640
198750847
164244409
16394602
16997084
214180340
206740666
7558624
146335540
118654853
168450105
127841225
39347739
96536330
186357526
195323193
193875825
203261599
204183778
199550470
168828413
28741709
144002739
227854974
108610796
30636466
170293826
107574669
107155794
118774810
126439629
232100679
122550046
195459886
58616743
73069804
200053503
8280064
185539231
76916102
147973516
141101886
233664423
109033548
168150172
117889298
112172755
235863904
28536348
28251107
118658860
115225792
64114467
134769697
84951116
86594299
227275575
16587866
60124053
79296810
85521756
52827993
95041287
188619906
88434718
228553658
71132515
70705756
153910181
60909585
96979811
132459983
22608199
22484334
166869628
77038913
108711389
137706074
198512914
179508927
130080982
11953837
219658503
45086533
151290847
140733280
66461087
18774383
37565812
89566080
89404702
58261825
109019035
76268243
157462443
62313979
109939883
43653175
232726275
22579701
240584383
120383953
5341604
11827847
83794552
61015461
86432090
11327255
181683113
45686924
76738867
20645206
226359684
27257321
22383921
24922037
7138595
231428993
13839779
135261268
112658936
175405875
43590789
109394267
108717365
234848095
38797841
30201238
12596478
203930409
217015657
110012563
32826924
144543679
35409911
23637912
11873678
5818011
143992157
19032834
63898281
30522078
42603933
147285891
148967172
134727937
129703523
130814592
37983505
53152202
158546761
13889597
95063523
141142593
115009889
23151691
151451263
21982285
56151343
233167941
25888445
221229706
228913115
45516297
45257307
113960839
116719833
96929678
8048456
46107032
48416450
140744279
184557950
153101055
185174266
113005646
116071511
117079951
62043713
148501916
114247755
20958203
210601547
39282370
24245022
117754160
109707414
5919438
27328888
7821855
173536280
130807546
49111079
203945456
97802659
12401341
161867280
141149671
76009666
52092512
183127579
143154545
137437612
89331040
197747069
86365237
95176958
89594856
89680206
83633713
147033889
82103369
80951210
19287622
55283753
224578333
190753498
23426767
210588650
168462044
178252531
91232092
228208006
164759478
163609224
86239045
6496549
19273244
88614558
151683660
47556964
166056317
122608496
152306095
15829038
202231814
184180586
238100037
141866594
7210561
108388890
34624207
202168337
133736378
92398137
16830303
61594946
20762278
88666905
40523876
41886882
61036799
207349358
57463429
61709916
169796029
158999274
221436516
118444146
5518496
240379164
54799623
37529304
61329712
159356833
203147844
44947150
107406739
180288212
111836617
103090239
28994023
29777746
23156122
214680689
127507089
28458672
176501275
85391097
80540742
204339119
241140415
122902700
219281899
58773408
217031723
148779122
34866119
96462691
203969251
115099611
139564133
73106357
6070679
109757297
70883547
84852554
120383499
21959598
74161004
123418798
109634532
103460490
83641431
78757296
7095027
92382016
119871742
137103148
119779310
107209331
123475867
43950855
50006504
8966368
147991686
6433832
31294252
81389317
51828724
148157888
213037129
189258131
29205849
46489544
205081073
105074733
6022501
167194251
216266192
19786301
152750467
67570991
112872629
12295156
20329501
20334018
12272113
109977579
195649129
204025884
19943658
23414774
183679916
146942048
121886164
207758565
194801935
49854604
143316008
106396427
32651902
56781638
25427650
155295701
116854556
133087118
20247022
177666186
186493142
116596456
150423873
187800133
13393063
120358451
117100194
77426319
125896437
130707390
126765685
129844613
225332138
120231625
204610610
131222085
118806896
162289975
176010598
162000627
46390705
5697463
231706083
110650955
166496277
192131235
230755320
231992323
216468210
109968878
222919197
46440254
127065378
117795086
119910667
121576428
132464865
122159722
126717433
119305841
130768324
117883763
132534338
132059425
228659388
137463245
125871383
233250458
125017576
79110260
12341694
220826393
104370314
138251554
75875885
49549240
144940660
179476405
151227614
176547893
63758749
132617929
12631587
130603929
240017088
131867173
131883451
190818898
225738401
69588097
185957642
170230642
70832008
24814349
13042825
218980013
25234701
132122164
91330552
106471148
35999429
171226723
138314357
42090951
5845970
50971420
229770814
207679087
78338316
150255170
20763131
192951535
186369400
228710019
64827146
163838117
222174762
224305123
212553804
187217054
235833757
28050786
212673974
11187493
58467220
217806547
209764595
204285423
75664467
142547633
85392314
115929927
100660404
120735549
79790229
228900702
144521288
65268599
129631980
23484860
106935153
147261989
57266969
166719194
11897648
18037543
18086067
113631593
115710391
153236195
60371750
50349900
226735041
39785623
76241871
212700325
32380732
11429873
44744396
24518183
186718516
81137097
178879064
205331664
31699951
211229364
122417994
101997164
223328668
39808071
191745265
225905371
219314785
188307061
131220941
164175535
120445805
141599916
26074714
42325657
32546091
123683711
43874393
138643843
74381554
201698518
40221373
21660404
15337330
48522762
44656730
25500737
107630731
118553255
33270111
56664588
136690829
39276043
84141491
76953319
89239597
116198597
182850730
29887630
68699270
214246225
156290401
31735363
194269548
57249114
33308269
208547339
229259229
14046353
23060506
7146777
153311870
127207029
48523292
105003758
197580575
28523171
198797247
185436023
172994159
117588264
198102433
121644851
83931861
25913142
172967072
161283431
204334676
151603931
149688316
16562781
57315718
23508043
134036310
161045641
81049619
7528459
58826242
64995784
225823232
67690995
32539361
210943647
156861512
134441698
13750590
109975274
230994530
166956097
142692611
43893337
191587327
86587066
25067256
154832636
77749458
41181121
164059935
143680081
39935561
138628660
77378546
84448357
179530881
93697867
77563796
194282212
146234770
114305097
25321000
191603261
11686356
77594223
213908752
180806189
26239134
59057519
214605197
204891122
13118265
111393939
11418879
206958817
11929974
194900650
206293067
224306683
178510610
82822182
139592353
139533146
234845538
113641974
118430111
132092127
228756737
121662863
176708364
204533265
166029048
42478475
83444607
33872157
238888478
117198087
196574073
17452965
95236202
69485082
55631956
226542071
73321929
73293153
158169557
203093859
90108310
125184254
141362755
127514484
32940608
135916010
8817119
65855129
105513021
58591094
95443444
77430927
60381327
170654397
207559503
217229384
106073270
21092149
88028411
26434186
74842957
168909290
232185602
234231485
157986162
233326845
55033849
41897756
156233007
226804444
124557729
225143751
91545473
230797190
216460276
212414904
97735629
149207317
80046635
171296112
156784438
83174312
221456439
176709669
215709011
16870704
56864425
117139838
155633116
71265411
213717681
224548891
165620708
40086736
136034606
188336271
15891529
33809315
104810859
215384151
215764982
61823179
115315874
20685157
189431639
149024030
13201302
114273205
106940566
216631019
185307109
181358972
148795636
134925200
56771585
28300425
103704029
209815059
28036495
75772504
205885230
117286985
190614566
179309643
225788006
125141252
133934319
7621190
28823803
196132893
157568289
216500821
126925778
22118146
21652134
146998097
219024408
21168014
79170291
9249246
49567105
16379271
134900042
160004073
30210864
189758305
26273762
114874183
57845322
116796100
61479739
11520659
34870761
118389819
23022050
103880788
16707731
27913712
120642451
130604166
202843501
26927025
25942370
141336742
125410117
73590565
34084818
37320997
134480649
161295560
235082850
239732446
28381357
113306404
130572260
121035850
161801801
112753241
174331688
109241262
124022849
84657575
228214278
12307223
214805270
219821805
138314271
232741827
68977824
135064652
152772297
126615168
186322579
200905780
191269844
25918181
156908467
42114460
196988189
16077811
224183708
39605031
111977388
16230582
182220144
151588414
19799401
88477347
25244575
156425400
77466822
6686635
24126304
78947412
63845517
182507243
6539433
233674338
166686336
227889112
67440645
199060674
88334188
118140449
136764537
112400217
164449602
43092726
90409121
120487264
22426678
213644044
114728315
116796707
25860189
10965262
235678621
24342668
20157218
209650713
136121256
115837862
26975945
13603620
235653990
51068172
211667403
7793785
18463596
43555423
49070526
217701815
232231837
37784928
189833532
17142680
12819740
68663750
37521106
13745339
7796160
7346423
60207197
50529058
27704961
166351372
114716013
28353830
224932925
209899189
53828173
79736978
203690242
183743063
209343407
120937990
235654243
22277166
117012937
163748792
135322466
7799477
109738635
29639392
127912543
112661544
74635046
31143319
32358197
140749558
156588796
104859761
123728259
108645812
48537390
58244786
118054327
131839995
131778822
23088620
94087480
77091878
108326328
114636703
120793159
122402621
101638255
130468501
130061899
173276528
186764616
234628543
162885107
135346299
182533772
185526237
55891925
79042826
116379956
224172681
41760411
66034334
114382867
77131044
204802077
195199303
76188523
147706459
29950700
32581858
31005752
131393661
123693800
131481663
172345270
121272283
98973484
208641486
137342214
141433815
93293764
78567981
121972592
111848216
113407560
109252171
138260795
83298381
126919134
11730503
192721027
87208292
212393750
12729098
53004508
63567130
54037799
106752589
32067263
21046999
239689602
23356650
52029821
173138930
101330966
106330007
168880158
150997701
165258486
179931809
49376878
25282612
40245937
79858561
7018606
17424003
15881765
12335794
195592466
180974267
148929970
140296539
122180443
113717760
163897425
207289189
91759799
13388097
212095722
216502358
112321931
145024071
149397237
213653143
167806849
174590406
229297214
128506231
118303329
124859864
136713442
125183128
111679971
16618438
160901433
120300291
111228379
120658049
85629011
42800247
86794260
74924917
218487585
234489058
59020337
146076988
20322640
6466925
88072285
87625885
107107954
111575250
212594690
39027786
31994543
34834469
167175622
203504479
131897730
13027241
6794233
120229016
55956189
240085794
43735546
39752558
139473920
181774551
109516846
125702425
48104001
165823745
219996363
197758181
211600789
78256083
33405728
29841917
142249472
159686545
81843369
143425449
47731779
154879073
57621003
112180947
193033468
194303681
26322859
24646186
157824875
170278399
49720681
176062387
177336820
25576969
37736847
173535025
117702993
80064464
140797402
75862909
88975262
59800318
26100933
186646255
110777249
211100271
228541851
104859761
179596271
220856348
130352039
3599578
16822795
200628223
117737970
32208970
50538241
23933319
22096283
118389819
217319319
40352718
36921222
209739245
24312589
177083437
84508202
54554674
7455611
22424736
16114369
223469562
72729250
190115468
95640515
190730649
211229364
122417994
122654366
100092841
41017647
56711925
229497119
31901823
178406576
149009726
67070619
110458771
177714107
221171257
153497248
136875008
136549436
47300712
199389777
217084484
98960779
155536837
118679615
49297240
55795535
22460125
12586662
16263851
36484184
119958627
25563808
98187903
138428845
101884496
215667268
114153052
127686159
24483824
53860737
218818519
13953279
19223524
167175622
114535258
111711408
127281949
170071448
34379441
26530455
93742521
5823137
226761411
23022050
175331117
119868221
78756136
98576993
23604358
115197100
119550144
117421703
21255320
120192189
12085509
214629521
5043269
19398345
24226507
23518410
50492182
208873293
221921691
30233940
54007615
141102909
214532484
107133616
177523692
5487544
195775684
40606631
11281380
120290563
203488710
191606830
35867509
5398237
153093220
101174563
183341779
126380642
196675449
226435972
226603431
20717466
228674494
106449772
160624586
12900552
231565696
122552646
5352113
119741799
121456775
6364565
111708127
65032599
117195516
11406643
46987521
46498555
4234159
28425309
131740858
119772158
84946552
94320794
75190361
148333856
39094212
112043832
66127737
123077026
113197576
161307508
210588650
125385527
30039721
221007723
29090981
28750697
11661047
106201267
169451699
25544348
20195920
121587111
11249298
213969769
50359752
225464956
20135997
38123345
132134297
114701530
55775634
228442042
5632196
57528986
222679930
230138529
80971926
28734949
200138646
84229606
95995228
16473447
118966650
82783720
29791102
22390490
143443481
107735728
56972440
75802759
178797719
27327835
27418463
122819427
188706311
100790958
111393910
120248055
50040223
47149539
30166502
117341502
19679753
10208116
226740154
103772111
202519564
63248209
42325657
218253093
22941668
54138000
39605031
51450465
224333178
146956472
34025862
145400705
188719737
127093645
138296966
49209130
64117806
178706768
108017004
57640655
198287394
190466103
99786833
43817154
149533853
112753393
23756103
109551494
152288175
230261689
235426723
156263287
145168125
36976992
34835724
223849954
114431701
231422792
185986629
60374081
16641571
190644578
214468752
30324793
23396604
45319533
232671130
238511556
231999012
13561308
205317648
158766550
174129958
19701004
35771232
185122998
202837823
31638849
45434286
174344097
7158878
12459052
30003241
106301108
73091611
85480539
176798732
32848495
166511051
37308998
176788318
24689395
206344732
49281406
16200651
5751618
195067775
124911774
213319094
74784712
126729728
114143610
77525846
23426767
119837458
135322466
158387599
157677084
22664043
140665366
154552596
130411090
166055807
88432126
101997164
102732459
35005587
108619423
191937446
48804778
49245422
209975412
21459245
7701156
14144670
144237084
131128276
82244567
18044405
141625700
6060115
161690324
6259284
24929496
130407296
24378543
101410516
110410363
115099611
126174307
50227483
12874469
119222842
197069982
148751068
24849188
230604185
117141646
146641793
26945294
131838458
130228291
142342455
35336727
178130054
228127139
21410994
161895783
182414647
26995477
30161175
116129589
155216899
90163203
169916874
22699011
159694840
88947768
207551133
59560314
66689211
182624087
199970569
137174537
206917645
12473490
178273487
54058999
113122916
6794233
164139922
212227094
229641703
22258251
109008273
88148509
189980309
52485352
214814254
58927175
177593804
213662808
6644108
212787122
60606992
231524381
19170904
82490679
31396509
47940409
88074339
87377060
154509503
11408526
66324717
32714589
79768246
32141228
200156884
29950700
32581858
91903788
6055824
204542738
166503327
175202398
144050048
57148358
81260009
24924891
243674496
121658419
142839740
128943991
182543176
22286287
206635694
149792477
117260355
83542208
202792045
29830435
113363808
132482944
159141190
17722908
28993516
75397404
222548424
224896289
131919905
67980595
63365258
235927398
21816600
229320834
223948698
173330960
190753498
129437377
78009098
67619793
116646710
119874334
41134291
114794393
16835216
35598370
41609495
18593896
37260843
22750924
121503527
169897213
220346116
209565776
158204035
150973246
137817693
15298332
173706101
173483267
26293323
71478863
37206150
26563757
61696709
208725388
176261408
220680331
118297408
192350124
13385435
44211715
193726252
5267947
13750590
94975220
241790621
46458294
51148567
50038827
149512456
145212610
114365695
51435770
32731677
27054782
108587094
222147622
226695196
6605828
117838754
116784854
194373806
209152060
103090239
217637377
198284838
23087819
31005752
24172889
18665332
19629142
182475399
113930326
9017641
37355528
198787073
136384463
150504157
58177879
122125832
51769891
58992144
155544965
88458658
113607168
107320686
182679145
43006814
153350910
127044570
111967002
199495988
5899184
217901960
220109951
92634491
109137351
141802893
97888119
17342949
187529556
158871977
70072692
109107094
81736553
40375969
163873849
117802803
103258163
126952536
24201643
176670285
22005465
20351617
91729169
217788905
207353834
120311742
135282117
30877309
215925495
133186544
130757255
151723204
56224166
18253577
161383344
26722967
151269413
24830814
21027706
49652420
67644369
12027866
32146298
6989688
11644633
115734875
110382359
165612680
114804969
43493444
160779595
177950223
46759188
175770526
136039830
11686356
72723829
88975262
154548189
105471090
96925922
123298149
61309890
77145968
164862569
136385931
198008415
130157700
222396486
201298172
217709549
54447851
12639086
23861800
82404596
21479648
19864215