141839636
141944874
141999478
142147273
142200602
142261814
142587782
142718557
142804824
142812403
142856539
143137383
143251261
143441112
143515934
143533577
143573114
143583078
143615435
143760035
143829612
143881151
143989259
144055893
144069856
144157770
144187033
144331152
144356774
144380924
144390539
144547046
144585419
144717030
144839269
144881641
145108201
145146075
145173080
145253130
145292246
145392111
145408802
145447837
145746737
145747054
145854939
145953527
145994938
146152022
146283529
146400840
146426553
146585102
146890139
146891945
146928368
146968626
146984590
147001454
147053985
147120926
147231856
147322083
147513760
147584651
147684781
147796962
148014833
148173338
148182981
148236431
148312946
148313709
148319392
148408382
148455397
148615460
148781968
148872815
148967921
149009937
149113807
149162509
149333845
149549286
149570667
149604531
149660511
149732869
149754964
149800443
150022674
150229281
150468636
150505643
150580153
150915963
150955184
151008740
151177282
151263516
151444965
151450516
151471899
151493439
151581842
151588044
151615290
151645868
151722065
151745857
151756865
151782995
151855851
151959051
151971249
151987323
151997703
152087057
152156212
152206228
152228755
152256766
152355179
152373907
152395497
152692799
152697427
152700927
152787642
152957125
153032564
153123328
153192706
153246321
153340846
153392504
153724042
153776160
153890257
154175951
154239053
154259251
154328755
154401947
154408150
154508874
154589398
154721261
154829246
154831510
154838232
154850374
154932767
155057563
155268184
155274538
155371202
155400722
155430665
155514003
155580898
155618533
155620133
155728253
155920856
155942737
155954608
156079112
156201390
156305557
156308459
156329383
