128321166
128379117
128384689
128478295
128765713
128803072
128839166
129014545
129046399
129131619
129135381
129236782
129352043
129461744
129577842
130150507
130344080
130376238
130524784
130591693
130733357
130757102
130784990
130993178
131017586
131042522
131167161
131192401
131212207
131249612
131469486
131767755
131848135
131878521
131941405
132001595
132010509
132031413
132113337
132142105
132260045
132261048
132263468
132468979
132851117
132873238
133015242
133112708
133637138
133642963
133805452
133991561
134194377
134203798
134314381
134342866
134461067
134493323
134672344
134763076
134996965
135081201
135203316
135517968
135542874
135663833
135735259
135801397
135818845
135899519
135910567
135963955
135977192
136025218
136026967
136054646
136185426
136208539
136320150
136387588
136465178
136644356
136740309
136799720
136997599
136999830
137008341
137397320
137401622
137544295
137553207
137592186
137650387
137729629
137860665
137946102
138024726
138143632
138463327
138545618
138644075
138794473
138814750
138928779
139000680
139003107
139030720
139051184
139057806
139101729
139348588
139362308
139385108
139425363
139432068
139452259
139488916
139565078
139612836
139690211
139722445
139734602
139773769
139851753
139889445
139985648
139992804
140174088
140178233
140219512
140223943
140241496
140294366
140366119
140538991
140639944
140707245
140710311
140805928
140969769
141131525
141147202
141156712
141167764
141179397
141291511
141723669
141740447
141780158
141789750
