118871613
118906483
118910537
118923047
118929795
118944069
118997434
118997706
119012291
119023770
119043073
119055517
119150065
119384989
119523305
119833527
119884547
119893545
119923842
119927083
119942557
119963007
119974679
120007543
120021156
120028066
120102728
120294423
120671577
120729000
120793870
120808120
120840307
121001004
121016779
121150190
121204525
121458840
121901485
121932753
122026108
122044090
122109923
122120899
122148490
122169422
122173091
122197518
122373779
122414126
122512590
122652002
122686221
122724468
122925651
122964492
123299324
123321946
123383596
123403220
123523369
123921436
123990693
123998053
124061361
124091112
124165403
124230642
124414252
124435134
124512308
124630399
124642388
124930868
125105033
125217987
125264778
125273425
125352850
125410222
125488504
125633337
125907509
125951152
126016068
126245214
126310373
126552239
126593269
126604048
126773303
126825011
126910897
126931946
127010578
127109616
127141041
127215937
127264480
127272640
127289846
127291153
127293092
127442392
127529749
127548607
127554847
127557256
127610284
127693004
128118075
128180286
128276959
