73089464
73290721
73314382
73587732
73597270
73603358
73763055
73914600
74028827
74091165
74202488
74304204
74482371
74489476
74640961
74817463
75018354
75025191
75194779
75222441
75263673
75380491
75386415
75392688
75451599
75464477
75477466
75481505
75538486
75542300
75544564
75637840
75795573
76037186
76185142
76296993
76517966
76533823
76939526
76968068
77165898
77167088
77447543
77613892
77622791
77763121
77859112
77925061
78124914
78213083
78500387
78522137
78937695
79079680
79182285
79227407
79372851
79423247
79454999
79548706
79700113
79768012
80158536
80561280
80576432
80678922
80765589
81043066
81347087
