48078410
144480695
36308526
69230646
193587831
32693653
109623916
152579464
143705931
30850396
31751000
187580865
98063729
17792680
117546367
44100170
30921946
93714551
139441216
66827505
79591654
88085433
137645472
103414633
25683640
137409545
17270857
29429612
135010534
36933584
87668506
120360327
30106491
165020375
135360459
42103108
79886888
75288413
29612537
81666848
85930696
141888455
114251382
45968561
101186444
51968355
71646695
136825076
31735724
89669859
105857273
76699726
156097960
126329219
22193127
60924237
80218541
50771240
74633379
48153573
115943529
97168305
87432626
11300179
61759678
134021538
28043497
67749870
43904406
48597213
90760665
65553558
29299668
44133463
47456642
101101931
42095978
107372709
54228268
131668187
133263127
32400643
47776220
86979243
28992517
112262343
64617305
23059343
157031320
127335544
115366387
94548524
59289814
115349232
152334034
154742338
32926638
32122904
147202458
26536946
26065453
46267390
45811386
77451658
69273746
27935939
101067341
59268522
3618305
62641861
61915840
62333677
128021603
105137270
112702765
94851647
103365572
76102565
50407430
27416616
39485376
28290228
134967121
32395038
84827449
72015546
45307764
45227483
12505829
21083157
24688127
143587802
61398531
64417202
45912756
127283963
114342923
39240284
53801602
80034812
79549530
52726883
27204423
115332107
147883746
29207412
71045069
129692960
36259152
59337380
81437764
32039671
99064876
148455397
29551044
36086222
76233895
24822631
27773785
95641447
85749063
82376190
88437852
32012482
87303755
144046272
71264416
50755861
60751167
27592555
67424618
97627240
30105001
85848189
58928718
117413130
44327655
41647697
60973870
149365220
137724433
51937941
24211779
122143780
76695477
28693092
72308064
66485912
95876415
45507642
31407113
25410369
26176603
27411137
126479635
169354660
103810519
153849466
106206226
112743302
123892180
74736484
168940702
111168679
30930232
109186960
34708184
26529774
96241879
111941384
43615494
88924068
50780396
85463056
44254304
29144816
68491983
70259580
141634261
90748728
158385028
29125065
99644116
93804908
145748607
138541984
48132392
144715325
96187300
202734779
164910236
7440378
61066517
152925169
31665991
39108927
136541415
28351238
24691533
81517533
147039727
114474914
84294143
25082229
128656285
100159170
46818630
91213057
31039009
122607065
146613747
34690079
38357230
93167499
149536453
132571838
149645729
78178318
30577951
115385449
32495715
50981956
118189580
113637158
66145179
88143558
38859987
25607483
25693162
32526961
160027198
36147665
26050126
105274988
70936795
33126628
32792457
36857480
80106894
28356001
137140052
54238347
155091574
99433624
36020696
43183102
65352380
51660353
121782337
185174845
43897322
134438118
124578619
30522135
105084212
62888518
59326173
44549218
191135320
36738677
25136273
86983136
31003800
27016512
140600948
37088437
47202026
56846395
172389917
141412951
132904725
136905414
110434237
138667235
159406367
32960846
78301903
89035746
43590573
90521213
41506302
132310932
13366267
124023629
94721419
114182146
45939802
31400620
57616385
112615525
65079110
38112960
147021442
7869033
27231964
104852653
38284885
51793754
84619930
30407561
90036398
25153789
160091649
27641358
141191031
42855183
117744105
117299013
80641878
120395637
107921211
128510048
77403711
175162645
184585709
128759662
137668563
59408640
126321742
97151494
27598017
27317444
80035301
113796957
35955370
112494323
138742177
150253753
31641771
84077473
82872200
129792397
117833974
126617204
26973967
24685197
43959277
100886430
148358202
84470980
24205034
93982845
73268206
64667290
35341714
102126435
102781508
57676137
147606643
99970078
26125541
91155106
124260784
98765584
151925593
71718582
32543711
164128615
135868265
30242784
147029073
82062703
165884636
135389882
66150376
29339013
54245881
91288741
21535858
38541863
105363828
26085805
144689441
118918471
106947332
63661503
77745850
100042449
37690620
57444227
159495548
38765871
82409389
24861861
130016739
27765484
79310160
145392435
141320875
121416936
107510191
124437779
128182629
44943767
143490929
113120029
65241685
144732766
47424095
31229907
39082658
48923544
73660378
41473671
115539489
117813615
130187956
74313494
63049943
131031479
101113929
38837925
139892025
70363935
24638168
48815141
63446000
90780947
85319812
103752643
80552106
29672031
35788318
85939653
160125447
73597058
159235077
75551368
23140961
87643206
68191385
23411183
43251251
28331708
28222458
130280398
69330352
143531191
88085667
168718873
31198302
99652537
146807440
86648060
32233735
26341851
153334265
27646817
79223760
54717447
55548374
32921212
77567847
106966053
32106157
39239643
112771720
87486900
28438619
151549594
11396594
119088826
28620645
35777071
68137668
145738990
91820303
158535945
4648372
61905477
68226433
47980353
47748984
137043590
133633162
59704469
136947050
48780893
89499932
44834444
73612340
114796126
106466842
68294154
106335853
33257789
180360067
43507404
31000634
89738556
163402424
25206679
138674720
26167136
107510889
149941198
92286391
28233183
42216679
24602628
17678784
54142348
62644055
26004456
26689540
34453617
73424899
23913809
98029852
92341462
134972507
39219483
75788001
20898915
38111352
126278374
36588981
88803882
110557229
27391757
71146114
141081013
71599860
32288202
67497830
62457578
80109951
26394533
29271770
103034845
35848381
44904406
96185225
31674024
38859200
170979206
19683153
70460004
63864440
124418762
152321561
30835736
136692337
60103693
30096203
45213882
84915320
79198278
86126455
68923698
44256908
78086500
108750631
42688821
25541830
38754538
35756368
61994360
29086006
27772524
128698431
103185802
86452167
33080853
25780510
83501906
44622193
140248027
34888322
75582591
115889582
24620001
43662787
44975659
99353582
55503884
83130204
58379005
49385471
142200931
31427820
30092373
91953599
118998049
67995300
46173573
102674437
116310998
70786877
55371243
31793481
98138791
34155855
28516444
25347352
79348372
14787544
21576053
38466771
119798224
55219219
73658976
159317191
28807093
163999620
97856190
34119637
33211145
31316131
49532640
31531593
13387241
100789045
41750472
133902502
156493752
139321686
121507908
28727549
57083776
110310397
27516653
144250412
39303524
57328609
26429264
27087636
161327415
120215169
38460431
153898239
83290103
102504047
29251055
154325611
25486867
53334233
27786335
42880022
25962215
25068666
45544044
51348537
141814751
125631247
25671055
140321533
75016745
115110859
126455765
111541340
94063396
24395003
80554277
97486973
87478300
19856241
48338311
148341684
29693583
38413736
178867748
117294071
63507537
57151413
64215911
120159409
48738921
69876895
45276464
59899207
117184317
41223727
32923476
152634808
27969429
27351885
131862802
26509276
103886307
149369355
109033182
105786753
119701070
33525481
24882970
31709047
66664342
24639200
60957416
49652346
65736324
24696203
61401982
78492657
132271649
81173343
117855633
26100359
77096748
83706842
94977424
68709501
149068409
78606732
29274296
165307492
44899513
146117452
140914860
46419464
118227253
126979668
25713863
27394763
63543566
142207493
29978118
47905672
79476761
41232576
27855301
153710207
27211281
107061082
80822125
168048919
48404232
104488668
102493135
110721274
93737928
104616864
137095815
124218436
91593528
22749282
152870660
143167990
28022852
27071353
25967171
129440551
110098453
29868155
97230847
97939468
155280513
84241848
148988648
133044664
125621867
173796795
18121561
87954416
88210973
146728382
57311671
88929585
34413329
52131741
95799216
34604593
36562747
107925157
50723219
102617120
42263644
115407021
26800577
16844281
50376508
168893890
160602332
62343557
123313813
25433044
176694074
61791825
135342539
109249985
79921113
29801892
22341851
110004139
29013283
30522416
53413938
117231835
109255150
29408744
47163897
92865634
37700646
81493291
53254134
111741848
33533684
74257582
18991135
74557700
18160672
135090725
169825723
87130340
136271143
25223773
85396821
80829933
59504397
49864531
97320049
65418047
157115712
64149102
60308869
31885474
42953110
27702579
147877154
121249370
32253962
96460542
113268677
117337268
140323010
65507027
105606568
101192041
71538080
50149761
128601165
43631950
124205889
34492297
51549038
43018286
2989013
88612813
67356097
30197237
56563669
89435035
26100217
25152047
27956870
64336452
35104583
124224434
112517289
99585126
24401863
38392635
66854343
81548165
49504957
108910102
89343942
27094377
164287074
84827696
95631921
35712613
138820593
25497465
148103999
33931132
61333602
38534523
61862146
27702533
104181363
86612174
12509085
25223144
25694354
83341768
141632465
66321726
118873785
55201564
139946125
99073035
85699588
136463916
61214920
80112208
48123426
116178627
30264062
58432626
95059618
71560018
27154401
115100277
30856611
117558868
183750629
24990408
33312215
113502476
45016962
58165791
26565438
105264780
149236250
81235569
77947228
37080044
77373458
33791391
161553591
28011974
158271005
110893353
110465593
90835327
93303458
93733817
29005900
44151542
50889297
101781921
83078436
138665622
27776862
176312961
163537029
157393448
62882359
28187309
77004849
8957951
128950089
101281205
25570372
116906246
78762474
124601229
28111414
34291427
120621991
119642484
139358010
76079575
139200497
28125142
28000970
67828905
30677960
160567998
190551391
25247712
129711018
103975779
82355116
78079599
24435201
109214006
153293723
28625113
75695224
124540916
102945640
117553035
152305643
25770863
96147601
83415757
17019402
87859986
30386034
98447207
29154268
63084335
106208777
32737949
67441009
29219535
114153312
97681476
69934318
35018304
86857352
25240818
32069635
81597353
37278839
25032356
130722605
162142154
117476932
96668100
52557602
69935766
25863832
139960439
25380967
56987370
19876078
121129168
125430778
33785397
27173325
82546584
142093054
116699708
29861726
136253112
93172577
143532890
85810404
145514834
27219705
65784843
56758768
90125374
70186992
159188264
136407996
22997607
83255154
42668745
45049266
109684479
62478147
89646204
88272229
61712391
48609185
54351430
35218033
73423929
39322197
85888390
30834165
56886008
26306737
83839765
135070089
76344414
108275131
163969390
111750156
56513082
34984934
54591419
91490233
132733846
101070794
80935948
165695397
30616648
69227232
8146439
61419044
26584279
69717277
28517698
150037763
91936778
60918770
157634399
61857926
24636342
87653743
16668656
28316603
86347683
124883789
50985135
29820951
97472210
86155926
76962326
44023466
32874336
81448785
60843857
174242848
135441915
115606048
70191722
19285240
51616139
126566611
65251203
136013178
52276901
62426563
63018434
42915249
105440199
135742868
25447567
127580660
83125423
42145196
26481544
79060337
133173404
68441024
161195904
129872140
126966634
4991738
37033580
47112444
86093829
29664645
52067766
47834023
62747304
79010009
44109460
83567815
29763464
116665579
121693122
144854451
135645966
85034920
156751587
99664368
101084055
62983733
32587929
26019580
51759842
26688527
36360792
89557764
53592599
119711886
70610647
73043931
29194874
114087523
26265372
65281270
32122095
84353820
27072189
22613597
29181017
57342876
85024134
27484791
151529521
138187462
127948926
125213758
108480789
13305673
166107713
120015579
92641815
85049482
43913285
91192664
100959087
83435005
169403417
129502582
76143282
36173292
136237552
95289801
56559069
68408026
130237142
87543161
91324625
157173667
49694641
103870653
30978184
133650295
173339904
57571832
182592160
24769136
150107857
146457852
55100132
42778294
26975647
74394095
156824893
94654464
30713062
90442006
94457387
75586899
49891647
43943978
98648196
110496089
27790337
26112278
89069038
134854198
48621265
152699316
42710287
30968229
126380773
143479658
28187535
37454967
71930374
107341544
42084636
142943978
55615156
147865392
31092627
29943298
25527975
91196672
109680550
85494186
108763763
99181827
69014579
128119793
75406291
56058337
61306468
52974409
35501168
128138431
72523036
107050921
182174186
60171643
42555663
29692950
65795944
53886238
131206264
133178858
71697039
29133679
152686224
35328719
26928024
34776458
136209206
96283491
53017364
32209212
128543520
96393575
91429150
43107867
139659219
43424229
129159222
131113622
68019783
26271537
33115318
149357652
106650743
32662783
142325955
148209438
30203521
137168879
34956773
32966214
20209925
81016582
139556909
37459565
100487494
191225608
107842872
103396077
82596227
31633763
122660988
108560898
37614928
32182222
68984773
36517109
108409294
116229757
35861868
100804742
105872578
26914968
121939311
36132056
78312301
22800804
79722763
28152108
27975059
30507292
148626978
39335594
122227200
71814288
97214278
116791165
127380756
25319190
85809020
27433913
107601617
33527006
21199602
42350431
131258297
104864775
128765713
107260773
44358664
31007765
102491857
174900681
83683106
28689240
36065581
44435272
85038772
25814864
148342636
27227672
84652921
24691503
89108936
26241956
111312545
112468985
75851299
76188088
109789539
117660426
52139446
141410342
96643198
158240148
76265858
109290247
129445769
63781993
30636659
43657761
39159013
84476122
26358982
30310678
36439060
53327901
91063037
91466945
164156654
52614244
81774000
27849941
99583381
73330810
110621072
30565557
31290781
41668887
31495330
15201622
47940822
35041084
32661328
27206881
121133165
100842047
43273162
31530629
36622006
27067056
84183580
32169834
81619401
44221535
75541478
124713998
40673210
142592051
128193668
55562041
42406788
84836059
71305377
79152548
51192983
142196981
49710555
108244350
58671784
100720418
152603679
133902866
47195723
44858056
53354678
156730679
75018570
123536927
30343368
188664693
164490373
27890183
32437764
21295987
32965284
30388970
39170048
51628436
57254260
25563761
78334435
63158321
58939600
142946946
77908766
49528066
68733663
26340489
111861915
25284976
120376211
19108669
130552029
107416786
139700658
136617958
26698051
161742901
43186131
107540195
59300875
54150232
79671827
31697541
57502669
79127843
26365267
151239365
161796825
45957582
28661694
30664652
137521434
130689780
24702357
44657475
28262093
74083143
59946837
38931187
18695054
83233673
129720348
43085550
125082818
80845013
68340330
74087066
25777068
176315172
86087979
66042962
35682805
28375683
169909667
26794195
12623540
38156554
69739162
37545584
76784406
60928233
118988531
30271301
34359238
92870145
111531789
20728402
65389241
34805524
96961690
25885361
82649258
27008925
27127827
175366784
101743086
147673134
147402694
26971055
121515525
62647932
32531932
45371191
60089782
29636775
112849188
126065235
77984465
26258745
37840009
159937223
149415562
99808939
64859604
94960265
37366370
60195194
41333921
62116472
120023816
72302627
52799550
58575064
38789720
26997900
174752323
29354100
102124120
97337120
114317368
27767946
20621173
150473105
82526266
68694664
25284195
75385275
114937123
24757041
94393567
80454570
35202807
84690601
95985471
86540884
29906136
42143466
63211731
167447287
27817508
147562983
203779772
3249940
16267579
115188337
133642545
75989144
130644256
81432842
88440174
49976528
46248843
38535847
25507530
130790142
98844840
32847815
129669045
150020017
89178151
28516809
131832654
57556528
67026660
108185688
35446404
105658893
158088961
80531493
80713103
30375967
27656774
39331514
27440581
34385379
88280209
165814238
93663224
29058630
88269749
157004228
133828612
28699553
38357275
61777231
82558390
24364995
37413977
48033697
50516835
65280757
146303775
109827244
97210724
77729592
32766740
29364747
25611666
81478868
73976738
75815632
37762837
105804623
26981958
38462151
61462418
27229927
76631798
153497185
35706515
28044666
155867499
46453603
115055524
54477550
54050560
87740826
5468120
126641077
41492397
86907939
68951947
67372691
30886010
143525131
34502618
73587960
103416716
91958110
39389944
42166501
100138721
140399035
27393382
33914238
66114979
80138059
54270444
145386058
141340118
26881437
46699960
96225674
32043257
96000598
158364040
161483425
119633114
155046844
26466683
51397093
139122051
68482501
162072801
125037886
43982171
54823226
93560379
161511262
155304396
107361295
28563058
155559833
77596304
34058565
34619460
112947197
66599456
100271821
121405752
58295952
55308600
30843895
138301930
27703354
38569617
71028002
84328274
34149736
38666079
67383451
131293021
132555406
32697267
77001145
77922577
34402265
95732739
30189718
73509058
151649187
42289691
50705437
117884202
142910895
35988395
82280080
101264014
47287507
26475061
37306096
42566367
37559386
72283192
130741033
144724341
55895593
135817929
152184591
38032452
120357180
154623300
21352306
71361809
168925692
166735807
103166856
98277888
80458967
66724211
111944333
60091024
33201159
143461140
86111483
66062131
25905339
112587935
100216272
100141910
12376031
140411786
83406905
63030730
29174523
20881237
30230137
132324874
50771318
92857189
26117390
102611804
43178967
29935927
101604934
138534692
100366828
35933172
157750855
52073021
133371021
100159204
59330984
28061917
55085977
75493616
82244629
154479368
46886965
154533945
115573000
62696453
153899006
93411268
87159122
26210363
26064238
49965727
45745127
129397306
87463398
154531605
27722914
74538207
58030008
62342040
31108894
58992424
64196646
80974133
26590201
121379290
52644201
31048420
111192783
126929137
93620790
75488409
24611252
20347042
170383833
109845413
53524570
106653655
60752899
73812699
53587560
37981870
114775659
139919022
85476521
139661416
17411412
111761487
75030710
82916295
18099698
88549885
130934841
189145429
28701984
139268077
83102510
140209484
88477058
39041119
127554847
96395164
127162553
41304982
24008241
29329756
31673895
116137420
148619341
107157144
18088124
50701120
4615146
100651350
25857893
29873925
109213119
30304045
77333981
162839095
68687731
32580934
101966602
103408434
69001136
126052496
81259723
31924708
74559942
34400277
27352966
71044803
87078524
96772897
102398126
36695187
49772291
35417702
35684152
121274267
78220690
29986660
27221207
41469609
103122243
53086125
130908894
189384346
73304160
50823443
19594385
8950555
51932573
32744341
85968374
27535008
61305804
36942582
158294317
174791996
73835923
125924870
110856056
78427904
89406876
116439990
35058286
113405823
37237078
107039380
128342570
84483443
121526088
57400569
117910562
121138057
137612150
22694265
46206803
57926752
116292034
124967468
132560695
124378556
153223030
119318569
86165561
32111839
149481073
76193783
18565555
113373743
135082892
122481800
130943755
30780839
97083652
144946995
69559716
66703410
87784443
77386217
82891376
49491922
31198782
139039214
127016724
132268892
76431238
144343318
127696353
108607259
83762346
27651408
46758328
121264594
45355391
31983312
48354112
94335129
96727090
154460932
4119694
102234967
98104904
143087294
36745429
23341780
81064693
65118113
61128138
53994929
108080969
113141288
24575750
73957810
120153149
31963203
132924246
37913192
150233468
43484606
25179305
30911611
47036640
27418625
27024234
35298160
144349219
100987118
18145590
109527480
98797171
66908669
158052161
55524999
140394532
108904679
78021042
37497755
108637829
115858557
27194593
24589727
89832368
90773621
81614223
29082398
55383133
56299574
42899093
69925148
37677992
40343166
138658938
133771181
115924636
119907705
85150386
43462883
63126095
66820792
46210219
27266125
57153823
77724718
83508185
102937556
98163290
61637175
150546817
31185769
47311049
129478991
165983498
73890463
24864190
54121239
153619671
119874911
36414066
34823807
26426801
88900472
162731076
90222331
128766099
146167653
47686377
44508845
36797867
142039492
48748125
115887710
30603990
150110622
87993602
31304153
36327495
111612806
49740339
28922785
128045129
58080530
84247792
48920209
123332425
106435400
134784863
46254411
28530935
42866199
92094747
121173851
22406264
92402784
45655350
159251584
29943880
93697783
26559771
144175488
97882220
41558689
133752069
161985052
84113345
88980272
26849161
123055399
110127774
49839397
30697701
72900381
136758091
60589415
110738875
29392289
59820721
127481786
30643341
17257140
107154599
65973171
29905763
51855084
56059692
72287001
26768452
62959082
28291944
123343920
116097566
7716087
131761779
154853758
34030335
132641257
21784806
107300391
93334782
105053359
31050055
12979952
46110493
87519074
166892603
124909530
149560876
37602927
26198141
74101279
87154828
35753654
76501514
106588021
131470273
156467479
138573534
154958505
31875179
86914363
142909294
131901357
41908440
40670594
138025996
34705271
29426880
33854720
67698605
65261531
44113431
24973115
26762197
86037611
26681096
85076647
69030537
37157557
26461738
100028519
53445726
78346934
33076637
33317068
29635114
27964471
23629046
77723830
41274664
132829843
30150639
202917957
93785955
162164090
66916680
28544337
41351266
159721243
111315059
135308324
141461424
69437279
50981876
174704385
165807976
25280843
35098001
85509331
26374290
25085018
139441232
65485271
75009781
26320775
100266723
79424369
78475419
109666748
116200521
31297940
32129890
66412707
104368815
164311497
25216795
28462759
54273392
80123574
27162914
34885578
86656040
44793506
60263370
71515588
121880423
66922242
43034640
101331330
118223006
107155687
163857598
82760249
106328699
179552540
129238769
30497246
45657473
43392963
54827184
127085298
97578789
86778459
111930701
41856229
112277672
65381267
24802649
185224819
25252641
83342238
71034301
117057029
39387663
115957974
28821062
112425188
110326841
79874164
164791358
35588720
123487791
69060392
85819559
76995304
122633073
24559762
28699564
89050587
143616447
42858638
42874278
50734714
49619200
168773886
146084901
47893022
142186263
42780865
44268376
26364423
63690785
28931227
21968780
114029800
43268744
125859563
164797312
58772205
50444974
84907001
25881657
30513449
50209689
166475072
30672280
63815041
122169051
96209166
105288218
25125912
28054425
52976471
24763916
33507094
92924422
127783386
52678172
33991864
114943408
123260100
114340399
118482690
137651691
45214327
102922632
81786605
103103473
38327529
178006654
113605562
28703707
93628002
70606802
163373312
80859381
159201505
168460032
35078297
91863620
68850512
33406549
47448056
60346028
81858507
43074130
16276226
116143553
148173338
32043100
51128343
51712800
149445546
69358607
80438964
26000472
41547108
27111738
82504405
96492164
64998367
125927582
143839615
66305445
49195588
33325479
28979902
114973703
56970037
42777111
53563283
144659477
85026912
69315838
24831686
58088296
53629855
31874051
67555051
67757236
79224825
43467487
27140393
151890436
196053304
12733579
127141041
68450486
110014622
82748700
41688227
55828191
38106436
51576317
67618569
55490302
37561256
151674302
39228282
37363985
25397653
25171639
42183930
81488726
51874509
138696951
147777244
27164044
71653630
41298791
78449479
47559494
91089381
130824445
144553740
67771007
24510782
63548613
113395024
25633434
31459697
84045384
24946043
25130143
103009455
82475670
103083375
61818094
78559883
37818376
35084587
93304924
75015854
144261085
33796645
107611037
107267529
15005904
97796753
13075435
137650387
93959129
156791230
101004770
176233627
54274725
101279124
81647573
80487533
34365759
53669063
46749599
74748347
52765231
82185171
30149453
29407910
51135802
136542440
3604918
28938599
88511658
156413900
124119241
46844846
29343750
36792185
89036100
6675678
25221429
24091042
35443066
71494896
118990453
98090737
111990879
71722451
47080286
27210114
61065857
164109115
156060066
132716800
148847344
27742785
36108874
57245844
139446606
130128932
141097907
22789243
55964573
136810420
34108644
13506207
42209515
101407360
25641515
29919100
24345877
51591747
164676185
92610114
32351429
28428630
134859974
110257377
77015016
82767554
99170631
35301558
36944827
78230632
102311813
26225322
163353637
63495023
49388121
117828820
190779990
64189272
50071021
32926011
26421566
152743957
65787068
39080986
35140005
84388891
143600289
62395811
136858426
30392572
31230357
79765888
81006987
113984731
61247461
89602301
86643287
50813520
55010862
103028757
151258179
71543884
114447989
85995249
31479452
135026410
66619160
129140802
79979126
108155328
97357936
112010747
42755182
51984628
106185353
85605876
13606790
68266003
29220828
61728593
74409457
15811796
91292372
103540661
24850970
39495360
92233211
121441517
162368492
140960754
12953178
138922815
129810929
106030011
48351162
86162743
155065844
127967773
30069625
100126495
29951874
60153524
79555693
59364829
158587964
34030566
101046448
26476529
35523504
131640942
69341706
107083770
20765598
83574764
88439578
111678522
27722049
86616235
31687096
85118743
113091338
27272593
171973499
27068740
119127716
158577318
25360714
60996844
85362080
90278425
103601900
125612746
108590859
123650161
115444239
43305726
147229633
31391679
53596018
127976645
44853103
12277280
82488777
37662583
36397196
62766403
91441878
104283696
44413597
90076262
26509980
57099768
81139052
126623363
4237231
97534912
61922193
70571682
39207368
107650544
103189155
48349663
84818407
101233429
162224133
100556566
76596306
58616482
155769662
69304882
24639837
34904758
25677051
103168312
87990724
58751590
39191629
99324486
27421167
38473056
98789412
101468566
24424958
69156796
65113081
35462030
28350012
7321382
63656855
45967922
35460597
93543993
45180681
29613993
21005203
158972220
47876675
98940698
62560188
48544670
126996161
53842610
86026513
24991667
35427567
53352337
70002914
61479698
116707273
38479018
26284814
136203767
117989890
135310065
45192992
24660676
28943462
46909396
47228412
38626704
114591883
29117887
109896161
123835922
42005263
109340441
104162905
149655308
29070130
119423075
90440043
29050199
47295620
29871906
65964305
24520871
81791396
113867601
51843970
24397388
36259500
63080348
59849768
138342699
50778919
28155161
59058000
104011064
62998048
19584974
154638842
92098430
147202800
136086378
30235384
108881160
46992218
30779202
126776532
92073125
51370586
138449189
104843670
34688525
84448021
29151613
86739722
44837783
78504817
92726188
28106058
31733345
85639202
32891038
16261556
56124439
88970310
174436732
99260286
91885951
53267843
163844133
80447765
128202092
116394177
46672144
34857892
92612657
77592053
38944438
60303576
26415151
157414311
116037420
28872782
93551455
157133282
108453023
110112252
25051213
45296411
27406454
25629320
23106417
86309021
119283703
86236284
26565165
24470883
58505639
71746855
44258794
29243957
153634310
131611746
75180947
38150912
126014397
73620980
180330333
45178431
153000451
87034678
100954548
25036593
47401686
67827068
49118841
43241086
122109923
125892212
112920101
44090971
36019696
146121975
87843364
58772377
96838473
20429255
27097924
131668921
36050414
51442185
64045246
149630594
30039772
65859986
46196166
104634446
39102185
39230595
47868202
42414539
66245255
41552171
77465915
27883314
28228988
43504206
102989489
97529792
36494296
18894830
55094138
165988896
131112757
26276295
105025230
136234968
29749093
83800749
59046178
43742127
26992811
72308902
153213214
149997967
114986461
42654123
46787761
105957690
96569021
27345780
121356396
38185391
49196871
77928507
44287520
33347631
90817179
172503356
86805387
45445568
38979497
89234310
122354674
61021730
39474417
141814410
83673428
149091622
52474016
72164962
50110848
79898676
12164770
148615460
37766968
152760307
35956977
46898372
81623020
149648958
44655740
25696856
120672057
151550724
117052846
119752156
139717616
132571294
49227166
80900800
113914485
119306316
41602113
90020617
40475362
126471445
121122623
33447176
38410698
95688203
122911217
83114469
42484625
72828721
145923736
38711611
86410106
54398409
75190922
56907169
98253072
60948730
122154004
64006643
36013859
147033030
111714194
105306944
108784781
56059771
42250190
84776070
101493060
106034798
63625110
