109520869
109531407
109535300
109586875
109606990
109648874
109715164
109781084
109818791
109856525
109865861
109874628
109904836
109907493
110112324
110142268
110192346
110212444
110233060
110568219
110617417
110618712
110778703
110847900
110849018
110856461
110901418
110915649
110981745
111087476
111117890
111182814
111331260
111421060
111462719
111467101
111520173
111542719
111551416
111623876
111697728
111724078
111786944
111795316
111893535
111920136
111940386
111994038
112163036
112217854
112371361
112400032
112406923
112414393
112479005
112485376
112563483
112600437
112710461
112748253
112789632
112815135
112815448
112827513
112921761
113018658
113074144
113289487
113297021
113343412
113503533
113571560
113731932
113783994
113848680
113894318
113928948
113995477
114012964
114042464
114211509
114245947
114335288
114391499
114395369
114415733
114432200
114436209
114453862
114465502
114471440
114479368
114494616
114507013
114585150
114683147
