127096957
127218817
127245631
127954223
128099842
128324296
128435446
128580642
128765713
129024930
129159656
129190685
129436621
129515008
129795543
129966424
131340844
131412338
132127942
132917075
133682164
133978115
133991561
134524685
134554399
135106369
135891446
136068678
136229737
136349478
136482198
137650387
138266593
138544290
140339636
142661073
142665108
142905591
143038174
143153214
144489871
144870401
144918605
145072594
146426553
146891945
147538179
148381437
149103215
150310714
150955184
151184489
152294699
152349389
153287357
153856361
155758079
156689040
157529777
157579060
159770307
160288838
160381875
160958398
162450508
162700172
163659711
164061732
165134135
165256061
166272882
167171414
167934062
168028035
169581353
170043922
170102853
170616694
171606194
171919322
172184653
172506142
173647905
173866924
174254527
174402836
174544554
174619905
174893259
175196163
175443556
176268548
176313126
177179668
177397300
177438128
178404534
178530753
178707429
178874579
181007110
181207587
182260888
182353773
182716333
183330990
184792983
185721167
185981020
186758022
187148873
187395890
187416435
187457203
188807055
189098870
