2703055
2731506
2943982
3278807
3380690
3694234
3711071
3758212
4142082
4184914
4320046
4324684
4326895
4353056
4419150
4529613
4551507
4556458
4580182
4647213
4700909
4795753
4859560
4917720
4947700
5034282
5040175
5045430
5205030
5270459
5316434
5437379
5451229
5453827
5465469
5494288
5513436
5559520
5567083
5578431
5591807
5604958
5612417
5613664
5617598
5663970
5671891
5686463
5739438
5750108
5797631
5820986
5937560
6033774
6123026
6144867
6159364
6306535
6564487
6707958
6743111
6757045
6787012
6841502
6857180
6915226
6941918
7124168
7134168
7163711
7187856
7247170
7279618
7341331
7469083
7510373
7552538
7755351
8107776
8155931
8253056
8432903
8436039
8454021
8911942
8985444
9330466
10095091
10842310
11040882
11144849
11298800
11630765
11673752
11784220
11794343
11915429
11966320
11990068
12016798
12016854
12091606
12095924
12107756
12109358
12191909
12207164
12214017
12230330
12260372
12270983
12331504
12464791
12478605
12482357
12506989
12542638
12563537
12609575
12636181
12732155
12765748
12790083
12798951
12853931
12873421
12990578
13007585
13030074
13070328
13114078
13117184
13180163
13191237
13246073
13285726
13393848
13398888
13451108
13544442
13551737
13592674
13659231
13674414
13766139
13791389
13872962
14471755
14699400
14971552
15019162
15091437
15281046
15361652
