2703055
2731506
2943982
3278807
3380690
3694234
3711071
3758212
4142082
4184914
4320046
4324684
4326895
4353056
4419150
4529613
4551507
4556458
4580182
4647213
4700909
4795753
4859560
4917720
4947700
5034282
5040175
5045430
5205030
5270459
5316434
5437379
5451229
5453827
5465469
5494288
5513436
5559520
5567083
5578431
5591807
5604958
5612417
5613664
5617598
5663970
5671891
5686463
5739438
5750108
5797631
5820986
5937560
6033774
6123026
6144867
6159364
6306535
6564487
6707958
6743111
6757045
6787012
6841502
6857180
6915226
6941918
7124168
7134168
7163711
7187856
7247170
7279618
7341331
7469083
7510373
7552538
7755351
8107776
8155931
8253056
8432903
8436039
8454021
8911942
8985444
9330466
10095091
10842310
11040882
11144849
11298800
11630765
11673752
11784220
11794343
11915429
11966320
11990068
12016798
12016854
12091606
12095924
12107756
12109358
12191909
12207164
12214017
12230330
12260372
12270983
12331504
12464791
12478605
12482357
12506989
12542638
12563537
12609575
12636181
12732155
12765748
12790083
12798951
12853931
12873421
12990578
13007585
13030074
13070328
13114078
13117184
13180163
13191237
13246073
13285726
13393848
13398888
13451108
13544442
13551737
13592674
13659231
13674414
13766139
13791389
13872962
14471755
14699400
14971552
15019162
15091437
15281046
15361652
15534763
15572428
15578608
15742700
15753524
15759098
15829782
15873078
16082093
16101623
16188600
16199455
16224851
16291432
16322809
16341011
16429934
16449020
16577712
16591877
16592445
16597307
16683804
16688292
16749708
16758463
16793439
16886443
16923608
16952712
16968536
16974391
17021906
17211610
17231691
17245577
17267246
17282718
17294011
17390777
17432499
17550674
17593989
17792215
17891503
17915614
17923224
17962768
17976593
18055848
18063752
18079874
18164195
18185852
18274156
18287225
18383771
18497277
18594452
18651598
18687828
18691956
18702679
18782645
18825455
18848480
19071529
19082547
19222706
19233425
19283808
19283937
19296268
19323829
19470277
19602872
19651050
19685786
19690593
19811894
19889606
19961445
20026765
20040234
20079905
20120583
20201011
20214561
20262527
20277447
20289775
20305689
20321700
20382665
20386994
20472057
20479650
20534144
20563601
20608650
20610886
20615765
20617093
20619496
20626612
20649789
20662687
20670128
20692296
20724726
20746361
20759647
20760872
20768589
20777353
20865336
20869626
20902956
20921323
20968043
21002303
21108349
21113536
21125597
21125787
21127741
21140149
21141885
21204040
21230954
21283649
21306401
21306754
21360740
21390728
21442777
21443293
21527104
21627271
21674981
21678791
21690737
21753744
21773755
21892380
21908366
21940158
21950774
21977379
21994572
22019910
22025611
22040206
22062338
22124598
22150561
22202267
22275326
22295745
22370818
22386908
22456556
22532742
22544766
22643042
22670326
22671668
22776375
22800778
22808816
23020169
23082031
23110475
23169799
23184092
23205816
23304621
23307252
23338274
23343379
23352224
23415815
23567338
23568652
23589752
23757606
23886757
24002350
24092750
24097182
24121346
24133468
24147149
24161123
24199230
24216035
24234533
24259709
24293143
24326509
24344378
24379501
24388972
24401008
24446583
24496052
24518411
24606974
24620597
24789962
24863506
24894208
25007142
25025239
25109047
25165633
25171284
25231645
25261764
25354926
25421162
25481536
25489615
25548676
25641112
25663421
25665738
25674941
25780681
25802051
25812246
25826385
25918682
25949931
26088070
26133674
26330647
26415194
26423980
26502344
26585643
26640140
26732013
26813864
26826591
26861157
26958210
26973959
27005097
27010700
27011127
27013909
27018318
27045098
27072899
27115555
27177769
27218353
27218795
27223048
27311893
27319699
27370540
27371109
27375738
27409154
27419019
27478492
27507818
27599236
27623618
27702080
27854322
27873772
27950768
28053065
28102721
28121708
28144462
28149608
28233293
28242137
28263290
28328858
28538611
28585326
28670367
28729230
28762200
28849312
28940441
28976578
29025211
29094144
29097283
29151895
29153856
29260814
29275874
29296442
29309968
29321571
29346545
29408608
29456376
29572050
29575705
29710605
29719347
29757924
29760589
29774724
29801461
29872336
29873093
29934561
29941022
30119652
30186797
30430147
30439779
30459131
30504707
30524350
30635919
30651497
30674904
30710742
30784671
30786911
30825131
30936850
30975962
30978819
31003198
31047042
31060528
31071767
31071966
31284183
31367303
31413786
31522036
31673348
31749863
31751140
31841559
31898107
31901219
31929062
32016284
32043321
32112203
32200191
32287672
32448484
32480768
32504238
32510721
32530327
32547528
32577952
32583747
32586234
32693280
32721611
32748005
32827820
32867540
32903684
33263003
33292224
33350634
33360467
33483784
33541924
33546040
33708634
33718059
33745455
33807895
33878150
33900089
33956081
33978286
34016913
34076454
34082833
34159924
34214713
34219340
34319179
34333518
34386398
34441349
34490654
34600737
34689021
34786687
34844810
34848955
34887283
34900846
34925451
34943790
34972506
35185034
35189940
35209235
35209686
35278242
35342955
35469936
35478044
35507186
35588130
35669528
35692635
35722229
35783455
35851701
35906859
36008164
36015972
36095253
36110410
36114837
36297644
36316906
36348533
36532153
36537300
36573289
36630773
36662795
36894522
37095892
37201774
37221359
37270186
37322856
37355982
37413264
37447027
37491364
37492690
37580201
37685428
37751825
37768762
37875665
37891992
37917735
38003614
38059948
38125697
38216773
38336640
38504927
38545440
38636940
38709620
38974111
39001354
39004422
39053660
39085007
39093847
39122161
39158423
39302157
39485919
39565144
39606690
39648839
39703690
39778797
39903833
40087857
40157591
40184892
40223350
40313256
40337531
40339944
40357125
40383761
40439355
40529531
40541242
40555962
40559811
40624028
40663651
40683647
40819606
40864415
40869143
40891884
40999935
41162774
41279098
41353886
41496043
41501415
41508719
41605343
41684688
41846379
41855099
41860502
41876222
41899661
41941980
41971172
41973964
42044548
42048415
42130398
42164799
42168142
42270113
42365019
42372819
42389695
42512510
42604722
42727148
42940039
42984461
43076178
43139994
43230384
43276977
43299472
43376446
43453109
43467726
43468996
43485181
43580084
43585125
43597831
43619877
43636459
43761671
43878892
44065776
44074282
44079230
44104284
44346209
44350888
44378411
44411172
44543320
44609872
44660688
44733443
44825415
44889303
45072648
45101728
45165170
45245395
45277224
45328772
45386762
45459051
45613089
45617432
45653834
45746393
45772578
45783184
45795266
45831015
45865932
46041416
46136028
46186223
46240278
46473908
46481583
46508228
46511689
46517087
46574855
46577567
46624852
46633338
46648899
46675250
46682266
46692554
46713904
46750685
46814118
46825213
46943645
46973506
46999655
47034222
47050153
47218581
47268843
47363116
47379618
47420604
47452297
47486181
47486692
47532342
47550394
47585126
47592150
47627356
47632990
47833892
47940406
48176345
48210711
48213461
48256463
48266186
48344192
48388600
48503734
48573097
48604232
48659301
48660134
48747905
48863386
48941594
49070618
49181065
49216959
49289517
49302748
49582590
49758313
49896404
49914554
50062305
50112033
50247907
50267789
50292134
50490609
50755132
50844206
50848620
50858490
50861238
50927523
51023467
51096555
51113143
51135547
51154177
51162429
51256148
51286820
51321489
51336196
51344810
51375099
51378310
51511152
51584233
51613003
51622817
51892895
51894531
52008390
52229983
52554228
52914648
53026418
53178842
53208574
53211818
53261651
53478886
53650608
53828887
53931464
54020665
54045430
54167080
54176539
54324432
54396457
54469463
54515493
54776557
54824464
55059014
55092935
55204527
55470184
55605279
55702996
55736822
55758544
55777728
56011915
56262341
56485267
56665017
57022623
57064678
57285301
57373089
57435289
57458730
57513394
57517375
57661278
57831136
57842098
57888365
57905427
58128477
58258621
58274499
58309876
58618736
58664131
59332210
59628044
59643440
59991309
60213812
60930313
61039739
61268151
61268908
61288120
61506194
61595028
61658837
61983185
62054240
62373017
62470920
62565711
62568542
62640701
62759009
62876969
62885459
62940944
63081484
63251592
63286467
63403572
63518787
63600221
63722783
63778868
63802096
64097079
64121345
64231982
64242562
64262379
64442902
64461905
64783332
64868276
65060265
65099686
65315661
65395785
65632039
65653178
65706158
65962551
66063058
66131070
66152838
66269796
66402775
66430144
66491129
66834808
67132431
67481433
67535995
67631119
67649169
67779385
67815993
67816882
67823805
67960730
68166408
68690251
68784707
68942673
69030270
69121154
69252397
69255670
69681214
69911828
69929340
70051348
70152589
70274469
70356930
70497271
70759056
70815014
70878682
71006042
71187758
71364445
71473141
71629959
72129296
72186514
72222337
72877343
73025914
73030809
73063156
73102100
73120261
73178322
73229097
73239700
73541724
73556054
73558759
73953376
73969879
73989135
74200100
74249521
74346314
74401770
74456110
74492214
74607222
74645482
74780957
74831639
74912683
75030427
75349162
75625304
75630780
75807961
75885229
76035825
76222666
76442462
76500059
76530978
76621572
76939803
76968068
77171265
77532132
77600299
77659281
77704087
77807313
77901970
77939573
77951289
77978613
78183470
78228401
78261597
78274738
78414793
78446962
78546445
78697453
78776691
78823659
78835226
79003100
79024197
79079055
79080442
79184589
79301387
79369448
79764942
79946004
80014987
80032363
80086379
80173429
80307061
80363273
80391463
80572569
80697270
80903215
80917197
80921598
81044689
81075458
81099318
81146997
81162250
81230218
81264406
81347526
81439973
81448676
81501952
81789188
81971153
82097215
82237321
82412934
82753036
83205944
83218299
83405000
83912352
83925507
84042211
84067920
84183722
84186401
84305462
84713049
84716983
84935965
85358063
85389926
85499878
86227108
86271271
86428888
86542012
86864763
87008958
87144153
87370267
87415166
87482233
87630645
87863421
87920954
87924772
87961259
87996178
88106499
88195307
88234205
88332131
88435837
88494556
88558906
88566780
88644111
88722711
88808354
88889890
88911068
88959742
88973700
89000334
89008343
89125871
89177042
89234882
89264637
89339565
89357759
89393362
89428352
89443443
89457624
89457951
89554381
89609134
89623005
89641698
89715859
89824159
89839795
89888295
89889664
90025347
90157938
90187987
90396818
90473524
90597173
90671538
90788916
90976879
91110347
91189906
91329037
91346589
91471532
91473352
91564564
91574552
91998741
92047197
92144586
92185028
92188557
92317233
92387146
92697299
92948854
93708884
93774212
94049752
94129012
94437289
94466878
94537464
94742844
94778104
94822072
94851802
94997655
95157749
95325800
95639157
95817881
95826582
96025269
96134247
96138663
96221529
96254759
96303815
96352377
96369017
96407751
96548798
96571929
96789783
97134301
97188378
97295327
97308328
97398409
97448248
97515576
97524709
97542313
97583081
97750242
97768383
97920443
98095085
98294629
98307411
98445243
98509765
98707505
98779289
98994671
99008632
99010221
99011770
99040516
99097586
99187466
99207183
99251621
99324580
99381414
99471012
99565285
99678980
99794972
99824988
99850806
99930653
99998237
100042947
100108893
100453686
100454173
100461846
100497145
100555318
100597566
100617620
100681666
100704740
100821680
100890796
100918657
100949262
100983713
100988147
100998226
101000128
101020852
101051141
101128764
101160754
101186049
101194126
101203891
101209676
101222078
101239675
101247419
101249202
101250365
101289708
101294160
101306079
101427266
101517627
101601679
101618610
101684413
101720161
101986682
102023856
102035720
102113042
102125291
102213934
102288704
102342063
102371715
102455605
102495668
102525179
102589632
102670985
102704851
102706692
102725348
102753482
102806134
102857558
102903178
102959679
103002603
103107702
103138187
103164640
103183632
103188619
103204907
103254006
103290667
103299762
103307331
103310964
103416716
103525994
103663957
103878497
103915268
103968967
103985019
104091824
104230135
104230716
104410802
104529708
104611082
104624406
104645362
104721737
104834841
104847997
104978038
104978658
105007922
105199215
105624120
105651282
105766761
105895566
105915657
105916399
105945554
105957862
106014451
106023008
106059155
106170904
106259111
106351538
106508152
106529333
106583512
106691929
106736744
106939482
106970990
107053128
107054551
107058310
107075349
107187312
107428492
107523312
107532890
107537685
107611469
107616024
107702855
107724525
107839859
107850681
107898118
107927976
107930413
107989945
108025222
108109042
108129547
108148326
108176173
108202128
108397785
108463053
108528410
108538138
108646132
108701412
108750922
108787006
108878648
108921089
109016399
109019412
109055194
109096266
109188109
109212790
109226261
109331594
109334747
109367077
109520869
109531407
109535300
109586875
109606990
109648874
109715164
109781084
109818791
109856525
109865861
109874628
109904836
109907493
110112324
110142268
110192346
110212444
110233060
110568219
110617417
110618712
110778703
110847900
110849018
110856461
110901418
110915649
110981745
111087476
111117890
111182814
111331260
111421060
111462719
111467101
111520173
111542719
111551416
111623876
111697728
111724078
111786944
111795316
111893535
111920136
111940386
111994038
112163036
112217854
112371361
112400032
112406923
112414393
112479005
112485376
112563483
112600437
112710461
112748253
112789632
112815135
112815448
112827513
112921761
113018658
113074144
113289487
113297021
113343412
113503533
113571560
113731932
113783994
113848680
113894318
113928948
113995477
114012964
114042464
114211509
114245947
114335288
114391499
114395369
114415733
114432200
114436209
114453862
114465502
114471440
114479368
114494616
114507013
114585150
114683147
114757433
115024235
115216702
115326931
115346567
115349061
115371458
115438297
115533030
115623064
115861958
115871348
115944770
116191258
116209985
116361785
116368441
116514332
116649606
116702147
116765505
116841471
116960003
117334500
117516994
117600322
117650042
117651100
117810236
117879682
117906216
118024691
118125149
118162648
118270806
118345405
118413313
118682400
118722852
118865637
119066114
119219840
119224345
119240417
119290323
119611971
119771648
119837930
119955810
119969086
119976927
119979580
120023703
120437898
120499219
120869798
120945498
121020446
121064164
121297884
121730052
121814758
122120899
122148490
122272973
122707430
123013811
123214400
123251202
123470685
123979125
124136006
124193440
124611016
125116313
125121567
125353191
125371101
125399497
126149897
126559616
127096957
127218817
127245631
127954223
128099842
128324296
128435446
128580642
128765713
129024930
129159656
129190685
129436621
129515008
129795543
129966424
131340844
131412338
132127942
132917075
133682164
133978115
133991561
134524685
134554399
135106369
135891446
136068678
136229737
136349478
136482198
137650387
138266593
138544290
140339636
142661073
142665108
142905591
143038174
143153214
144489871
144870401
144918605
145072594
146426553
146891945
147538179
148381437
149103215
150310714
150955184
151184489
152294699
152349389
153287357
153856361
155758079
156689040
157529777
157579060
159770307
160288838
160381875
160958398
162450508
162700172
163659711
164061732
165134135
165256061
166272882
167171414
167934062
168028035
169581353
170043922
170102853
170616694
171606194
171919322
172184653
172506142
173647905
173866924
174254527
174402836
174544554
174619905
174893259
175196163
175443556
176268548
176313126
177179668
177397300
177438128
178404534
178530753
178707429
178874579
181007110
181207587
182260888
182353773
182716333
183330990
184792983
185721167
185981020
186758022
187148873
187395890
187416435
187457203
188807055
189098870
189657808
190065099
190715362
191033485
191511327
191877218
192073502
192084716
192440019
192781583
193918224
194309119
194744781
195111383
195555871
196082493
196526676
197141426
197942121
198020876
198935862
199059328
199618902
200427817
200434263
200505206
200529062
200552395
200864437
201147752
201296869
202191878
202521174
202680423
202855679
202912261
203354441
203452522
203940251
204102890
204203977
204273546
204443626
205990058
206126856
206792292
207066408
207390038
208225208
208366116
208806210
208867623
209623778
209695552
210514428
210797915
211319780
211466237
211601189
211716701
211867625
212298057
213124896
213208801
213823397
213851522
214012738
215209251
215415842
215723330
216135268
216351906
216985346
216994307
218514274
219054243
220733055
221182812
221193820
222102652
222899553
224732830
224956002
