2703055
2731506
2943982
3278807
3380690
3694234
3711071
3758212
4142082
4184914
4320046
4324684
4326895
4353056
4419150
4529613
4551507
4556458
4580182
4647213
4700909
4795753
4859560
4917720
4947700
5034282
5040175
5045430
5205030
5270459
5316434
5437379
5451229
5453827
5465469
5494288
5513436
5559520
5567083
5578431
5591807
5604958
5612417
5613664
5617598
5663970
5671891
5686463
5739438
5750108
5797631
5820986
5937560
6033774
6123026
6144867
6159364
6306535
6564487
6707958
6743111
6757045
6787012
6841502
6857180
6915226
6941918
7124168
7134168
7163711
7187856
7247170
7279618
7341331
7469083
7510373
7552538
7755351
8107776
8155931
8253056
8432903
8436039
8454021
8911942
8985444
9330466
10095091
10842310
11040882
11144849
11298800
11630765
11673752
11784220
11794343
11915429
11966320
11990068
12016798
12016854
12091606
12095924
12107756
12109358
12191909
12207164
12214017
12230330
12260372
12270983
12331504
12464791
12478605
12482357
12506989
12542638
12563537
12609575
12636181
12732155
12765748
12790083
12798951
12853931
12873421
12990578
13007585
13030074
13070328
13114078
13117184
13180163
13191237
13246073
13285726
13393848
13398888
13451108
13544442
13551737
13592674
13659231
13674414
13766139
13791389
13872962
14471755
14699400
14971552
15019162
15091437
15281046
15361652
15534763
15572428
15578608
15742700
15753524
15759098
15829782
15873078
16082093
16101623
16188600
16199455
16224851
16291432
16322809
16341011
16429934
16449020
16577712
16591877
16592445
16597307
16683804
16688292
16749708
16758463
16793439
16886443
16923608
16952712
16968536
16974391
17021906
17211610
17231691
17245577
17267246
17282718
17294011
17390777
17432499
17550674
17593989
17792215
17891503
17915614
17923224
17962768
17976593
18055848
18063752
18079874
18164195
18185852
18274156
18287225
18383771
18497277
18594452
18651598
18687828
18691956
18702679
18782645
18825455
18848480
19071529
19082547
19222706
19233425
19283808
19283937
19296268
19323829
19470277
19602872
19651050
19685786
19690593
19811894
19889606
19961445
20026765
20040234
20079905
20120583
20201011
20214561
20262527
20277447
20289775
20305689
20321700
20382665
20386994
20472057
20479650
20534144
20563601
20608650
20610886
20615765
20617093
20619496
20626612
20649789
20662687
20670128
20692296
20724726
20746361
20759647
20760872
20768589
20777353
20865336
20869626
20902956
20921323
20968043
21002303
21108349
21113536
21125597
21125787
21127741
21140149
21141885
21204040
21230954
21283649
21306401
21306754
21360740
21390728
21442777
21443293
21527104
21627271
21674981
21678791
21690737
21753744
21773755
21892380
21908366
21940158
21950774
21977379
21994572
22019910
22025611
22040206
22062338
22124598
22150561
22202267
22275326
22295745
22370818
22386908
22456556
22532742
22544766
22643042
22670326
22671668
22776375
22800778
22808816
23020169
23082031
23110475
23169799
23184092
23205816
23304621
23307252
23338274
23343379
23352224
23415815
23567338
23568652
23589752
23757606
23886757
24002350
24092750
24097182
24121346
24133468
24147149
24161123
24199230
24216035
24234533
24259709
24293143
24326509
24344378
24379501
24388972
24401008
24446583
24496052
24518411
24606974
24620597
24789962
24863506
24894208
25007142
25025239
25109047
25165633
25171284
25231645
25261764
25354926
25421162
25481536
25489615
25548676
25641112
25663421
25665738
25674941
25780681
25802051
25812246
25826385
25918682
25949931
26088070
26133674
26330647
26415194
26423980
26502344
26585643
26640140
26732013
26813864
26826591
26861157
