48256463
48266186
48344192
48388600
48503734
48573097
48604232
48659301
48660134
48747905
48863386
48941594
49070618
49181065
49216959
49289517
49302748
49582590
49758313
49896404
49914554
50062305
50112033
50247907
50267789
50292134
50490609
50755132
50844206
50848620
50858490
50861238
50927523
51023467
51096555
51113143
51135547
51154177
51162429
51256148
51286820
51321489
51336196
51344810
51375099
51378310
51511152
51584233
51613003
51622817
51892895
51894531
52008390
52229983
52554228
52914648
53026418
53178842
53208574
53211818
53261651
53478886
53650608
53828887
53931464
54020665
54045430
54167080
54176539
54324432
54396457
54469463
54515493
54776557
54824464
55059014
55092935
55204527
55470184
55605279
55702996
55736822
55758544
55777728
56011915
56262341
56485267
56665017
57022623
57064678
57285301
57373089
57435289
57458730
57513394
57517375
57661278
57831136
57842098
57888365
57905427
58128477
58258621
58274499
58309876
58618736
58664131
