33546040
33708634
33718059
33745455
33807895
33878150
33900089
33956081
33978286
34016913
34076454
34082833
34159924
34214713
34219340
34319179
34333518
34386398
34441349
34490654
34600737
34689021
34786687
34844810
34848955
34887283
34900846
34925451
34943790
34972506
35185034
35189940
35209235
35209686
35278242
35342955
35469936
35478044
35507186
35588130
35669528
35692635
35722229
35783455
35851701
35906859
36008164
36015972
36095253
36110410
36114837
36297644
36316906
36348533
36532153
36537300
36573289
36630773
36662795
36894522
37095892
37201774
37221359
37270186
37322856
37355982
37413264
37447027
37491364
37492690
37580201
37685428
37751825
37768762
37875665
37891992
37917735
38003614
38059948
38125697
38216773
38336640
38504927
38545440
38636940
38709620
38974111
39001354
39004422
39053660
39085007
39093847
39122161
39158423
39302157
39485919
39565144
39606690
39648839
39703690
39778797
39903833
40087857
40157591
40184892
40223350
40313256
40337531
40339944
40357125
40383761
