96571929
96789783
97134301
97188378
97295327
97308328
97398409
97448248
97515576
97524709
97542313
97583081
97750242
97768383
97920443
98095085
98294629
98307411
98445243
98509765
98707505
98779289
98994671
99008632
99010221
99011770
99040516
99097586
99187466
99207183
99251621
99324580
99381414
99471012
99565285
99678980
99794972
99824988
99850806
99930653
99998237
100042947
100108893
100453686
100454173
100461846
100497145
100555318
100597566
100617620
100681666
100704740
100821680
100890796
100918657
100949262
100983713
100988147
100998226
101000128
101020852
101051141
101128764
101160754
101186049
101194126
101203891
101209676
101222078
101239675
101247419
101249202
101250365
101289708
101294160
101306079
101427266
101517627
101601679
101618610
101684413
101720161
101986682
102023856
102035720
102113042
102125291
102213934
102288704
102342063
102371715
102455605
102495668
102525179
102589632
102670985
102704851
102706692
102725348
102753482
102806134
102857558
102903178
102959679
103002603
103107702
103138187
103164640
103183632
103188619
103204907
103254006
103290667
103299762
103307331
103310964
103416716
103525994
103663957
103878497
103915268
103968967
103985019
104091824
104230135
104230716
104410802
104529708
104611082
104624406
104645362
104721737
104834841
104847997
104978038
104978658
105007922
105199215
105624120
105651282
105766761
105895566
105915657
105916399
105945554
105957862
106014451
106023008
106059155
106170904
106259111
106351538
106508152
106529333
106583512
106691929
106736744
106939482
106970990
107053128
107054551
107058310
107075349
107187312
107428492
107523312
107532890
107537685
107611469
107616024
107702855
107724525
107839859
107850681
107898118
107927976
107930413
107989945
108025222
108109042
108129547
108148326
108176173
108202128
108397785
108463053
108528410
108538138
108646132
108701412
108750922
108787006
108878648
108921089
109016399
109019412
109055194
109096266
109188109
109212790
109226261
109331594
109334747
109367077
109520869
109531407
109535300
109586875
109606990
109648874
109715164
109781084
109818791
109856525
109865861
109874628
109904836
109907493
110112324
110142268
110192346
110212444
110233060
110568219
110617417
110618712
110778703
110847900
110849018
110856461
110901418
110915649
110981745
111087476
111117890
111182814
111331260
111421060
111462719
111467101
111520173
111542719
111551416
111623876
111697728
111724078
111786944
111795316
111893535
111920136
111940386
111994038
112163036
112217854
112371361
112400032
112406923
112414393
112479005
112485376
112563483
112600437
112710461
112748253
112789632
112815135
112815448
112827513
112921761
113018658
113074144
113289487
113297021
113343412
113503533
113571560
113731932
113783994
113848680
113894318
113928948
113995477
114012964
114042464
114211509
114245947
114335288
114391499
114395369
114415733
114432200
114436209
114453862
114465502
114471440
114479368
114494616
114507013
114585150
114683147
114757433
115024235
115216702
115326931
115346567
115349061
115371458
115438297
115533030
115623064
115861958
115871348
115944770
116191258
116209985
116361785
116368441
116514332
116649606
116702147
116765505
116841471
116960003
117334500
117516994
117600322
117650042
117651100
117810236
117879682
117906216
118024691
118125149
118162648
118270806
118345405
118413313
118682400
118722852
118865637
119066114
119219840
119224345
119240417
119290323
119611971
119771648
119837930
119955810
119969086
119976927
119979580
120023703
120437898
120499219
120869798
120945498
121020446
121064164
121297884
121730052
121814758
122120899
122148490
122272973
122707430
123013811
123214400
123251202
123470685
123979125
124136006
124193440
124611016
125116313
125121567
125353191
125371101
125399497
126149897
126559616
127096957
127218817
127245631
127954223
128099842
128324296
128435446
128580642
128765713
129024930
