15534763
15572428
15578608
15742700
15753524
15759098
15829782
15873078
16082093
16101623
16188600
16199455
16224851
16291432
16322809
16341011
16429934
16449020
16577712
16591877
16592445
16597307
16683804
16688292
16749708
16758463
16793439
16886443
16923608
16952712
16968536
16974391
17021906
17211610
17231691
17245577
17267246
17282718
17294011
17390777
17432499
17550674
17593989
17792215
17891503
17915614
17923224
17962768
17976593
18055848
18063752
18079874
18164195
18185852
18274156
18287225
18383771
18497277
18594452
18651598
18687828
18691956
18702679
18782645
18825455
18848480
19071529
19082547
19222706
19233425
19283808
19283937
19296268
19323829
19470277
19602872
19651050
19685786
19690593
19811894
19889606
19961445
20026765
20040234
20079905
20120583
20201011
20214561
20262527
20277447
20289775
20305689
20321700
20382665
20386994
20472057
20479650
20534144
20563601
20608650
20610886
20615765
20617093
20619496
20626612
20649789
20662687
20670128
20692296
20724726
20746361
20759647
20760872
20768589
20777353
20865336
20869626
20902956
20921323
20968043
21002303
21108349
21113536
21125597
21125787
21127741
21140149
21141885
21204040
21230954
21283649
21306401
21306754
21360740
21390728
21442777
21443293
21527104
21627271
21674981
21678791
21690737
21753744
21773755
