59332210
59628044
59643440
59991309
60213812
60930313
61039739
61268151
61268908
61288120
61506194
61595028
61658837
61983185
62054240
62373017
62470920
62565711
62568542
62640701
62759009
62876969
62885459
62940944
63081484
63251592
63286467
63403572
63518787
63600221
63722783
63778868
63802096
64097079
64121345
64231982
64242562
64262379
64442902
64461905
64783332
64868276
65060265
65099686
65315661
65395785
65632039
65653178
65706158
65962551
66063058
66131070
66152838
66269796
66402775
66430144
66491129
66834808
67132431
67481433
67535995
67631119
67649169
67779385
67815993
67816882
67823805
67960730
68166408
68690251
68784707
68942673
69030270
69121154
69252397
69255670
69681214
69911828
69929340
70051348
70152589
70274469
70356930
70497271
70759056
70815014
70878682
71006042
71187758
71364445
71473141
71629959
72129296
72186514
72222337
