50247907
50267789
50292134
50490609
50755132
50844206
50848620
50858490
50861238
50927523
51023467
51096555
51113143
51135547
51154177
51162429
51256148
51286820
51321489
51336196
51344810
51375099
51378310
51511152
51584233
51613003
51622817
51892895
51894531
52008390
52229983
52554228
52914648
53026418
53178842
53208574
53211818
53261651
53478886
53650608
53828887
53931464
54020665
54045430
54167080
54176539
54324432
54396457
54469463
54515493
54776557
54824464
55059014
55092935
55204527
55470184
55605279
55702996
55736822
55758544
55777728
56011915
56262341
56485267
56665017
57022623
57064678
57285301
57373089
57435289
57458730
57513394
57517375
57661278
57831136
57842098
57888365
57905427
58128477
58258621
58274499
58309876
58618736
58664131
59332210
59628044
59643440
59991309
60213812
60930313
61039739
61268151
61268908
61288120
61506194
61595028
61658837
61983185
62054240
62373017
62470920
62565711
62568542
62640701
62759009
62876969
62885459
62940944
63081484
63251592
63286467
63403572
63518787
63600221
63722783
63778868
63802096
64097079
64121345
64231982
64242562
64262379
64442902
64461905
64783332
64868276
65060265
65099686
65315661
65395785
65632039
65653178
65706158
65962551
66063058
66131070
66152838
66269796
66402775
66430144
66491129
66834808
67132431
67481433
67535995
67631119
67649169
67779385
67815993
67816882
67823805
67960730
68166408
68690251
68784707
68942673
69030270
69121154
69252397
69255670
69681214
69911828
69929340
70051348
70152589
70274469
70356930
70497271
70759056
70815014
70878682
71006042
71187758
71364445
71473141
71629959
72129296
72186514
72222337
72877343
73025914
73030809
73063156
73102100
73120261
73178322
73229097
73239700
73541724
73556054
73558759
73953376
73969879
73989135
74200100
74249521
74346314
74401770
74456110
74492214
74607222
74645482
74780957
74831639
74912683
75030427
75349162
75625304
75630780
75807961
75885229
76035825
76222666
76442462
76500059
76530978
76621572
76939803
76968068
77171265
77532132
77600299
77659281
77704087
77807313
77901970
77939573
77951289
77978613
78183470
78228401
78261597
78274738
78414793
78446962
78546445
78697453
78776691
78823659
78835226
79003100
79024197
79079055
79080442
79184589
79301387
79369448
79764942
79946004
80014987
80032363
80086379
80173429
80307061
80363273
80391463
80572569
80697270
80903215
80917197
80921598
81044689
81075458
81099318
81146997
81162250
81230218
81264406
81347526
81439973
81448676
81501952
81789188
81971153
82097215
82237321
82412934
82753036
83205944
83218299
83405000
83912352
83925507
84042211
84067920
84183722
84186401
84305462
84713049
84716983
84935965
85358063
85389926
85499878
86227108
86271271
86428888
86542012
86864763
87008958
87144153
87370267
87415166
87482233
87630645
87863421
87920954
87924772
87961259
87996178
88106499
88195307
88234205
88332131
88435837
88494556
88558906
88566780
88644111
88722711
88808354
88889890
88911068
88959742
88973700
89000334
89008343
89125871
89177042
89234882
89264637
89339565
89357759
89393362
89428352
89443443
89457624
89457951
89554381
89609134
89623005
89641698
89715859
89824159
89839795
89888295
89889664
90025347
90157938
90187987
90396818
90473524
90597173
90671538
90788916
90976879
91110347
91189906
91329037
91346589
91471532
91473352
91564564
91574552
91998741
92047197
92144586
92185028
92188557
92317233
92387146
92697299
92948854
93708884
93774212
94049752
94129012
94437289
94466878
94537464
94742844
94778104
94822072
94851802
94997655
95157749
95325800
95639157
95817881
95826582
96025269
96134247
96138663
96221529
96254759
96303815
96352377
96369017
96407751
96548798
