21892380
21908366
21940158
21950774
21977379
21994572
22019910
22025611
22040206
22062338
22124598
22150561
22202267
22275326
22295745
22370818
22386908
22456556
22532742
22544766
22643042
22670326
22671668
22776375
22800778
22808816
23020169
23082031
23110475
23169799
23184092
23205816
23304621
23307252
23338274
23343379
23352224
23415815
23567338
23568652
23589752
23757606
23886757
24002350
24092750
24097182
24121346
24133468
24147149
24161123
24199230
24216035
24234533
24259709
24293143
24326509
24344378
24379501
24388972
24401008
24446583
24496052
24518411
24606974
24620597
24789962
24863506
24894208
25007142
25025239
25109047
25165633
25171284
25231645
25261764
25354926
25421162
25481536
25489615
25548676
25641112
25663421
25665738
25674941
25780681
25802051
25812246
25826385
25918682
25949931
26088070
26133674
26330647
26415194
26423980
26502344
26585643
26640140
26732013
26813864
26826591
26861157
26958210
26973959
27005097
27010700
27011127
27013909
27018318
27045098
27072899
27115555
27177769
27218353
27218795
27223048
27311893
27319699
27370540
27371109
27375738
27409154
27419019
27478492
27507818
