114757433
115024235
115216702
115326931
115346567
115349061
115371458
115438297
115533030
115623064
115861958
115871348
115944770
116191258
116209985
116361785
116368441
116514332
116649606
116702147
116765505
116841471
116960003
117334500
117516994
117600322
117650042
117651100
117810236
117879682
117906216
118024691
118125149
118162648
118270806
118345405
118413313
118682400
118722852
118865637
119066114
119219840
119224345
119240417
119290323
119611971
119771648
119837930
119955810
119969086
119976927
119979580
120023703
120437898
120499219
120869798
120945498
121020446
121064164
121297884
121730052
121814758
122120899
122148490
122272973
122707430
123013811
123214400
123251202
123470685
123979125
124136006
124193440
124611016
125116313
125121567
125353191
125371101
125399497
126149897
126559616
