103290667
103299762
103307331
103310964
103416716
103525994
103663957
103878497
103915268
103968967
103985019
104091824
104230135
104230716
104410802
104529708
104611082
104624406
104645362
104721737
104834841
104847997
104978038
104978658
105007922
105199215
105624120
105651282
105766761
105895566
105915657
105916399
105945554
105957862
106014451
106023008
106059155
106170904
106259111
106351538
106508152
106529333
106583512
106691929
106736744
106939482
106970990
107053128
107054551
107058310
107075349
107187312
107428492
107523312
107532890
107537685
107611469
107616024
107702855
107724525
107839859
107850681
107898118
107927976
107930413
107989945
108025222
108109042
108129547
108148326
108176173
108202128
108397785
108463053
108528410
108538138
108646132
108701412
108750922
108787006
108878648
108921089
109016399
109019412
109055194
109096266
109188109
109212790
109226261
109331594
109334747
109367077
