72877343
73025914
73030809
73063156
73102100
73120261
73178322
73229097
73239700
73541724
73556054
73558759
73953376
73969879
73989135
74200100
74249521
74346314
74401770
74456110
74492214
74607222
74645482
74780957
74831639
74912683
75030427
75349162
75625304
75630780
75807961
75885229
76035825
76222666
76442462
76500059
76530978
76621572
76939803
76968068
77171265
77532132
77600299
77659281
77704087
77807313
77901970
77939573
77951289
77978613
78183470
78228401
78261597
78274738
78414793
78446962
78546445
78697453
78776691
78823659
78835226
79003100
79024197
79079055
79080442
79184589
79301387
79369448
79764942
79946004
80014987
80032363
80086379
80173429
80307061
80363273
80391463
80572569
80697270
80903215
80917197
80921598
81044689
81075458
81099318
81146997
81162250
81230218
81264406
81347526
81439973
81448676
81501952
81789188
81971153
82097215
82237321
82412934
82753036
83205944
83218299
83405000
83912352
83925507
84042211
84067920
84183722
84186401
84305462
84713049
84716983
84935965
