64006643
80106894
80552106
125037886
146084901
24702357
105872578
136947050
43742127
79979126
32233735
139446606
26394533
17257140
93304924
142186263
11396594
56886008
112947197
103416716
169354660
25240818
18565555
85026912
138820593
149445546
26125541
36147665
24620001
127783386
8950555
113268677
121122623
103034845
7869033
110621072
79671827
189145429
18121561
85396821
51984628
50889297
123343920
42778294
105053359
91324625
57400569
102989489
23106417
115924636
73043931
115858557
34291427
73423929
161553591
75493616
6675678
47448056
98104904
131470273
44858056
44508845
178006654
102922632
168048919
79198278
37080044
154531605
42484625
138667235
80138059
29943880
148619341
139717616
84448021
103166856
41668887
44435272
23913809
130790142
128759662
24395003
18099698
93714551
22789243
131258297
152184591
112277672
25319190
159937223
98090737
53994929
66724211
64859604
140209484
49227166
39159013
136541415
125621867
107157144
55895593
108904679
7440378
139892025
143616447
82767554
79886888
85118743
141888455
155304396
45655350
135070089
73620980
136253112
26698051
43273162
32847815
83125423
4615146
151649187
61462418
135742868
153334265
97939468
86236284
103601900
124883789
121507908
73509058
139700658
122911217
62959082
148341684
137043590
23059343
147883746
149655308
39170048
42866199
66703410
12376031
48132392
44221535
114447989
95732739
163969390
124540916
84652921
76784406
129440551
54827184
113984731
17792680
74559942
110721274
21784806
92857189
154638842
77723830
59364829
42855183
68450486
73660378
48780893
103103473
128698431
69934318
77333981
54121239
44268376
61398531
83078436
65859986
89234310
98844840
20347042
65352380
109255150
159201505
21295987
69935766
99644116
121264594
26529774
162839095
69030537
24769136
81016582
87843364
152603679
56058337
59326173
17019402
101493060
43662787
148455397
42145196
16668656
34688525
12505829
119423075
80109951
48815141
147202800
26306737
66245255
79127843
84241848
58295952
74313494
146457852
99353582
54273392
99181827
67749870
202917957
51135802
44256908
150473105
13366267
85150386
66321726
165814238
169403417
82376190
103083375
88280209
119701070
49652346
71045069
122143780
138449189
125612746
139960439
112849188
85049482
137668563
78230632
29978118
83406905
103810519
83341768
58671784
100487494
42566367
84827696
86126455
20898915
30039772
46453603
38392635
18991135
63018434
100126495
154958505
48351162
117546367
172389917
108607259
81791396
77465915
91885951
65736324
26997900
46749599
86778459
114317368
69330352
148173338
68191385
25611666
44358664
44655740
109666748
97210724
100720418
96000598
143087294
47080286
107510191
39389944
168773886
60303576
27008925
20209925
162224133
54717447
55010862
156467479
28428630
51937941
77947228
57502669
60308869
127967773
137645472
94393567
45745127
91466945
94851647
172503356
143490929
59330984
133044664
31874051
118227253
17411412
79060337
88929585
26176603
84113345
58575064
93628002
151674302
112425188
31039009
7716087
117989890
19876078
42095978
26475061
20429255
5468120
83762346
152925169
115539489
90076262
141632465
55100132
71034301
60752899
31400620
144349219
119711886
89646204
63864440
45355391
57245844
113637158
45544044
65507027
119127716
190551391
136013178
85888390
48923544
148103999
153000451
52678172
15005904
78086500
28011974
159721243
63781993
88477058
137650387
24636342
34502618
41506302
49504957
79424369
76233895
82596227
75989144
4648372
97472210
73812699
168893890
88269749
57342876
92341462
63656855
48748125
76699726
36086222
33406549
13606790
18088124
96460542
138922815
63543566
101604934
64215911
81259723
12953178
81139052
56563669
133771181
102674437
135026410
147877154
42209515
86914363
141410342
23629046
40673210
137651691
89499932
83415757
148342636
126966634
49528066
60957416
130016739
124378556
61128138
36622006
100886430
89435035
50407430
131112757
90125374
47295620
162368492
69341706
36108874
64045246
26689540
138696951
12164770
81858507
49772291
81548165
63548613
138534692
130644256
69739162
121379290
49965727
67827068
72523036
98648196
101046448
113867601
124437779
108590859
143532890
48404232
111861915
67356097
65241685
22613597
36792185
4237231
67555051
25068666
141461424
76695477
12979952
30856611
109527480
123487791
102491857
65784843
140600948
102945640
54228268
49864531
58751590
35462030
116178627
84388891
82526266
143531191
45939802
81437764
152321561
120357180
136905414
47980353
56513082
52073021
87034678
65795944
92870145
64667290
80845013
118918471
69156796
147229633
100141910
77596304
103408434
31304153
97230847
59337380
110893353
136209206
110557229
125213758
101004770
79310160
107267529
90278425
86309021
58928718
3604918
29551044
126052496
61247461
77908766
117294071
118482690
153898239
39322197
85809020
128138431
37459565
45049266
44023466
29070130
13075435
86612174
162731076
90773621
35848381
103185802
99664368
82558390
62560188
77922577
28516444
120159409
63126095
43657761
45296411
85494186
53086125
89108936
85995249
44109460
65381267
119088826
19594385
156824893
50516835
124909530
117660426
139556909
21083157
65281270
13305673
11300179
161511262
45912756
145392435
54274725
135342539
86037611
131761779
4119694
64149102
58030008
130689780
30713062
160567998
158294317
2989013
41856229
135441915
119283703
124601229
51576317
160027198
92098430
45016962
31007765
19856241
139321686
137095815
70786877
79476761
42777111
18894830
135389882
79921113
163999620
151925593
48033697
47228412
120015579
129478991
4991738
99260286
74736484
76501514
68340330
8957951
78312301
150107857
89069038
91288741
26992811
91958110
113373743
112771720
79224825
67771007
144175488
58505639
191225608
126979668
75015854
76102565
20728402
107372709
23140961
66114979
133173404
44113431
130280398
141814751
15811796
152305643
115407021
153619671
16261556
69273746
47559494
67372691
77015016
107154599
56059692
21535858
58379005
93733817
143587802
68226433
89832368
161195904
26426801
95289801
86452167
111714194
94721419
47163897
35753654
115957974
20621173
84045384
50985135
28351238
80218541
106650743
56907169
142910895
58772205
143479658
33796645
65113081
122109923
119642484
131901357
136271143
53327901
130187956
48621265
12509085
33854720
44549218
35955370
93785955
46886965
116137420
85362080
73658976
66062131
47868202
22749282
27206881
111741848
77928507
44287520
53524570
119798224
65389241
47876675
84077473
81517533
49118841
100266723
134967121
49891647
31641771
121129168
24973115
146728382
115349232
128656285
44899513
77001145
97882220
116439990
98277888
129792397
162072801
65973171
122660988
75016745
59820721
74557700
94977424
106206226
115606048
98138791
67757236
91936778
150233468
52614244
107341544
55615156
52765231
24091042
59058000
115055524
67698605
111315059
91593528
43943978
87486900
24211779
18695054
138025996
65079110
152870660
41552171
133178858
170979206
75385275
76631798
104181363
107921211
99433624
67424618
155867499
71305377
141191031
98797171
130943755
44853103
93982845
43904406
110856056
29005900
149941198
112494323
91863620
111944333
114986461
74409457
86093829
107361295
99073035
159317191
86805387
39041119
112010747
45445568
39239643
85319812
117910562
52276901
61915840
83102510
183750629
76344414
82475670
27094377
156413900
44151542
116097566
80900800
152743957
112262343
25693162
61994360
124218436
66042962
132716800
13506207
108453023
97486973
136203767
29935927
27790337
102617120
35446404
28187309
21199602
112743302
12733579
109340441
88437852
29220828
47834023
63815041
78427904
39219483
36797867
47940822
51712800
63049943
109213119
128342570
82916295
14787544
43913285
41274664
73304160
27855301
106966053
123650161
23341780
80112208
102504047
86616235
30507292
76079575
43107867
30230137
110310397
27173325
22341851
84353820
69717277
144250412
12623540
53334233
99324486
38859200
149630594
148615460
129711018
60918770
83800749
21352306
188664693
84247792
100987118
33914238
95631921
55562041
32209212
40343166
134021538
66854343
80454570
52976471
151550724
71722451
83342238
33076637
63661503
45657473
82872200
52131741
34956773
156097960
48597213
22800804
96225674
62457578
70571682
143839615
56124439
16276226
50701120
26265372
8146439
42668745
22193127
124578619
127141041
114591883
107300391
116699708
66599456
159188264
173796795
176694074
101186444
98163290
51968355
23411183
127016724
77004849
42555663
74633379
85810404
145738990
98789412
50823443
22694265
140248027
138573534
121173851
63080348
13387241
66485912
106435400
25360714
101407360
100138721
123332425
12277280
118990453
105137270
7751209
111168679
17270857
115573000
97168305
97529792
92612657
61305804
101281205
44327655
43462883
134859974
49976528
151890436
114342923
103886307
113502476
93737928
136810420
24008241
21576053
84470980
63446000
49740339
100959087
97534912
116143553
105084212
66145179
16844281
154533945
65787068
24205034
75190922
97578789
108750631
67995300
164797312
27351885
51128343
76995304
30513449
158972220
42915249
15201622
135645966
51591747
46173573
165807976
117231835
64617305
60263370
112587935
74538207
47112444
132571838
180360067
115444239
46210219
34705271
51370586
56758768
74101279
17678784
42414539
50755861
90817179
86979243
45192992
81614223
146807440
149648958
25216795
120023816
132268892
41547108
59849768
84836059
90748728
80554277
42858638
185224819
135310065
138665622
85968374
53354678
101264014
19683153
29219535
87954416
89178151
70936795
126065235
82649258
86656040
69315838
107260773
148626978
60924237
103414633
43982171
88980272
36494296
40670594
105606568
109845413
75586899
22406264
84907001
21005203
63084335
104852653
89602301
19584974
43631950
104162905
78475419
170383833
107540195
142207493
81597353
47776220
132924246
96209166
158240148
28316603
85848189
67618569
51759842
90440043
79722763
144343318
143461140
150037763
87519074
124418762
78178318
136237552
40475362
78449479
70191722
91441878
105288218
55503884
46818630
144659477
85699588
7321382
164311497
25671055
149365220
156791230
117057029
176233627
104488668
100789045
154623300
191135320
134972507
55094138
34857892
86347683
46758328
47202026
71697039
86739722
120395637
85509331
56987370
169825723
123835922
144724341
163373312
126566611
106947332
88511658
98940698
93959129
51793754
149236250
77745850
38931187
81619401
157031320
22997607
102781508
165983498
18145590
53267843
129692960
50444974
89036100
174791996
128765713
18160672
68850512
96147601
62647932
136617958
85930696
75541478
108244350
29635114
95641447
93804908
16267579
71599860
39191629
126617204
115889582
66820792
157414311
92286391
31297940
19108669
19285240
60091024
168718873
128182629
55308600
63211731
51855084
47195723
80935948
121356396
85038772
121133165
134438118
63690785
44254304
3249940
147033030
164791358
76265858
39387663
109684479
87159122
131862802
131031479
68441024
42899093
59704469
61333602
168460032
78606732
81235569
166475072
121416936
59268522
104283696
147021442
99970078
112702765
139946125
138674720
68482501
42688821
163402424
62478147
37278839
92726188
29086006
113796957
47424095
51192983
42953110
132904725
130552029
87859986
100028519
39335594
37981870
119752156
20765598
39228282
