225341664
222876829
220358397
220044769
219282625
219279968
218960062
218412963
218181212
217879427
217659612
217506239
217317795
217195452
217061158
216562020
215723330
215209251
213369477
213352639
213124896
212341886
211601189
211168057
210797915
209512609
209065787
209001882
208769881
207744505
207145432
206170881
206073061
205634970
204273546
203354441
203263447
203143463
202968230
202680423
200535877
199962735
199618902
199568633
199538487
199160250
197866360
197751402
197117397
194036115
193379960
193358257
192781583
192440019
191550574
191358383
191046474
190504908
190446417
190230470
189647893
188905478
188807055
187524659
186043826
