225341664
222876829
220358397
220044769
218960062
218412963
217879427
217061158
216562020
215723330
215209251
213369477
213352639
213124896
212341886
211601189
211168057
210797915
209512609
209065787
209001882
208769881
207744505
207145432
206170881
206073061
205634970
204273546
203354441
203263447
203143463
202968230
202680423
200535877
199962735
199618902
199568633
199538487
199160250
197866360
197751402
197117397
194036115
193379960
193358257
192781583
192440019
191550574
191358383
191046474
190504908
190446417
190230470
189647893
188905478
188807055
187524659
186043826
185721167
185277164
184085940
183737716
181522557
177969768
177438128
177281309
177160742
176374558
176100027
174578533
171676866
170847886
169377037
158834139
157910805
156151010
155599682
152176339
147095927
144315359
142680648
140385093
139678646
130134321
128318720
124186880
118988447
118564361
116349272
115667903
114698119
114250809
113363879
111939446
111629317
110523734
110255879
108700311
108065839
105276161
101708651
89202466
88097634
83830577
80740293
77802681
77333119
77332129
74127686
71145134
68526766
65251459
62406177
61144098
58721426
58472077
56944200
56174154
55845093
51832171
51560246
51282880
50908022
50860241
50804801
50785551
49996852
49095994
48323579
48097760
48037647
48017213
47741152
46998335
46919363
46448094
42607430
41980779
35891144
34450053
33453309
32565633
32374333
31118054
30712514
29830121
29615383
28402587
27963538
26921057
26182893
25765231
25247394
25183337
24780294
23909749
23444439
23351019
23131299
20669859
20588732
20102392
20075549
19985297
18293981
17928171
17059614
16695911
16402984
15366890
12944606
7558941
6672023
6627526
6126110
5604109
5550212
5175018
4880735
4829201
4529613
3289676
3161456
225678431
223537730
223520835
221792475
221443650
220790875
220738172
220555650
217931199
217667773
216277948
216183363
215093765
214304926
213734682
212567160
212298057
212178983
211632441
211363751
211160164
210838871
210534504
210268520
210001799
209937501
209923875
209623778
209465705
208731096
208138112
207899285
207701690
207538040
207461530
207379143
207364150
207221051
207135894
205708683
205421442
204563165
204114058
204072023
203947116
203860168
203688371
203292794
202745550
202457491
202154964
201834941
200644529
199800869
199779888
199420689
198527671
198481517
198375024
198063266
198041362
197630857
197108453
196977834
196948826
196539372
196086670
196071377
195911544
195867314
195504451
195497461
194652247
193004833
192601557
192201534
192017234
191877218
191851298
191677963
191508217
191033485
190934700
190868547
190753897
190712674
190494215
189842005
189450873
188982483
188802716
188786733
188580883
188261579
187824189
187457203
187171351
186927037
186511375
184457003
184159003
183627352
183194810
182488135
182353773
182344138
182149264
182083415
181720885
181544931
181280674
180965187
180859587
180242470
179633184
179019277
178819855
178613190
178302968
178229589
178003982
177397300
176298513
176268548
176106196
175823344
175393194
174949773
174490217
174070841
170741413
170696228
170614014
170109524
169653390
169283613
169184089
167687565
166034400
165949195
165914332
165685510
165547549
164878454
164220518
163969016
163171593
162877779
162480079
162450508
161824437
161518213
160840501
158538190
157954138
157579060
155376684
154831510
154408150
154289814
152256766
151143633
150955184
149754964
149277530
148670676
148553815
145392111
145173080
143583078
143017312
142945347
142718557
142200602
140639944
140366119
140174088
140136274
139773769
139057806
138894020
138814750
138696951
136644356
136387588
136185426
135987138
135801397
134672344
134666326
134554399
134342866
134268481
134203798
133824824
131192401
130697841
129046399
128276959
128254431
128180286
127256418
126990529
126910897
125856726
125481155
125470563
124999383
124800025
124230642
124183709
124165403
124091112
123925978
122173091
122047996
121796321
121731411
121658835
120686025
120671577
120023703
119927083
119593785
118904045
118260091
117804839
117575033
117529122
117460953
117086069
117065516
116822682
116264520
116226465
115965082
115498399
115358673
114739584
114000007
113678778
113179447
112895497
112702169
112596953
112513902
111531060
111512985
110856461
109680138
109255150
108792976
108770077
108047123
107889241
107626108
107029116
106982157
106467761
106391785
106139824
105506826
105339590
104863959
104283696
102011024
101129369
98560119
97953224
97501305
96961248
96588407
96585594
95988957
94680215
94053024
94044377
93292317
91495494
91351190
90906523
90442699
90225863
89609366
89567689
88075075
87853261
87219248
86595716
86426079
85083657
83613848
83336686
83035627
82764311
80830349
78968321
78841789
78821280
78512278
78313126
78061177
76692886
76033117
75932812
75795573
74693590
74586268
74507456
74372852
73969879
73407331
73046723
72950955
72873622
72507730
72463719
72343320
72049962
71428207
71345353
71272947
71182880
70881368
70868439
69458099
68981343
68935197
68684755
68109871
67510918
66930232
66408586
65683420
64937685
64595234
62785084
62513265
61944981
61524367
59852403
59761337
58218257
57818711
57584926
57057605
56013267
55986305
55588730
54232690
53923784
53858258
53833249
52771023
52525628
52411793
52132618
51881285
51661889
51484967
50653419
50176281
49349473
49106270
49037730
48968717
48418379
48139760
47985145
46787560
46356160
45889927
45879691
45787074
45483313
45376273
45297924
45122183
44923699
44786170
44746089
43949342
43615991
43008488
42964060
42632940
42374901
42373895
42240801
41585566
41495010
41375483
40836240
39804729
39268301
39182568
39010568
38984901
38918891
38866790
38287468
37826545
37816748
37518343
36960145
36768338
36727789
36355367
35965925
35935131
35157603
34183095
33974611
33873830
33728007
33081595
33078970
33064539
32912262
32311291
32081085
31952817
31817555
31357920
31165558
30823573
30656911
30478356
29394966
29061494
28735112
28646968
28139911
27471887
27341602
27132896
27022048
26914210
26761572
26202210
25663057
25337533
25222553
25105861
24942751
24822210
24808860
24595118
24372692
24332479
24291284
24180862
24179967
24103898
24086167
24029527
24000302
23855110
23048461
22880010
22673254
22532658
22395314
22095538
22062208
22016350
21984916
21624210
21567807
20861275
20860702
20449701
20386546
19942509
19800562
19449094
19344898
19268051
18767097
18670702
18335822
18260828
18170591
18081385
17919905
17738731
17673508
17540561
17265901
16599707
16548674
15550188
14883986
14228095
13940991
13709090
13645955
13415262
13103130
12867465
12578570
12487429
12128613
11888312
11756169
11735568
11032987
10969615
9171935
8294534
7532266
7493891
7485749
7351012
7342397
7293196
6594000
6400215
6065488
6004450
5704202
5697311
5597645
4969036
4627270
4430098
4177456
3853460
3535372
3101687
223374079
218367747
216739262
212374392
210237638
210053596
208867623
208475650
207340362
206376864
206153095
205990058
205515685
204184474
203821750
203495269
203052904
202987572
202852502
201229350
199807885
198501665
197123284
195555871
195271117
195144429
194744781
193488362
193045992
192979936
192577250
189313346
188674755
187926278
187831587
186386067
185632819
185464432
184846282
183204036
182799109
182432456
182260888
181119469
179963149
179670891
179571176
179377351
179093117
178983337
178625470
178543122
178531030
178350804
178141005
177771687
177342443
177300625
177291722
176326318
175764787
174585554
174553663
174287415
173407436
173256753
173123052
173112249
173056914
170676785
170314505
169890521
169663893
169581353
168256082
167839488
167448435
165625482
165413619
165338533
165203498
163752311
163374796
162752629
162700172
162246651
160087157
159725168
158458783
155400722
154328755
153340846
150395661
148230680
144432113
144331152
143441112
141839636
141147202
139580691
139348588
138928779
137069813
136891502
136465178
136211144
133727866
131767755
131249612
127478673
126245214
125556881
123403220
122148490
121721763
121085537
120294423
119056348
117452283
115913694
115540963
114303868
113289487
112733363
112693406
112298112
111795316
111628870
110998537
109874628
109498074
109133271
108298046
105697653
104769549
103745389
103396534
103074076
102801571
101513510
101336037
100944499
100906745
100509210
100396602
99271687
99192590
98931353
98204176
97487228
97316503
96913491
95670619
95584313
95537477
94752025
94545050
93119462
92744029
92605694
90509946
90470301
89031526
87683432
86068680
85686889
83950582
83897107
83169676
82091202
82058745
81994749
81322349
80652940
80576432
80239717
76967101
76275994
75872026
75046513
73763055
72457866
69161063
68677347
66748295
65559340
64552694
63429540
61317478
57069354
54439977
53691616
51455568
49483649
45893212
43702624
42186759
41923551
41403262
40224758
36783919
35990980
35954687
33084069
32183102
30025546
28636208
28500581
27386024
27333176
26533270
22930095
22721395
22493950
22253393
21792787
21665664
20247566
19708500
19319504
19078235
19012600
17764298
17279460
16622249
16433302
15938833
15116325
12894821
12819872
12728870
12678909
12305162
12230862
12221208
12104331
11943225
11816330
11796115
11572052
9196606
9081570
8492639
7923970
7160511
7073509
5125882
4333549
4119100
225343998
224956002
222501378
222102652
221072002
217877573
217272896
217141154
214012738
213823397
213272895
212893633
210936735
209695552
207066408
204123817
203940251
202912261
201296869
200728322
200433483
199983345
199340395
198084037
197246960
197042646
196714902
195104520
193811866
193173356
193114134
192933591
192073502
189665831
189188752
187743030
183300086
182716333
181922157
181768781
175239410
173545730
159077142
152087057
150150289
133423971
132619804
131042522
130324413
129097001
125264778
125093124
124895837
122520026
121326975
119271275
114326934
113455432
103985019
97909798
97097083
89410745
78536297
72976460
72182982
67535995
61570963
58488662
57219892
50927523
49856200
45863089
36859371
30838240
30153879
19711130
11508367
4870744
3267246
