151549594
152743957
152925169
153049710
153392504
153521532
153663969
153898239
154409669
154531605
154948111
155091574
155368587
155392842
155400722
155713821
156097960
156413900
156735405
157115098
157168535
157384469
158240148
161195904
161511262
161553591
161637882
161638210
162839095
163373312
163402424
164311497
165992356
166034400
168129583
168893890
168945963
169403417
169677988
170383833
171446179
173242846
173796795
174791996
176233627
176268548
176313126
177397300
177438128
178006654
178270901
178543122
178984266
180281818
180360067
183750629
185277164
185342298
185721167
187698031
188433916
188664693
190504908
190777649
191135320
191810146
192371183
