3404808
3527798
3605187
3940871
4016780
4126689
4191442
4648372
4677961
4720649
5224067
5231210
5437720
5513137
5794758
5870473
5953803
6419347
6675678
6802201
7259621
7356026
7481373
7483674
7586717
7716087
7927648
7948323
8146439
8273288
8342343
8409825
8950555
10581833
11109390
11238818
11377981
11396594
11456786
11643508
11698857
11803696
11862898
12033720
12071263
12074575
12094166
12125652
12137968
12155349
12185222
12192398
12197385
12233321
12280813
12309195
12440616
12476841
12529704
12573376
12733579
12763922
12801059
12827542
13160356
13506207
13868094
