71722451
106966053
31304153
136253112
74101279
25693162
91288741
29220828
50516835
48923544
31641771
101186444
82649258
79224825
51576317
180360067
152305643
45544044
86236284
62457578
132924246
169825723
41274664
38392635
53327901
95289801
97529792
81437764
74557700
46758328
159201505
103166856
96147601
58030008
105053359
52073021
39170048
23059343
129478991
151890436
20429255
60918770
33796645
124909530
113867601
79127843
77723830
82916295
86778459
63084335
85150386
6675678
83102510
142207493
145738990
158972220
4648372
52678172
56563669
42866199
48132392
63126095
18160672
76631798
92726188
22800804
123650161
138025996
22749282
44109460
85848189
135310065
90125374
29935927
68226433
121122623
85049482
125621867
48597213
28011974
102491857
19856241
143532890
47424095
131862802
110621072
80106894
115606048
65507027
64149102
101604934
26992811
111168679
97210724
102504047
69341706
159937223
52614244
87486900
19594385
