26276295
101070794
35078297
171973499
119633114
142207493
65973171
139661416
81259723
62888518
89069038
61905477
149655308
33507094
153619671
87653743
34030566
165884636
55524999
120015579
34604593
27722049
182592160
140209484
42350431
142592051
52067766
42005263
36439060
29243957
101264014
47876675
108910102
115887710
134021538
59046178
57616385
30407561
38185391
16267579
53413938
44834444
96961690
26415151
50149761
79921113
36259500
103168312
122169051
101781921
87478300
127554847
97796753
25497465
74087066
57153823
83435005
11300179
105274988
97627240
62998048
25051213
15811796
102234967
37545584
66922242
27516653
47905672
49652346
191135320
16261556
25671055
31735724
105306944
86162743
148341684
87130340
144946995
126566611
38859987
96569021
125892212
35933172
68709501
49694641
60843857
85076647
74557700
27641358
31427820
80822125
28872782
83567815
26320775
65964305
143087294
47868202
91885951
91429150
56846395
41469609
105440199
25677051
89035746
85605876
20728402
91155106
25247712
50705437
60751167
44327655
100651350
99652537
72308902
113120029
50516835
147606643
96838473
126479635
71494896
80859381
30856611
19683153
49385471
71361809
35955370
73330810
136407996
118189580
116394177
144046272
35684152
166107713
55548374
77596304
31230357
43904406
33931132
44508845
25284195
26065453
51793754
86612174
58379005
135342539
29426880
66042962
46909396
26358982
17270857
100126495
87078524
114340399
156060066
27194593
69341706
145392435
38357275
50813520
164128615
36622006
45227483
56987370
27855301
166892603
83255154
79549530
60924237
29194874
124224434
52131741
29219535
43392963
29181017
149941198
61637175
129478991
158385028
27742785
103103473
81597353
105025230
32926638
28701984
120153149
90760665
36792185
65795944
18121561
154533945
41274664
56886008
123055399
58080530
123487791
160027198
97681476
42084636
61922193
65787068
54591419
70186992
79224825
143525131
131112757
39230595
16844281
75288413
8950555
33914238
124378556
37413977
68441024
124260784
59849768
42216679
25486867
28703707
68408026
57502669
113796957
35058286
71538080
72015546
75190922
66820792
92870145
28054425
92610114
28661694
43305726
132924246
142093054
28438619
68266003
50771318
129720348
75582591
28428630
79198278
35104583
25206679
103396077
24691533
108763763
39080986
128021603
25694354
61728593
140960754
92402784
178867748
78559883
84077473
103870653
30069625
52644201
24211779
130237142
165807976
132271649
147202458
73509058
69358607
130128932
114447989
81437764
70571682
111678522
27352966
24575750
45445568
97210724
42899093
19584974
108480789
152334034
142200931
45968561
103408434
30603990
31885474
28625113
37690620
69030537
140600948
69014579
17792680
167447287
93411268
179552540
29820951
96241879
180360067
50723219
51135802
59899207
114973703
60153524
68191385
45296411
81432842
38392635
68923698
62457578
35301558
25962215
25280843
117231835
26000472
44549218
147229633
99644116
91490233
66245255
32531932
102311813
24345877
75016745
144854451
102493135
99664368
129872140
134784863
108560898
126966634
63548613
88980272
107510191
162731076
96460542
34291427
35328719
63446000
122660988
37088437
49491922
37306096
152603679
64336452
63690785
28043497
109845413
78475419
67771007
61065857
174900681
107510889
51628436
42668745
115385449
61247461
106435400
60263370
156730679
113605562
110310397
128543520
74736484
81235569
92341462
75406291
72283192
55490302
44109460
180330333
107601617
57444227
47893022
27162914
116037420
138187462
66321726
39387663
68450486
29986660
83341768
34823807
87859986
102617120
84448021
24008241
24696203
123313813
27765484
65784843
83406905
29861726
29873925
54477550
20898915
133902866
30664652
174242848
41750472
62641861
76265858
25152047
27087636
74409457
133173404
49388121
57676137
152925169
49710555
25216795
24470883
47424095
28222458
29339013
111861915
29013283
25447567
43183102
60303576
22800804
48738921
139960439
115924636
138025996
38535847
36944827
91863620
63781993
168773886
136234968
26258745
26466683
152870660
94977424
32182222
157634399
42414539
50985135
30911611
60308869
144261085
60589415
85024134
94548524
148173338
121122623
89669859
71305377
38032452
77403711
41232576
131206264
89499932
135010534
131611746
164287074
137645472
87034678
42777111
41908440
37080044
36494296
24973115
25633434
30105001
112702765
103122243
63625110
111312545
85362080
113984731
141081013
64417202
135026410
26461738
176233627
96283491
174752323
100959087
51397093
16276226
68984773
121264594
73612340
25777068
53327901
107372709
154742338
50444974
27440581
101468566
26981958
49965727
19594385
26341851
38357230
157031320
85848189
27484791
47202026
76143282
166735807
45355391
31733345
59946837
134854198
132555406
88085433
119798224
150546817
23341780
109789539
27964471
88437852
34030335
29274296
29299668
59704469
44023466
27890183
91292372
116310998
116707273
24397388
28011974
25967171
61479698
86540884
71722451
50407430
145748607
80112208
113268677
103810519
26100217
168460032
28111414
28530935
32792457
126380773
85995249
98844840
104616864
48123426
31751000
42915249
30497246
31198782
39159013
24990408
82596227
27772524
141340118
187580865
127085298
39191629
36132056
45180681
62647932
28187535
81478868
153334265
125621867
44793506
59364829
12953178
103414633
29086006
129810929
25713863
106653655
65352380
130016739
69304882
27703354
26975647
63507537
93804908
72164962
121416936
65381267
72308064
43107867
48621265
96000598
76596306
71515588
104368815
32874336
43913285
58616482
153223030
25252641
83125423
29664645
109896161
27975059
116665579
71930374
7716087
54142348
97168305
24639200
87154828
20347042
112920101
124967468
51370586
132829843
66062131
39485376
105786753
133371021
113914485
24091042
51759842
92286391
66908669
31793481
25696856
110621072
27702533
157133282
30522416
153497185
45655350
114029800
52073021
74538207
30230137
84476122
29692950
143531191
33257789
160602332
63084335
80487533
109255150
121129168
88477058
152321561
88210973
89178151
26241956
3604918
71646695
81774000
27767946
124909530
26271537
117660426
51855084
43462883
97472210
102922632
67383451
35712613
49528066
152760307
25125912
65507027
115055524
66412707
52557602
30513449
55503884
52139446
94654464
104162905
28544337
100028519
92641815
101604934
47080286
77373458
102126435
36086222
114317368
62478147
59820721
124601229
47834023
116097566
27883314
131668921
27773785
53669063
26481544
77984465
24435201
25036593
32926011
35298160
34885578
131470273
161742901
22997607
96643198
53354678
80035301
29905763
78086500
147033030
48354112
109527480
120360327
28228988
18991135
32965284
112468985
127162553
67828905
23629046
33211145
39102185
73043931
68687731
36517109
29871906
117294071
46844846
153293723
107416786
120395637
111315059
68694664
26529774
84776070
71264416
29251055
121173851
82760249
34805524
80900800
35460597
20881237
34502618
29978118
164156654
75851299
70460004
38754538
175162645
81666848
104864775
164109115
79127843
46787761
55562041
65859986
105606568
133642545
106650743
96395164
30264062
31633763
163402424
38666079
66114979
25541830
46419464
154958505
28291944
133633162
45213882
36695187
87954416
152699316
36259152
36797867
88549885
84483443
43982171
132324874
161796825
32106157
128202092
13387241
27790337
38859200
46248843
102989489
29207412
37157557
44090971
27097924
123343920
110856056
91441878
32400643
99970078
184585709
161195904
29943880
153710207
39331514
136541415
118223006
132733846
127283963
60918770
85319812
22341851
81517533
169354660
159721243
76102565
28620645
33325479
33796645
36013859
71028002
103601900
48153573
111944333
37614928
43018286
90835327
119318569
71814288
38413736
78334435
93785955
28699553
93334782
135389882
144732766
124437779
84183580
111990879
44256908
35523504
93714551
85463056
49504957
81139052
141814410
147673134
80138059
84836059
98104904
146303775
108784781
44622193
39170048
27722914
59504397
42566367
124578619
69739162
26509276
120215169
80641878
131668187
96187300
44221535
78762474
58939600
91953599
57151413
36397196
163353637
156751587
169825723
62395811
28152108
107061082
12376031
73835923
128765713
82891376
111750156
55383133
81448785
52799550
71697039
154325611
83839765
100266723
25171639
60103693
151649187
61777231
97939468
84294143
84470980
116791165
24850970
31674024
31665991
100042449
139441216
92073125
117546367
101113929
83683106
26509980
42183930
48597213
99808939
82244629
93620790
30522135
136209206
63049943
45745127
13506207
38460431
75541478
28807093
67555051
92233211
27651408
46254411
71146114
29919100
72302627
52276901
42755182
149645729
25863832
26064238
25881657
38944438
34956773
88970310
20429255
45544044
46699960
54050560
29868155
86805387
30203521
97320049
74559942
13305673
85968374
65389241
31479452
28022852
85509331
41304982
153898239
114943408
84353820
166475072
90748728
149536453
118873785
95289801
42688821
66150376
66703410
129440551
39239643
86236284
18160672
81548165
151549594
84388891
148615460
55010862
95732739
48404232
51549038
24946043
100720418
121274267
79310160
63864440
168718873
33406549
29154268
145514834
38462151
126929137
105137270
13606790
162839095
51616139
64617305
78220690
152184591
38789720
51874509
27111738
58575064
191225608
161511262
86778459
136758091
115606048
147883746
158364040
58772377
37033580
33126628
51968355
79874164
38111352
21352306
22613597
37559386
33791391
94457387
15005904
20209925
80034812
144343318
83501906
100366828
78427904
125924870
43590573
79555693
138820593
143587802
57926752
126623363
119907705
31924708
24401863
24991667
75493616
24688127
39082658
82376190
32039671
77386217
118918471
26100359
85034920
53352337
38156554
87993602
32288202
144724341
89050587
43467487
117833974
73658976
29407910
71599860
30978184
120159409
31003800
98253072
55094138
49976528
31050055
93543993
106030011
50209689
114474914
151550724
32921212
26429264
35861868
28331708
170979206
25380967
82916295
41492397
29935927
35341714
31530629
116137420
128759662
38541863
88280209
61712391
164910236
36019696
163969390
36588981
91213057
144715325
115366387
143479658
82355116
76995304
30930232
26928024
35446404
93663224
35084587
53801602
3618305
153634310
139892025
51937941
45811386
29144816
59337380
27231964
111741848
143461140
86155926
168893890
21295987
42103108
63815041
4119694
107650544
160125447
54270444
93304924
24702357
65079110
81614223
14787544
93959129
95876415
75815632
27817508
34149736
47036640
96225674
30092373
132268892
80974133
26992811
35041084
125927582
163857598
31673895
68482501
66916680
33527006
67757236
83800749
60996844
21535858
159201505
35756368
25068666
45016962
87990724
158535945
45307764
22694265
32122904
25780510
107157144
30780839
30677960
85049482
47686377
64045246
111941384
33115318
110496089
61066517
44133463
69934318
109666748
92098430
75695224
125631247
50701120
112425188
21005203
8957951
102945640
137043590
86739722
83762346
84818407
28563058
107540195
121441517
31297940
76695477
76188088
138449189
63661503
35098001
98163290
126065235
124883789
31007765
94851647
138573534
28290228
41856229
36147665
98138791
43504206
93982845
133828612
28187309
157393448
81858507
134438118
117476932
27416616
107925157
140321533
27127827
28356001
47295620
62333677
115943529
98648196
68137668
40670594
86857352
37818376
35462030
102124120
108155328
90440043
82185171
152634808
8146439
26085805
28727549
144175488
45939802
36108874
31108894
46672144
133771181
38106436
80554277
31185769
26004456
68850512
37913192
67356097
29133679
72900381
28044666
121249370
86907939
42263644
89108936
97214278
64189272
44904406
32697267
41298791
43273162
83508185
117052846
30636659
50823443
139321686
97856190
111541340
60948730
85810404
129502582
108244350
27266125
86643287
47748984
165020375
68294154
131031479
99353582
27849941
139700658
52765231
59326173
28516809
18088124
74633379
147029073
122154004
25223773
73304160
27411137
74748347
80458967
141634261
106034798
45912756
61818094
52726883
27935939
34365759
69876895
50734714
128193668
169909667
95641447
100556566
31875179
158052161
27024234
65113081
43484606
106328699
73890463
31048420
98797171
117910562
30304045
27656774
116699708
168940702
121939311
86914363
112517289
112771720
100886430
158271005
144659477
101966602
109033182
75015854
47456642
73424899
52678172
27646817
137651691
13075435
148626978
123892180
36857480
105264780
35706515
118990453
149365220
77015016
99585126
147202800
27786335
157173667
19108669
33080853
34155855
55828191
21199602
183750629
101331330
24757041
44655740
48033697
103365572
112262343
50110848
41223727
115957974
44254304
135817929
161327415
62882359
18695054
76784406
174436732
123536927
36942582
45507642
30310678
70936795
130689780
79886888
17019402
79979126
34984934
85396821
43631950
52976471
129445769
26800577
44657475
137521434
157750855
39108927
109186960
28155161
137650387
134859974
115889582
29951874
92726188
59330984
101233429
103540661
34688525
32233735
146457852
158587964
158088961
126052496
164797312
35588720
143167990
95631921
67827068
36745429
29612537
63158321
24831686
103975779
30150639
33785397
34888322
117413130
37602927
7440378
68491983
61419044
149236250
37454967
41647697
25082229
148358202
107611037
106335853
34619460
26475061
146728382
71746855
43074130
32043100
135310065
138301930
119642484
121379290
77004849
94335129
31495330
66664342
101101931
43742127
27221207
28992517
54398409
83342238
24639837
27229927
87843364
29271770
130943755
130644256
26914968
122607065
159188264
42858638
49196871
32351429
37459565
130790142
38327529
38410698
28000970
35788318
82526266
46453603
154479368
62343557
77745850
44268376
70002914
174791996
84619930
82488777
53017364
29151613
144553740
105053359
64006643
117337268
81016582
29117887
117828820
43268744
46110493
32437764
118482690
112010747
60752899
140411786
63030730
148455397
128045129
30968229
114986461
97083652
91196672
47311049
90521213
25319190
170383833
42250190
26794195
86347683
16668656
100842047
47228412
58928718
39228282
31983312
131862802
93628002
25032356
33447176
26421566
125859563
41558689
132560695
28061917
19285240
93167499
31687096
70786877
106208777
122481800
26284814
61759678
149445546
24559762
87784443
97357936
135868265
18145590
154853758
176694074
92094747
115444239
77465915
123835922
90817179
46898372
35140005
110434237
143532890
127380756
88612813
27406454
2989013
135742868
66599456
96393575
97486973
77908766
190551391
26112278
56059771
141632465
79424369
68733663
88929585
51128343
42710287
93697783
88143558
33201159
18894830
82062703
117744105
88085667
157004228
30149453
80106894
162142154
118998049
30643341
26565438
122911217
31039009
77723830
82558390
127948926
31709047
54121239
39389944
182174186
36065581
46173573
146167653
45178431
65736324
47980353
68951947
79348372
150110622
25563761
37762837
113405823
121880423
107154599
176312961
80218541
29058630
98789412
159251584
28931227
69330352
35753654
61462418
24802649
119752156
22193127
28516444
38837925
108590859
28262093
38979497
78230632
109684479
104488668
114251382
28125142
28517698
57083776
155559833
108080969
127967773
64196646
146084901
93172577
148342636
121138057
28821062
107842872
110257377
143839615
98063729
142325955
81647573
30834165
90020617
138534692
24620001
100216272
28699564
76631798
156493752
27008925
44853103
63080348
25347352
72523036
27969429
11396594
103166856
146121975
143490929
12164770
32209212
25360714
136253112
46267390
84045384
125612746
131258297
126617204
83574764
130722605
12623540
121405752
34453617
57571832
80438964
35777071
89343942
43657761
159495548
107361295
34108644
54827184
108409294
42145196
133650295
163537029
140399035
29343750
46818630
83078436
7869033
93551455
140248027
106588021
32526961
138658938
120621991
32923476
136463916
151529521
4237231
149648958
23106417
31391679
58295952
146117452
30577951
30386034
107341544
116200521
32847815
67424618
128950089
80845013
103009455
126979668
32495715
114775659
136617958
52974409
24763916
45657473
95688203
101493060
130741033
36933584
110893353
107267529
24685197
35848381
69001136
91820303
59289814
25284976
153000451
29763464
30672280
22789243
44100170
139268077
134967121
91192664
26364423
32543711
25410369
72828721
125213758
153849466
46206803
139446606
26849161
40343166
130552029
47195723
34776458
69717277
42880022
86616235
34400277
126321742
29636775
97337120
173339904
67995300
96492164
124218436
84241848
114182146
55615156
101046448
66619160
95059618
87432626
151674302
133902502
30197237
62426563
30713062
28979902
25905339
47401686
116143553
102491857
26265372
102781508
108904679
31641771
68340330
113141288
57254260
31459697
79671827
59058000
43241086
38466771
76193783
29220828
31316131
160567998
114087523
37366370
75030710
161483425
94393567
29551044
122354674
83114469
34413329
3249940
46749599
76233895
127481786
117558868
123650161
58751590
26768452
51442185
26689540
94721419
86983136
27164044
63656855
138696951
64215911
130187956
128601165
96185225
159317191
25397653
97882220
75551368
48338311
87543161
152686224
106466842
138922815
73423929
154531605
25136273
43034640
71718582
39322197
132310932
155046844
151890436
65241685
51660353
7321382
129669045
27140393
43943978
173796795
57342876
32069635
30271301
141888455
56059692
28938599
77922577
108637829
130934841
131901357
78079599
112615525
105857273
131113622
74394095
38150912
20621173
49118841
164311497
144689441
48920209
51591747
45192992
115539489
77928507
203779772
31092627
42953110
44975659
152305643
158972220
139441232
32122095
95799216
119088826
162368492
32966214
136013178
26681096
24424958
87463398
27393382
138667235
27345780
30096203
61333602
100159204
91466945
27391757
30189718
144349219
84827449
114796126
77451658
114937123
149481073
25223144
128138431
85819559
54273392
112494323
96209166
156467479
80109951
136271143
139200497
41333921
81064693
47776220
69437279
31229907
28351238
46758328
109827244
142910895
26973967
108185688
94960265
62560188
139659219
149068409
21784806
102611804
50981956
34705271
73597058
109340441
39303524
101186444
26536946
31304153
27210114
29749093
30235384
28693092
82504405
4991738
60973870
138541984
40673210
113637158
139556909
48349663
27592555
34058565
42778294
44258794
117813615
164791358
68226433
106966053
85888390
75009781
107300391
129238769
100487494
142186263
91324625
82872200
25629320
79060337
172389917
137724433
121693122
139717616
80123574
30375967
99064876
114591883
19856241
124205889
100954548
58992424
78346934
115188337
70259580
202734779
53842610
65553558
150253753
44943767
25221429
41668887
49839397
66827505
44837783
128766099
39207368
58088296
89602301
110112252
29125065
98765584
77333981
131293021
149415562
158240148
57245844
87668506
63018434
142039492
131832654
80552106
85118743
140394532
149369355
135441915
67749870
145386058
88900472
101743086
90773621
81493291
41547108
111612806
98029852
36020696
31963203
136203767
42780865
99181827
62696453
33347631
99583381
56563669
26698051
50778919
97151494
102504047
65485271
85699588
29392289
32111839
53587560
151925593
84915320
126278374
76699726
29429612
19876078
115332107
157414311
91089381
55964573
44151542
90076262
26306737
78504817
97534912
28689240
25693162
120357180
135090725
24822631
66485912
141320875
73268206
44413597
93303458
29174523
29329756
26365267
53592599
41351266
44899513
121356396
90125374
61994360
30388970
100159170
115100277
4615146
143600289
127783386
82475670
28350012
31531593
127976645
89557764
63495023
160091649
45957582
22406264
25641515
28316603
25885361
127335544
149997967
117057029
35956977
154460932
107039380
102674437
34904758
32580934
155091574
93733817
30507292
27094377
128698431
151239365
29082398
105363828
53086125
67698605
92865634
120672057
25570372
164676185
53994929
93737928
106185353
69060392
119701070
91593528
59300875
119127716
95985471
30921946
69925148
30886010
64998367
75788001
100271821
62644055
41688227
87159122
141814751
86656040
39219483
91936778
41552171
111714194
130824445
38626704
79223760
98940698
107921211
58772205
26590201
165983498
89036100
53267843
37237078
43424229
48351162
13366267
100987118
103416716
62959082
124418762
36414066
27702579
23913809
55308600
26688527
28106058
137668563
147777244
67497830
25507530
127016724
100138721
107155687
47940822
47163897
71560018
149091622
56559069
156791230
78178318
30392572
119423075
25611666
138742177
54245881
58671784
29364747
49864531
87303755
18565555
12979952
42654123
86026513
104634446
141191031
119874911
152743957
35417702
40475362
67026660
34708184
56058337
61021730
132641257
163373312
26374290
60928233
67372691
22749282
115858557
66145179
91063037
111761487
105658893
88272229
36173292
79722763
159406367
151258179
56124439
87486900
24638168
69315838
31407113
34857892
135308324
77729592
51576317
85809020
4648372
114342923
77001145
154623300
115349232
32766740
27956870
26050126
30343368
70610647
34690079
107260773
29354100
51348537
132571294
129397306
148619341
36738677
124713998
88803882
45214327
101407360
27227672
132716800
37363985
51712800
39474417
23140961
85476521
42866199
91288741
33854720
69559716
29070130
140914860
82409389
26198141
94063396
88511658
27317444
162072801
21083157
116906246
85038772
38479018
116229757
24691503
62766403
55085977
43251251
118227253
32662783
61398531
51843970
65261531
99260286
29613993
50376508
77724718
86087979
43178967
24520871
52474016
129140802
81791396
75018570
66305445
61401982
164490373
136542440
107083770
110326841
106947332
126329219
90780947
28233183
55219219
30835736
41602113
78301903
78021042
31697541
137409545
61791825
64859604
122633073
86165561
27433913
50771240
82280080
109249985
24510782
113091338
63211731
35501168
6675678
155769662
25130143
77947228
27418625
36327495
60195194
104843670
158294317
140323010
92857189
124023629
61857926
82546584
81006987
73660378
127141041
126455765
109213119
61915840
39041119
75488409
139358010
157115712
121782337
110465593
126641077
109214006
30242784
74083143
119306316
27068740
50981876
88439578
55100132
47448056
60091024
50071021
29005900
41506302
59268522
117855633
28375683
60171643
141097907
138342699
53445726
112947197
55371243
54228268
84113345
43662787
65118113
54351430
34119637
24861861
165307492
80531493
85639202
154638842
36360792
86309021
86979243
111531789
100789045
137168879
104181363
34402265
51932573
75385275
147865392
146807440
148103999
80454570
12277280
43615494
84907001
188664693
48132392
144250412
53886238
74101279
132904725
185174845
5468120
59408640
47112444
76431238
32960846
61306468
136825076
65418047
56299574
85150386
39240284
135360459
92924422
88440174
159235077
81786605
27067056
38711611
83673428
67441009
110127774
29801892
54150232
79152548
30616648
142909294
31290781
24395003
103028757
85939653
122227200
137140052
38534523
75180947
44287520
162164090
108607259
49195588
165814238
38569617
42166501
50755861
12733579
26565165
29693583
81619401
65281270
25770863
86126455
196053304
58432626
37981870
84247792
142946946
21968780
112849188
90036398
155304396
105957690
190779990
77096748
61862146
26176603
48815141
126014397
71653630
108750631
136237552
141410342
80447765
78492657
32737949
79010009
155280513
17257140
33312215
20765598
101279124
27351885
97578789
97230847
83102510
18099698
61305804
125430778
79476761
26117390
78449479
129159222
148209438
66724211
62747304
63126095
66854343
128342570
37840009
107050921
89646204
116439990
27204423
125082818
155065844
110004139
103886307
45371191
87740826
113867601
83706842
57311671
51984628
31198302
139946125
89435035
135082892
23059343
60957416
104011064
130280398
26559771
69273746
49532640
55895593
48609185
53254134
61128138
17678784
99433624
128510048
43507404
71045069
74313494
37700646
27071353
54823226
105084212
85749063
34385379
35988395
32169834
86111483
69156796
99073035
32253962
127696353
89406876
29408744
127580660
156097960
44858056
83130204
57328609
37766968
24882970
148847344
101192041
33991864
29943298
104283696
137612150
119283703
63543566
83290103
116292034
133263127
38473056
112277672
150233468
70191722
56970037
73976738
139919022
153213214
141461424
54274725
104852653
26125541
32661328
84652921
30565557
138674720
42209515
85494186
53334233
133752069
135645966
33525481
32129890
98090737
27272593
27394763
37278839
93560379
136692337
111168679
56758768
48544670
122143780
82649258
129692960
90222331
112587935
60346028
35427567
175366784
71543884
134972507
25683640
34492297
45276464
30779202
84690601
87643206
57556528
54717447
89738556
46196166
73620980
26881437
117184317
26394533
45049266
76079575
121515525
101281205
169403417
125037886
24589727
37677992
103083375
48780893
39335594
119711886
12509085
150020017
155867499
24636342
86037611
57099768
37497755
76501514
46992218
43085550
70363935
53524570
96668100
126776532
35018304
117989890
100804742
138665622
133178858
185224819
41473671
25179305
48923544
27173325
115110859
43897322
108881160
25085018
137095815
32043257
153899006
34359238
27206881
68019783
98277888
25527975
106206226
46886965
25153789
101004770
65280757
45967922
105288218
30843895
100141910
83415757
84328274
102398126
108275131
25857893
29906136
31400620
78606732
29635114
103752643
109290247
121526088
83233673
145923736
35682805
76344414
37561256
26210363
136947050
80829933
114153312
31000634
42143466
111192783
60089782
47559494
92612657
139122051
124540916
133044664
42484625
73587960
90442006
85026912
69935766
156413900
99324486
56907169
27421167
24364995
103189155
189145429
96147601
26584279
143616447
28943462
79591654
161553591
86410106
28462759
147021442
109680550
24602628
26476529
96772897
165988896
43186131
88924068
65251203
27219705
150107857
75989144
26167136
36050414
128656285
126996161
64667290
162224133
130908894
85930696
32395038
159937223
31874051
189384346
73957810
72287001
49619200
112743302
168048919
158577318
46210219
131761779
168925692
32012482
108453023
27154401
110098453
64149102
117884202
32744341
116178627
81623020
33076637
124119241
25240818
50780396
15201622
27211281
79765888
105872578
150037763
123332425
35202807
122109923
44113431
26340489
39495360
142196981
98447207
176315172
67618569
62342040
88269749
172503356
17411412
178006654
86093829
132571838
89832368
77567847
25433044
117553035
73812699
150473105
42289691
24611252
147402694
110738875
28922785
174704385
115573000
103185802
26762197
135070089
126471445
32891038
38112960
44435272
42406788
35218033
78312301
49227166
115407021
121507908
25607483
113395024
33533684
117299013
136810420
42874278
80935948
56513082
123260100
30039772
86648060
105804623
77592053
163844133
36562747
142943978
113373743
90278425
61214920
128182629
49891647
149560876
23411183
139039214
80713103
156824893
43959277
47287507
70606802
113502476
62983733
29672031
147562983
136858426
149357652
26019580
129711018
26971055
84827696
53596018
38765871
110014622
102937556
141412951
136086378
82748700
202917957
27535008
69227232
163999620
25814864
24660676
50889297
146613747
149630594
110721274
24205034
74257582
44358664
49772291
87519074
57400569
62116472
26997900
53629855
58505639
27776862
49740339
165695397
91958110
30106491
110557229
161985052
38931187
89234310
58030008
129792397
42095978
26225322
27598017
71044803
21576053
99170631
27072189
128119793
24769136
52614244
42555663
81488726
97529792
136905414
55201564
101084055
58165791
35443066
86452167
145738990
121133165
118988531
27016512
53563283
101067341
82767554
79898676
103034845
131640942
75586899
120376211
148988648
147877154
111930701
12505829
120023816
32587929
33317068
81173343
76962326
29050199
42855183
24864190
54238347
26426801
96727090
37662583
71034301
30697701
51192983
48748125
147039727
38284885
