25693162
117660426
163537029
127481786
154531605
87668506
26881437
55964573
91063037
28222458
60263370
63126095
128510048
28054425
17792680
43268744
35218033
150546817
29978118
108155328
54238347
68266003
99353582
83800749
29343750
162839095
27097924
51793754
158385028
92610114
29194874
80974133
34492297
134859974
24946043
28516809
29919100
61214920
86165561
136542440
140960754
44508845
25881657
110257377
158577318
64998367
28291944
116229757
32531932
24990408
26590201
54351430
43241086
43590573
148173338
73330810
86907939
43085550
128543520
37766968
38931187
78346934
140321533
26421566
69304882
38479018
162164090
24831686
174242848
26971055
31198782
13305673
27786335
135742868
39240284
4991738
86857352
53587560
97168305
138187462
142946946
121880423
111541340
147877154
85034920
138674720
43251251
95876415
24575750
86540884
42166501
122607065
93737928
36108874
135070089
101113929
65736324
47112444
45544044
99260286
104634446
90125374
68019783
148847344
111714194
86612174
131470273
93663224
25171639
87740826
144854451
29329756
58939600
32288202
65381267
96460542
91213057
190779990
83673428
86648060
113867601
144250412
131832654
164311497
27067056
41351266
56059692
100789045
41232576
153899006
129692960
72900381
132324874
82488777
107154599
25570372
30069625
174752323
115444239
137521434
78475419
32661328
143616447
164797312
139441232
138301930
29951874
121173851
172503356
114340399
90835327
148103999
126380773
28661694
29271770
37306096
147202800
153497185
88085433
124578619
47202026
41856229
32966214
142325955
110721274
61994360
26584279
32437764
151674302
97151494
104488668
102937556
75385275
153000451
91953599
27154401
39041119
66321726
29154268
82546584
44435272
150473105
130016739
29125065
63815041
152603679
92233211
117910562
29220828
92341462
129397306
154460932
63018434
48544670
96147601
43904406
33115318
64149102
36019696
43273162
38541863
74313494
26365267
66114979
27535008
60752899
147777244
124205889
136692337
27651408
127948926
96000598
33931132
85699588
42778294
178006654
79310160
96772897
66062131
95289801
173339904
35301558
30921946
112494323
114986461
29181017
123650161
127967773
26509276
80900800
64617305
34108644
55371243
32874336
59289814
162224133
136858426
27773785
102781508
45655350
85509331
27598017
76193783
45967922
112517289
35041084
30603990
26125541
30779202
33785397
43462883
151529521
100138721
27211281
43913285
34956773
26265372
97210724
59326173
93620790
86979243
146807440
104864775
83102510
17019402
28938599
120023816
75016745
27071353
91324625
20347042
80035301
130689780
105957690
64189272
123260100
110893353
68408026
79127843
112743302
55895593
50516835
119423075
131901357
79921113
70571682
138658938
81548165
81006987
36562747
24991667
25153789
24559762
103028757
130790142
55503884
112920101
25857893
103540661
29935927
33312215
44904406
18099698
112587935
103416716
153619671
68984773
114087523
26426801
123313813
24008241
31007765
19584974
91936778
26241956
36797867
105606568
114474914
35202807
29407910
100959087
80454570
145514834
12277280
73424899
44023466
132555406
133752069
118988531
117558868
8950555
26461738
4648372
65795944
68340330
168460032
125621867
24395003
115110859
65787068
51128343
94960265
48351162
139441216
80438964
25397653
157634399
105053359
67372691
135308324
159937223
101046448
115539489
28350012
15005904
85049482
160125447
76695477
106208777
74409457
31733345
25905339
117413130
127141041
74538207
139717616
36397196
135817929
84652921
63158321
79886888
28000970
24696203
105857273
80112208
84690601
80447765
135026410
31641771
26198141
59058000
25240818
168048919
50823443
90780947
38666079
51397093
28011974
49504957
48923544
53669063
57556528
103185802
86656040
128656285
119642484
138025996
21083157
91490233
53524570
87159122
168925692
97486973
110112252
99064876
105025230
27656774
30304045
100556566
43742127
162142154
65973171
69315838
35753654
30565557
162731076
142910895
61021730
85396821
103975779
33347631
20429255
124224434
79591654
120159409
155280513
113091338
103396077
83255154
29174523
133371021
93959129
53801602
41547108
86616235
78762474
46909396
36933584
31039009
37913192
44657475
111861915
37818376
87519074
124540916
91466945
26603963
79224825
96283491
32043100
35588720
25206679
58088296
51759842
54050560
33201159
180330333
37278839
138534692
85848189
27484791
36065581
57083776
52073021
69559716
16267579
28703707
29408744
107842872
26849161
86739722
27702533
114591883
81517533
71361809
25179305
28979902
30636659
104283696
24769136
26536946
88437852
44853103
49710555
139892025
44256908
130741033
105804623
132829843
54827184
33126628
185174845
127380756
35104583
111531789
162368492
71543884
31963203
189384346
137651691
124883789
42777111
29299668
109340441
47940822
144715325
138541984
124601229
62747304
121782337
42216679
142200931
29801892
29943880
139946125
27767946
35058286
32182222
161511262
168773886
42899093
163373312
98029852
28228988
43662787
49740339
30835736
25433044
70786877
139122051
165814238
144175488
61462418
42209515
37662583
112262343
163999620
18121561
110465593
26973967
33317068
151890436
91089381
75018570
63049943
165807976
132310932
24639200
88280209
65418047
27008925
30677960
107921211
4615146
152305643
111168679
24611252
40670594
86111483
150233468
79152548
53267843
24636342
17411412
29636775
59899207
29251055
49864531
81774000
151239365
42095978
37559386
33257789
38466771
102922632
70610647
41298791
101604934
164791358
107611037
32233735
27227672
25486867
44254304
47080286
159406367
107361295
161483425
35988395
58671784
46110493
109033182
71264416
36695187
41223727
22997607
110738875
92094747
21352306
78606732
24660676
25713863
28516444
146457852
168718873
83078436
78427904
137650387
56563669
132904725
91192664
120215169
25447567
125430778
149560876
108244350
116097566
34690079
66145179
46173573
106034798
29612537
97681476
27231964
130824445
48621265
82475670
47834023
44899513
146613747
83342238
23411183
71028002
116178627
25085018
179552540
37366370
60957416
67749870
139321686
44268376
39191629
27406454
27433913
111941384
34857892
87463398
156493752
29429612
25962215
122481800
24345877
59337380
29664645
59300875
69934318
35417702
141632465
42084636
100487494
91820303
32965284
39080986
93543993
29392289
124023629
7440378
45811386
32923476
35712613
58928718
84907001
170383833
27351885
75030710
154742338
27127827
28262093
3249940
157750855
110856056
154853758
96241879
115943529
87154828
61777231
30843895
101407360
57926752
161195904
125924870
128766099
174436732
102611804
115889582
12376031
34291427
55010862
99583381
131258297
147029073
142186263
158052161
87034678
39485376
90020617
99073035
112468985
25380967
26100359
86914363
52557602
71034301
128045129
46419464
108607259
52139446
49652346
101468566
28187535
160602332
149445546
133633162
187580865
54477550
11300179
66664342
76596306
116143553
84483443
79549530
47868202
49891647
78312301
114937123
69227232
96492164
41274664
37690620
7321382
107260773
83762346
82376190
150107857
91196672
129792397
36622006
29871906
112425188
100159204
48920209
166475072
54142348
35427567
115606048
79765888
54273392
121129168
27592555
121138057
19594385
17257140
121274267
63656855
42855183
49532640
133178858
149369355
27164044
114251382
147202458
25629320
53563283
111315059
26358982
123892180
103189155
50889297
120360327
36360792
137409545
104843670
47448056
119283703
81173343
45355391
77465915
97337120
119711886
59946837
135868265
52976471
96395164
30189718
83290103
58165791
24639837
80531493
70186992
61818094
140914860
128021603
136237552
28807093
87543161
135090725
161796825
144689441
136209206
109527480
2989013
42654123
27221207
33796645
118873785
33525481
86805387
90817179
143839615
143087294
18565555
30911611
27702579
29943298
29219535
109845413
26065453
25696856
96187300
125631247
82280080
62478147
66305445
119127716
92924422
124218436
51442185
108637829
126566611
109249985
38765871
25780510
35523504
98138791
168893890
89832368
112947197
50778919
94393567
29364747
82244629
126014397
30149453
11396594
139700658
134438118
172389917
52726883
170979206
62333677
143532890
29082398
12164770
69876895
81791396
151258179
81597353
108480789
108590859
109186960
98090737
30713062
67555051
25814864
161553591
27935939
144724341
29086006
65507027
30672280
51843970
169825723
89557764
129669045
155065844
136541415
152686224
82062703
130280398
21784806
131112757
111761487
136203767
27111738
59849768
143479658
115858557
76344414
119752156
120395637
69273746
32526961
18145590
108904679
79198278
87486900
60103693
64006643
89178151
25130143
114447989
132560695
129140802
49619200
42780865
44151542
25136273
146728382
87432626
81448785
27421167
82649258
30264062
116292034
31316131
24691503
31050055
26004456
97083652
127696353
40718693
130187956
16668656
35328719
21968780
62457578
20209925
27790337
38357230
100720418
133173404
63661503
160027198
30235384
38534523
32697267
152634808
22341851
110014622
125213758
69935766
22694265
106466842
85494186
155304396
39170048
147033030
28462759
61759678
98940698
116699708
76431238
28106058
145738990
61401982
57342876
153223030
68850512
48780893
124260784
69156796
88803882
99181827
69060392
73835923
39322197
138665622
24397388
69437279
29905763
141814751
73976738
60153524
136013178
141320875
154533945
21295987
75815632
73587960
139960439
100954548
39230595
35298160
61922193
136947050
26364423
62696453
28689240
128202092
32209212
93303458
86126455
32122904
73957810
91863620
102126435
34453617
117813615
107155687
16276226
75015854
26050126
32043257
113914485
84077473
26064238
39108927
132716800
43657761
111930701
64667290
21005203
77451658
176694074
50209689
25770863
56124439
102989489
38111352
13606790
43305726
30271301
42710287
159201505
147673134
61128138
32737949
39389944
185224819
164910236
18695054
151649187
29692950
58432626
38410698
68951947
55308600
36792185
149415562
80935948
63548613
42668745
35446404
78079599
92641815
99433624
98789412
27855301
116791165
3604918
29005900
110004139
28155161
65281270
115957974
118998049
89069038
31000634
108080969
158364040
87843364
27024234
15201622
37602927
94457387
47424095
107650544
27317444
36738677
156467479
77015016
34823807
19856241
72283192
38711611
23341780
76188088
27416616
51576317
111944333
109827244
103103473
77928507
92870145
34885578
126641077
48033697
36745429
34149736
51968355
71044803
31495330
81623020
25280843
77908766
26000472
26981958
38473056
25607483
29274296
67497830
62644055
86983136
78178318
31297940
44358664
25641515
92857189
24091042
126929137
131113622
92098430
24435201
20765598
117884202
84183580
156060066
86037611
79979126
133263127
73612340
45307764
134972507
117057029
36944827
36147665
127162553
22789243
108275131
73812699
97529792
28992517
24973115
132924246
91885951
102398126
137095815
126623363
63211731
202734779
84776070
98253072
156751587
27173325
29749093
78220690
31665991
34688525
8957951
138342699
103122243
71746855
104011064
70460004
27210114
45296411
90442006
53886238
82504405
31003800
28625113
107157144
56513082
38156554
69341706
153898239
79898676
76699726
70191722
137140052
134854198
46210219
26374290
131293021
109255150
53086125
133650295
13366267
81259723
104852653
37157557
84388891
97214278
24211779
113637158
32580934
66042962
63543566
94721419
145748607
122227200
21576053
32960846
62395811
147039727
35098001
87784443
130128932
27219705
154638842
24822631
156730679
27140393
31459697
54121239
32921212
130552029
65553558
135342539
83125423
45745127
99585126
95688203
34385379
25360714
64215911
85038772
124437779
96209166
141634261
134784863
86087979
34058565
35341714
19876078
73660378
56987370
33080853
156097960
28316603
135010534
100266723
39303524
45657473
107267529
19108669
129159222
75541478
50813520
82185171
16844281
78492657
140411786
25507530
113141288
123835922
60924237
27391757
50981876
81619401
85026912
74083143
74748347
132571838
31479452
26688527
82916295
25152047
191225608
108409294
30039772
131862802
42880022
28530935
46818630
27890183
49227166
102504047
61915840
97357936
176233627
159495548
126321742
79010009
73423929
24691533
67356097
29868155
50985135
88272229
202917957
29906136
77567847
25967171
105658893
103601900
145923736
113984731
71599860
77096748
80109951
45192992
42915249
85995249
35501168
129445769
121693122
74559942
26565438
46787761
88511658
39239643
78230632
68482501
53629855
159721243
178867748
55100132
42953110
73043931
29070130
69030537
133044664
82767554
88085667
85150386
76501514
55490302
97230847
92865634
139039214
22749282
136810420
101264014
138922815
28351238
22800804
25885361
60928233
31924708
24864190
23059343
116037420
106650743
7716087
70606802
27964471
147021442
5468120
82355116
30507292
41304982
86236284
26768452
21199602
102674437
93172577
58379005
38979497
58751590
88980272
116707273
70002914
128601165
62647932
99808939
12953178
50407430
83114469
105264780
79555693
148988648
30106491
63446000
41750472
107039380
85118743
132641257
117546367
141410342
35706515
103870653
97578789
28152108
25223773
101281205
85639202
63625110
26698051
41558689
89435035
31229907
165983498
77724718
30886010
32106157
30310678
39335594
38106436
74633379
160567998
114342923
104181363
82891376
157133282
157414311
67618569
113405823
151550724
46758328
32169834
105363828
149091622
12979952
94063396
47163897
76631798
81478868
77001145
48123426
27072189
138820593
30388970
61306468
20881237
31198302
27646817
142196981
103810519
114943408
109789539
90076262
76265858
159188264
80845013
148209438
16261556
122911217
58772205
146303775
26928024
71045069
51984628
95641447
113605562
33211145
83406905
100141910
47980353
73620980
51591747
76784406
101233429
48815141
36942582
115055524
28699553
65079110
32587929
26306737
83501906
129502582
118990453
136271143
36013859
152743957
122109923
62116472
163844133
43943978
31874051
39387663
4119694
106206226
30834165
33533684
32111839
25036593
85968374
82409389
32129890
26762197
82558390
25863832
37088437
80458967
88210973
24882970
68191385
136825076
101493060
71515588
83415757
65859986
110127774
55562041
133642545
93167499
93560379
82872200
110557229
36173292
109290247
31304153
81064693
25082229
39331514
63690785
82596227
84470980
189145429
93733817
85463056
99324486
28693092
44943767
71305377
75695224
59704469
88269749
49491922
58992424
173796795
52614244
93982845
102945640
38754538
66703410
12509085
31674024
98104904
25319190
67698605
128765713
101084055
25563761
126065235
35084587
129478991
7869033
60973870
27229927
110621072
117989890
108453023
43982171
59268522
163969390
143167990
30978184
6675678
12505829
30242784
159317191
113502476
149655308
43183102
151925593
27817508
29551044
83839765
27016512
83574764
65784843
176315172
25671055
29354100
23140961
85939653
53842610
26529774
51348537
48748125
121356396
27162914
55094138
97534912
28375683
60091024
26176603
127335544
94548524
149068409
30697701
158294317
33914238
121133165
61066517
23913809
80859381
72523036
79476761
116665579
89108936
88477058
50376508
57400569
44221535
28233183
175366784
124119241
15811796
107510191
71722451
87993602
87078524
83341768
111612806
19285240
69739162
75190922
134021538
165307492
123487791
111192783
184585709
28620645
54270444
46699960
105872578
22406264
32792457
101279124
84827696
100366828
55548374
90748728
106335853
34030335
34400277
88929585
129720348
87954416
55615156
89602301
24702357
126617204
126996161
95631921
27206881
31400620
26258745
135310065
26225322
123536927
188664693
44655740
18991135
29151613
111990879
84353820
49965727
54228268
31885474
28517698
60171643
132571294
114182146
152334034
98063729
34904758
27393382
126979668
126052496
26394533
35018304
52474016
155867499
31290781
27094377
85476521
25527975
38357275
50981956
45507642
141097907
113796957
29144816
36414066
106966053
108763763
53352337
54274725
34619460
100987118
146121975
147883746
43074130
114317368
85362080
133902502
34776458
45178431
37497755
81858507
108750631
146084901
68694664
8146439
89234310
61791825
150110622
127783386
48153573
20728402
157031320
80218541
81437764
90773621
33991864
45213882
128698431
126329219
124909530
96668100
69358607
29861726
142943978
65389241
144659477
36857480
123332425
53254134
127283963
128342570
163402424
149536453
67827068
28563058
86347683
60308869
28125142
38569617
128138431
148615460
61333602
169354660
27440581
103886307
32122095
13387241
61857926
180360067
87303755
32253962
169909667
98277888
63864440
158587964
90440043
26117390
57571832
32847815
121405752
17678784
48738921
32543711
95985471
90760665
18894830
26466683
68923698
141888455
137668563
100159170
156413900
150037763
25216795
56886008
110310397
42183930
165020375
31531593
45968561
32495715
127085298
140600948
4237231
109214006
85810404
31048420
51937941
24757041
126455765
137645472
43186131
77947228
32069635
142909294
63030730
124418762
131640942
70363935
30092373
25777068
74557700
44258794
135645966
113373743
57254260
136253112
25284976
121939311
149648958
100126495
112849188
25252641
38789720
49195588
57502669
37700646
88612813
38150912
84448021
129872140
80123574
84915320
131031479
110496089
12623540
149645729
28438619
68226433
56758768
33325479
52974409
44287520
122143780
53354678
33527006
161985052
50701120
66599456
53327901
58030008
26475061
105786753
117294071
35955370
52678172
26509980
42263644
75551368
24763916
112277672
43484606
113268677
47311049
103009455
31709047
105137270
24589727
51192983
54717447
81139052
39474417
38462151
37840009
120153149
66619160
116310998
130908894
46672144
135389882
24470883
127976645
119306316
155091574
154325611
138742177
152184591
25410369
42755182
114775659
84045384
24602628
122633073
61247461
107601617
46248843
157393448
147402694
87643206
118482690
136905414
130943755
22613597
72828721
119701070
29426880
156791230
107061082
99644116
39082658
75493616
76233895
141814410
149236250
61637175
143490929
47686377
163353637
32662783
89669859
34502618
121264594
34119637
25694354
38944438
35140005
122660988
48349663
44109460
33406549
41602113
120672057
26167136
61862146
28187309
86093829
75406291
28061917
56059771
85024134
56058337
107510889
89343942
47228412
121515525
50780396
119088826
40343166
115924636
92402784
84818407
42688821
139659219
62426563
45227483
107341544
157173667
27722914
140323010
110326841
78449479
50071021
41333921
26112278
36050414
31687096
75009781
150020017
106185353
55085977
18088124
43467487
26794195
100028519
125037886
75180947
32400643
97472210
129711018
126966634
105084212
66485912
61479698
28701984
117833974
40673210
56299574
101004770
49196871
91441878
73890463
26271537
117184317
114153312
35777071
88549885
80554277
28922785
43178967
19683153
68450486
80641878
48354112
152321561
34402265
153634310
26210363
25068666
81016582
3618305
152925169
66854343
63080348
116439990
38392635
94977424
63084335
143531191
26284814
42143466
61712391
28356001
106030011
87990724
120376211
125927582
25125912
143461140
118918471
44100170
85930696
20621173
62983733
76962326
120357180
37080044
29133679
77723830
27765484
34708184
31108894
44113431
93697783
60996844
56907169
35443066
74736484
151549594
58505639
34705271
31673895
13075435
29613993
60948730
24510782
48404232
61305804
27703354
43034640
78334435
49385471
45957582
164676185
37033580
43507404
47776220
44090971
30968229
29117887
47893022
28022852
119907705
86410106
152870660
71653630
82760249
53445726
136617958
26341851
43392963
69330352
39102185
96185225
31391679
46749599
30616648
39159013
13506207
29013283
26100217
53334233
31092627
37413977
24620001
128182629
42103108
42858638
26429264
26997900
80138059
148342636
115349232
44327655
23106417
109896161
65352380
121507908
59504397
81493291
44858056
42566367
148341684
131668187
64196646
40475362
116137420
89499932
58080530
25347352
140209484
77922577
109666748
141191031
107925157
32926638
38112960
112615525
47559494
30577951
45445568
57328609
52644201
38284885
32891038
160091649
141340118
24520871
107300391
97882220
27418625
44793506
71538080
129238769
41668887
47876675
157115712
82748700
50734714
103408434
112010747
147229633
61398531
24364995
84827449
80552106
111741848
34805524
56970037
62641861
12733579
86026513
95732739
117231835
42555663
77745850
153849466
59364829
85819559
53994929
117299013
162072801
27087636
111678522
163857598
161742901
32926011
138449189
46453603
92073125
31875179
73304160
94851647
29050199
28290228
121379290
30343368
25683640
137724433
81432842
45912756
149357652
81614223
73597058
123343920
65113081
36259152
182174186
69717277
67383451
77373458
38859200
26565165
45016962
154958505
90036398
98765584
54398409
91288741
30392572
38327529
41908440
138696951
115573000
43615494
166735807
90278425
29339013
24205034
156824893
140248027
89738556
84241848
139358010
55383133
27776862
107050921
103166856
31751000
139446606
50444974
66916680
36494296
25541830
109680550
89646204
66827505
96727090
158240148
65485271
74101279
92726188
149941198
18160672
83683106
174704385
72015546
36327495
29820951
91593528
76102565
73509058
154479368
93785955
51855084
43424229
141081013
37981870
35848381
65241685
164287074
70936795
97856190
117476932
24685197
101743086
136086378
68441024
26476529
107372709
149630594
64417202
66820792
131761779
39219483
86452167
39228282
141461424
81235569
76143282
107416786
31530629
32012482
98844840
100886430
118227253
61065857
47036640
49976528
62343557
93304924
76995304
155769662
34155855
149481073
107540195
67757236
28043497
51616139
30230137
77004849
24802649
96225674
67828905
62959082
79671827
83508185
158972220
78086500
25611666
101966602
57676137
127016724
42874278
148626978
93628002
143600289
67771007
90222331
146117452
32744341
72287001
95059618
25633434
154623300
24424958
36588981
47401686
25032356
88439578
51874509
102124120
103034845
135441915
120621991
17270857
158271005
26681096
153334265
130644256
42145196
101186444
80106894
85809020
49118841
121526088
152760307
25223144
23629046
69001136
82526266
77592053
77984465
79424369
46267390
42406788
108784781
127580660
77333981
143587802
103414633
46886965
49839397
85319812
131206264
27411137
67424618
51712800
27975059
136234968
33854720
31185769
149365220
37237078
54150232
145392435
164156654
24401863
106435400
37762837
77729592
99664368
91958110
51370586
32039671
148619341
92286391
34984934
148455397
67995300
26689540
30203521
30497246
89036100
86643287
115366387
88970310
49772291
26992811
87859986
86778459
46844846
142207493
147865392
22193127
121416936
153213214
119798224
38460431
130934841
30096203
144553740
62560188
135082892
93804908
30856611
117855633
43107867
37459565
43959277
52765231
116906246
121122623
66724211
116200521
84247792
139556909
64045246
50723219
101192041
147562983
129440551
42250190
31407113
36086222
50755861
115332107
33076637
69014579
29058630
53017364
158088961
28727549
61728593
29986660
14787544
59820721
47295620
174791996
71646695
59330984
126278374
37363985
42289691
121249370
44975659
102617120
106588021
134967121
60195194
45214327
57311671
112702765
27068740
26559771
99970078
153293723
128759662
103083375
38032452
42484625
93714551
104162905
46254411
115407021
45049266
79223760
52276901
112771720
32766740
42414539
66245255
133771181
63781993
98648196
28428630
138573534
42866199
27204423
30513449
110434237
27772524
141412951
114029800
79060337
125612746
169403417
130722605
28111414
27969429
35956977
99170631
183750629
76079575
49528066
138667235
109684479
117052846
114796126
126776532
41552171
133902866
146167653
103365572
57245844
97939468
115188337
60918770
191135320
144343318
94335129
137043590
85888390
44549218
104616864
48597213
54823226
77596304
36517109
67026660
35462030
47195723
30780839
132268892
145386058
109213119
174900681
29672031
27352966
71697039
48132392
38837925
29635114
26085805
46898372
21535858
31697541
105288218
111750156
143525131
118189580
60303576
68491983
67441009
119318569
75488409
58772377
94654464
131611746
45939802
30197237
106653655
133828612
124378556
203779772
20898915
144349219
106947332
92612657
58295952
73658976
84113345
41506302
75989144
64859604
69925148
102491857
75582591
79722763
26340489
52131741
38535847
75586899
98797171
25221429
43631950
86309021
190551391
120015579
30643341
58575064
35788318
51135802
73268206
84836059
83233673
