137612150
24850970
89406876
136463916
44327655
126471445
122354674
166107713
47202026
53596018
119874911
36020696
26689540
26914968
28351238
28544337
62882359
84476122
60089782
40673210
62766403
142039492
88900472
117744105
53592599
43897322
30507292
91885951
117553035
65261531
88440174
103752643
27194593
24688127
79671827
12953178
29943880
4237231
75788001
19108669
74394095
64215911
84619930
152743957
34359238
28931227
28699564
68294154
28821062
62342040
139200497
49388121
165695397
71814288
128119793
125859563
107083770
107300391
89050587
41688227
132733846
84045384
100216272
71718582
31230357
68733663
29219535
38859200
77403711
101067341
95799216
135360459
30150639
28943462
148615460
60589415
115444239
108881160
46992218
121356396
24620001
101101931
27883314
55201564
128950089
70259580
61419044
25284195
79874164
35861868
64045246
30375967
93411268
100042449
100126495
34291427
83800749
24973115
65251203
47287507
85699588
30105001
50110848
91292372
41492397
44622193
66150376
29873925
81647573
167447287
38626704
148358202
51628436
80454570
66412707
47456642
96393575
101331330
196053304
33447176
83078436
48780893
24763916
59820721
144175488
26306737
29070130
41908440
75488409
136858426
145392435
48338311
35848381
136013178
31304153
93172577
41274664
54150232
124967468
8957951
5468120
44100170
89069038
90748728
143525131
71045069
35298160
77592053
39387663
43074130
51712800
131113622
21199602
63080348
120395637
41547108
52678172
77723830
28516444
136617958
36050414
22789243
70186992
71034301
98063729
58671784
131901357
29392289
78475419
131611746
93959129
141814751
24882970
36259152
30643341
41602113
77333981
33406549
80123574
105606568
33257789
44090971
112494323
132555406
42866199
31709047
52644201
135026410
103028757
32012482
128766099
37762837
154531605
107039380
29672031
104864775
84448021
26565165
38106436
109845413
180330333
107921211
42668745
135308324
29801892
21295987
27535008
149655308
85396821
66062131
143490929
83125423
130644256
78492657
32400643
37497755
36147665
68019783
22406264
88269749
133650295
97856190
30197237
112615525
111761487
61994360
25507530
56124439
86914363
70002914
149415562
79555693
51135802
28233183
107155687
27817508
113867601
149068409
84247792
125631247
132641257
87668506
152699316
47295620
124909530
78334435
92402784
30392572
30835736
64998367
101407360
27969429
25885361
24611252
31983312
29181017
53563283
31875179
121507908
85810404
71746855
101493060
107416786
90780947
27140393
16668656
96185225
141814410
85939653
132268892
118482690
112277672
69717277
90125374
126455765
174791996
23059343
147039727
70191722
25777068
29692950
39331514
130128932
83290103
151239365
77724718
59330984
33527006
50516835
30189718
71515588
59326173
139321686
109827244
26176603
112517289
147883746
50209689
38765871
104852653
94721419
31316131
110738875
80554277
79198278
30636659
68450486
121939311
70606802
31641771
27317444
107372709
103886307
42250190
37840009
65381267
82504405
35443066
116707273
43107867
48621265
45178431
31665991
31673895
43631950
163999620
100842047
26992811
161195904
110127774
82767554
77928507
52765231
163402424
107061082
35041084
139441232
49652346
42209515
71044803
28331708
59268522
71543884
155769662
79010009
13305673
110326841
56559069
30603990
72164962
69001136
25153789
159721243
65079110
42143466
51192983
119711886
108480789
58751590
148342636
48033697
48132392
103414633
36019696
149445546
158240148
122109923
56299574
83342238
145923736
28693092
53334233
73268206
127335544
142325955
89435035
106588021
19285240
108590859
25527975
55828191
129669045
149369355
25905339
39485376
85494186
24211779
38357275
21576053
154479368
27702533
140321533
105658893
125924870
168460032
29763464
142910895
49710555
26762197
107601617
29551044
99664368
49772291
37088437
130943755
135310065
26421566
129238769
50407430
66305445
24091042
24702357
115407021
76695477
63690785
112010747
28428630
146807440
92610114
36517109
24990408
44904406
27646817
26117390
202917957
117910562
97337120
67749870
93167499
67698605
86739722
12733579
86037611
67383451
138541984
24769136
42899093
32960846
135742868
53842610
36086222
125612746
94063396
26928024
108560898
127783386
53629855
102781508
3249940
42289691
89108936
149630594
24831686
86410106
25347352
102124120
45296411
138025996
76501514
131862802
68984773
35301558
43241086
62333677
34956773
26358982
54398409
32209212
33115318
127380756
135090725
44508845
128342570
29407910
109896161
102398126
16844281
54823226
47401686
59058000
29251055
149941198
77001145
77451658
37662583
98029852
100789045
146457852
108750631
139039214
163537029
20728402
157004228
28516809
36942582
26603963
36792185
41506302
55085977
56758768
69315838
148341684
117231835
26466683
52131741
26461738
65113081
31108894
125927582
88085667
80035301
106206226
26100359
106966053
28000970
29154268
45745127
43943978
25252641
49491922
150020017
32043100
36327495
116665579
67372691
42710287
16267579
66145179
62983733
24589727
162164090
33211145
154742338
86452167
30386034
98277888
25563761
73423929
123536927
20765598
97534912
168773886
31229907
108763763
163969390
65418047
188664693
36944827
37818376
120360327
93785955
66724211
174900681
105084212
109789539
37157557
88803882
65795944
136810420
24205034
91820303
111531789
162368492
26800577
26271537
136905414
80531493
129810929
123892180
172389917
132560695
59300875
49619200
26475061
131206264
143531191
86111483
47448056
36622006
19876078
56970037
31007765
46453603
18565555
99353582
160125447
29050199
80138059
62647932
22997607
164910236
129478991
133178858
120159409
51397093
28262093
32069635
98648196
25541830
18160672
73660378
100556566
166892603
31633763
74313494
20347042
48815141
144715325
27484791
152760307
59849768
52614244
45355391
117546367
174242848
52474016
44221535
67026660
141191031
84690601
20881237
28517698
12979952
41351266
131470273
39228282
25216795
45016962
113405823
103416716
13506207
99170631
74633379
154638842
35084587
138342699
78086500
60153524
65507027
139446606
47080286
96772897
72523036
38150912
159406367
25032356
128138431
102491857
134967121
90817179
63158321
29871906
35328719
83508185
132324874
26050126
79476761
25171639
32039671
85930696
156751587
138696951
81786605
54827184
93804908
39474417
17678784
102311813
141888455
29174523
140323010
63084335
35058286
79979126
100028519
116137420
100366828
129692960
30242784
175366784
99181827
63661503
112587935
67424618
146167653
88272229
147673134
61915840
135441915
85995249
38944438
92094747
121129168
150473105
147777244
58992424
133044664
94393567
153293723
116699708
92726188
84077473
108275131
13075435
31874051
23140961
73890463
70460004
79591654
69227232
34705271
29408744
27204423
31092627
67827068
25360714
127580660
135070089
26000472
53445726
30271301
81173343
75015854
51576317
176312961
97472210
83683106
28563058
147877154
130790142
112425188
116310998
103166856
49385471
89234310
63211731
165020375
137651691
29013283
43273162
142909294
99433624
30834165
83839765
56059771
43424229
11396594
82475670
32395038
128656285
24822631
46699960
86778459
97210724
110721274
141410342
39239643
37033580
115188337
81259723
78230632
29613993
114986461
49504957
63548613
115858557
112743302
130552029
157031320
103810519
85476521
109214006
43305726
75695224
80106894
42855183
105053359
75009781
75541478
88511658
34385379
81493291
147865392
60928233
32874336
83255154
68266003
30978184
106466842
44287520
61791825
35446404
85809020
73812699
85319812
87034678
26365267
25130143
28620645
164676185
80845013
60957416
34619460
144349219
31039009
47424095
151549594
153899006
102493135
124218436
96283491
116143553
22193127
75493616
4648372
153223030
47686377
26698051
33076637
41298791
25223773
104634446
32122904
82185171
161796825
127948926
35753654
38392635
23913809
35788318
103103473
117833974
77596304
183750629
65784843
108784781
100720418
58379005
124601229
78178318
18088124
90835327
26981958
109680550
69060392
54273392
55895593
148626978
84241848
110014622
46210219
62395811
29426880
42263644
27855301
56058337
54142348
50981956
115943529
45912756
47195723
83673428
146303775
30106491
35501168
108904679
50778919
143087294
88980272
27094377
47893022
102674437
42654123
152870660
24397388
39108927
77567847
31885474
101186444
79886888
170383833
30577951
37602927
28438619
32169834
64336452
32847815
136542440
24345877
165307492
26849161
119752156
102504047
53994929
155867499
93620790
78220690
60308869
76699726
84652921
64667290
39041119
90773621
122143780
25410369
133263127
28922785
48351162
68923698
30264062
61777231
33201159
108155328
118918471
39191629
46254411
145738990
25629320
126329219
62696453
51348537
43268744
138742177
33854720
32580934
81478868
90278425
35777071
43904406
141081013
117989890
119318569
131640942
44837783
41223727
86165561
32792457
25611666
153334265
27765484
98090737
27068740
73043931
30856611
115100277
111612806
80552106
29943298
102945640
25770863
98765584
30886010
38541863
156791230
120621991
143839615
143616447
164287074
85639202
39230595
39303524
32766740
116178627
32587929
148847344
34885578
27221207
45307764
39389944
27742785
86309021
22800804
39207368
34688525
91936778
79765888
158271005
43657761
117884202
25284976
58080530
61759678
87463398
91863620
113914485
24639837
117413130
190551391
25881657
52139446
30230137
75385275
38357230
24364995
39102185
34805524
111192783
128601165
26112278
79921113
26341851
49118841
29271770
162142154
93560379
73509058
77745850
163373312
129872140
45939802
33785397
99324486
52974409
92073125
143600289
110310397
114317368
53327901
164791358
42755182
29082398
71361809
27067056
63815041
26265372
111941384
156493752
35018304
29329756
25179305
113268677
31530629
160567998
113141288
25136273
30780839
35427567
87859986
140600948
109249985
52073021
44113431
7321382
126014397
27393382
60924237
81432842
32111839
62478147
132716800
24008241
191135320
124713998
28530935
48923544
32543711
56059692
42414539
97529792
63543566
38479018
114943408
47940822
70571682
152686224
77908766
28044666
134438118
98163290
26167136
27391757
55308600
42166501
168893890
50701120
178867748
93551455
109340441
86026513
142093054
83341768
137645472
7869033
127967773
39335594
107842872
73612340
80447765
68441024
124540916
65859986
156467479
152305643
185174845
84483443
63049943
85509331
55094138
65973171
26364423
131293021
44023466
31733345
73658976
40670594
121138057
135010534
32661328
80034812
139717616
4615146
104181363
32923476
25280843
27097924
30921946
142200931
29820951
114153312
142186263
28291944
101468566
139441216
86093829
84328274
52557602
136947050
34857892
82596227
149536453
27206881
32531932
150110622
124205889
126065235
140209484
41750472
151649187
44413597
49965727
73424899
139358010
25713863
35955370
57571832
60752899
165983498
29919100
105288218
28111414
25633434
96727090
49891647
130741033
137095815
50771240
116037420
87954416
85888390
18145590
63030730
83114469
60346028
80974133
65389241
89499932
86656040
57676137
29636775
123260100
24685197
84470980
61479698
91288741
104843670
60171643
118189580
26225322
27767946
111990879
43467487
154853758
51843970
168718873
87643206
12164770
90036398
33796645
45968561
134972507
24575750
97083652
92612657
26085805
39240284
121379290
157173667
36562747
51442185
87432626
26100217
115366387
111678522
34365759
82748700
35712613
72015546
27351885
32129890
56987370
124883789
30149453
31479452
135868265
114775659
148619341
151529521
32526961
131668187
26590201
28992517
91196672
102922632
156730679
144689441
41232576
69273746
26340489
62457578
49740339
53669063
31391679
101604934
38473056
12277280
38466771
147033030
81774000
20621173
136825076
32233735
141632465
81517533
47228412
31198782
82526266
43742127
143461140
44655740
20898915
134859974
87154828
54270444
147029073
68408026
136271143
54228268
43251251
36173292
39080986
38111352
69341706
155046844
128045129
79152548
34453617
35098001
35140005
81139052
33991864
34492297
127976645
95641447
130016739
134021538
85024134
27016512
32921212
59364829
38410698
86612174
26768452
145386058
146613747
69934318
131668921
52799550
28290228
77004849
42953110
34502618
35462030
57311671
96000598
37363985
88970310
28356001
44975659
72287001
60263370
26971055
48738921
113637158
79549530
92870145
176233627
28689240
136209206
28701984
50813520
31198302
103408434
88477058
50985135
33533684
111168679
106947332
39159013
96209166
66854343
45227483
66664342
28979902
99970078
115385449
74409457
69935766
29935927
57502669
27024234
161742901
119798224
115889582
112468985
101046448
161327415
25694354
104616864
78606732
182174186
48349663
37700646
89557764
27656774
31697541
146121975
61398531
142207493
46749599
103396077
169909667
42880022
133371021
90440043
32253962
77096748
164797312
101281205
85034920
65787068
109033182
120357180
8950555
25221429
96225674
81016582
29220828
80218541
141461424
115055524
85118743
85968374
30672280
57926752
95059618
27702579
43392963
95688203
123650161
92865634
112947197
125037886
99585126
117299013
54121239
65553558
121880423
124023629
12623540
44268376
76631798
51968355
106653655
42145196
43178967
164156654
32043257
42780865
116906246
159251584
25240818
144553740
55562041
146728382
80438964
78449479
132829843
103975779
61818094
136237552
132904725
137521434
160602332
59337380
113091338
69559716
26241956
136203767
43034640
121441517
87159122
70786877
33126628
139919022
76431238
45811386
100159170
157634399
34823807
136541415
27772524
116200521
68191385
28703707
46844846
102989489
139556909
77947228
119907705
79060337
26794195
158972220
141097907
84353820
147562983
88439578
96460542
26394533
64189272
48597213
139700658
63781993
63018434
35706515
104011064
162839095
134784863
98789412
100886430
126623363
150107857
30968229
111930701
27173325
24691503
143479658
30843895
86648060
176694074
27072189
27227672
38711611
149236250
83574764
2989013
30697701
82546584
53886238
84388891
32122095
121249370
95876415
138667235
113502476
29058630
76188088
124437779
93304924
44358664
96187300
26004456
48354112
35988395
154623300
88210973
67555051
124578619
26476529
106328699
163353637
93697783
103365572
35588720
95732739
99583381
164311497
86857352
43590573
17019402
27111738
146084901
97151494
75190922
118998049
107510889
25570372
32437764
131761779
16261556
27964471
89602301
31924708
37559386
99064876
108607259
133173404
24559762
159201505
27272593
60103693
27164044
95985471
27087636
75582591
128759662
110893353
62641861
28938599
27008925
96668100
111750156
117660426
57245844
38462151
121693122
24520871
79424369
44657475
48748125
30069625
126966634
7440378
24802649
55964573
29086006
40343166
26559771
43959277
142946946
119306316
83406905
123332425
36857480
98844840
75989144
132571294
133828612
149481073
58772205
88437852
73620980
37278839
45655350
89036100
38460431
58772377
115573000
61066517
31050055
156097960
103083375
8146439
94977424
77922577
44793506
129140802
121782337
105786753
82891376
36397196
123313813
28061917
157750855
152603679
79898676
45180681
121173851
32288202
107650544
47036640
34984934
68951947
160091649
46110493
91063037
73597058
153619671
138674720
101743086
19683153
67828905
21968780
101084055
28125142
39219483
130908894
101966602
30497246
13606790
93714551
105264780
110496089
21784806
128765713
43615494
66321726
42874278
26125541
27154401
68694664
129445769
138187462
97681476
119701070
50376508
115539489
27406454
66114979
151258179
101264014
100959087
122481800
44899513
27418625
86347683
68340330
81614223
88549885
48920209
28699553
63656855
44256908
169403417
42095978
34904758
141340118
176315172
106435400
101279124
78427904
89738556
144732766
37080044
36738677
34119637
49532640
77386217
26509980
147202800
114796126
58939600
107611037
81623020
27071353
20429255
122607065
46787761
128698431
75030710
114342923
29905763
30616648
95289801
56886008
115957974
155091574
152334034
136692337
28155161
81488726
114447989
83706842
67771007
138658938
61065857
54050560
76079575
122911217
55383133
45507642
107510191
80900800
38112960
45213882
104162905
82558390
103189155
30779202
71305377
101004770
4991738
49195588
65736324
153000451
27651408
50723219
42216679
148988648
125082818
86643287
43484606
28011974
119088826
59408640
73957810
68482501
114973703
46758328
126929137
32182222
112849188
105957690
67995300
42915249
58165791
46267390
126052496
27722914
128510048
47112444
81791396
105872578
162224133
136086378
187580865
20209925
41333921
49227166
116229757
18099698
100141910
17411412
32662783
46886965
37237078
106034798
108080969
29144816
61637175
25814864
121515525
92286391
45214327
152634808
89343942
93733817
132571838
74748347
34776458
34888322
26565438
108409294
76265858
139659219
77984465
91441878
86087979
174704385
25082229
60303576
34708184
139122051
85819559
85038772
47559494
128202092
88085433
47163897
33914238
169825723
141412951
137409545
75180947
39170048
24991667
65281270
83233673
143167990
81437764
45657473
92857189
154533945
28187535
110004139
87519074
120015579
133902502
113605562
26881437
91089381
57083776
60996844
70610647
129440551
44151542
47311049
33325479
37366370
102611804
29749093
82355116
156824893
28054425
98797171
117052846
34155855
43186131
107925157
88924068
144659477
31459697
69014579
69925148
128182629
163857598
26426801
53254134
120023816
19856241
141634261
34690079
45967922
28625113
26065453
25152047
30203521
135389882
165807976
151550724
84776070
94457387
130237142
18894830
86616235
81597353
32106157
87740826
105857273
62959082
54274725
100487494
123343920
124260784
135342539
121122623
29194874
27210114
76193783
27592555
78762474
43085550
38979497
38327529
62644055
21083157
4119694
82409389
166735807
30522416
93737928
75016745
49528066
28350012
53352337
126641077
144724341
35523504
130689780
43183102
113373743
22613597
27975059
79127843
97939468
142196981
133642545
103009455
7716087
140411786
189145429
109666748
81235569
41552171
101233429
162731076
80487533
125621867
110257377
137668563
58295952
29151613
86126455
46818630
25693162
150037763
58505639
51370586
46909396
46672144
28661694
154460932
129397306
140914860
25319190
26997900
29005900
112262343
131832654
108244350
159188264
99644116
130824445
126566611
85150386
3604918
131258297
27162914
25671055
98253072
158088961
51937941
19584974
51793754
61401982
74101279
107154599
29664645
66485912
27790337
117294071
37981870
79224825
17270857
25607483
110621072
121526088
75288413
47776220
84294143
29429612
133752069
34108644
29299668
148455397
36065581
26019580
97168305
130722605
67618569
45445568
61712391
27849941
82649258
114937123
43504206
65485271
105804623
43462883
129159222
153849466
153497185
124418762
106650743
174436732
23341780
25863832
158294317
102617120
29364747
103122243
115606048
57400569
30096203
36933584
149648958
35682805
84818407
56513082
158587964
61728593
29117887
78079599
109213119
59946837
91953599
76344414
81548165
38931187
61462418
84827696
84907001
122633073
28022852
50444974
12376031
46173573
76784406
55010862
118988531
33080853
57556528
24424958
32737949
48123426
38535847
148209438
3618305
134854198
109290247
153898239
50734714
62343557
144854451
68687731
99808939
24395003
159317191
100159204
109527480
38789720
24510782
154325611
32965284
74557700
92924422
68491983
151890436
91213057
45049266
53017364
73330810
81448785
124119241
127141041
42688821
22749282
118227253
31297940
62116472
117855633
106030011
152321561
34400277
27703354
46898372
27411137
180360067
87078524
15811796
33317068
148173338
114251382
31290781
132310932
25223144
29125065
102126435
82760249
158052161
162072801
138301930
103034845
129792397
158364040
29612537
58432626
44858056
203779772
40718693
86540884
66599456
27416616
26584279
115110859
13387241
69030537
46419464
26681096
24401863
71722451
111861915
127016724
117057029
107361295
104488668
25380967
116791165
30343368
130280398
107540195
87784443
14787544
25857893
66916680
124224434
62747304
120215169
42566367
155304396
82062703
161553591
48544670
6675678
31400620
31495330
172503356
158577318
56563669
91593528
32926011
78021042
57099768
21535858
54717447
119283703
96241879
58088296
38666079
107341544
35956977
139946125
95631921
79722763
82872200
138922815
105137270
136234968
140248027
28187309
31000634
110434237
65280757
98940698
84915320
97578789
80458967
72283192
27440581
35341714
50780396
53524570
89178151
168048919
53086125
38754538
15201622
61247461
107050921
166475072
130187956
30513449
118873785
97230847
25036593
151674302
27433913
121274267
153634310
48153573
72900381
108453023
38032452
33525481
30565557
106335853
66245255
34402265
27773785
30664652
66820792
42778294
63126095
74736484
144250412
83102510
44435272
145748607
85463056
119642484
24602628
104283696
103185802
184585709
116292034
138820593
69304882
51616139
66042962
126380773
87543161
36588981
27421167
140399035
67497830
84113345
137043590
18121561
129711018
170979206
30304045
122227200
49196871
149645729
90760665
71028002
174752323
27127827
110465593
42555663
48404232
90020617
44943767
69156796
127085298
38156554
42484625
32495715
41304982
136253112
114029800
50755861
75815632
58928718
25962215
76102565
22341851
44109460
51759842
107260773
31407113
63864440
55503884
126321742
91324625
61306468
28043497
28228988
190779990
27219705
38284885
152925169
88929585
114474914
123487791
41558689
86805387
164128615
46248843
12505829
36414066
99073035
57342876
36695187
68850512
25085018
149365220
64617305
61305804
69739162
84183580
29861726
92098430
60948730
175162645
25641515
80112208
51932573
50823443
56907169
21352306
73835923
85049482
107267529
69358607
24660676
30310678
45544044
55615156
26284814
125213758
30677960
64417202
96147601
47868202
41473671
126617204
33347631
110557229
98138791
85026912
26198141
117558868
29978118
157393448
26536946
163844133
60091024
96395164
154958505
27211281
133633162
96492164
60973870
111312545
29274296
191225608
83762346
120376211
18695054
26374290
97486973
82376190
126776532
25206679
143532890
36745429
142943978
79223760
109186960
77373458
118223006
87486900
103540661
58030008
50981876
61333602
87843364
55371243
76143282
39082658
30039772
71646695
44254304
59504397
91490233
161511262
76596306
138665622
34030335
117476932
47980353
40475362
54477550
31003800
24946043
78312301
100987118
28727549
157133282
149357652
123835922
42103108
67441009
97882220
105363828
55100132
89646204
37413977
33312215
138534692
27776862
17792680
116439990
124378556
28807093
62560188
26529774
25696856
178006654
149560876
111741848
75586899
17257140
80641878
29951874
141320875
159495548
26258745
29635114
168925692
31963203
150546817
67356097
73976738
64196646
115332107
52726883
131031479
28106058
28462759
24470883
133902866
111315059
70363935
115924636
86983136
26429264
65352380
82244629
120153149
74257582
127696353
155280513
119423075
81858507
19594385
26973967
116097566
185224819
30930232
82280080
100138721
57254260
97357936
98104904
53354678
76962326
30713062
94335129
39495360
64859604
161985052
111714194
93303458
80109951
51591747
75406291
25683640
45957582
44853103
83415757
89669859
27890183
26509276
126278374
97214278
119127716
127283963
110112252
101113929
133771181
61857926
30388970
12509085
36013859
121264594
59289814
29906136
82488777
158385028
139892025
69437279
51128343
49864531
31185769
13366267
23411183
109255150
28375683
27598017
52276901
130934841
44258794
35460597
42183930
110856056
107157144
100954548
41856229
36494296
84827449
202734779
33931132
121133165
32744341
32891038
126979668
42777111
129502582
53801602
43662787
25967171
144343318
129720348
156413900
61128138
37766968
150233468
84836059
112920101
66827505
23106417
121416936
36797867
114591883
157115712
74538207
117813615
114340399
61021730
28316603
30092373
127481786
80859381
34149736
24864190
74083143
138449189
47876675
103601900
31751000
126996161
135817929
118990453
29339013
61922193
16276226
43982171
45192992
42858638
87990724
73304160
131112757
69876895
179552540
35218033
59704469
29986660
156060066
29133679
147229633
110098453
94851647
151925593
23629046
24639200
120672057
76233895
51984628
128543520
115349232
24636342
25397653
111541340
85362080
31793481
160027198
121405752
159937223
42084636
108185688
125430778
68226433
67757236
114182146
77015016
86979243
81619401
147021442
140960754
66703410
149091622
21005203
137140052
112702765
32926638
91466945
28152108
54238347
26210363
128021603
117184317
82916295
87303755
49976528
55548374
86907939
25447567
72828721
25125912
50071021
157414311
74559942
173796795
26064238
83130204
38837925
43507404
73587960
77465915
53587560
35104583
41668887
25486867
75018570
106185353
93982845
92233211
26688527
71264416
101192041
91958110
117337268
155065844
114087523
78346934
37306096
113796957
32697267
89832368
37913192
86236284
88280209
122660988
80935948
36108874
25780510
135082892
38569617
144046272
66619160
63446000
165814238
37690620
31687096
103870653
64006643
93543993
58575064
11300179
94548524
54351430
77729592
161483425
52976471
69330352
92341462
71697039
83501906
90442006
37459565
189384346
93663224
164490373
78301903
88612813
43913285
137650387
25068666
39322197
165988896
27352966
148103999
65118113
127162553
27229927
27345780
42406788
113984731
92641815
31674024
94654464
51874509
29868155
81064693
64149102
60195194
24757041
59899207
106208777
152184591
132924246
30911611
153213214
27231964
35417702
30235384
173339904
76995304
63625110
36360792
60918770
62426563
102937556
145514834
90222331
87993602
31531593
137724433
139960439
99260286
55490302
65241685
93628002
147402694
32966214
71653630
71599860
53267843
50889297
57328609
51855084
34058565
100266723
15005904
24696203
35202807
27935939
44549218
123055399
81006987
105025230
28222458
75551368
112771720
79310160
135645966
29354100
24691533
27786335
70936795
25433044
85848189
49839397
138573534
24435201
61862146
47834023
91192664
108637829
18991135
146117452
71538080
94960265
111944333
29343750
22694265
109684479
143587802
61214920
38534523
169354660
90076262
31048420
147202458
