99170631
36259152
50985135
73330810
153619671
133902866
26050126
121507908
146084901
154623300
29299668
78230632
112920101
45227483
163999620
29005900
30886010
42406788
29407910
23629046
168718873
139122051
26065453
135010534
24602628
126278374
30507292
91863620
46818630
24991667
90780947
34885578
99585126
20765598
81548165
58165791
31697541
110112252
88612813
149357652
144175488
26241956
43982171
80454570
77567847
61712391
123536927
11396594
149415562
190551391
77922577
25693162
42874278
26475061
24691533
60973870
164287074
91953599
26565438
85049482
129792397
27535008
60171643
12164770
50734714
26365267
83574764
18991135
31304153
44858056
27433913
110465593
66724211
159495548
116037420
87643206
78475419
76102565
36327495
21968780
107157144
62959082
107650544
97529792
35041084
115188337
33406549
31400620
56299574
105288218
136541415
136234968
97357936
119318569
19876078
111761487
30616648
90760665
34385379
93804908
25607483
151925593
68191385
105053359
69717277
51712800
101407360
61066517
58928718
110496089
63864440
136617958
77465915
38765871
25410369
42858638
146807440
43268744
170979206
121526088
