99170631
36259152
50985135
73330810
153619671
133902866
26050126
121507908
146084901
154623300
29299668
78230632
112920101
45227483
163999620
29005900
30886010
42406788
29407910
23629046
168718873
139122051
26065453
135010534
24602628
126278374
30507292
91863620
46818630
24991667
90780947
34885578
99585126
20765598
81548165
58165791
31697541
110112252
88612813
149357652
144175488
26241956
43982171
80454570
77567847
61712391
123536927
11396594
149415562
190551391
77922577
25693162
42874278
26475061
24691533
60973870
164287074
91953599
26565438
85049482
129792397
27535008
60171643
12164770
50734714
26365267
83574764
18991135
31304153
44858056
27433913
110465593
66724211
159495548
116037420
87643206
78475419
76102565
36327495
21968780
107157144
62959082
107650544
97529792
35041084
115188337
33406549
31400620
56299574
105288218
136541415
136234968
97357936
119318569
19876078
111761487
30616648
90760665
34385379
93804908
25607483
151925593
68191385
105053359
69717277
51712800
101407360
61066517
58928718
110496089
63864440
136617958
77465915
38765871
25410369
42858638
146807440
43268744
170979206
121526088
103166856
138187462
81623020
87078524
117299013
128510048
27975059
176694074
109827244
67441009
44943767
56124439
61305804
35462030
26064238
27773785
35788318
154325611
28375683
103870653
56907169
32288202
71515588
121122623
61818094
57245844
79010009
97939468
146303775
46267390
21005203
136692337
42688821
91466945
109789539
86778459
32697267
26476529
97210724
51616139
202734779
153334265
68482501
44287520
130722605
27206881
42777111
100366828
55548374
118873785
103975779
123260100
60091024
67424618
25967171
42209515
138025996
104283696
30968229
124023629
37413977
147021442
23913809
45049266
29181017
45657473
28111414
32923476
80859381
26590201
38112960
17270857
97578789
130689780
159721243
94654464
65352380
131611746
202917957
28106058
46749599
27651408
127283963
110738875
31198782
84241848
91213057
29429612
25507530
70606802
43662787
160602332
76699726
55094138
116791165
100028519
83255154
35955370
91063037
110326841
105957690
108763763
80458967
34904758
43074130
163537029
73424899
25885361
101046448
101004770
115444239
88511658
45178431
157031320
58030008
38156554
100959087
26509276
45213882
20429255
32661328
66042962
107921211
88929585
58992424
27786335
142325955
136825076
88210973
101493060
32233735
43507404
77928507
43657761
52474016
110557229
101743086
44904406
27703354
42654123
139556909
108453023
29086006
20898915
98253072
24470883
54274725
26529774
43742127
101192041
174704385
27229927
35848381
93785955
87993602
138573534
45355391
46787761
112849188
80935948
130741033
44100170
63158321
120672057
8950555
158364040
99644116
139717616
108784781
75406291
31459697
105137270
28350012
102945640
112587935
55503884
100159204
37840009
39230595
59058000
139659219
92341462
80641878
72900381
43424229
136086378
121939311
35341714
60263370
114251382
168925692
158271005
132641257
45016962
33347631
134784863
62641861
112743302
31924708
80106894
50823443
71697039
129502582
17678784
71746855
106185353
65113081
86309021
115366387
42780865
25962215
27765484
153898239
27890183
43241086
38327529
137095815
80218541
128543520
36588981
61777231
29274296
61306468
47686377
82558390
79555693
43085550
110004139
113405823
24702357
69030537
33525481
79060337
111541340
53352337
30780839
21535858
27656774
26000472
81597353
96209166
86540884
155091574
27702579
85810404
97882220
67698605
162224133
62478147
76233895
150546817
136271143
117413130
48780893
53563283
54823226
99073035
113914485
62395811
68441024
106206226
38837925
99324486
91196672
129872140
32106157
43631950
61728593
85463056
119088826
76962326
75488409
114986461
121133165
168048919
34708184
114182146
35988395
82596227
109896161
133771181
113502476
42915249
59326173
47940822
42855183
93733817
129445769
42668745
27097924
42216679
132324874
108480789
83406905
81448785
166735807
162142154
90835327
86857352
55562041
57676137
44254304
83501906
33854720
117855633
110621072
130552029
178006654
25777068
87432626
36013859
27935939
78086500
115110859
83800749
146121975
28807093
129440551
28152108
113605562
100720418
53086125
4119694
102989489
81006987
127783386
122607065
43904406
50444974
28233183
99970078
55100132
41547108
71045069
71264416
3604918
12623540
74101279
39485376
117294071
145923736
46672144
109290247
97337120
114943408
169909667
27221207
107540195
86165561
27646817
113091338
69341706
5468120
87740826
153849466
162839095
86648060
93663224
67771007
112468985
123313813
92726188
91089381
29905763
158385028
44853103
36695187
28187309
52644201
17019402
31495330
63126095
131640942
130187956
69358607
141814410
84907001
130128932
107341544
26584279
29871906
111192783
30672280
81791396
89669859
104011064
191225608
46886965
38410698
32662783
31198302
101084055
136810420
28262093
46453603
168773886
25068666
74313494
45939802
30242784
141888455
77333981
154853758
76193783
134854198
85639202
45811386
96460542
48815141
81614223
34984934
115957974
32169834
117231835
51135802
85509331
143600289
30197237
103365572
79671827
50813520
26565165
139446606
110127774
86126455
114087523
36086222
86656040
22613597
82355116
17257140
38473056
107155687
117057029
47036640
160125447
129238769
115889582
95641447
40673210
63080348
28011974
75016745
98063729
165983498
124224434
35084587
29343750
58772377
37602927
31003800
74557700
32012482
49528066
96772897
76995304
70610647
75989144
29058630
84652921
150110622
121249370
135310065
47868202
56058337
81139052
138696951
26681096
70002914
110257377
88085433
137668563
153000451
81064693
45544044
121264594
15811796
31641771
7321382
24636342
15005904
29986660
73620980
74409457
44109460
26559771
34776458
35706515
25036593
129720348
28516809
63084335
149365220
17411412
26881437
124119241
87543161
89646204
117833974
27772524
83233673
105872578
108080969
26421566
51370586
65736324
38357275
65079110
69227232
138674720
38541863
84045384
132571838
27127827
41298791
88272229
148173338
30264062
174752323
128182629
124601229
121405752
96187300
109255150
141191031
91441878
53801602
94851647
138301930
152321561
98029852
80438964
78220690
128656285
32069635
60308869
129692960
48920209
26265372
116906246
140323010
24510782
75586899
60153524
126566611
37766968
82872200
89602301
156791230
90020617
141814751
73812699
97486973
32766740
52073021
42899093
147029073
154742338
55308600
143531191
53327901
81858507
43462883
28699553
26341851
18695054
28703707
30304045
42953110
106030011
129711018
36622006
92233211
71722451
73957810
125612746
60303576
65241685
39387663
78334435
25780510
26689540
89557764
133902502
28462759
128698431
152184591
65795944
34030335
38754538
34149736
60752899
127162553
115055524
149560876
24685197
108409294
34619460
107039380
28356001
61065857
46419464
85968374
79549530
26394533
64998367
148988648
86347683
32891038
30713062
20209925
25694354
18145590
27016512
73612340
29354100
152603679
48923544
36792185
16844281
36857480
165020375
29271770
29220828
73587960
85995249
77596304
138658938
144659477
149091622
41232576
84448021
27087636
22341851
138449189
93167499
52557602
27111738
77015016
38859200
18121561
28022852
31316131
91324625
27173325
28428630
42145196
44358664
58575064
131862802
27162914
143839615
90748728
152634808
26971055
27164044
48153573
61857926
28000970
26100359
109033182
27790337
88085667
149236250
31479452
138541984
163857598
36050414
89499932
77723830
38479018
29801892
85362080
82526266
86087979
111741848
102674437
83341768
27421167
75190922
28516444
39474417
132560695
42710287
124205889
54050560
32587929
26112278
188664693
26358982
44268376
103540661
76265858
128202092
25152047
109340441
44655740
93959129
25280843
22193127
88477058
82504405
28530935
164311497
143461140
109214006
163844133
108244350
180360067
87486900
93172577
52765231
66916680
60948730
70191722
118990453
62426563
48748125
108607259
30636659
64617305
73976738
80554277
120360327
50981956
150037763
80447765
61862146
133178858
114447989
102937556
88280209
42166501
36797867
54270444
93714551
38789720
132555406
130790142
31039009
156413900
25863832
62343557
21352306
159937223
22694265
29194874
39303524
84915320
58088296
147562983
87859986
13075435
55085977
41602113
134967121
122227200
42755182
34291427
80845013
98789412
156751587
31407113
29672031
148341684
32926638
36397196
35753654
33317068
24990408
43590573
82488777
27024234
61759678
132268892
106466842
21199602
55490302
143087294
163969390
12376031
85476521
127976645
25153789
50071021
165814238
27817508
79152548
100954548
48738921
88803882
83673428
26461738
16267579
86452167
52131741
111861915
50889297
38284885
101186444
66854343
150020017
25527975
33914238
24211779
24973115
31185769
4237231
61214920
37559386
100138721
25447567
22800804
143616447
23140961
28316603
146613747
38150912
173339904
48404232
82185171
25319190
135342539
160027198
53524570
42414539
60928233
108275131
47080286
35427567
35501168
130824445
124540916
25082229
68408026
53267843
125213758
75385275
59289814
111168679
80123574
83839765
116699708
92865634
46758328
103083375
77908766
44090971
28054425
30697701
135026410
164910236
136013178
29125065
88970310
77096748
79424369
84183580
139321686
45296411
99064876
34108644
42866199
68491983
103185802
107372709
141634261
41333921
72287001
80552106
102922632
32965284
127696353
147877154
71305377
61398531
48351162
31530629
97214278
100886430
152305643
49385471
17792680
63049943
93982845
26928024
84818407
127380756
114474914
110721274
43467487
107267529
85809020
34402265
82376190
138667235
61994360
88980272
125927582
32400643
54398409
128342570
165307492
120215169
131901357
118988531
101281205
175366784
104488668
138665622
71028002
96225674
107050921
111612806
130934841
95289801
52974409
83762346
47834023
35417702
122481800
120023816
54717447
107361295
38460431
12733579
70363935
24660676
56059771
27067056
140960754
20728402
31733345
69876895
45507642
45655350
133173404
139039214
124909530
38569617
65507027
132829843
49740339
24822631
134972507
161985052
137140052
69315838
75015854
49710555
93303458
35712613
143167990
126996161
101279124
74559942
30039772
93560379
84827696
29339013
30092373
53587560
91885951
36944827
143532890
122143780
109684479
92641815
32111839
23411183
74633379
81432842
66619160
127085298
104843670
50376508
74736484
51874509
30843895
141461424
29551044
45912756
62696453
53017364
2989013
49196871
106208777
35098001
31000634
25713863
89178151
95631921
131668187
133371021
82891376
68266003
56886008
49491922
24589727
118998049
76344414
79127843
32921212
84483443
134021538
65281270
53354678
128765713
40475362
34453617
29664645
42095978
178867748
98648196
149630594
50516835
100159170
29082398
24345877
149068409
51843970
25125912
37278839
106435400
49891647
32960846
76143282
28222458
28291944
80531493
110856056
25770863
92402784
64045246
63018434
91936778
92870145
165807976
139441232
98138791
44508845
84077473
39191629
147883746
184585709
22406264
13366267
41304982
124883789
32543711
75541478
37700646
46210219
78178318
74083143
61915840
66827505
45192992
8146439
148847344
113268677
91820303
69001136
101966602
26100217
87954416
29144816
87463398
66703410
28979902
25570372
159317191
119907705
36942582
151649187
103408434
111531789
128601165
107416786
44793506
39389944
155867499
95688203
24691503
105084212
26466683
56987370
142186263
123343920
96241879
24763916
25905339
91192664
36147665
144724341
126455765
64149102
69060392
31875179
19108669
25633434
86026513
114937123
120159409
100487494
30310678
25347352
82062703
54477550
147202800
27210114
58295952
26698051
61462418
112010747
138922815
44256908
99808939
27352966
53334233
46699960
71653630
83114469
52614244
107300391
32122904
36414066
25179305
85699588
162164090
38944438
135868265
58772205
25881657
118227253
21083157
35140005
136542440
30565557
110434237
27071353
77451658
112517289
37497755
46173573
61922193
150233468
161742901
131113622
46844846
18099698
26198141
162731076
30779202
95985471
61128138
83290103
128021603
105804623
79224825
25611666
100266723
37363985
25641515
35588720
149481073
105025230
13305673
140321533
191135320
81437764
22749282
160567998
25541830
30911611
130644256
32043100
27227672
129159222
12505829
158240148
111930701
111990879
132571294
31673895
24946043
66114979
47112444
127948926
42484625
73658976
132310932
138342699
55615156
26306737
38466771
61637175
33785397
37080044
148619341
56059692
119798224
39322197
45745127
69739162
146728382
142946946
24639837
58671784
51591747
105363828
78346934
103009455
96000598
29329756
179552540
42778294
107842872
13387241
44899513
142200931
147673134
81173343
81235569
115407021
85494186
100141910
43273162
109845413
80109951
60957416
32966214
27702533
126929137
64215911
116707273
102781508
156097960
92073125
76596306
38032452
67757236
140600948
128138431
77724718
63781993
86907939
80112208
104852653
116665579
137521434
106966053
39331514
101264014
47401686
112947197
62747304
50723219
25206679
34805524
84353820
157393448
151550724
83125423
150107857
46110493
147039727
25857893
33527006
75493616
29861726
28563058
135645966
32182222
189384346
42555663
37033580
81493291
14787544
65381267
117813615
95876415
60996844
44221535
49504957
33080853
116178627
27008925
105264780
86236284
47776220
148342636
55383133
154638842
114591883
25683640
49652346
42566367
174791996
19594385
136905414
126065235
61791825
119752156
76079575
169354660
77745850
125430778
140248027
65418047
24559762
173796795
45445568
100789045
29133679
68019783
104864775
27484791
58379005
26374290
40670594
112615525
144553740
126776532
53445726
46898372
31674024
31108894
39170048
85038772
34492297
151549594
130280398
137043590
37237078
86111483
120153149
144250412
92857189
36562747
102491857
136237552
111944333
30577951
45967922
94721419
63030730
79886888
54121239
172503356
135070089
83342238
142909294
67827068
117558868
41223727
127016724
77001145
25223144
63661503
25130143
34058565
120376211
81259723
126321742
30235384
78606732
157133282
36517109
69156796
79591654
66485912
109213119
113373743
117910562
154460932
106335853
24757041
24864190
147777244
96147601
65553558
4991738
36173292
87159122
113141288
114796126
67995300
79476761
61021730
86983136
35777071
185224819
131293021
85819559
157173667
121274267
53669063
117546367
33533684
19584974
126617204
21295987
78492657
99433624
42263644
144715325
58505639
55371243
83078436
122633073
32531932
148615460
31391679
68694664
86093829
85848189
155280513
86616235
33201159
157750855
67749870
31007765
46248843
147229633
105606568
34956773
80974133
37459565
34400277
87519074
86805387
25696856
142910895
29117887
27140393
4615146
134438118
45968561
36494296
155065844
71538080
29613993
62983733
29919100
59337380
117476932
26849161
39335594
27351885
76188088
50780396
62560188
103810519
59268522
163402424
81619401
26117390
85024134
88549885
86739722
143490929
33325479
25223773
158088961
158972220
153213214
25284976
69934318
101113929
99181827
26429264
39108927
116439990
161195904
54142348
124378556
121693122
7716087
70786877
27391757
12953178
111750156
121138057
155304396
30856611
127580660
79979126
57400569
97083652
27072189
78762474
59330984
27418625
141340118
26536946
31874051
122109923
54238347
134859974
88269749
98765584
141632465
39228282
162368492
66305445
133650295
109186960
31687096
47893022
96668100
24435201
53886238
32253962
85034920
28438619
156730679
51576317
79765888
133044664
106947332
30497246
50407430
64859604
31297940
44975659
12277280
8957951
85930696
137645472
26340489
47311049
24696203
133642545
67372691
33126628
131206264
79898676
125924870
157414311
26794195
76631798
53629855
57342876
73423929
116292034
69935766
29612537
41552171
50981876
57556528
98940698
149536453
34857892
46254411
36019696
29050199
35956977
147202458
160091649
108750631
25563761
118189580
29943880
25240818
150473105
109527480
131761779
29364747
141097907
27440581
151258179
66062131
24401863
133633162
118918471
106653655
58080530
120621991
79310160
62457578
116310998
29978118
31229907
126623363
89069038
121782337
73268206
71044803
79921113
18088124
125631247
19285240
49965727
92286391
30106491
38534523
107260773
83683106
63625110
144854451
29951874
43183102
126329219
75180947
29426880
25814864
77592053
104181363
27068740
24575750
49118841
129478991
25252641
44151542
143525131
153634310
50755861
73660378
108637829
141412951
72828721
94977424
98277888
32129890
29013283
123835922
107510191
90076262
30343368
161796825
28689240
113867601
81016582
82409389
57083776
50701120
154531605
48033697
40718693
172389917
132716800
35328719
124418762
30230137
170383833
94063396
106650743
24397388
146117452
113637158
77373458
25380967
59364829
37088437
149648958
38931187
121129168
89435035
69014579
53254134
93304924
68340330
136947050
115943529
92924422
99260286
34155855
73509058
166475072
135090725
79223760
25216795
143479658
49864531
101604934
105786753
82748700
103189155
149941198
24831686
52726883
47980353
94960265
158587964
133752069
68450486
25171639
29749093
132924246
34823807
148209438
43305726
26085805
58432626
107611037
121379290
147865392
108155328
39102185
87668506
24091042
103601900
149645729
39041119
47228412
78079599
75009781
148626978
90036398
119306316
142207493
59946837
107601617
147033030
57311671
147402694
37157557
168893890
24008241
62333677
59849768
131470273
117660426
49772291
137409545
32580934
90442006
139892025
26603963
28922785
38357230
67555051
57502669
55964573
20621173
18565555
43913285
22997607
7869033
23106417
112425188
36065581
102398126
103416716
92612657
24802649
63690785
44657475
52139446
46909396
51984628
97151494
76784406
131258297
38666079
54351430
112771720
43392963
28938599
80900800
64189272
28187535
37306096
124260784
115573000
27592555
94457387
12509085
93628002
82767554
26284814
26426801
31048420
49976528
190779990
124578619
152760307
144349219
138534692
48123426
29868155
164797312
119283703
26167136
136858426
176315172
80035301
153497185
159188264
144343318
30513449
34688525
102611804
103028757
152870660
61479698
51759842
98797171
154958505
151529521
112494323
123332425
60195194
104634446
75030710
89738556
100126495
126979668
99583381
65784843
135389882
36360792
85888390
25433044
148103999
64417202
72283192
90125374
107154599
32209212
91958110
39219483
24520871
25629320
90222331
51968355
36745429
116137420
58751590
85118743
27231964
136209206
24620001
11300179
67026660
26004456
54150232
43107867
56758768
39080986
25397653
44023466
87154828
67828905
19856241
29392289
87784443
57926752
107061082
30096203
13506207
145748607
141410342
151239365
113984731
145514834
51855084
119711886
37366370
82280080
78312301
75695224
30677960
41506302
42183930
53994929
99664368
117052846
30069625
47448056
120395637
97681476
91593528
113796957
35298160
77984465
121356396
47202026
100556566
51937941
154533945
16276226
69273746
144689441
54827184
145392435
27855301
156060066
84247792
84470980
131832654
129669045
126052496
27317444
141320875
33257789
59300875
84388891
26258745
42103108
137650387
38462151
29935927
63656855
28693092
56563669
106588021
146457852
32495715
43943978
20881237
36933584
32526961
63548613
4648372
152334034
142196981
95732739
82546584
23059343
33991864
75551368
127335544
110893353
121416936
28290228
42143466
136253112
73835923
142943978
59820721
81517533
29943298
77004849
81774000
30835736
117989890
169403417
103396077
102504047
82916295
37981870
53842610
112702765
101233429
86643287
74748347
45307764
55010862
43959277
87034678
153293723
116229757
85319812
162072801
41351266
124437779
67356097
130908894
25032356
153899006
140209484
69304882
145738990
93697783
82244629
42289691
38392635
28155161
88439578
86037611
96395164
105658893
28351238
21784806
140914860
127481786
32792457
28043497
26125541
91490233
47195723
138820593
28228988
140411786
116200521
75815632
33312215
122911217
102124120
25671055
126014397
32039671
52276901
139700658
174900681
67497830
92610114
26509980
29154268
42084636
61401982
38979497
27204423
33211145
96283491
72523036
83415757
161483425
95059618
65973171
82649258
39240284
158052161
28661694
18894830
119423075
66599456
30271301
33796645
52678172
43186131
86410106
27219705
30978184
130016739
96727090
54228268
85150386
110014622
88437852
47424095
63211731
84827449
36738677
66820792
89832368
73304160
143587802
79722763
70571682
109666748
16261556
138742177
108904679
145386058
37662583
82475670
33931132
139441216
114317368
26768452
89108936
85026912
50778919
62647932
24395003
27969429
111315059
48544670
38106436
103886307
135082892
94335129
121515525
30834165
31885474
64667290
125621867
63446000
86979243
62644055
156493752
87843364
42880022
44327655
79198278
28625113
47876675
90773621
74538207
84776070
28701984
111941384
59704469
115539489
131031479
27776862
31050055
64006643
99353582
31751000
98104904
25221429
49619200
115924636
97534912
35218033
137724433
16668656
155769662
93620790
107510889
103122243
109249985
127141041
85396821
187580865
30921946
189145429
41750472
110310397
28125142
131112757
60924237
97856190
73890463
109680550
128766099
116097566
25486867
35301558
29251055
32926011
12979952
174242848
29408744
34502618
22789243
66664342
61333602
32437764
106034798
154479368
35058286
126380773
54273392
92094747
108590859
70186992
135441915
153223030
45214327
34705271
51397093
44113431
52976471
139960439
81478868
120357180
57254260
129397306
29219535
80138059
114340399
28061917
89036100
129140802
157115712
66321726
97168305
38535847
27722914
58939600
27598017
115349232
111714194
114775659
85939653
182174186
66145179
86914363
69437279
97472210
35104583
183750629
84113345
68226433
32737949
114029800
32043257
86612174
69559716
32744341
161511262
156467479
92098430
30603990
180330333
65859986
111678522
50209689
103414633
164156654
161553591
68850512
78449479
3618305
56513082
57328609
32122095
62116472
51348537
24639200
24424958
39239643
90278425
91288741
66245255
33115318
31092627
77947228
28517698
60103693
24364995
49532640
139358010
29820951
98090737
51442185
63543566
35446404
27964471
39159013
93543993
75018570
72015546
47295620
96185225
130943755
100987118
97230847
61247461
146167653
29906136
71646695
82760249
128759662
27411137
112277672
70936795
32847815
157634399
27393382
65389241
43251251
34690079
31665991
47163897
119642484
29692950
35018304
71034301
28620645
47559494
132904725
30643341
29174523
15201622
168460032
163373312
30149453
29151613
101468566
96492164
41908440
26973967
174436732
43034640
77729592
41558689
90440043
137651691
27154401
44258794
28727549
31709047
59899207
84836059
133263127
20347042
152925169
90817179
149445546
123650161
103034845
120015579
13606790
149369355
26225322
37690620
64196646
27416616
38711611
21576053
135308324
152743957
48354112
122660988
24769136
124218436
26210363
123892180
78427904
133828612
51128343
33076637
159406367
26176603
112262343
128045129
102617120
87990724
105857273
27406454
121173851
67383451
26271537
36108874
35523504
69925148
26992811
151674302
135817929
151890436
29636775
3249940
98844840
34119637
159201505
164791358
104162905
126966634
39082658
51793754
156824893
89234310
57571832
27094377
135742868
24611252
114153312
141081013
115606048
76501514
158294317
7440378
68984773
26981958
59504397
102126435
35202807
48621265
93737928
115332107
127967773
6675678
49839397
152686224
203779772
30203521
26688527
119701070
30392572
68923698
18160672
23341780
48349663
24882970
60918770
76695477
71599860
31531593
32874336
51192983
44435272
126641077
83508185
83102510
67618569
35443066
163353637
19683153
43178967
136203767
115858557
49227166
25136273
41274664
125037886
139946125
31963203
29070130
45957582
107925157
40343166
37762837
148455397
84690601
42250190
73597058
26997900
43484606
76431238
73043931
37818376
27767946
43615494
185174845
169825723
31290781
24205034
149655308
41668887
103103473
75582591
68951947
38111352
70460004
26762197
25360714
29635114
69330352
37913192
176233627
89343942
87303755
63815041
28992517
56970037
48132392
30388970
65485271
48597213
65787068
49195588
114342923
158577318
104616864
119127716
121880423
94548524
41856229
71543884
44549218
55895593
118482690
117184317
116143553
164676185
123487791
30189718
71361809
25085018
94393567
117884202
26364423
27211281
