165695397
41304982
147029073
92612657
28331708
46758328
129440551
86805387
64196646
92402784
76995304
159721243
41274664
31641771
70460004
44100170
84776070
109249985
62342040
78334435
153634310
121129168
93560379
109213119
41602113
16844281
101331330
27352966
168718873
130943755
59704469
111944333
85494186
83125423
25570372
26849161
33914238
36933584
27411137
105274988
136013178
31459697
172389917
126321742
151925593
31530629
64417202
109033182
84113345
44508845
27651408
51628436
143087294
46419464
108763763
26475061
86093829
115606048
122660988
52644201
29194874
77333981
25136273
30911611
78178318
180330333
107510191
35956977
103408434
126966634
24559762
67424618
172503356
97627240
36745429
105053359
59504397
41351266
110893353
33257789
110721274
163844133
135360459
31495330
48544670
92641815
49504957
87543161
119127716
130790142
54351430
26509980
149415562
29070130
109684479
27087636
102989489
12277280
80035301
35460597
38357275
150107857
108080969
67828905
113914485
165814238
71494896
107039380
92073125
27722049
28222458
36259152
26565165
30677960
69230646
126929137
77386217
107510889
28661694
124119241
143600289
30271301
33854720
79921113
28922785
136905414
27351885
26794195
34502618
33525481
129669045
39159013
114474914
130016739
35712613
91196672
89602301
76631798
15201622
28689240
25611666
24424958
83406905
57328609
79224825
154853758
51793754
43183102
125631247
89050587
113502476
29868155
31230357
37602927
68441024
84328274
174752323
26429264
92286391
32966214
84619930
124967468
47080286
79127843
31007765
72308064
38111352
19285240
99808939
28530935
116791165
42289691
30780839
43913285
75180947
81666848
29551044
49532640
141461424
148103999
93551455
44256908
44133463
39387663
97337120
27656774
43657761
34984934
77592053
18695054
51855084
62644055
23411183
80554277
109896161
81173343
58080530
50407430
63548613
32495715
113796957
68226433
111761487
178867748
29635114
28943462
85049482
118988531
108409294
56059692
68694664
13387241
137140052
110557229
24401863
79671827
142943978
25693162
35706515
25641515
47868202
102124120
77403711
73835923
108155328
24831686
85396821
33317068
38392635
60346028
122354674
31092627
25905339
60957416
44287520
75586899
53334233
140411786
37157557
90222331
111168679
32587929
37559386
81016582
51968355
47559494
88280209
141632465
65280757
21352306
86347683
85509331
78086500
30304045
27767946
21295987
162224133
7321382
96492164
107154599
44834444
62395811
107921211
30636659
139200497
75385275
93304924
43484606
89738556
27598017
144480695
50771240
161742901
27776862
72287001
31674024
134859974
80822125
55100132
106034798
72523036
26258745
30203521
53886238
144349219
29144816
108904679
43615494
117231835
32926011
159406367
161511262
42183930
12623540
27416616
121173851
19683153
101046448
48780893
25221429
75541478
38569617
25223144
34805524
137612150
37766968
17792680
88477058
61637175
131761779
144689441
116037420
27094377
32106157
72828721
48923544
26167136
79898676
115889582
133902866
53086125
37088437
23059343
90521213
67618569
24211779
36259500
116439990
149369355
89069038
153849466
26225322
12733579
166475072
42263644
25125912
34108644
67372691
52067766
130644256
84476122
89646204
64667290
24822631
38410698
29612537
120395637
131470273
71814288
38479018
113141288
129140802
110434237
114943408
25671055
53994929
38327529
86111483
93303458
38534523
63080348
3618305
31673895
101101931
38150912
111315059
112615525
27097924
158294317
88272229
109255150
127783386
41473671
38541863
94063396
42777111
82916295
17270857
143532890
27194593
83800749
78427904
13506207
138667235
159201505
31198302
61862146
114986461
58379005
20881237
159188264
83233673
91885951
139717616
107300391
40673210
26125541
120023816
114029800
41223727
27393382
80829933
116178627
104634446
105957690
45192992
67827068
43982171
12979952
21005203
68191385
30310678
137651691
49694641
23106417
31735724
86165561
152603679
23629046
76233895
70610647
171973499
126996161
100959087
29082398
36050414
141191031
41688227
57083776
149941198
174242848
107050921
158052161
36588981
18145590
46110493
132324874
44793506
43462883
29354100
149236250
68450486
25319190
21576053
169354660
119633114
163537029
64189272
22789243
106328699
61905477
43074130
108480789
20209925
63084335
29664645
66485912
110127774
50376508
121782337
114251382
43662787
37363985
55490302
42755182
139946125
60843857
15005904
63158321
85809020
100028519
86612174
38357230
30264062
136758091
53352337
24636342
121249370
102945640
35140005
82409389
35988395
51549038
95732739
93628002
100366828
92870145
108590859
60195194
104488668
141412951
52765231
64998367
79549530
44858056
115349232
120360327
36086222
131206264
49864531
65973171
49491922
103185802
52614244
127580660
51397093
137095815
69739162
59849768
50771318
67771007
57400569
73587960
42103108
58992424
61305804
78504817
152686224
75493616
27024234
71264416
56059771
143479658
138025996
106208777
82546584
45016962
32792457
132716800
27702579
68408026
29117887
78346934
71722451
104864775
162142154
66922242
124578619
37762837
102937556
31048420
129872140
30697701
174436732
53629855
26698051
73660378
128045129
57444227
133633162
60973870
156097960
113268677
42209515
91820303
74257582
83567815
87784443
62888518
134854198
28043497
32437764
30713062
118918471
26688527
60948730
31983312
50516835
57342876
110004139
114973703
62998048
152334034
121405752
52726883
126623363
61818094
158271005
27440581
112277672
98765584
88511658
139892025
84652921
37545584
128119793
91063037
70786877
43241086
163969390
99064876
31875179
132571294
84483443
141410342
86983136
133263127
129810929
86309021
60103693
42250190
24470883
30522135
54150232
149365220
79979126
82185171
45912756
96643198
80438964
96460542
50734714
122154004
98447207
25857893
53354678
52474016
82355116
42084636
93733817
47112444
51616139
44221535
98253072
156824893
146121975
49976528
85848189
163857598
36414066
126641077
50701120
154479368
116143553
71361809
157634399
158577318
142186263
29943298
111678522
26341851
143490929
70186992
80859381
139659219
70571682
97357936
20621173
51370586
49839397
81619401
26681096
169909667
148455397
45276464
84915320
66305445
157004228
159495548
32960846
51192983
116699708
33325479
159317191
131258297
11300179
88440174
91324625
89669859
139661416
103122243
30149453
127554847
41908440
123835922
29919100
32921212
34030566
31108894
121138057
33507094
70936795
127696353
82558390
48132392
101067341
31885474
68709501
77724718
35682805
107416786
38032452
86656040
62641861
24882970
158088961
103396077
90020617
71718582
53587560
61759678
29861726
93697783
84241848
142093054
133650295
141320875
101966602
150233468
128202092
99652537
18894830
147039727
97320049
64006643
144343318
6675678
47940822
38931187
152743957
44899513
28187309
110738875
173339904
136542440
27855301
27008925
42915249
35753654
59046178
34823807
87653743
91441878
185224819
56758768
87130340
89108936
25032356
127948926
81517533
135308324
84690601
112517289
96241879
50149761
63049943
47228412
143461140
75288413
53327901
117413130
88900472
132829843
67698605
79886888
148209438
140209484
127481786
28563058
41558689
61915840
27935939
42143466
76962326
138658938
117744105
104852653
54270444
115573000
69341706
137668563
79010009
59268522
132733846
68687731
17019402
72308902
32288202
30235384
77729592
38473056
58505639
35058286
77465915
30856611
146117452
47424095
43959277
170979206
93959129
141097907
135310065
58295952
21083157
73597058
116097566
156751587
32766740
154958505
13075435
58030008
60171643
26019580
176312961
65261531
145748607
152699316
102674437
152760307
103752643
102504047
50889297
26509276
124218436
69304882
123343920
30565557
34149736
53596018
45967922
91936778
28821062
175162645
60752899
49652346
39322197
138301930
119088826
45657473
29906136
110621072
165988896
27206881
27592555
30096203
161985052
156467479
123313813
60153524
121507908
83673428
31479452
24602628
31687096
151550724
25347352
149536453
66150376
74633379
83290103
202917957
32923476
134972507
138573534
149645729
55371243
143531191
50705437
49118841
125612746
66664342
132310932
50981956
26241956
27162914
27211281
119701070
146728382
115924636
84470980
138696951
147021442
135389882
131112757
45307764
155867499
27969429
7869033
121379290
26565438
24864190
132555406
112425188
111612806
20429255
128950089
85819559
24685197
51135802
49196871
81858507
86452167
124437779
87432626
38185391
103034845
40670594
53017364
105363828
43034640
164797312
62343557
64149102
31427820
25068666
81791396
37981870
29133679
115943529
61777231
57254260
43631950
32233735
38859200
25216795
94393567
69717277
29408744
59364829
12953178
136541415
25777068
26971055
128765713
99324486
47163897
75016745
139446606
65079110
90440043
65281270
161796825
105872578
37561256
42688821
83706842
16261556
85038772
122109923
42858638
160091649
111941384
61462418
16267579
39082658
114342923
39389944
71538080
60089782
104283696
29013283
42166501
88612813
202734779
123487791
161553591
107842872
153898239
116229757
42899093
87303755
144553740
29086006
95641447
21968780
82504405
61994360
51712800
117184317
139960439
43392963
91292372
93714551
100138721
59058000
52976471
32043100
48349663
135441915
43251251
89557764
83839765
87990724
82649258
135090725
101070794
95876415
91466945
27765484
70191722
25694354
82475670
33312215
109789539
32526961
102493135
36792185
29636775
38754538
176315172
115055524
34885578
89832368
131293021
81432842
46248843
28290228
47776220
111930701
158535945
38466771
32351429
98104904
27956870
29429612
63211731
3604918
160602332
27394763
155091574
33126628
27702533
28625113
111541340
56970037
4615146
138534692
80109951
93620790
48033697
93411268
134967121
18121561
18099698
68137668
46787761
69227232
65553558
113867601
62647932
66062131
95985471
87478300
5468120
164287074
13305673
28187535
80531493
41856229
50110848
106653655
26374290
38666079
131862802
145514834
49710555
30522416
34619460
152184591
36019696
120159409
25527975
102234967
68733663
149068409
130934841
88929585
28000970
139556909
141888455
40475362
57153823
42780865
22694265
4648372
36327495
75695224
24757041
29763464
116665579
65381267
68491983
155065844
34359238
30386034
15811796
77001145
31185769
41750472
137724433
149091622
77596304
39474417
59289814
179552540
70606802
54717447
63815041
29905763
142325955
56563669
41552171
74748347
157173667
28693092
96838473
121416936
25223773
97529792
100159170
134438118
30039772
36517109
121264594
68294154
17411412
32209212
139441232
28992517
60091024
30930232
91213057
44975659
80974133
107260773
81623020
48920209
45227483
88085433
59408640
52799550
120672057
32543711
100987118
117813615
35756368
103870653
127141041
33991864
13366267
79198278
81488726
87486900
71697039
27406454
118189580
78079599
26466683
138449189
80218541
95631921
42005263
97151494
110112252
31924708
65118113
132571838
82760249
65964305
89343942
27722914
108244350
52139446
41668887
129792397
117337268
148619341
107155687
86540884
35446404
34956773
118223006
39230595
168460032
115366387
63656855
104616864
28727549
31316131
112262343
29174523
45213882
60308869
174791996
46699960
24691533
99664368
111741848
53413938
78312301
114087523
90817179
140600948
103009455
35018304
99181827
140321533
108637829
139122051
74736484
29299668
63625110
147673134
132904725
54477550
82280080
115188337
163402424
103416716
44090971
42484625
174900681
39102185
106966053
76501514
28699553
26265372
24589727
71515588
84247792
29274296
81006987
37840009
161327415
153213214
31963203
26689540
81139052
55828191
78492657
29978118
79310160
39485376
27219705
20765598
124378556
25410369
81614223
117828820
122481800
120015579
121133165
87668506
101407360
145923736
85476521
137043590
191135320
162368492
65251203
114937123
25284976
158240148
108607259
43085550
36738677
119318569
30834165
69156796
71653630
26426801
86914363
135070089
27391757
78301903
52678172
69925148
124205889
160567998
101004770
27204423
81448785
149655308
86616235
67757236
107083770
97083652
121939311
61247461
140914860
29339013
147202800
113373743
139268077
29613993
117884202
31633763
33447176
27221207
89435035
24397388
77567847
90076262
123650161
58088296
68923698
34453617
112587935
157414311
34058565
101743086
115385449
126776532
126329219
76699726
23140961
43018286
35501168
14787544
42216679
63543566
33527006
86026513
36147665
48078410
89036100
148626978
167447287
106588021
136271143
29343750
109680550
100886430
38284885
96393575
22800804
115332107
44358664
36944827
87643206
41232576
42555663
99644116
76193783
105786753
12505829
27849941
47905672
81259723
185174845
120357180
130237142
25541830
102611804
104368815
88803882
19584974
83114469
42778294
91958110
133828612
121122623
25247712
25780510
27646817
50985135
69358607
37033580
96395164
142910895
25713863
130689780
147883746
86236284
26928024
25206679
107925157
95799216
37454967
25153789
73330810
184585709
85024134
100126495
24639200
122607065
147777244
39331514
59326173
47980353
144046272
91953599
24435201
159235077
32043257
38626704
105804623
51128343
47311049
66854343
111750156
143525131
30616648
119874911
55548374
54142348
29986660
68266003
42880022
26476529
27421167
61712391
85888390
123332425
45745127
109623916
71045069
115100277
111714194
51932573
61333602
71305377
92341462
162839095
144261085
82062703
66703410
119642484
130552029
84353820
98163290
24205034
34365759
101281205
37306096
149997967
107267529
50723219
119752156
114447989
104843670
150037763
45939802
37497755
26358982
133642545
83762346
107372709
63495023
169825723
21199602
45811386
123055399
48338311
26065453
65736324
73658976
73268206
25252641
87154828
22193127
22341851
40343166
55895593
38106436
64617305
105658893
131668187
68482501
51759842
166735807
25036593
85810404
126065235
27229927
74409457
80034812
25885361
52557602
128342570
87519074
111192783
138674720
144724341
79765888
175366784
55964573
100842047
53445726
26973967
26800577
83415757
94654464
29058630
103028757
17678784
112920101
117057029
85939653
82526266
45180681
98648196
61791825
142200931
34413329
27140393
83255154
124909530
118227253
44113431
35427567
28375683
38156554
24861861
35104583
59330984
51874509
107611037
150473105
133771181
65113081
28022852
25696856
103975779
157133282
75009781
26050126
58432626
101264014
28152108
27154401
124713998
144854451
26762197
26112278
31793481
69273746
165020375
154325611
154533945
34402265
161195904
37690620
46992218
57571832
25433044
24395003
83501906
43186131
66619160
62457578
101233429
90780947
27231964
59300875
149560876
35417702
127162553
32129890
115858557
38711611
46196166
35298160
114182146
100651350
90125374
62747304
80641878
149630594
80552106
87078524
84294143
34708184
77922577
105137270
156413900
61857926
88924068
78559883
109340441
135026410
32012482
134021538
27068740
119283703
128510048
32744341
93737928
34688525
100141910
101781921
18160672
131611746
113405823
31039009
132268892
2989013
73509058
61066517
143587802
152870660
71930374
81597353
65507027
57676137
84448021
38462151
4237231
34857892
127335544
25507530
27484791
31229907
71646695
28350012
136858426
26100359
141814410
27786335
59820721
62882359
38535847
117052846
88439578
92924422
144946995
103168312
87159122
36857480
92094747
164109115
84907001
25179305
114775659
32965284
38112960
36065581
24510782
28155161
163373312
66145179
36622006
29271770
117833974
66245255
158385028
150546817
98090737
32039671
98797171
42566367
27067056
122911217
39191629
62696453
97168305
140394532
180360067
146613747
97882220
66321726
139919022
56846395
31733345
50071021
141814751
31290781
45355391
76344414
121356396
42350431
86778459
61128138
107601617
143839615
42953110
189145429
151674302
94960265
45957582
97578789
56299574
30577951
49528066
24345877
86907939
136203767
25171639
82767554
30106491
111531789
166892603
86037611
28111414
105288218
80935948
32891038
25051213
44853103
117546367
32395038
53254134
153619671
28938599
45178431
128138431
131640942
125037886
130908894
24639837
160125447
56124439
54273392
100042449
26914968
146807440
113120029
25447567
26365267
118998049
26529774
140399035
43590573
88210973
133371021
68951947
86126455
139321686
50755861
76102565
24802649
25152047
88437852
157115712
43107867
131668921
64859604
32737949
32111839
82891376
39495360
24611252
30643341
152634808
46844846
63018434
58616482
44254304
32122095
106030011
32662783
124224434
84183580
77984465
25770863
155280513
55010862
25280843
32182222
77908766
67497830
37818376
54274725
46206803
146303775
28516809
30189718
164490373
124023629
51591747
54827184
37237078
8957951
135010534
136810420
73812699
46898372
131832654
54238347
35777071
35955370
103189155
126617204
136253112
97230847
149648958
28517698
82244629
85639202
74083143
140248027
124883789
116200521
42406788
94721419
46453603
29749093
107061082
58165791
182592160
31003800
55383133
54228268
42095978
52276901
58772377
69876895
84077473
37278839
34888322
94977424
193587831
11396594
129720348
77451658
123536927
35078297
146457852
141634261
30497246
66412707
62333677
84045384
25085018
61306468
44268376
58751590
189384346
33076637
136237552
85362080
55615156
27516653
104162905
52073021
28044666
148847344
46267390
133902502
89035746
78230632
24660676
140323010
39228282
120215169
110856056
126566611
101113929
34385379
26768452
46749599
24691503
145738990
68019783
127967773
30069625
25130143
16276226
29943880
150110622
113605562
165983498
28356001
34155855
96209166
95289801
163353637
148342636
69437279
101084055
143167990
107650544
123260100
100720418
33347631
62983733
81493291
52131741
26085805
45445568
53524570
118990453
103414633
84827449
83078436
133752069
98029852
7440378
107157144
43178967
92865634
27210114
45968561
101186444
176233627
29820951
31391679
93804908
29364747
32926638
88269749
54398409
61214920
29407910
26536946
132271649
80458967
7716087
126471445
85699588
35443066
124260784
24990408
156060066
97210724
159251584
13606790
96185225
90278425
105606568
121274267
27883314
28931227
32847815
76188088
149481073
102491857
97681476
44657475
105025230
41469609
32400643
118873785
123892180
29392289
29005900
73612340
119423075
155046844
169403417
44151542
54591419
91155106
96000598
62959082
45296411
64045246
98940698
104181363
96147601
27964471
164910236
100789045
3249940
37700646
22406264
109527480
26461738
156730679
108881160
132641257
74557700
28438619
86857352
162072801
78762474
27890183
66916680
136825076
190551391
96225674
29692950
71028002
35218033
20728402
129445769
87954416
67383451
103083375
27773785
26320775
87993602
113637158
37662583
87034678
100487494
32169834
112743302
50444974
93167499
133173404
36562747
26559771
144659477
66724211
29220828
66827505
34604593
121693122
116394177
25967171
116292034
26306737
30105001
69001136
24008241
65784843
48153573
86979243
154742338
85930696
24946043
46173573
47195723
24575750
42654123
129711018
56058337
30375967
28701984
63126095
63661503
28544337
12164770
62478147
54050560
27272593
96569021
36108874
117476932
61401982
32122904
94851647
48609185
46818630
78021042
162164090
138187462
47287507
33211145
102922632
107341544
113091338
80106894
114796126
80713103
86155926
97214278
128601165
77723830
115539489
117294071
121441517
162731076
76431238
48404232
138820593
130128932
125927582
105306944
65389241
39239643
93663224
43904406
69935766
112849188
153334265
170383833
71746855
97534912
92610114
82488777
148341684
61398531
110310397
135742868
80447765
81235569
12376031
26997900
32874336
120621991
163999620
79476761
147202458
28428630
47295620
50823443
99353582
27790337
83683106
81478868
120153149
93543993
39303524
75018570
108453023
92098430
90760665
156791230
47448056
29151613
42145196
135342539
121515525
27703354
73957810
48815141
99170631
25814864
34705271
51984628
106466842
25683640
28291944
35523504
124601229
69934318
27418625
105857273
125082818
90773621
191225608
54121239
91192664
44109460
85995249
130741033
55562041
31697541
25397653
89499932
106650743
76784406
120376211
61479698
68340330
75190922
46254411
112468985
88143558
31407113
139358010
60918770
31000634
88549885
83341768
65859986
28620645
81774000
152305643
89178151
149445546
53267843
50778919
27227672
66042962
37366370
76596306
30886010
187580865
25284195
134784863
70363935
45507642
38460431
37413977
20898915
36132056
148988648
58671784
127976645
79591654
61065857
36494296
151549594
158364040
122169051
19594385
126979668
131113622
49619200
47456642
126380773
35933172
155559833
110257377
122143780
28054425
84836059
57616385
75406291
77947228
46886965
107361295
83102510
36020696
99583381
68984773
85034920
130187956
26394533
151239365
66908669
56987370
24769136
164791358
36797867
166107713
29871906
30513449
82748700
72283192
33533684
115110859
141081013
42414539
101604934
46672144
30407561
96283491
168048919
53563283
41333921
156493752
69030537
65418047
131031479
39108927
32697267
12509085
81786605
117989890
25881657
27173325
25677051
25607483
136692337
149357652
132924246
21784806
108784781
98138791
64215911
38979497
90442006
99585126
35098001
165884636
152925169
75851299
22997607
126479635
47748984
153223030
112947197
110465593
144175488
26364423
100216272
31751000
138342699
75989144
106206226
56513082
91429150
98844840
31709047
150253753
34776458
119306316
30242784
132560695
112702765
92857189
97486973
25497465
106335853
86643287
44327655
103601900
30392572
53801602
155304396
110014622
28011974
74559942
151529521
105264780
26064238
82596227
82376190
78606732
157393448
74313494
43507404
67026660
130722605
102398126
30230137
73620980
84388891
30968229
62560188
20347042
27266125
24688127
148358202
88085667
106435400
29935927
87463398
135082892
26004456
27127827
196053304
125859563
35684152
99073035
36695187
111990879
87859986
25240818
58575064
37913192
29426880
138541984
111861915
90036398
31400620
57099768
108185688
56559069
125924870
154460932
33080853
139700658
41647697
115957974
164128615
161483425
190779990
74538207
43504206
79223760
83342238
30603990
46909396
133178858
41547108
4991738
119798224
102311813
60751167
148173338
32253962
31531593
46210219
30092373
39240284
29873925
30843895
79722763
30779202
91593528
74087066
74101279
70002914
158972220
72015546
158587964
35084587
26176603
72302627
80845013
87740826
19108669
65352380
57311671
128543520
36308526
114153312
49891647
99260286
118482690
24763916
77015016
76143282
27975059
29672031
25863832
141340118
128698431
18088124
39207368
117558868
101192041
137645472
59337380
94548524
28233183
42710287
85150386
28061917
129238769
64336452
129502582
39219483
38837925
145386058
97472210
75030710
28703707
80138059
85749063
63690785
26415151
58772205
28872782
77373458
47202026
29154268
28262093
116906246
22613597
80454570
107540195
78449479
110496089
31304153
108275131
109290247
142946946
59899207
124540916
43305726
36942582
73890463
126455765
188664693
32069635
27641358
27317444
85118743
24991667
42855183
143616447
116707273
108560898
34492297
43424229
136209206
96772897
143705931
34690079
135645966
140960754
55524999
121880423
137409545
168940702
75488409
142909294
101493060
57926752
127283963
147402694
38413736
36439060
27072189
154531605
33791391
31198782
48351162
57556528
34291427
23913809
79874164
39170048
39041119
35341714
51843970
157750855
60589415
79424369
128182629
150020017
173796795
138742177
56907169
108750631
70259580
36173292
30150639
98277888
62766403
18991135
48354112
41298791
117299013
65795944
85605876
178006654
35848381
51937941
164311497
119907705
53669063
71543884
75582591
103365572
168773886
116310998
71599860
73423929
91490233
37614928
119711886
95688203
115444239
30850396
128766099
94335129
136234968
24702357
144250412
26198141
101279124
126278374
27535008
30343368
102781508
48123426
31297940
93334782
57151413
33931132
33201159
73043931
73976738
50981876
130824445
103886307
127016724
61021730
48748125
164156654
142592051
125430778
55094138
30388970
75551368
8950555
79348372
38859987
38789720
31050055
66114979
44622193
147877154
106185353
51442185
117855633
183750629
83130204
33785397
137650387
27433913
72164962
84827696
26481544
86162743
96961690
60924237
160027198
146084901
91288741
82872200
26584279
35861868
31665991
151258179
26271537
25633434
114591883
34904758
33115318
75788001
63781993
125621867
51660353
29219535
129692960
28516444
136463916
90835327
93785955
24973115
45544044
36013859
48738921
39080986
29251055
129159222
96187300
89406876
127380756
55503884
35588720
85076647
151649187
25380967
112010747
93172577
203779772
55219219
35328719
96727090
34030335
28462759
41492397
57502669
67441009
65787068
30507292
30197237
86648060
24638168
128656285
23341780
19876078
110326841
32580934
153293723
47036640
27016512
133044664
105084212
27742785
122227200
100266723
27817508
35301558
67555051
77096748
35788318
49965727
109666748
147033030
44655740
44837783
99970078
26340489
44904406
83508185
137521434
88980272
26590201
33796645
135868265
53842610
26284814
92726188
79152548
102126435
34119637
24696203
103103473
43897322
49227166
49385471
47876675
96668100
25629320
28979902
28351238
26117390
48621265
73424899
60928233
128193668
4119694
50813520
51576317
31874051
117910562
130280398
60996844
87843364
80900800
68850512
71044803
137168879
113984731
69330352
29181017
44258794
55201564
33406549
29125065
63507537
69014579
125892212
38765871
78475419
22749282
75015854
19856241
109186960
69060392
100271821
24364995
147865392
51348537
67356097
153710207
30978184
122633073
32693653
128021603
154623300
75815632
116137420
100954548
36360792
147229633
37080044
32661328
182174186
164676185
67749870
39335594
112494323
152579464
97939468
84818407
168893890
48597213
26992811
43268744
47686377
69315838
129397306
27772524
145392435
115887710
103540661
42874278
77745850
78220690
58939600
99433624
121526088
43467487
61419044
29801892
109827244
41506302
157031320
26276295
28228988
43742127
65485271
144715325
147606643
76695477
24091042
37459565
42668745
138665622
35462030
90748728
97796753
95059618
117553035
109214006
165307492
103810519
85319812
24620001
29243957
26881437
24520871
47401686
26421566
98789412
71034301
85026912
114340399
30835736
111312545
25360714
28106058
83574764
44549218
86410106
80112208
81647573
100556566
30664652
148615460
103166856
17257140
131901357
125213758
57245844
55085977
63864440
36397196
26975647
30672280
50209689
55308600
139039214
136617958
100159204
28699564
91089381
97856190
127085298
61728593
72900381
45214327
28125142
67995300
144732766
88970310
76265858
45655350
102617120
136947050
136407996
153000451
38944438
92233211
26100217
27164044
85968374
27071353
101468566
104011064
60263370
91863620
63446000
25962215
24850970
27345780
71560018
54823226
117660426
25563761
59946837
151890436
126052496
49740339
115407021
138922815
29693583
45371191
165807976
79555693
142207493
61922193
153899006
18565555
100804742
29951874
124418762
146167653
71146114
62116472
114317368
62426563
108910102
28316603
8146439
25486867
139441216
29050199
174704385
53592599
86087979
35041084
76079575
43943978
25082229
154638842
27111738
135817929
106947332
44023466
49195588
34400277
44413597
89234310
94457387
126014397
16668656
47834023
110098453
79060337
58928718
152321561
32531932
155769662
80487533
65241685
168925692
159937223
52974409
49388121
21535858
60303576
153497185
113395024
35202807
26210363
93982845
73304160
66599456
54245881
147562983
83435005
69559716
28807093
56886008
42866199
128759662
29329756
43273162
112771720
63030730
81437764
26981958
74394095
105440199
44435272
86739722
30921946
77928507
47893022
37677992
81064693
66820792
80123574
98063729
142039492
142196981
29207412
26000472
50780396
77004849
85463056
45049266
136086378
49772291
129478991
176694074
109845413
44943767
81548165
