28187309
67356097
89036100
151674302
116699708
23140961
125621867
57502669
58295952
42899093
112425188
136209206
22613597
59849768
37278839
47868202
130943755
43657761
42858638
45745127
158240148
69330352
132716800
76102565
58928718
81858507
30507292
30039772
147877154
81619401
73658976
48923544
146457852
104852653
15811796
101407360
92286391
45296411
152603679
77465915
126966634
85809020
92612657
143461140
101046448
60263370
148619341
101264014
93785955
56513082
157031320
44254304
156791230
57400569
43631950
96460542
149445546
11300179
87159122
89435035
109684479
25611666
47980353
26997900
55100132
129692960
100487494
20347042
69315838
16276226
143839615
154531605
74557700
69273746
44435272
47940822
74101279
73812699
72523036
53327901
34688525
66724211
122660988
65795944
22341851
93737928
21083157
117910562
162368492
86778459
88477058
110621072
24211779
150107857
46818630
191225608
24205034
59364829
168048919
112702765
