89178151
33796645
141191031
50985135
150233468
156097960
48815141
29220828
49528066
60091024
83406905
42484625
65859986
131258297
129792397
57342876
60924237
49965727
44109460
67771007
132904725
66062131
79224825
24702357
68191385
165814238
112587935
16267579
81517533
141632465
61994360
118990453
45296411
19584974
128342570
151674302
116143553
43462883
135026410
68226433
63548613
176694074
93982845
146807440
77001145
39219483
99073035
93714551
101004770
44254304
136905414
106947332
84241848
129440551
48748125
42778294
45049266
77723830
121416936
109340441
138820593
162224133
125037886
13305673
19594385
16844281
174791996
102945640
69315838
54827184
113984731
103886307
53086125
19856241
77333981
66145179
93804908
135441915
78449479
109666748
4991738
123332425
47202026
26997900
30039772
71599860
97882220
113796957
115444239
124218436
81259723
29978118
121379290
100959087
136253112
92286391
44113431
51576317
52131741
42668745
