65859986
110621072
90773621
116178627
147021442
107921211
26475061
79198278
73658976
85150386
102504047
39170048
64149102
77015016
118482690
84077473
34688525
29978118
76631798
17270857
67356097
132268892
41668887
98090737
79224825
49504957
44853103
43943978
81858507
140248027
164311497
8957951
49976528
97534912
65241685
50755861
98844840
82916295
159317191
56907169
120023816
67555051
130280398
90278425
76784406
115573000
151550724
19683153
172503356
93737928
136617958
80454570
63815041
13366267
136541415
172389917
138534692
33796645
135026410
78475419
68191385
4237231
51128343
96460542
112702765
88437852
58751590
54717447
22341851
124378556
53524570
99970078
135742868
85995249
135645966
56058337
82767554
63211731
87843364
150037763
136013178
25611666
80935948
113637158
47980353
59337380
65507027
47776220
65787068
86739722
115055524
119283703
12623540
138025996
156467479
107300391
190551391
91441878
133044664
18695054
114317368
124578619
116439990
78427904
111714194
49118841
84388891
42414539
107372709
33914238
76501514
98789412
17257140
23411183
122143780
95732739
56124439
26997900
74736484
47195723
92098430
63084335
153898239
49864531
54121239
55010862
31400620
75015854
85699588
45192992
129478991
26992811
87954416
127783386
20728402
101004770
138449189
99433624
89178151
20765598
111741848
79671827
106435400
44435272
3604918
92612657
73620980
25216795
136237552
109684479
127967773
23106417
116137420
96209166
103416716
19856241
34857892
29070130
135070089
22613597
112743302
46886965
101281205
50444974
112010747
164797312
107510191
56563669
99073035
77928507
137668563
139892025
37080044
136810420
60752899
90748728
33076637
162731076
64667290
39322197
57245844
58030008
28316603
18088124
120395637
59058000
144343318
139717616
91593528
128182629
85362080
61247461
79424369
168718873
84353820
51576317
159721243
22997607
50701120
51370586
80845013
133178858
188664693
105872578
100987118
138674720
91863620
110310397
53267843
106206226
91885951
26426801
69330352
45912756
40475362
131761779
93804908
40673210
86093829
13305673
25240818
143087294
68850512
58295952
47559494
59820721
76233895
67749870
30856611
115924636
85930696
134859974
144349219
89036100
55308600
45355391
138696951
44858056
7751209
24769136
16844281
52131741
103083375
19108669
154531605
79979126
83415757
44327655
125612746
143479658
50985135
34956773
80218541
87034678
117910562
114447989
150233468
60303576
115858557
103601900
27173325
54273392
48404232
55094138
63126095
147229633
104283696
137651691
79722763
2989013
77465915
55895593
121129168
78606732
80106894
58671784
105288218
99353582
119642484
100720418
154958505
23140961
94977424
45939802
84448021
28011974
60263370
139946125
118990453
49740339
123650161
51984628
79060337
86979243
65381267
157414311
68450486
112771720
108750631
120015579
61305804
88511658
85396821
134967121
63446000
74633379
117294071
159188264
13387241
101186444
87519074
131031479
60957416
154638842
52276901
52765231
81235569
92857189
129692960
83341768
104181363
36147665
83762346
51937941
23059343
39239643
115957974
176233627
96000598
64045246
162368492
62560188
92726188
77745850
151925593
25360714
70936795
154623300
112277672
73660378
42915249
26698051
59268522
59326173
34502618
39389944
64006643
138573534
65079110
110856056
40670594
67424618
85494186
4648372
13075435
58575064
86616235
131112757
34705271
92870145
94851647
77908766
86914363
63661503
25693162
81259723
153334265
86309021
41856229
80109951
100138721
36797867
144250412
107540195
130790142
28428630
86452167
49652346
44508845
128759662
88280209
169354660
65352380
69156796
15005904
121264594
130552029
99644116
147202800
126617204
116699708
135310065
128698431
45445568
47940822
169825723
97168305
87159122
130016739
74313494
65113081
98277888
42095978
148342636
29086006
143490929
82649258
52073021
88929585
29219535
119127716
57502669
109255150
37981870
75016745
66724211
158294317
3249940
61915840
21199602
29635114
160567998
143616447
152305643
84247792
44549218
45544044
74559942
29551044
78312301
92286391
97939468
66485912
183750629
89234310
76695477
66321726
17411412
19285240
130187956
55562041
67827068
73812699
119423075
35462030
77004849
102674437
119752156
42484625
8146439
87859986
121416936
124909530
26125541
59330984
29005900
55100132
45049266
109666748
32209212
115606048
147877154
168773886
121356396
98940698
89832368
35446404
88980272
180360067
15201622
130689780
49528066
24702357
136253112
65736324
98648196
91288741
99664368
106966053
97210724
20347042
100028519
61994360
66114979
53334233
156413900
148173338
106947332
52678172
117660426
119711886
110721274
48033697
143839615
164791358
54228268
43904406
108453023
77596304
81016582
162072801
132924246
21295987
23341780
152603679
101407360
50889297
44113431
103886307
144175488
139700658
116097566
51712800
115539489
163999620
146084901
82558390
12733579
24211779
43913285
126966634
85319812
63864440
62457578
112262343
141410342
168048919
80112208
97230847
48351162
124218436
135342539
37278839
4991738
92341462
138820593
129440551
58505639
138665622
105084212
43662787
100126495
191225608
125037886
12979952
86347683
69739162
93959129
111168679
26306737
185224819
4119694
103810519
72523036
25671055
25068666
151674302
68482501
117989890
91958110
71034301
24636342
114986461
36792185
125621867
141888455
149365220
136271143
162224133
145738990
101046448
107260773
105606568
124883789
80138059
97529792
68226433
124418762
109527480
54274725
51135802
89499932
36086222
89069038
112849188
152743957
64859604
45657473
50516835
132716800
96225674
48132392
135441915
151890436
57400569
27008925
27206881
15811796
29220828
67995300
161195904
161511262
42777111
42855183
66820792
141632465
85038772
108590859
76699726
21784806
102989489
41506302
42555663
69341706
6675678
108904679
12376031
21352306
88269749
38859200
16267579
66145179
14787544
42899093
101264014
122660988
31304153
118227253
146728382
153619671
41552171
64215911
107341544
143461140
146457852
81791396
119798224
173796795
52976471
34291427
122911217
48597213
77723830
39191629
137043590
61333602
60308869
163969390
7869033
90076262
85049482
168460032
46210219
70786877
144659477
51968355
18121561
63018434
53327901
113268677
79127843
46749599
76079575
68340330
100959087
22694265
59704469
83078436
131258297
103166856
117231835
123343920
18099698
124437779
66854343
82376190
86236284
18160672
69934318
165814238
59849768
126065235
152184591
69717277
39041119
80552106
112587935
69030537
58772205
158972220
133771181
63656855
134438118
149655308
19876078
26689540
7440378
152321561
114342923
17792680
19584974
163402424
66042962
42858638
94721419
110557229
100141910
64617305
36494296
84836059
73043931
170979206
46818630
115889582
109340441
50823443
90125374
107267529
162839095
49891647
77922577
83406905
16261556
47080286
42866199
103034845
81139052
77001145
30230137
31007765
156097960
31874051
75586899
12164770
115407021
128656285
85848189
90440043
51759842
63690785
61398531
81614223
137645472
115349232
160027198
76344414
81548165
126979668
82872200
148619341
73423929
141814751
81437764
43742127
148341684
45655350
148455397
60918770
84827696
152870660
7321382
28187309
127016724
44221535
107157144
17019402
24091042
62959082
149236250
56987370
130644256
24620001
21535858
132571838
166475072
47163897
148626978
142186263
22800804
83800749
130943755
58379005
44151542
30513449
44358664
48923544
124601229
62478147
74409457
113867601
51192983
143531191
133173404
149445546
159201505
101493060
31297940
155867499
147883746
39335594
111315059
20621173
111861915
49227166
84045384
71697039
32847815
138922815
83102510
103103473
13506207
39228282
100487494
21005203
170383833
80554277
41547108
178006654
18991135
113796957
152925169
94393567
131901357
24973115
100789045
55503884
51793754
65784843
98104904
143532890
102781508
17678784
107154599
126566611
141191031
53994929
99260286
47868202
47112444
42209515
169403417
89435035
62647932
26529774
151649187
27790337
125213758
93785955
44254304
20209925
42953110
119088826
11396594
109213119
88477058
46173573
104488668
43982171
26176603
74538207
112947197
36108874
142910895
87486900
71305377
156791230
137650387
154533945
93714551
139556909
83125423
65281270
49772291
74101279
22789243
48621265
163373312
141461424
53086125
97882220
139960439
63781993
20429255
102945640
19594385
143587802
83342238
51591747
65973171
121133165
107361295
85810404
44899513
18145590
137095815
111944333
129792397
24205034
68441024
46453603
56059692
42566367
99324486
82596227
121507908
79310160
61462418
18894830
47295620
73509058
42778294
27351885
153000451
86126455
82526266
84907001
47424095
101604934
71599860
67698605
105053359
33854720
86778459
38392635
63543566
12953178
30713062
73304160
157031320
67618569
91466945
67771007
46758328
7716087
60924237
120159409
25319190
158240148
44023466
49965727
86656040
126052496
12505829
44109460
84241848
93733817
129711018
85888390
67372691
113373743
43631950
79921113
116143553
103185802
97486973
65389241
31641771
35955370
77333981
70571682
93628002
145392435
123835922
100886430
76995304
60091024
136947050
136209206
134021538
139321686
35753654
16276226
44268376
69273746
189145429
110893353
174791996
191135320
16668656
66245255
75541478
47876675
102922632
161553591
12509085
75989144
48748125
155304396
75190922
79886888
115444239
79476761
11300179
33406549
77947228
78449479
40343166
63548613
91936778
26394533
63049943
85509331
43657761
120357180
140600948
28351238
71045069
142207493
85809020
43273162
37459565
128342570
98163290
29943880
149941198
102491857
45016962
139446606
78230632
52614244
24395003
131470273
119701070
89602301
89646204
4615146
97472210
149648958
103408434
26265372
148103999
39219483
56758768
48780893
85118743
138667235
84652921
108607259
99181827
148615460
36622006
165983498
69935766
69315838
61128138
30507292
121173851
27094377
75493616
76265858
112425188
124540916
42145196
78086500
23913809
103414633
8950555
12277280
150107857
20898915
117057029
121379290
51855084
56886008
30039772
28516444
42688821
57342876
91324625
109845413
75385275
39159013
53354678
78178318
144724341
108244350
105137270
98797171
104162905
71722451
95641447
29935927
89108936
66703410
97578789
44655740
65795944
45745127
85026912
95289801
86805387
47448056
22193127
80900800
132904725
95631921
39387663
63080348
44287520
113984731
131862802
45296411
82475670
81597353
114591883
122109923
123487791
23629046
112494323
58928718
84470980
93304924
202917957
102617120
5468120
176694074
118918471
56513082
22749282
22406264
86612174
21083157
47228412
38931187
150473105
93982845
113502476
81517533
66062131
43462883
106650743
159937223
136905414
48815141
54827184
32233735
96147601
31039009
43107867
21576053
24008241
134972507
128765713
47202026
156824893
13606790
81619401
35848381
90817179
74557700
128138431
50407430
165807976
41274664
84113345
44256908
135389882
123332425
98138791
70191722
85968374
136203767
67757236
146807440
104852653
117546367
140209484
66599456
127141041
18565555
121122623
55615156
47834023
168893890
86037611
147033030
76102565
42668745
27855301
59364829
149630594
100266723
