107536024
107626108
108065606
108143657
108298046
108523853
108682449
108822037
109133271
109255150
109488731
109671513
109874628
109938250
110346387
110382793
110523734
110524881
110576881
110798324
110961677
110998537
111156886
111364187
111444111
111455685
111628870
111770147
111795316
111860150
111939446
112069525
112123009
112183736
112298112
112415335
112473588
112481359
112513902
112596953
112638080
112693406
112733363
112854117
112913030
113017080
113221377
113289487
113440937
113540866
113544288
113678778
113795765
114303868
114309837
114576879
115092575
115111607
115498399
115506359
115540963
115573000
115721535
115755962
115857047
115913694
115965082
116226465
116264520
117065516
117227647
117247474
117452283
117586079
117804839
