178003982
178006654
178059658
178141005
178206924
178229589
178270901
178289335
178302968
178350804
178404235
178428773
178530753
178531030
178543122
178613190
178625470
178695085
178697616
178707429
178721261
178728799
178752459
178819855
178847824
178870871
178929697
178983337
179012885
179019277
179037193
179093117
179097025
179160579
179191283
179212143
179294423
179377351
179522844
179571176
179670891
179827445
179963149
180242470
180281818
180397952
180449925
180672489
180965187
181005070
181103169
181119469
181243279
181280674
181297454
181522557
181708109
181765868
181768781
181922157
182083415
182117887
182149264
182260888
182344138
182353773
182432456
182499362
182547829
182613590
182664231
182709118
182716333
182737906
182756527
182799109
182826252
182932462
182938247
182990925
183194810
183204036
183300086
183330990
183474194
183555319
183627352
183678566
183732960
183811858
183847923
183878298
183997204
184017369
184040309
184053948
184085940
184217201
184378283
184457003
184570757
184706690
184727639
184846282
185062547
185277753
185342298
185464432
185586790
185632819
185833513
185923238
186110170
186166070
186267518
186386067
186511375
186549514
186570428
186754556
186814116
186927037
187011391
187171351
187223013
187229843
187251146
187395890
187416435
187457203
187487644
187532876
187626111
187690385
187743030
187824189
187831587
187875000
187926278
187930142
187991706
188074650
188110293
188126146
188261579
188276722
188435131
188471692
188496721
188580883
188597954
188674755
188786733
188801943
188802716
188817041
188982483
189051475
189092712
189098870
189167233
189188752
189313346
189450873
189463617
189584001
189596728
189598094
189665831
189694004
189830551
189842005
189848613
189850968
189881323
189938154
190065099
190173098
190211414
190463107
190494215
190504908
190637596
190681324
190718438
190752487
190855320
190868547
190913865
190976728
190979492
191024345
191135320
191217539
191233153
191325764
191338313
191398359
191508217
191684069
191851298
191877218
191953171
191960725
192019985
192041922
192073502
192192258
192201534
192269362
192577250
192601557
192781583
192933591
192979936
193004833
193022252
193045992
193114134
193127561
193141886
193156887
193173356
193186703
193291405
193304218
193365658
193394913
193452390
193488362
193811866
193901241
193918224
194036115
194040237
194079485
194133938
194261863
194304787
194309119
194337494
194367986
194384813
194429542
194652247
194661776
194689840
194728448
194744781
194754854
194914875
195017515
195036824
195104520
195111383
195127128
195144429
195271117
195271960
195290319
195320759
195405066
195504451
195533291
195536077
195555871
195641778
195656314
195861807
195867314
195911544
196007897
196028996
196071377
196082241
196082457
196086670
196118193
196341743
196439697
196468780
196526676
196532367
196539372
196578403
196606557
196609566
196699825
196714902
196718986
196929791
196948826
196975555
196977834
197085219
197108453
197117397
197123284
197138613
197186012
197246960
197266181
197288920
197293426
197387265
197413964
197602335
197660963
197661893
197751402
197902174
197974643
198020876
198028629
198041362
198063266
198065790
198084037
198231190
198306673
198330092
198375024
198440375
198499744
198501665
198515491
198693161
198778790
198806396
198813519
198877305
198938484
198949920
198950289
198951746
198964247
199148340
199165988
199360878
199410802
199420689
199435598
199435750
199512440
199538487
199618902
199658797
199662000
199729787
199753464
199762729
199767695
199779888
199807885
199813835
199934032
199962735
199983345
200084273
200297817
200346955
200363156
200386802
200394860
200433483
200434000
200552395
200604078
200644529
200703877
200736777
200864437
200886504
200919309
200945052
201090434
201149998
201229350
201296869
201332185
201387047
201461117
201476153
201483891
201498186
201510124
201577856
201635972
201642101
201734680
201834941
201877811
202064779
202107073
202143566
202151868
202154964
202402996
202424381
202436630
