3480100
3550307
3585904
3829039
4009433
4119100
4172764
4177456
4259457
4406099
4529613
4627270
4640241
4667281
4790024
4822893
4870744
4902325
4942390
4969036
5125882
5158569
5175642
5178038
5223124
5387857
5400126
5405484
5437259
5582285
5600243
5601470
5684822
5697311
5727846
5888298
5911521
5922404
5936486
5958572
5966703
6004450
6023018
6068296
6076194
6126110
6161696
6201801
6236172
6237302
6253679
6325337
6333162
6354825
6385791
6387038
6394171
6415733
6594000
6652517
6981692
7041858
7073509
7142374
7160511
7252228
7291601
7479240
7493891
7532266
7703669
7923970
7987287
8081150
8150813
8195145
8294534
8298853
8356388
8412858
8492639
8610841
8619034
8822713
8926812
8954947
9480095
9652059
10080685
10184340
10404426
10431575
11216604
11508367
11524299
11550600
11562608
11659696
11664727
11711656
11778052
11796115
11816330
11819061
11820021
11943225
11955132
11965166
11997472
12042985
12050768
12108675
12118255
12128613
12134217
12146009
12162913
12221208
12230862
12233586
12305162
12380295
12416527
12469171
12476423
12485268
12524187
12542396
12560494
12578570
12594683
12606646
12625052
12638092
12641950
12678270
12678909
12680336
12712544
12728870
12762265
12786472
12794058
12797833
12819872
12867465
12920288
12989885
13072737
13075137
13075435
13156420
13167393
13253397
13361371
13396859
13721501
14354666
14382998
14686734
14689384
14776399
14845714
14872942
14925971
14967213
14976590
15120237
15167379
15339795
15378955
15396727
15423552
15447265
15485131
15511407
15657608
15663240
15674134
15683347
15793109
15826570
15944421
15970968
16036451
16107886
16138093
16150208
16167699
16175439
16217213
16256685
16273503
16402984
16438991
16458342
16559014
16572866
16608218
16613337
16622249
16674737
16759551
16814015
16834141
16851808
16874487
16995834
17139712
17160544
17187182
17241180
17275170
17279460
17279517
17295163
17502110
17579265
17644748
17738731
17756278
17776237
17786531
17878456
17889018
17949769
18076658
18105755
18286124
18335822
18412479
18469183
18526807
18556090
18573547
18587768
18670702
18738965
18780153
18977556
19012600
19078235
19082578
19130092
19268051
19319504
19433313
19671131
19685270
19846520
19949264
20088186
20247566
20329524
20345758
20426361
20514223
20629474
20667569
20669859
20772634
20775473
20780384
21009246
21071432
21215141
21493941
21517669
21792787
21814896
21847483
22123844
22210600
22253393
22311060
22312645
22493950
22673801
22721395
22724502
22761796
22764343
22924100
22930095
23624938
23721253
23851350
23855110
24029139
24065206
24103898
24229720
24406184
24474644
24604856
24760249
24778886
24808291
24836406
24849639
24905002
24918813
24928487
24943511
24975487
24978420
25039666
25064822
25116356
25194506
25285227
25461505
25515119
25572784
25591338
25597738
25600815
25643333
25704011
25756898
25785997
25809436
25848072
25934452
25958502
26182893
26305748
26391656
26445770
26474599
26523481
26596845
26645304
26762269
26763834
26776184
26880711
26921057
26998501
27020576
27022048
27025908
27031127
27068947
27072272
27169568
27386024
27623155
27644001
27703043
27853135
28009547
28108133
28336830
28376953
28402587
28452033
28636208
28736784
29061494
29400166
29474982
29550867
29593245
29775795
29790797
29830121
29860940
29878622
29961977
30031551
30286893
30522300
30556654
30656911
30794460
30823573
30888463
30889647
30964289
30987662
30997946
31087831
31096371
31118054
31255457
31411000
31458501
31524379
31533182
31617444
31759623
32081085
32231125
32414762
32457336
32618829
32693062
32721611
32743060
