191325764
191338313
191398359
191508217
191684069
191851298
191877218
191953171
191960725
192019985
192041922
192073502
192192258
192201534
192269362
192577250
192601557
192781583
192933591
192979936
193004833
193022252
193045992
193114134
193127561
193141886
193156887
193173356
193186703
193291405
193304218
193365658
193394913
193452390
193488362
193811866
193901241
193918224
194036115
194040237
194079485
194133938
194261863
194304787
194309119
194337494
194367986
194384813
194429542
194652247
194661776
194689840
194728448
194744781
194754854
194914875
195017515
195036824
195104520
195111383
195127128
195144429
195271117
195271960
195290319
195320759
195405066
195504451
195533291
195536077
195555871
195641778
195656314
195861807
195867314
195911544
196007897
196028996
196071377
196082241
196082457
196086670
196118193
196341743
196439697
196468780
196526676
196532367
196539372
196578403
196606557
196609566
196699825
196714902
196718986
196929791
196948826
196975555
196977834
197085219
197108453
197117397
197123284
197138613
197186012
197246960
197266181
197288920
197293426
197387265
197413964
197602335
197660963
197661893
197751402
197902174
197974643
198020876
198028629
198041362
198063266
198065790
198084037
198231190
198306673
198330092
198375024
198440375
198499744
198501665
198515491
198693161
198778790
198806396
198813519
198877305
198938484
198949920
198950289
198951746
198964247
199148340
199165988
199360878
199410802
199420689
199435598
199435750
199512440
199538487
199618902
199658797
199662000
199729787
199753464
199762729
199767695
199779888
199807885
199813835
199934032
199962735
199983345
200084273
200297817
200346955
200363156
200386802
200394860
200433483
200434000
200552395
200604078
200644529
200703877
200736777
200864437
200886504
200919309
200945052
201090434
201149998
201229350
201296869
201332185
201387047
201461117
201476153
201483891
201498186
201510124
201577856
201635972
201642101
201734680
201834941
201877811
202064779
202107073
202143566
202151868
202154964
202402996
202424381
202436630
202457491
202521174
202628158
202662821
202745550
202815566
202852502
202855679
202856088
202912261
202987572
203052904
203078682
203155131
203213902
203218100
203237299
203292794
203354441
203495114
203495269
203634019
203688371
203821750
203860168
203910406
203940251
203947116
203975197
204039053
204072023
204102890
204114058
204123817
204184474
204203977
204280265
204282509
204299492
204306820
204372535
204401887
204443626
204563165
204631076
204725549
204802901
204842532
204885562
204959607
205029781
205060809
205161019
205268770
205421442
205515348
205515685
205520695
205609610
205668661
205681833
205708683
205990058
206073061
206126856
206153095
206155112
