174068922
174111976
174241833
174306058
174380467
174490217
174553663
174578533
174585554
174602228
174605300
174640169
174949773
175239410
175248908
175253826
175393194
175528163
175594053
175603861
175635641
175685993
175764787
175823344
175839073
175880421
175928190
175987848
176106196
176175722
176214509
176233627
176237002
176268548
176298513
176326318
176374558
176424723
176785109
176790324
176859635
176870602
177088628
177095149
177160742
177291722
177300625
177342443
177397300
177438128
177524074
177739828
177771687
178003982
178006654
178059658
178141005
178206924
178229589
178270901
178289335
178302968
178350804
178404235
178428773
178530753
178531030
178543122
178613190
178625470
178695085
178697616
178707429
178721261
178728799
178752459
178819855
178847824
178870871
178929697
178983337
179012885
179019277
179037193
179093117
179097025
179160579
179191283
179212143
179294423
179377351
179522844
179571176
179670891
179827445
179963149
180242470
180281818
180397952
180449925
180672489
180965187
181005070
181103169
181119469
181243279
181280674
181297454
181522557
181708109
181765868
181768781
181922157
182083415
182117887
182149264
182260888
182344138
182353773
182432456
182499362
182547829
182613590
182664231
182709118
182716333
182737906
182756527
182799109
182826252
182932462
182938247
182990925
183194810
183204036
183300086
183330990
183474194
183555319
183627352
183678566
183732960
183811858
183847923
183878298
183997204
184017369
184040309
184053948
184085940
184217201
184378283
184457003
184570757
184706690
184727639
184846282
185062547
185277753
185342298
185464432
185586790
185632819
185833513
185923238
186110170
186166070
186267518
186386067
186511375
186549514
186570428
186754556
186814116
186927037
187011391
187171351
187223013
187229843
187251146
187395890
187416435
187457203
187487644
187532876
187626111
187690385
187743030
187824189
187831587
187875000
187926278
187930142
187991706
188074650
188110293
188126146
188261579
188276722
188435131
188471692
188496721
188580883
188597954
188674755
188786733
188801943
188802716
188817041
188982483
189051475
189092712
189098870
189167233
189188752
189313346
189450873
189463617
189584001
189596728
189598094
189665831
189694004
189830551
189842005
189848613
189850968
189881323
189938154
190065099
190173098
190211414
190463107
190494215
190504908
190637596
190681324
190718438
190752487
190855320
190868547
190913865
190976728
190979492
191024345
191135320
191217539
191233153
