32081085
32231125
32414762
32457336
32618829
32693062
32721611
32743060
32806582
32945237
33017473
33081595
33084069
33162223
33345592
33377759
33418371
33433475
33453309
33728007
33744973
33808480
34033686
34254566
34537511
34619278
34799021
34967261
35096246
35590703
35666321
35783455
35806051
35839325
35954687
35990980
36111388
36307632
36355367
36536756
36643481
36727789
36783919
36937521
37024038
37310695
37518343
37528826
37596275
37888406
38225952
38441805
38655562
38954982
39010568
39135005
39262966
39325901
