26182893
26305748
26391656
26445770
26474599
26523481
26596845
26645304
26762269
26763834
26776184
26880711
26921057
26998501
27020576
27022048
27025908
27031127
27068947
27072272
27169568
27386024
27623155
27644001
27703043
27853135
28009547
28108133
28336830
28376953
28402587
28452033
28636208
28736784
29061494
29400166
29474982
29550867
29593245
29775795
29790797
29830121
29860940
29878622
29961977
30031551
30286893
30522300
30556654
30656911
30794460
30823573
30888463
30889647
30964289
30987662
30997946
31087831
31096371
31118054
31255457
31411000
31458501
31524379
31533182
31617444
31759623
