46363262
46381068
46427873
46475783
46500084
46518219
46520501
46544638
46553458
46582846
46609177
46616576
46619145
46629044
46701068
46762097
46789065
46835385
46835693
46838211
46878285
46923889
46931773
46954135
46987815
47007138
47025090
47030281
47032233
47053771
47077805
47106026
47106850
47109730
47123587
47141401
47197293
47237995
47266690
47295702
47316825
47332704
47349918
47361752
47371271
47372929
47408408
47419688
47421555
47445373
47446283
47456891
47478201
47529909
47548682
47549309
47587897
47588440
47588923
47610166
47615870
47635516
47645020
47658199
47716295
47728584
47807479
47810971
47846091
47859838
47867519
47872504
47897029
47906558
47922648
47942016
48012151
48014659
48049319
48070457
48076552
48083745
48097760
48100450
48104446
48122275
48123951
48125131
48130912
48139728
48147011
48158082
48168322
48178010
48201874
48217099
48231010
48242428
48300186
48323579
48339750
48668307
48813432
49247156
49270459
49294514
49483649
49856200
49923877
50115614
50181153
50302310
50507720
50608366
50740163
50879505
50927523
51005308
51140601
51455568
51478775
51480383
51560246
51620654
51628099
52339002
52447713
52599449
52650466
52710978
52878186
53103952
53105046
53184713
53329043
53422834
53441919
53691616
53927254
53971589
54232690
54729523
55049962
55545149
