18670702
18738965
18780153
18977556
19012600
19078235
19082578
19130092
19268051
19319504
19433313
19671131
19685270
19846520
19949264
20088186
20247566
20329524
20345758
20426361
20514223
20629474
20667569
20669859
20772634
20775473
20780384
21009246
21071432
21215141
21493941
21517669
21792787
21814896
21847483
22123844
22210600
22253393
22311060
22312645
22493950
22673801
22721395
22724502
22761796
22764343
22924100
22930095
23624938
23721253
23851350
23855110
24029139
24065206
24103898
24229720
24406184
24474644
24604856
24760249
24778886
24808291
24836406
24849639
24905002
24918813
24928487
24943511
24975487
24978420
25039666
25064822
25116356
25194506
25285227
25461505
25515119
25572784
25591338
25597738
25600815
25643333
25704011
25756898
25785997
25809436
25848072
25934452
25958502
