12606646
12625052
12638092
12641950
12678270
12678909
12680336
12712544
12728870
12762265
12786472
12794058
12797833
12819872
12867465
12920288
12989885
13072737
13075137
13075435
13156420
13167393
13253397
13361371
13396859
13721501
14354666
14382998
14686734
14689384
14776399
14845714
14872942
14925971
14967213
14976590
15120237
15167379
15339795
15378955
15396727
15423552
15447265
15485131
15511407
15657608
15663240
15674134
15683347
15793109
15826570
15944421
15970968
16036451
16107886
16138093
16150208
16167699
16175439
16217213
16256685
16273503
16402984
16438991
16458342
16559014
16572866
16608218
16613337
16622249
16674737
16759551
16814015
16834141
16851808
16874487
16995834
17139712
17160544
17187182
17241180
17275170
17279460
17279517
17295163
17502110
17579265
17644748
17738731
17756278
17776237
17786531
17878456
17889018
17949769
18076658
18105755
18286124
18335822
18412479
18469183
18526807
18556090
18573547
18587768
