3480100
3550307
3585904
3829039
4009433
4119100
4172764
4177456
4259457
4406099
4529613
4627270
4640241
4667281
4790024
4822893
4870744
4902325
4942390
4969036
5125882
5158569
5175642
5178038
5223124
5387857
5400126
5405484
5437259
5582285
5600243
5601470
5684822
5697311
5727846
5888298
5911521
5922404
5936486
5958572
5966703
6004450
6023018
6068296
6076194
6126110
6161696
6201801
6236172
6237302
6253679
6325337
6333162
6354825
6385791
6387038
6394171
6415733
6594000
6652517
6981692
7041858
7073509
7142374
7160511
7252228
7291601
7479240
7493891
7532266
7703669
7923970
7987287
8081150
8150813
8195145
8294534
8298853
8356388
8412858
8492639
8610841
8619034
8822713
8926812
8954947
9480095
9652059
10080685
10184340
10404426
10431575
11216604
11508367
11524299
11550600
11562608
11659696
11664727
11711656
11778052
11796115
11816330
11819061
11820021
11943225
11955132
11965166
11997472
12042985
12050768
12108675
12118255
12128613
12134217
12146009
12162913
12221208
12230862
12233586
12305162
12380295
12416527
12469171
12476423
12485268
12524187
12542396
12560494
12578570
12594683
