202457491
202521174
202628158
202662821
202745550
202815566
202852502
202855679
202856088
202912261
202987572
203052904
203078682
203155131
203213902
203218100
203237299
203292794
203354441
203495114
203495269
203634019
203688371
203821750
203860168
203910406
203940251
203947116
203975197
204039053
204072023
204102890
204114058
204123817
204184474
204203977
204280265
204282509
204299492
204306820
204372535
204401887
204443626
204563165
204631076
204725549
204802901
204842532
204885562
204959607
205029781
205060809
205161019
205268770
205421442
205515348
205515685
205520695
205609610
205668661
205681833
205708683
205990058
206073061
206126856
206153095
206155112
206161175
206376864
206418326
206651413
206813447
206962460
207066408
207135894
207145432
207340362
207364150
207390038
207461530
207470434
207538040
207586360
207609653
207637336
207640034
207641468
207644227
207686296
207701690
207748670
207899285
207984779
208134533
208138112
208182790
208281046
208306655
208372106
208408136
208475650
208645751
208693567
208731096
208743520
208806210
209001882
209163487
209168226
209221125
209332760
209367161
209456165
209465705
209623778
209661992
209697878
209900864
209923875
209937501
210053596
210211009
210237638
210279719
210516837
210530009
210534504
210536343
210797915
210838871
211054039
211310680
211319780
211466237
211601189
211632441
211687097
211716701
211948280
212178983
212186500
212195752
212238329
212298057
212374392
212385056
212567160
212738683
212871708
212893633
213189413
213224864
213248350
213350652
213496153
213646277
213648923
213734682
213786631
213823397
213823740
213892133
213971448
214012738
214206683
214258760
214304926
214360060
214416316
214968645
215093765
215209251
215254789
215405799
215415842
215678777
215723330
216062146
216080699
216135268
216183363
216247685
216277948
216329506
216351906
216357956
216429342
216439298
216562020
216683291
216739262
216893603
217019838
217061158
217141154
217187132
217252733
217321794
217470202
217628061
217667773
217691846
217703168
217877573
217883329
218118588
218266246
218300902
218367747
218412963
218945894
218960062
219054243
219377893
219527842
219925504
220044769
220329277
220555650
220564450
220851907
221072002
221137789
221182812
221193820
221429312
221443650
221479485
221551132
221601057
221792475
222102652
222819809
222899553
223214625
223330237
223354276
223374079
223431871
223520835
223537730
223842561
224254371
224956002
225295391
225343998
225489407
225645631
225678431
225874430
225888896
