32806582
32945237
33017473
33081595
33084069
33162223
33345592
33377759
33418371
33433475
33453309
33728007
33744973
33808480
34033686
34254566
34537511
34619278
34799021
34967261
35096246
35590703
35666321
35783455
35806051
35839325
35954687
35990980
36111388
36307632
36355367
36536756
36643481
36727789
36783919
36937521
37024038
37310695
37518343
37528826
37596275
37888406
38225952
38441805
38655562
38954982
39010568
39135005
39262966
39325901
39538527
39570531
39758278
40035606
40224758
40323874
40404446
40510716
40552482
40656323
40903257
41083436
41124465
41128872
41337076
41345094
41360701
41403262
41412095
41494126
41499911
41738897
41799432
41848045
41882374
42186759
42187658
42191679
42346396
42398054
42440474
42508779
42513611
42607430
42642115
42685871
42861741
42897423
43172989
43226128
43555314
43585663
43615991
43622256
43702624
43786160
43882300
43934174
43958396
44012722
44154679
44506603
44555518
44617127
44637678
44786170
44888523
44956322
45017413
45033791
45041061
45060366
45064999
45100506
45137610
45157774
45158028
45162978
45164090
45205264
45725975
45736586
45819222
45863089
45888173
45893212
45927532
46012617
46049558
46079432
46086843
46273114
46348624
46616576
46629044
46838211
46878285
46923889
47615870
47807479
47942016
48097760
48100450
48323579
48339750
48668307
48813432
49247156
49270459
49294514
49483649
49856200
49923877
50115614
50181153
50302310
50507720
50608366
50740163
50879505
50927523
51005308
51140601
51455568
51478775
51480383
51560246
51620654
51628099
52339002
52447713
52599449
52650466
52710978
52878186
53103952
53105046
53184713
53329043
53422834
53441919
53691616
53927254
53971589
54232690
54729523
55049962
55545149
55562009
55608086
55626508
55748900
55776151
55826510
55986305
56013267
56138183
56211618
56573596
56599347
56656460
57069354
57139812
57184291
57219892
57584926
57878440
58448991
58488662
58612205
58744527
58887096
59189558
59688071
59713999
59728853
59761337
59852403
59975438
60121035
60843119
60875643
61075211
61235645
61317478
61770618
61773452
61899420
62332709
62445478
62549801
62688104
62727216
63459078
63494743
63517589
63967065
64174270
64221985
64262379
64321733
64413131
64457693
64863374
64891864
64917597
64937685
65098430
65263872
65315661
65526268
65559340
65647996
65684430
65953953
65975408
66008955
66016832
66042776
66092118
66126950
66365698
66704712
66861970
67186633
67271496
67310448
67535995
68054589
68191385
68677347
68691340
68773029
68778609
68796509
68840881
69161063
69526208
69562320
69757969
69819027
69871546
70238761
70868439
70881368
70994652
71002182
71144439
71238733
71272947
71345353
71527053
71849674
71863446
71933046
72049962
72066906
72129296
72260094
72552498
72705624
72708818
72976460
72988663
73762538
74309599
74389062
74504468
74618806
74862838
75046513
75222441
75263673
75379334
75390143
75505909
75566662
75702737
75872026
76385261
76512083
76567610
76625012
76642927
76669471
76716494
76939526
76967101
76968068
77508597
77615170
77925061
78185797
78317773
78397912
78512278
78670382
78697574
78707063
79029211
79080681
79164060
79363763
79768012
79830655
79924498
80066853
80068063
80232029
80403214
80447144
80558463
80561280
80576432
80652940
80691963
80841034
81109126
81162778
81322349
81339162
81672248
81773554
81994749
82034390
82058745
82091202
82122632
82636748
82945045
82957341
83035627
83169676
83203777
83518449
83563066
83603007
83787243
83897107
83950582
84454240
84637767
85197028
85429888
85444472
85455423
85686889
85978369
86038161
86068680
86326340
86426079
86562035
87173142
87197275
87219248
87253202
87571451
87683432
87761710
