153500502
153507508
153727445
153790067
153808284
153819654
153857602
153903893
154125547
154239053
154243074
154289814
154328755
154341183
154353015
154408150
154589398
154831510
154932767
155006586
155268184
155274538
155371202
155400722
155620133
155728253
156051042
156158417
156308459
156519807
156785067
157065258
157090167
157398382
157428444
157459570
157579060
157817353
157954138
157974313
158051204
158137524
158240148
158458783
158507033
158538190
158784502
159374003
159668766
159725168
159818065
159901622
159930337
159965672
159983405
159994992
160087157
160213960
160250833
160615663
160681436
161106674
161377384
161605889
161638210
161690737
161824437
161880139
162168557
162237499
162278311
162332791
162405745
162450508
162480079
162528294
162627976
162700172
162752629
162870055
162877779
163249167
163354000
163374796
163402424
163442131
163592434
163752311
163843579
163969016
164061732
164220518
164273410
164355598
164395793
164410213
164587696
164613126
164630513
164878454
165088734
165127651
165163334
165203498
165333019
165338533
165371421
165413619
165526201
165625482
165685510
165857320
165914332
166158981
166474433
166792867
166885630
166938320
167121988
167448435
167474515
167589595
167810702
167845834
167850367
168069355
168214492
168265677
168326353
168403700
168437605
168691725
168759158
168816551
168867291
169035042
169083536
169116254
169148266
169195780
169219565
169283613
169288911
169403417
169539177
169543571
169576209
169581353
169629680
169641455
169653390
169663893
169890521
169897982
170109524
170229923
170312623
170314505
170614014
170651728
170693954
170696228
170741413
170804490
170847886
171050850
171224579
171264372
171298768
171329206
171375368
171715956
171769651
171820751
171841227
172063038
172366634
172385527
172506142
172772089
172828239
172956960
172983192
173056914
173112249
173123052
173241814
173256753
173407436
173409468
173424533
173553645
173866924
173897252
174025957
