87766122
87974509
88032884
88544702
89243745
89252238
89410745
89457951
89480755
89567689
89570758
89609366
89704210
89766235
90126107
90225863
90470301
90509946
90602493
91351190
91495494
91626133
91667608
92232343
92302452
92319484
92372728
92609834
92696566
92744029
92938746
93119462
93654690
93674375
93794026
94172353
94545050
94680215
94732415
94810594
95530384
95584313
95670619
96588407
96604353
96674012
96867199
96890433
96913491
97316503
97487228
97532959
97741151
97763195
97909798
97949668
98027674
98204176
98560119
98931353
99192590
99239132
99271687
99705771
99909646
100396602
100402778
100509210
100906745
100944499
100979355
101129369
101152155
101336037
101456401
101480451
101513510
101591219
102225853
102513354
102801571
102819852
103110060
103135907
103396534
103462209
103902642
104022856
104283696
104421385
104548919
104769549
104924848
104983027
105117583
105276881
105494380
105587662
105950737
106014322
106439950
106489518
106568779
106577733
107155602
107164242
107536024
107626108
108065606
108143657
108298046
108523853
108682449
108822037
109133271
109255150
109488731
109671513
109874628
109938250
110346387
110382793
110523734
110524881
110576881
110798324
110961677
110998537
111156886
111364187
111444111
111455685
111628870
111770147
111795316
111860150
111939446
112069525
112123009
112183736
112298112
112415335
112473588
112481359
112513902
112596953
112638080
112693406
112733363
112854117
112913030
113017080
113221377
113289487
113440937
113540866
113544288
113678778
113795765
114303868
114309837
114576879
115092575
115111607
115498399
115506359
115540963
115573000
115721535
115755962
115857047
115913694
115965082
116226465
116264520
117065516
117227647
117247474
117452283
117586079
117804839
118341802
118528704
118712869
118904045
119252437
119384989
119593785
119775900
119797724
119927083
119957733
120023703
120127130
120294423
120307744
120596494
120686025
120729000
121054673
121085537
121326975
121721763
122047996
122109923
122148490
122169422
122173091
122334027
122347168
122414126
122467852
122520026
122925651
123299324
123383596
123403220
123445499
123523369
123523640
123731297
123925978
124049142
124061361
124091112
124165403
124512308
124561777
124601360
124681668
124723430
124925086
124993486
124999383
125264778
125282649
125359879
125372792
125470563
125708737
125714457
125856726
126036174
126245214
126310373
126546057
126552239
126566611
126604048
126773303
126910897
126955530
126981652
127020467
127478673
127709512
128180286
128276959
128379117
128464972
128607627
128643442
129046399
129048459
129059766
129406412
129917766
129976898
130258689
130318252
130324413
130396829
130697841
130757102
130784990
130811953
130956744
131042522
131052813
131114167
131192401
131249612
131427124
131558399
131767755
131878521
132120705
132127942
132261048
132263468
132308876
132619804
133050162
133555684
133727866
133802668
133803748
134156214
134194377
134203798
134260386
134268481
134314381
134493323
134554399
134666326
134801711
134882703
134884779
134996965
135265469
135711999
135801397
135944881
136041418
136185426
136211144
136320150
136465178
136513951
136611898
136644356
136740309
136891502
136999830
137069813
137293444
137540177
137767889
137860665
138143632
138228477
138349456
138463327
138545618
138696951
138814750
138928779
139003107
139015990
139030720
139051184
139057806
139145304
139348588
139417853
139580691
139659081
139773769
139847263
140086662
140136274
140172107
140241496
140254070
140294366
140366119
140380273
140385093
140515174
140969769
141022354
141050373
141147202
141148131
141167764
141280332
141337288
141363141
141739308
141740447
141789750
141839636
142200602
142473452
142718557
142945347
143137383
143423551
143441112
143480291
143533577
143583078
143615435
143671099
143991264
144250985
144331152
144356774
144411620
144432113
144839269
145173080
145253130
145392111
145408802
145631661
145747054
145918387
145964036
