19356040
18041181
4968680
222102652
206586103
196120335
137020164
228174884
224956002
223374079
222477283
221964423
220967942
218945894
216310532
216065191
216062146
215638044
214292251
213909443
212567160
212016641
211601189
210797915
209695552
208867623
207744505
205529916
205515685
204203977
203272199
203155131
202852502
202233722
200919309
199532912
198938484
198063266
197974643
197117397
196539372
196151040
195690254
194443471
194337494
192185806
191877218
190913865
190712674
189857667
188807055
188786733
188304255
187416435
186570428
184702427
183146425
182613590
182377561
179191283
179037193
178983337
175823344
175685993
174111976
172142957
169641455
168326353
168204274
167448435
166531747
162442456
160446737
155620133
141628844
141565895
138928779
137623404
136611898
133500237
121940696
115789992
114219796
113706944
111796068
111553693
111053237
104449453
100574257
97593819
90531125
90522023
90393708
88735559
88367012
87342195
86735810
84313761
81365866
81223714
78055466
77732655
74880331
66248240
65315661
64669537
63655989
62473267
60441759
57114869
56723678
56247299
53712024
49782886
49697886
48335554
40730737
32880645
31282591
30511276
30226925
28890274
27373336
26892456
25817913
24405677
22897915
21904739
21528848
21479701
20634308
20435585
19670767
19140443
18885539
17544836
17492823
16677904
14081709
12680336
12158678
12033225
11585072
8985246
6942948
6562409
