215723330
214097725
207328694
205983815
205097609
204842532
201709015
201348162
194972565
193230217
192477789
191671476
186662068
186464020
183896457
183734162
179934649
172452584
163680263
163611143
163556185
163534563
163139495
163104039
163032942
163026479
162910952
162828470
162760106
162652181
162614023
162603049
162538424
162497167
162488714
162407524
162350285
162233934
162038068
162001835
161785236
161707308
161673258
161578793
161479239
161183343
161164048
161160778
161068454
161010942
160849448
160725513
160674548
160462178
160398309
160380262
160375781
160372682
159917622
159912350
159899343
159890470
159868768
159849915
159626783
159554454
159535767
159460132
159223649
159206005
159191233
159187459
159041408
159035790
158656941
158579149
158574187
158487206
158471274
158426031
158262772
158244965
158228114
158216154
157953612
157882196
157746414
157665924
157653502
157592517
157555218
157530858
157423536
157364097
157328377
157311168
157273228
157256881
157085750
157032639
156989187
156952920
156926210
156832804
156655710
156643705
156605670
156469648
156453997
156451787
156212794
156163044
155856723
155827724
155739760
155641692
155493984
155457944
155383957
155269637
155113713
155102377
155033304
155011447
154815359
154681279
154641576
154619418
154610363
154601721
154457477
154378931
154348457
154292781
154065286
153992406
153968175
153929225
153860255
153841436
153710983
153516544
153468838
153304484
153163081
153141074
152832228
152723847
152611548
152606847
152424707
152279798
152251970
152224382
152204244
152159208
152045358
152028223
152007971
151998949
151735515
151630005
151603599
151570616
151491898
151460291
151441797
151260473
151165130
151097056
151030804
150905965
150759079
150487859
150481266
150478691
150456906
150448247
150442241
150440966
150353075
150335215
150319037
150228766
150152461
150130869
150040043
149980658
149928420
149922090
149917308
149898357
149883726
149853863
149838825
149777691
149574117
149545873
149085755
148975838
148975445
148938198
148705860
148595661
148314414
148208689
148168224
148103870
148071408
148070220
148018322
147980552
147941083
147844807
147813617
147813542
147795491
147650587
147458724
147440877
147402311
147202458
147142101
147121109
147110489
147048486
146966934
146938183
146886539
146881047
146821949
146645372
146565094
146539307
146505154
146457717
146406300
146402432
146375424
146119517
146102976
145902494
145809270
145800126
145780908
145776044
145709914
145673575
145657999
145628268
145578302
145535536
145510035
145482118
145331928
145282399
145243216
145186769
145006251
145004552
144987883
144916736
144853629
144846719
144845590
144786775
144763233
144756413
144620667
144614967
144546027
144537577
144519363
144478559
144423415
144243471
144080447
143706183
143647584
143607447
143546641
143529377
143457146
143454016
143441274
143423947
143399296
143272744
143240318
143187369
143005489
143004808
142848126
142801890
142774856
142714815
142565331
142506164
142487354
142394285
142267105
142115889
141986816
141950262
141851005
141813343
141778690
141508861
141488013
141485407
141425493
141393524
141336132
141279269
141178176
141167371
141060604
141052001
141040639
140943787
140922069
140910683
140902578
140804224
140728542
140673279
140614786
140595870
140532529
140468044
140464330
140429894
140406774
140211651
140208800
140156245
140143274
139955073
139682855
139634734
139481943
139433478
139296174
139238134
139231207
139224825
139019367
138985318
138860336
138616999
138501994
138447904
138436184
138405262
138328896
138312121
138258562
138160239
138107424
138074588
138071840
138059295
137965971
137743996
137641929
137467346
137321331
137321019
137158548
137154472
137112388
136989101
136952160
136863270
136735043
136593900
136527984
136523039
136504088
136431997
136427333
136382290
136372717
136355163
136347140
136106930
136032325
135933221
135925076
135909079
135896367
135826378
135823741
135769292
135710522
135696267
135636623
135596164
135470022
135421437
135406631
135385426
135348306
135301846
135166082
135022965
135003879
134922238
134904444
134883966
134879153
134778652
134709761
134695478
134618839
134596296
134591482
134575694
129904353
123130333
122467612
116100855
111329004
110530909
109721432
109717481
109711212
109697350
109695211
109660075
109620930
109610349
109600610
109595760
108220339
105347441
102474898
101047890
100817775
99122098
99108626
96182200
93833865
93211256
93105862
91531850
91189238
90923075
89927329
87189019
84541708
84236015
82455712
80726443
79706178
79411991
77562549
76860836
75246670
75136732
72475375
68668149
65683106
65062998
62916583
54801076
53322322
47546814
45373540
45331450
44284157
43142923
41646848
35504782
35424032
33873932
32374333
30707388
29209680
26694116
24768736
24692903
24687535
24667761
24653061
24631109
24623279
24606068
24597415
24579883
24573444
24572725
24549158
24534620
24519909
24513173
24479591
24476730
24472766
24459192
24448362
24445289
24440550
24433062
24428749
24428541
24425570
24420515
24413184
24404835
24404313
24398879
24396676
24379115
24368447
24361182
24355563
24350175
24348411
24348267
24346742
24340379
24335746
24320395
24313128
24311167
24309959
24307785
24296299
24267392
24263744
24258959
24252164
24247554
24241155
24230784
24228620
24227174
24220992
24207294
24205033
24201439
24200605
24199891
24198333
24197858
24197605
24171576
24163955
24159300
24150272
24134566
24131804
24128579
24120027
24108127
24107203
24104414
24104252
24096432
24089651
24089449
24076402
24054090
24040594
24025677
24012722
24006564
24000836
24000195
23994906
23980247
23947005
23930167
23928370
23927547
23906033
23905230
23900239
23894212
23884849
23861372
23858819
23856880
23843474
23829243
23828900
23828696
23814683
23809179
23803991
23803196
23800027
23798640
23795055
23770776
23769797
23760560
23760069
23754417
23738602
23731847
23714021
23685755
23684443
23683579
23676073
23627870
23616312
23612454
23611078
23592921
23585637
23575430
23555674
23554906
23540437
23528017
23521621
23507814
23490456
23470400
23456105
23450106
23423238
23386165
23384038
23357146
23341259
23338760
23334837
23327572
23310463
23287577
23261812
23258598
23248333
23245903
23190410
23187335
23184808
23152824
23134046
23129067
23120566
23117886
23107910
23100888
23078196
23071295
23067644
23055613
23053097
23049684
23049576
23042344
23034464
23031543
23029858
23013729
22998105
22951497
22935617
22931764
22929179
22920577
22913368
22895333
22882749
22881975
22877024
22876137
22860983
22849282
22846537
22840619
22836300
22832353
22812051
22806093
22803809
22797206
22795254
22781252
22770273
22762340
22761257
22748576
22747009
22734326
22719871
22717517
22716515
22715357
22711924
22707851
22702089
22697040
22679936
22679030
22669376
22665568
22658468
22647145
22644494
22642212
22637376
22636382
22625087
22624867
22601568
22591100
22572307
22570499
22568155
22563404
22562272
22556614
22554494
22549317
22537028
22535306
22525124
22522218
22522052
22511922
22509757
22508192
22507203
22505198
22490812
22482309
22481950
22458902
22440378
22432150
22426363
22418803
22408804
22408250
22400157
22400007
22387856
22385677
22376955
22363745
22357506
22356011
22352643
22341856
22338098
22336726
22329325
22325106
22307070
22281540
22279282
22278075
22276251
22271014
22268750
22257962
22255563
22253077
22243155
22240837
22235469
22225484
22224821
22220230
22196476
22196251
22192734
22182737
22172242
22160644
22159956
22152460
22146400
22145760
22138621
22136852
22130516
22121612
22112876
22109662
22107915
22087020
22085359
22083553
22080775
22067858
22066016
22058464
22050046
22046443
22043614
22036134
22035776
22034724
22030888
22029702
22021730
22020463
22008264
22005140
21994243
21988286
21986516
21983359
21977588
21968788
21961644
21954210
21953422
21950705
21950172
21946151
21941539
21928484
21927453
21925100
21921308
21915612
21912104
21905091
21896229
21894402
21891380
21882689
21873499
21872227
21870552
21863801
21855662
21853197
21851875
21848595
21847907
21847324
21847139
21839556
21832946
21829651
21822067
21819268
21816819
21814779
21808359
21805677
21803854
21798523
21797645
21782277
21779278
21769333
21763839
21754872
21750718
21729390
21729361
21727045
21719471
21718024
21707684
21696086
21694790
21686175
21676409
21660699
21659044
21642808
21640345
21639391
21629125
21627311
21619451
21611248
21608247
21599383
21590150
20939050
20655731
20060148
19982136
19962038
19290628
18404336
17051618
14705432
14050013
13536827
11804463
6222590
215254789
110441797
66294401
52603305
50868603
39602432
34356401
19356040
18041181
4968680
222102652
206586103
196120335
137020164
228174884
224956002
223374079
222477283
221964423
220967942
218945894
216310532
216065191
216062146
215638044
214292251
213909443
212567160
212016641
211601189
210797915
209695552
208867623
207744505
205529916
205515685
204203977
203272199
203155131
202852502
202233722
200919309
199532912
198938484
198063266
197974643
197117397
196539372
196151040
195690254
194443471
194337494
192185806
191877218
190913865
190712674
189857667
188807055
188786733
188304255
187416435
186570428
184702427
183146425
182613590
182377561
179191283
179037193
178983337
175823344
175685993
174111976
172142957
169641455
168326353
168204274
167448435
166531747
162442456
160446737
155620133
141628844
141565895
138928779
137623404
136611898
133500237
121940696
115789992
114219796
113706944
111796068
111553693
111053237
104449453
100574257
97593819
90531125
90522023
90393708
88735559
88367012
87342195
86735810
84313761
81365866
81223714
78055466
77732655
74880331
66248240
65315661
64669537
63655989
62473267
60441759
57114869
56723678
56247299
53712024
49782886
49697886
48335554
40730737
32880645
31282591
30511276
30226925
28890274
27373336
26892456
25817913
24405677
22897915
21904739
21528848
21479701
20634308
20435585
19670767
19140443
18885539
17544836
17492823
16677904
14081709
12680336
12158678
12033225
11585072
8985246
6942948
6562409
