47448056
23980532
62641861
67771007
59820721
21760459
115407021
85809020
117558868
82355116
98789412
132571838
7440378
45967922
108244350
7817318
52614244
27094377
101264014
60308869
68191385
39389944
107416786
127141041
41232576
90748728
90440043
134972507
27790337
110310397
123650161
64215911
85026912
93959129
3604918
91466945
75989144
50701120
84294143
17264112
17592416
88980272
45049266
65241685
47868202
84470980
139200497
152760307
35446404
76501514
29005900
97882220
21148719
129502582
111315059
79722763
45657473
74736484
17792680
116439990
54827184
85605876
63815041
92098430
24336495
67698605
172503356
95631921
65381267
24757041
65736324
31304153
69935766
145738990
81666848
74559942
154638842
49528066
24211779
7716087
113796957
26698051
26529774
157414311
47940822
24205034
8146439
44858056
125213758
6049914
78475419
157004228
25130143
150110622
101046448
86126455
26429264
48621265
41506302
17481075
154623300
40305721
110738875
119306316
52276901
42414539
15811796
26475061
49864531
51984628
56886008
61462418
45939802
75190922
153293723
59326173
96209166
80106894
46210219
125612746
29943880
149445546
183750629
47776220
117813615
25611666
49772291
42778294
40688135
135026410
129792397
109666748
51128343
80552106
33854720
30507292
149630594
79310160
170979206
24702357
148626978
136541415
90773621
160091649
25360714
164791358
146728382
95732739
28516444
45745127
103416716
128182629
48351162
18695054
151649187
63084335
54245881
80900800
53327901
75016745
92341462
41149876
61398531
83102510
52976471
70606802
144659477
20209925
55383133
31039009
86347683
124418762
37981870
84045384
161195904
59364829
27411137
96460542
25397653
106650743
63781993
22749282
33785397
29820951
61333602
99324486
73043931
113268677
69739162
51192983
115858557
136947050
96000598
51759842
143479658
26100359
77723830
161511262
34291427
26265372
89499932
35848381
65281270
44287520
88269749
40670594
142200931
73957810
31735724
23505130
59704469
20372922
32965284
137645472
80845013
126065235
45192992
43107867
91958110
23059343
28187535
51843970
63049943
113502476
155304396
169403417
62647932
132924246
82649258
109340441
63661503
68482501
85848189
152925169
39170048
80454570
134967121
29692950
74538207
53086125
25693162
112771720
143532890
141412951
65113081
103414633
78427904
101004770
169354660
86093829
151890436
138665622
81432842
12532519
185224819
86979243
69330352
19584974
99664368
18088124
99073035
29951874
61128138
148455397
83406905
91324625
29086006
79127843
13606790
23395018
70936795
80138059
137168879
86087979
27351885
65859986
111741848
46453603
149648958
44327655
18515856
112743302
121379290
92612657
168773886
69030537
62959082
156791230
18121561
146457852
43392963
140248027
16668656
44899513
65418047
62560188
42209515
86914363
51968355
78312301
131031479
21555173
85049482
63548613
79476761
22275336
140600948
26426801
129692960
114447989
173796795
110557229
30392572
83125423
111944333
15912244
13695805
162224133
75541478
156467479
99353582
135645966
149655308
91885951
112010747
112277672
66820792
115444239
77004849
139321686
153000451
163999620
79886888
142093054
44853103
40559363
17075662
104852653
25671055
22789243
119283703
100959087
100138721
73304160
36020696
101186444
155867499
81791396
42858638
86778459
110856056
178006654
69156796
39387663
120023816
18430697
126776532
151925593
122481800
38357275
93628002
189145429
94721419
136253112
47228412
29058630
150233468
73658976
119642484
82244629
122143780
97486973
70571682
99970078
77922577
121129168
113867601
128765713
45445568
17146167
26176603
53354678
25216795
108910102
53334233
27206881
63080348
58575064
71034301
78492657
33076637
24636342
55615156
74257582
109255150
15005904
132716800
110721274
60752899
51576317
35933172
74409457
40718693
117855633
154533945
95641447
77596304
78086500
115110859
100804742
27111738
29664645
64045246
39837835
114986461
37363985
26992811
67372691
115606048
70191722
124601229
43904406
51855084
41547108
121133165
65973171
163969390
99260286
42777111
121939311
128759662
106435400
57502669
49385471
73423929
88900472
160027198
88511658
28699564
22800804
126014397
97168305
104488668
29070130
12255921
106966053
81448785
44508845
16868300
81235569
79979126
97534912
68733663
6380969
76233895
99433624
116097566
82558390
21295987
62983733
80447765
31874051
19333486
85362080
89036100
28703707
81493291
100789045
120153149
75493616
64617305
7869033
87486900
191135320
42095978
82488777
116137420
31000634
18976696
176312961
77001145
139700658
41060544
83233673
158972220
112425188
143087294
129478991
114317368
12164770
47834023
63864440
100886430
18145590
26085805
98104904
152305643
42915249
56059692
165695397
44358664
152321561
135010534
117989890
143531191
147033030
44655740
90125374
143490929
163373312
67555051
24973115
12791867
18386064
91441878
72828721
36695187
41223727
20429255
12277280
148341684
51937941
100266723
80112208
23284322
112702765
119423075
81139052
126052496
99181827
86857352
45227483
146084901
131862802
101407360
122911217
79671827
66485912
39322197
86616235
84448021
83800749
110893353
21739169
25319190
139946125
83341768
115349232
74101279
112947197
76699726
30780839
26997900
4216386
13506207
164311497
81858507
21083157
24470883
20621173
100028519
36086222
57400569
71722451
123343920
78449479
102504047
45655350
39335594
27393382
31007765
31733345
133650295
21968780
21005203
71305377
27656774
19919511
102781508
159721243
73812699
31229907
146807440
117294071
46173573
102937556
130280398
89832368
85930696
129440551
14787544
45912756
98648196
49504957
63656855
24435201
4119694
46758328
61915840
68226433
90076262
118189580
108904679
100126495
147021442
85995249
43241086
98797171
42555663
101604934
67749870
26768452
153898239
59849768
97939468
21784806
176694074
36147665
66703410
21352306
53994929
149941198
49118841
134438118
42566367
124437779
66042962
168893890
58379005
135310065
22377247
12594914
65389241
30203521
24297662
115924636
20881237
153619671
42899093
66321726
144349219
109684479
38626704
65507027
77745850
84241848
49652346
124909530
59058000
13075435
13305673
16261556
43742127
81437764
132324874
27266125
109186960
71599860
86309021
126471445
48748125
12806327
13676636
44151542
128138431
23913809
12733579
89234310
16276226
20305558
102922632
30834165
53254134
53267843
86612174
19441060
37690620
138534692
81548165
111861915
27173325
16844281
60918770
55094138
23629046
141888455
73509058
50985135
121507908
36933584
82526266
34956773
16761292
68340330
125621867
24091042
39041119
27127827
58772205
69273746
28011974
36494296
35462030
50516835
57342876
37366370
136209206
119088826
35753654
149236250
190551391
137043590
83415757
100271821
85118743
120357180
39159013
24602628
22174403
164156654
115385449
75015854
95289801
18540231
89178151
120395637
24559762
164797312
89108936
11673360
156097960
138820593
151674302
138025996
163402424
20890968
142186263
121264594
159317191
18894830
144175488
79198278
107510191
123332425
162368492
27855301
121356396
25068666
102674437
147229633
135070089
20727497
58030008
98090737
31198302
45544044
28043497
141632465
158294317
42145196
51397093
100141910
105084212
85150386
51348537
91820303
74557700
131761779
156413900
61777231
5468120
24620001
118223006
92726188
74633379
100720418
66724211
66854343
23114221
47112444
93733817
44254304
159937223
19442583
109845413
22997607
117057029
153334265
69934318
19683153
71814288
58751590
6190589
66062131
80218541
130016739
136810420
64196646
107300391
56513082
81614223
34108644
135742868
16925383
26689540
29219535
62478147
92286391
115889582
73330810
42484625
4321236
138674720
108453023
25223773
2989013
78559883
102617120
86236284
47559494
135342539
22698794
152743957
39219483
77465915
89646204
26394533
52131741
168048919
165884636
191225608
35078297
80554277
36414066
84077473
44113431
45276464
85319812
54398409
32012482
58505639
76344414
83762346
143587802
58939600
6207077
168718873
31641771
107267529
105872578
87130340
34502618
133044664
61247461
136013178
20898915
17411412
113637158
49388121
34365759
55503884
44549218
138449189
30304045
122109923
54274725
165814238
126929137
23341780
131258297
68441024
48815141
24008241
137650387
20728402
130689780
19108038
7321382
19876078
93804908
125037886
36622006
30230137
47202026
44221535
143461140
148173338
114591883
51712800
112262343
139446606
31297940
35955370
4615146
47424095
32766740
47195723
43631950
42668745
48923544
47163897
105857273
123835922
144250412
115366387
91196672
82475670
11300179
46886965
60263370
107921211
9348898
21576053
84247792
120159409
40537354
94960265
148615460
132268892
135389882
52139446
52474016
131112757
52765231
29978118
83078436
23061035
30271301
13387241
88437852
23140961
4648372
19108669
19856241
93737928
89050587
106947332
22202695
41274664
50755861
29551044
77015016
50444974
41856229
16114801
43913285
127967773
131470273
16267579
22694265
6419347
24861861
80935948
15201622
24510782
127783386
134021538
90278425
38837925
93304924
28222458
36792185
65795944
85699588
69717277
124578619
42216679
126329219
115055524
84113345
121416936
133771181
8256506
32395038
32233735
68850512
79921113
73620980
88280209
86805387
148342636
136234968
82596227
22228288
19644565
44435272
74313494
85494186
82872200
30577951
36797867
103185802
25240818
81619401
80109951
165983498
28428630
94977424
28187309
78762474
56907169
165807976
30978184
28316603
98277888
86739722
76695477
103408434
161742901
24769136
39239643
34385379
77592053
115539489
20860602
6675678
103103473
137668563
22658312
47295620
39474417
26306737
118482690
18234944
160567998
98163290
136905414
18099698
42855183
148103999
131901357
10314186
131668921
101281205
29220828
56058337
138696951
44622193
66114979
8957951
176233627
91863620
108607259
42953110
56758768
93714551
18565555
124883789
124540916
123487791
143616447
118988531
118918471
48132392
55308600
22341851
39228282
12979952
81259723
84388891
55895593
37278839
128342570
33527006
12623540
132641257
21199602
141191031
101493060
43897322
138342699
137521434
12505829
136237552
41668887
8950555
31665991
87159122
27008925
41750472
60924237
31400620
77908766
87843364
97210724
30713062
81016582
105137270
22380215
139717616
27440581
142207493
12953178
66245255
119127716
107260773
144343318
133263127
78230632
150037763
75586899
96225674
65784843
130187956
105288218
130552029
29635114
156824893
111541340
112494323
17678784
84818407
107341544
45355391
67424618
65485271
115188337
7460550
65964305
22777365
25486867
44268376
38392635
3249940
21535858
58928718
12509085
72523036
143839615
172389917
13366267
50889297
139556909
22406264
93982845
107361295
112587935
115573000
150473105
23411183
83501906
63211731
152603679
16495611
63126095
76102565
85810404
17869220
40475362
23390961
27072189
162072801
109213119
48780893
23308513
133173404
129711018
67827068
62998048
92870145
52073021
116699708
55010862
99808939
17019402
103810519
152870660
23910767
66412707
58671784
93697783
107372709
124378556
138573534
43085550
133178858
42780865
37080044
118227253
87668506
154958505
98940698
174900681
11846195
119752156
49965727
66305445
17270857
132904725
115957974
50780396
11396594
21255161
77928507
121880423
50407430
180360067
117546367
102491857
138922815
89069038
84907001
55524999
60091024
53524570
71646695
103166856
26536946
109527480
49891647
40232291
106653655
107157144
33525481
98138791
98844840
86452167
83114469
50071021
55562041
122660988
85038772
26914968
40343166
43657761
30039772
47456642
87519074
168460032
34688525
63018434
51135802
82767554
89602301
97472210
63690785
37459565
119798224
142910895
117660426
159201505
69315838
50823443
57328609
97230847
127016724
85968374
147202800
46818630
145386058
136858426
44109460
113984731
43424229
77333981
79224825
45296411
86037611
56124439
31875179
51793754
56563669
76995304
55100132
20765598
63446000
130644256
54273392
80974133
111168679
83342238
83435005
149365220
64859604
57245844
33406549
59337380
118990453
130943755
105606568
85888390
110621072
22193127
99644116
67618569
91089381
49740339
20373421
26271537
170383833
109896161
166475072
43273162
64667290
81478868
64006643
103083375
41059170
36108874
19759315
12776349
147877154
26603963
117123191
63543566
79424369
87954416
47980353
37088437
56559069
157031320
54717447
78178318
48033697
32209212
151550724
84827696
29935927
19594385
136203767
76265858
77729592
79765888
75385275
140209484
79060337
48597213
105053359
67356097
117231835
21868081
137651691
29174523
158240148
41552171
17279418
136271143
18628974
19285240
7751209
84836059
43662787
31479452
27772524
92857189
67757236
121173851
18600461
76631798
22613597
23106417
162731076
97529792
100987118
136617958
51591747
65553558
126979668
42688821
42866199
46909396
93785955
43462883
73660378
140323010
124205889
21639524
77096748
134859974
139960439
141097907
97578789
39191629
52678172
107540195
18991135
137095815
12376031
117910562
5487682
76079575
120015579
38859200
54121239
88929585
89435035
85396821
66145179
104181363
35460597
38931187
145392435
144724341
147883746
77947228
107154599
94851647
29329756
47876675
21301896
49227166
54228268
84915320
29050199
119711886
96147601
62457578
44023466
30513449
76193783
159188264
4237231
37840009
141814751
43943978
51370586
188664693
202917957
41602113
91593528
5985621
102989489
103886307
70786877
56987370
151258179
161553591
87034678
113605562
7669146
108590859
85509331
34857892
91936778
116178627
21284269
121122623
174791996
46749599
71045069
78606732
162839095
4991738
84652921
116143553
58295952
126617204
47080286
66599456
112849188
154531605
81597353
60303576
30856611
135441915
90817179
84353820
148619341
43982171
64149102
88477058
124218436
24395003
88272229
17338283
18423116
42103108
27317444
25905339
104162905
48404232
34705271
17257140
20440130
61994360
26125541
130790142
87859986
12673053
8453374
103034845
71697039
59330984
86656040
114251382
65352380
126966634
152184591
128656285
91288741
105274988
106206226
81517533
65079110
53592599
82376190
102945640
150107857
141461424
169825723
100487494
119701070
40673210
103601900
128698431
20347042
45016962
44256908
138667235
141410342
111192783
28351238
59268522
114342923
65787068
61065857
94393567
32847815
17413721
61305804
18160672
111714194
60957416
69341706
82916295
67995300
104283696
139892025
49976528
76784406
126566611
33914238
33796645
68450486
108750631
113373743
