97578789
40673210
46453603
58030008
48404232
53267843
85848189
119642484
134859974
26176603
22193127
12509085
93785955
101264014
140209484
68482501
100987118
107157144
64149102
74409457
24091042
131761779
36086222
87519074
102922632
128759662
143490929
82596227
134438118
26306737
98104904
44327655
45939802
124218436
103166856
125037886
97486973
97168305
77928507
88269749
22800804
129692960
61915840
81858507
164311497
41856229
124418762
188664693
68441024
98844840
11300179
89499932
48923544
121507908
59849768
109527480
98940698
42777111
119701070
139946125
132716800
85026912
113268677
103103473
17792680
161195904
40343166
63018434
122911217
15201622
31641771
84836059
129792397
111315059
115924636
106206226
80935948
77015016
131901357
52131741
128342570
142186263
134967121
19285240
47424095
103886307
23411183
86126455
78449479
46210219
71722451
57245844
61305804
44549218
24395003
74559942
101004770
34688525
34857892
20621173
52073021
83102510
58751590
143479658
66703410
138025996
136237552
97472210
22997607
132268892
88437852
43657761
35446404
148619341
82916295
54827184
50889297
58379005
47448056
76102565
53524570
63084335
65784843
6675678
66062131
44256908
67372691
90076262
66321726
86805387
112702765
73660378
47980353
150107857
35462030
107540195
63080348
19584974
76699726
141632465
56907169
172503356
123650161
51984628
26698051
105053359
36494296
85038772
143531191
54274725
45192992
66042962
99353582
87859986
85509331
18121561
135389882
29005900
13606790
47195723
20898915
138696951
78475419
25611666
174791996
139556909
91936778
109666748
154638842
63446000
81259723
45016962
26992811
168773886
143532890
51759842
85888390
110856056
64215911
131258297
38392635
136947050
16668656
115349232
108244350
96147601
75493616
116178627
143839615
100126495
42095978
85049482
117989890
176233627
112494323
65795944
85150386
108453023
146457852
130187956
165807976
81614223
55094138
74101279
69934318
103414633
96209166
51576317
141888455
148626978
51712800
90125374
149236250
114447989
71034301
138674720
56058337
31874051
80218541
103034845
115957974
99664368
23140961
82649258
139717616
47940822
51968355
118990453
49976528
148342636
90278425
16267579
55615156
26997900
169403417
29070130
119088826
15005904
129440551
47163897
12953178
84652921
32209212
50701120
121356396
91593528
65241685
135070089
43982171
103408434
85809020
138573534
116699708
87486900
81548165
23059343
130016739
69935766
65787068
4119694
101493060
107341544
115407021
119752156
92857189
139892025
52765231
121122623
45655350
44899513
109845413
44151542
112277672
18145590
81619401
92612657
137645472
23106417
43462883
136013178
62959082
150037763
84113345
121379290
93733817
136253112
25319190
124909530
89435035
136209206
29551044
103083375
48621265
49740339
12623540
12979952
63815041
40475362
59326173
89234310
117910562
137651691
165983498
86347683
77333981
137095815
55010862
45912756
110893353
85494186
55562041
42414539
105606568
101604934
76233895
37278839
79424369
75016745
44268376
79671827
18991135
45049266
69315838
111861915
84353820
24973115
117660426
81597353
114317368
84077473
144250412
84045384
30856611
47559494
148615460
44435272
85118743
23341780
80138059
82558390
63656855
135026410
42484625
131112757
60957416
86612174
38859200
86739722
144343318
126566611
158972220
101046448
79127843
64045246
76995304
16276226
60918770
39159013
43107867
96460542
44655740
47228412
119423075
44858056
25216795
67827068
110721274
74633379
49864531
27008925
124601229
156824893
55895593
106947332
93737928
126052496
86093829
120023816
113984731
4991738
93982845
102945640
77745850
85699588
149648958
127141041
32847815
101407360
140248027
27351885
76784406
138667235
137668563
44853103
132904725
63690785
103810519
42915249
127016724
21352306
22406264
113796957
58575064
62647932
113502476
71599860
47295620
136905414
86656040
155304396
130790142
108750631
128656285
79921113
130280398
162731076
24702357
79224825
29978118
39191629
154531605
25693162
63126095
67771007
78312301
56124439
115889582
35955370
136617958
39335594
61333602
43631950
164791358
8146439
31007765
79198278
91466945
45657473
45745127
53994929
77922577
89108936
143461140
28516444
21535858
137043590
100141910
63548613
136810420
121416936
38931187
30507292
73509058
50516835
84388891
42858638
90773621
25240818
75586899
89832368
39389944
139700658
114342923
67618569
91288741
83415757
165814238
8950555
105872578
37981870
137650387
148455397
50444974
90817179
135310065
93959129
109684479
156467479
85968374
28351238
20728402
26426801
119711886
151890436
88477058
26265372
42688821
17678784
81437764
173796795
28187309
56563669
136541415
59330984
95641447
81791396
77723830
102617120
59364829
108904679
138534692
35848381
4648372
34502618
162072801
19683153
51370586
138449189
12505829
12277280
41552171
69341706
69030537
78086500
122109923
99644116
95631921
18695054
66114979
99073035
107267529
146728382
63864440
24769136
45296411
150233468
47202026
34956773
25671055
76501514
58928718
202917957
49965727
133771181
168893890
107921211
49504957
64006643
160027198
27173325
49772291
80109951
116439990
31297940
58671784
124437779
120015579
45544044
95289801
56987370
57400569
39387663
54717447
18160672
92286391
67749870
148103999
51135802
75385275
144659477
121173851
51793754
12164770
21295987
64617305
13387241
134972507
49652346
59337380
103416716
170383833
49118841
123835922
77596304
69330352
152743957
152925169
17019402
156791230
115573000
123332425
53334233
107361295
21199602
7751209
65381267
154533945
105084212
4615146
85319812
58295952
19876078
107372709
18099698
147202800
65079110
81517533
158240148
126979668
79476761
127783386
48597213
39239643
29219535
149445546
78230632
87034678
109213119
120159409
105137270
77004849
149941198
139321686
18565555
102989489
65281270
63543566
110310397
48033697
155867499
47868202
46749599
99324486
143087294
59268522
100720418
134021538
117231835
83800749
79979126
124883789
42855183
20765598
87159122
63211731
82376190
77001145
31400620
147883746
152603679
79310160
73658976
45445568
41668887
65389241
27790337
114986461
48351162
43273162
19108669
37459565
54273392
168718873
65507027
54121239
144349219
70191722
161511262
88929585
99433624
152870660
42668745
147033030
145738990
99970078
68191385
131470273
89178151
73423929
140600948
136203767
47776220
163402424
108607259
50823443
112425188
141410342
60308869
39228282
57342876
103185802
43662787
185224819
162368492
5468120
98797171
97882220
100886430
74557700
115444239
83406905
162839095
29935927
66854343
76344414
75015854
166475072
51591747
31039009
46758328
23629046
19594385
102491857
90440043
27206881
74538207
83125423
65736324
121133165
67995300
69156796
29943880
87954416
64667290
115858557
40670594
149365220
110557229
36622006
98138791
141191031
156097960
139446606
64859604
163969390
63661503
91324625
124378556
62478147
108590859
35753654
53327901
29635114
67757236
93628002
24008241
74313494
42555663
39322197
94977424
89036100
156413900
7869033
97939468
80900800
86616235
133178858
163373312
128182629
77947228
16844281
42145196
33076637
91958110
30713062
56886008
18894830
66820792
78427904
92341462
19856241
81235569
116143553
41506302
8957951
85995249
163999620
180360067
69273746
71305377
151674302
70571682
66485912
92098430
109255150
88280209
70786877
86452167
102674437
16261556
43913285
24211779
39170048
142910895
42566367
76079575
93804908
133173404
65352380
13366267
153898239
152184591
120395637
86236284
76265858
130644256
121264594
113373743
55308600
133044664
22613597
91885951
86979243
102781508
144724341
43742127
149630594
47080286
43943978
55100132
106435400
153334265
116137420
26394533
169825723
135742868
101186444
22789243
111714194
44023466
27094377
82767554
92726188
61247461
68226433
126617204
125213758
42899093
138665622
61994360
85362080
84247792
145392435
191135320
128698431
118918471
150473105
43904406
117546367
7716087
73812699
78178318
97230847
63049943
113867601
98090737
152321561
80106894
21005203
13506207
60263370
112743302
80845013
89069038
130689780
91441878
41547108
168048919
36797867
48780893
147877154
60924237
93304924
154958505
17257140
81139052
129711018
76695477
30039772
100487494
30513449
149655308
72523036
154623300
148173338
73304160
96000598
151649187
114591883
29220828
107300391
178006654
125612746
190551391
3249940
138922815
45355391
42953110
86309021
79886888
26529774
82526266
51937941
162224133
146807440
44221535
52678172
136271143
91863620
75190922
17270857
61128138
142207493
7440378
84241848
119283703
22749282
59820721
21784806
97210724
62457578
20347042
56758768
119127716
112587935
60091024
2989013
73043931
80112208
49528066
158294317
50407430
123487791
97529792
84907001
144175488
143587802
53354678
68450486
58772205
25360714
46818630
141814751
151550724
125621867
152305643
112262343
104181363
56513082
52976471
160567998
112010747
69717277
33854720
143616447
123343920
83762346
42778294
98648196
44109460
33796645
147229633
60752899
65113081
115606048
129478991
132924246
104852653
24620001
135645966
42209515
46886965
116097566
104283696
34291427
126966634
24636342
25068666
115539489
94851647
11396594
7321382
147021442
159721243
92870145
26689540
80552106
118227253
176694074
112947197
48815141
37080044
141461424
93714551
78606732
82475670
115055524
164797312
32233735
73620980
110621072
107510191
131862802
126065235
67424618
20429255
107260773
121129168
51192983
127967773
13305673
95732739
172389917
98277888
124540916
75989144
68850512
132571838
17411412
94393567
151925593
33406549
44358664
36147665
99260286
89602301
90748728
82872200
80454570
131031479
124578619
170979206
81016582
111944333
76631798
49891647
20209925
33914238
103601900
62560188
86037611
67356097
34705271
55503884
36108874
139960439
96225674
159937223
28428630
69739162
117057029
128138431
105288218
161553591
53086125
100028519
22341851
59704469
106650743
153000451
47876675
112849188
46173573
65973171
48132392
21083157
159188264
71045069
189145429
80554277
58505639
71697039
75541478
66724211
67555051
41274664
28011974
112771720
98789412
79722763
30230137
135342539
159201505
22694265
84448021
13075435
159317191
111168679
128765713
66599456
138820593
68340330
100959087
119798224
4237231
49227166
66145179
113637158
157031320
153619671
99181827
27855301
60303576
94721419
39041119
47112444
26125541
51128343
146084901
66245255
79060337
122660988
54228268
56059692
44287520
97534912
52614244
65859986
148341684
104488668
51855084
130943755
47834023
102504047
88980272
117294071
67698605
12733579
14787544
120357180
50755861
23913809
85810404
101281205
61462418
77465915
109340441
57502669
28316603
83341768
85396821
50985135
44254304
39219483
168460032
77908766
44508845
26475061
59058000
169354660
44113431
87843364
31304153
48748125
52276901
86914363
83342238
111741848
88511658
15811796
84827696
130552029
183750629
61398531
24205034
104162905
74736484
83078436
63781993
89646204
86778459
118482690
191225608
18088124
100266723
29086006
135441915
107154599
12376031
122143780
3604918
98163290
70936795
21576053
36792185
84470980
157414311
100138721
42866199
85930696
100789045
106966053
