2989013
3249940
3604918
4119694
4216386
4237231
4321236
4615146
4648372
4991738
5468120
5487682
5985621
6049914
6190589
6207077
6380969
6419347
6675678
7321382
7440378
7460550
7669146
7716087
7751209
7817318
7869033
8146439
8256506
8453374
8950555
8957951
9348898
10314186
11300179
11396594
11673360
11846195
12164770
12255921
12277280
12376031
12505829
12509085
12532519
12594914
12623540
12673053
12733579
12776349
12791867
12806327
12953178
12979952
13075435
13305673
13366267
13387241
13506207
13606790
13676636
13695805
14787544
15005904
15201622
15811796
15912244
16114801
16261556
16267579
16276226
16495611
16668656
16761292
16844281
16868300
16925383
17019402
17075662
17146167
17257140
17264112
17270857
17279418
17338283
17411412
17413721
17481075
17592416
17678784
17792680
17869220
18088124
18099698
18121561
18145590
18160672
18234944
18386064
18423116
18430697
18515856
18540231
18565555
18600461
18628974
18695054
18894830
18976696
18991135
19108038
19108669
19285240
19333486
19441060
19442583
19584974
19594385
19644565
19683153
19759315
19856241
19876078
19919511
20209925
20305558
20347042
20372922
20373421
20429255
20440130
20621173
20727497
20728402
20765598
20860602
20881237
20890968
20898915
21005203
21083157
21148719
21199602
21255161
21284269
21295987
21301896
21352306
21535858
21555173
21576053
21639524
21739169
21760459
21784806
21868081
21968780
22174403
22193127
22202695
22228288
22275336
22341851
22377247
22380215
22406264
22613597
22658312
22694265
22698794
22749282
22777365
22789243
22800804
22997607
23059343
23061035
23106417
23114221
23140961
23284322
23308513
23341780
23390961
23395018
23411183
23505130
23629046
23910767
23913809
23980532
24008241
24091042
24205034
24211779
24297662
24336495
24395003
24435201
24470883
24510782
24559762
24602628
24620001
24636342
24702357
24757041
24769136
24861861
24973115
25068666
25130143
25216795
25223773
25240818
25319190
25360714
25397653
25486867
25611666
25671055
25693162
25905339
26085805
26100359
26125541
26176603
26265372
26271537
26306737
26394533
26426801
26429264
26475061
26529774
26536946
26603963
26689540
26698051
26768452
26914968
26992811
26997900
27008925
27072189
27094377
27111738
27127827
27173325
27206881
27266125
27317444
27351885
27393382
27411137
27440581
27656774
27772524
27790337
27855301
28011974
28043497
28187309
28187535
28222458
28316603
28351238
28428630
28516444
28699564
28703707
29005900
29050199
29058630
29070130
29086006
29174523
29219535
29220828
29329756
29551044
29635114
29664645
29692950
29820951
29935927
29943880
29951874
29978118
30039772
30203521
30230137
30271301
30304045
30392572
30507292
30513449
30577951
30713062
30780839
30834165
30856611
30978184
31000634
31007765
31039009
31198302
31229907
31297940
31304153
31400620
31479452
31641771
31665991
31733345
31735724
31874051
31875179
32012482
32209212
32233735
32395038
32766740
32847815
32965284
33076637
33406549
33525481
33527006
33785397
33796645
33854720
33914238
34108644
34291427
34365759
34385379
34502618
34688525
34705271
34857892
34956773
35078297
35446404
35460597
35462030
35753654
35848381
35933172
35955370
36020696
36086222
36108874
36147665
36414066
36494296
36622006
36695187
36792185
36797867
36933584
37080044
37088437
37278839
37363985
37366370
37459565
37690620
37840009
37981870
38357275
38392635
38626704
38837925
38859200
38931187
39041119
39159013
39170048
39191629
39219483
39228282
39239643
39322197
39335594
39387663
39389944
39474417
39837835
40232291
40305721
40343166
40475362
40537354
40559363
40670594
40673210
40688135
40718693
41059170
41060544
41149876
41223727
41232576
41274664
41506302
41547108
41552171
41602113
41668887
41750472
41856229
42095978
42103108
42145196
42209515
42216679
42414539
42484625
42555663
42566367
42668745
42688821
42777111
42778294
42780865
42855183
42858638
42866199
42899093
42915249
42953110
43085550
43107867
43241086
43273162
43392963
43424229
43462883
43631950
43657761
43662787
43742127
43897322
43904406
43913285
43943978
43982171
44023466
44109460
44113431
44151542
44221535
44254304
44256908
44268376
44287520
44327655
44358664
44435272
44508845
44549218
44622193
44655740
44853103
44858056
44899513
45016962
45049266
45192992
45227483
45276464
45296411
45355391
45445568
45544044
45655350
45657473
45745127
45912756
45939802
45967922
46173573
46210219
46453603
46749599
46758328
46818630
46886965
46909396
47080286
47112444
47163897
47195723
47202026
47228412
47295620
47424095
47448056
47456642
47559494
47776220
47834023
47868202
47876675
47940822
47980353
48033697
48132392
48351162
48404232
48597213
48621265
48748125
48780893
48815141
48923544
49118841
49227166
49385471
49388121
49504957
49528066
49652346
49740339
49772291
49864531
49891647
49965727
49976528
50071021
50407430
50444974
50516835
50701120
50755861
50780396
50823443
50889297
50985135
51128343
51135802
51192983
51348537
51370586
51397093
51576317
51591747
51712800
51759842
51793754
51843970
51855084
51937941
51968355
51984628
52073021
52131741
52139446
52276901
52474016
52614244
52678172
52765231
52976471
53086125
53254134
53267843
53327901
53334233
53354678
53524570
53592599
53994929
54121239
54228268
54245881
54273392
54274725
54398409
54717447
54827184
55010862
55094138
55100132
55308600
55383133
55503884
55524999
55562041
55615156
55895593
56058337
56059692
56124439
56513082
56559069
56563669
56758768
56886008
56907169
56987370
57245844
57328609
57342876
57400569
57502669
58030008
58295952
58379005
58505639
58575064
58671784
58751590
58772205
58928718
58939600
59058000
59268522
59326173
59330984
59337380
59364829
59704469
59820721
59849768
60091024
60263370
60303576
60308869
60752899
60918770
60924237
60957416
61065857
61128138
61247461
61305804
61333602
61398531
61462418
61777231
61915840
61994360
62457578
62478147
62560188
62641861
62647932
62959082
62983733
62998048
63018434
63049943
63080348
63084335
63126095
63211731
63446000
63543566
63548613
63656855
63661503
63690785
63781993
63815041
63864440
64006643
64045246
64149102
64196646
64215911
64617305
64667290
64859604
65079110
65113081
65241685
65281270
65352380
65381267
65389241
65418047
65485271
65507027
65553558
65736324
65784843
65787068
65795944
65859986
65964305
65973171
66042962
66062131
66114979
66145179
66245255
66305445
66321726
66412707
66485912
66599456
66703410
66724211
66820792
66854343
67356097
67372691
67424618
67555051
67618569
67698605
67749870
67757236
67771007
67827068
67995300
68191385
68226433
68340330
68441024
68450486
68482501
68733663
68850512
69030537
69156796
69273746
69315838
69330352
69341706
69717277
69739162
69934318
69935766
70191722
70571682
70606802
70786877
70936795
71034301
71045069
71305377
71599860
71646695
71697039
71722451
71814288
72523036
72828721
73043931
73304160
73330810
73423929
73509058
73620980
73658976
73660378
73812699
73957810
74101279
74257582
74313494
74409457
74538207
74557700
74559942
74633379
74736484
75015854
75016745
75190922
75385275
75493616
75541478
75586899
75989144
76079575
76102565
76193783
76233895
76265858
76344414
76501514
76631798
76695477
76699726
76784406
76995304
77001145
77004849
77015016
77096748
77333981
77465915
77592053
77596304
77723830
77729592
77745850
77908766
77922577
77928507
77947228
78086500
78178318
78230632
78312301
78427904
78449479
78475419
78492657
78559883
78606732
78762474
79060337
79127843
79198278
79224825
79310160
79424369
79476761
79671827
79722763
79765888
79886888
79921113
79979126
80106894
80109951
80112208
80138059
80218541
80447765
80454570
80552106
80554277
80845013
80900800
80935948
80974133
81016582
81139052
81235569
81259723
81432842
81437764
81448785
81478868
81493291
81517533
81548165
81597353
81614223
81619401
81666848
81791396
81858507
82244629
82355116
82376190
82475670
82488777
82526266
82558390
82596227
82649258
82767554
82872200
82916295
83078436
83102510
83114469
83125423
83233673
83341768
83342238
83406905
83415757
83435005
83501906
83762346
83800749
84045384
84077473
84113345
84241848
84247792
84294143
84353820
84388891
84448021
84470980
84652921
84818407
84827696
84836059
84907001
84915320
85026912
85038772
85049482
85118743
85150386
85319812
85362080
85396821
85494186
85509331
85605876
85699588
85809020
85810404
85848189
85888390
85930696
85968374
85995249
86037611
86087979
86093829
86126455
86236284
86309021
86347683
86452167
86612174
86616235
86656040
86739722
86778459
86805387
86857352
86914363
86979243
87034678
87130340
87159122
87486900
87519074
87668506
87843364
87859986
87954416
88269749
88272229
88280209
88437852
88477058
88511658
88900472
88929585
88980272
89036100
89050587
89069038
89108936
89178151
89234310
89435035
89499932
89602301
89646204
89832368
90076262
90125374
90278425
90440043
90748728
90773621
90817179
91089381
91196672
91288741
91324625
91441878
91466945
91593528
91820303
91863620
91885951
91936778
91958110
92098430
92286391
92341462
92612657
92726188
92857189
92870145
93304924
93628002
93697783
93714551
93733817
93737928
93785955
93804908
93959129
93982845
94393567
94721419
94851647
94960265
94977424
95289801
95631921
95641447
95732739
96000598
96147601
96209166
96225674
96460542
97168305
97210724
97230847
97472210
97486973
97529792
97534912
97578789
97882220
97939468
98090737
98104904
98138791
98163290
98277888
98648196
98789412
98797171
98844840
98940698
99073035
99181827
99260286
99324486
99353582
99433624
99644116
99664368
99808939
99970078
100028519
100126495
100138721
100141910
100266723
100271821
100487494
100720418
100789045
100804742
100886430
100959087
100987118
101004770
101046448
101186444
101264014
101281205
101407360
101493060
101604934
102491857
102504047
102617120
102674437
102781508
102922632
102937556
102945640
102989489
103034845
103083375
103103473
103166856
103185802
103408434
103414633
103416716
103601900
103810519
103886307
104162905
104181363
104283696
104488668
104852653
105053359
105084212
105137270
105274988
105288218
105606568
105857273
105872578
106206226
106435400
106650743
106653655
106947332
106966053
107154599
107157144
107260773
107267529
107300391
107341544
107361295
107372709
107416786
107510191
107540195
107921211
108244350
108453023
108590859
108607259
108750631
108904679
108910102
109186960
109213119
109255150
109340441
109527480
109666748
109684479
109845413
109896161
110310397
110557229
110621072
110721274
110738875
110856056
110893353
111168679
111192783
111315059
111541340
111714194
111741848
111861915
111944333
112010747
112262343
112277672
112425188
112494323
112587935
112702765
112743302
112771720
112849188
112947197
113268677
113373743
113502476
113605562
113637158
113796957
113867601
113984731
114251382
114317368
114342923
114447989
114591883
114986461
115055524
115110859
115188337
115349232
115366387
115385449
115407021
115444239
115539489
115573000
115606048
115858557
115889582
115924636
115957974
116097566
116137420
116143553
116178627
116439990
116699708
117057029
117123191
117231835
117294071
117546367
117558868
117660426
117813615
117855633
117910562
117989890
118189580
118223006
118227253
118482690
118918471
118988531
118990453
119088826
119127716
119283703
119306316
119423075
119642484
119701070
119711886
119752156
119798224
120015579
120023816
120153149
120159409
120357180
120395637
121122623
121129168
121133165
121173851
121264594
121356396
121379290
121416936
121507908
121880423
121939311
122109923
122143780
122481800
122660988
122911217
123332425
123343920
123487791
123650161
123835922
124205889
124218436
124378556
124418762
124437779
124540916
124578619
124601229
124883789
124909530
125037886
125213758
125612746
125621867
126014397
126052496
126065235
126329219
126471445
126566611
126617204
126776532
126929137
126966634
126979668
127016724
127141041
127783386
127967773
128138431
128182629
128342570
128656285
128698431
128759662
128765713
129440551
129478991
129502582
129692960
129711018
129792397
130016739
130187956
130280398
130552029
130644256
130689780
130790142
130943755
131031479
131112757
131258297
131470273
131668921
131761779
131862802
131901357
132268892
132324874
132571838
132641257
132716800
132904725
132924246
133044664
133173404
133178858
133263127
133650295
133771181
134021538
134438118
134859974
134967121
134972507
135010534
135026410
135070089
135310065
135342539
135389882
135441915
135645966
135742868
136013178
136203767
136209206
136234968
136237552
136253112
136271143
136541415
136617958
136810420
136858426
136905414
136947050
137043590
137095815
137168879
137521434
137645472
137650387
137651691
137668563
138025996
138342699
138449189
138534692
138573534
138665622
138667235
138674720
138696951
138820593
138922815
139200497
139321686
139446606
139556909
139700658
139717616
139892025
139946125
139960439
140209484
140248027
140323010
140600948
141097907
141191031
141410342
141412951
141461424
141632465
141814751
141888455
142093054
142186263
142200931
142207493
142910895
143087294
143461140
143479658
143490929
143531191
143532890
143587802
143616447
143839615
144175488
144250412
144343318
144349219
144659477
144724341
145386058
145392435
145738990
146084901
146457852
146728382
146807440
147021442
147033030
147202800
147229633
147877154
147883746
148103999
148173338
148341684
148342636
148455397
148615460
148619341
148626978
149236250
149365220
149445546
149630594
149648958
149655308
149941198
150037763
150107857
150110622
150233468
150473105
151258179
151550724
151649187
151674302
151890436
151925593
152184591
152305643
152321561
152603679
152743957
152760307
152870660
152925169
153000451
153293723
153334265
153619671
153898239
154531605
154533945
154623300
154638842
154958505
155304396
155867499
156097960
156413900
156467479
156791230
156824893
157004228
157031320
157414311
158240148
158294317
158972220
159188264
159201505
159317191
159721243
159937223
160027198
160091649
160567998
161195904
161511262
161553591
161742901
162072801
162224133
162368492
162731076
162839095
163373312
163402424
163969390
163999620
164156654
164311497
164791358
164797312
165695397
165807976
165814238
165884636
165983498
166475072
168048919
168460032
168718873
168773886
168893890
169354660
169403417
169825723
170383833
170979206
172389917
172503356
173796795
174791996
174900681
176233627
176312961
176694074
178006654
180360067
183750629
185224819
188664693
189145429
190551391
191135320
191225608
202917957
