97578789
40673210
46453603
58030008
48404232
53267843
85848189
119642484
134859974
26176603
22193127
12509085
93785955
101264014
140209484
68482501
100987118
107157144
64149102
74409457
24091042
131761779
36086222
87519074
102922632
128759662
143490929
82596227
134438118
26306737
98104904
44327655
45939802
124218436
103166856
125037886
97486973
97168305
77928507
88269749
22800804
129692960
61915840
81858507
164311497
41856229
124418762
188664693
68441024
98844840
11300179
89499932
48923544
121507908
59849768
109527480
98940698
42777111
119701070
139946125
132716800
85026912
113268677
103103473
17792680
161195904
40343166
63018434
122911217
15201622
31641771
84836059
129792397
111315059
115924636
106206226
80935948
77015016
131901357
52131741
128342570
142186263
134967121
19285240
47424095
103886307
23411183
86126455
78449479
46210219
71722451
57245844
61305804
44549218
24395003
74559942
101004770
34688525
34857892
20621173
52073021
83102510
58751590
143479658
66703410
138025996
136237552
97472210
22997607
132268892
88437852
43657761
35446404
148619341
82916295
54827184
50889297
58379005
47448056
76102565
