146891742
146869702
146679265
146392528
146068899
145941733
145529329
145489339
145149753
145080762
144438481
144338570
144262363
144225658
143464704
143420453
142877987
142374898
142362202
142267105
141804319
141477048
141311957
141311770
140830880
140735914
139995944
139768639
139605235
139595049
139583980
139418744
139286115
139262185
138716268
138627606
137512577
137505864
137272842
136790864
136616929
136383019
136217738
135891368
135605252
134579985
134279843
134161980
133889020
133849158
132380680
131605144
131533695
131310479
131261980
131130611
130835570
130527425
130474451
130194901
130179818
129992472
129982459
129678514
129554223
129440147
129262317
128915931
128522550
128276176
127982089
127796445
127469645
127044554
126824872
126793894
126424628
126315086
126294051
126275587
126243106
126224083
126208426
126207750
125655110
125613245
125555429
125181490
124720515
124612838
124055621
123783760
123130556
122958945
122819216
122690674
122654204
122506673
122378960
122085273
121708592
121510359
121437811
121350518
120846379
120712675
119904856
119646735
119050685
117827681
117745891
117204838
117184317
116642761
116628416
116623084
116578697
116497303
116436673
116058885
115996305
115470777
115251705
114899140
114865740
114747249
114476184
114393492
114130001
114122040
113891311
113842041
113670708
112669081
112611071
112444751
112145449
111747772
111572548
111438648
110775824
110775068
110447277
110424889
110409912
110399882
110264193
110217276
110082620
109954593
109520850
109358746
109332104
109325867
109318808
109294759
109265995
109115698
108924141
108610678
108501397
108422209
108344355
107974132
107945586
107857033
107834051
107680522
107584173
106848378
106652331
106269494
106204108
106176664
106115823
106103473
105746229
105139033
103816973
103685039
103499663
103418583
103153353
102904715
101961130
101156365
100509210
100277308
99712213
99289379
99271028
99079535
99029917
98743794
98593767
98482923
98139674
97812041
97746088
97640007
96787005
96570007
96327023
95690729
95376702
93764487
93691706
93680156
93415084
93395528
93152038
93136572
93018884
92911033
92774244
92688002
92399682
92322772
92035814
91787099
91741080
91553628
91417630
91388965
91352467
91239746
91035996
90958766
90886048
90582626
90559675
90506068
90383200
90247743
89948799
89859261
89854026
89752013
89560071
89483835
89433567
89038095
88820568
88694355
88503050
88394174
88308132
88263316
88071826
87962041
87669596
87626111
87466159
87437175
87313070
87274368
86903993
86582563
86352775
86329945
86312837
85890820
85849753
85840610
85834107
85646931
85640868
85640128
85608309
85469086
85461697
85377282
85259245
85147428
84777738
84639423
84531807
84441259
84197954
84185701
84131785
84011133
83950078
83868972
83755009
83706842
83217453
83188035
83098544
83078689
83067501
82733459
82693133
82605382
82581367
82502337
82292074
82254841
82209328
82169175
82115948
81934438
81661505
81571070
81343071
81231540
81227920
81152122
81059319
80965868
80924414
80806791
80756654
80707292
80694972
80662901
80636530
80577444
80572209
80366325
80300634
80295867
80268021
80230368
80164783
80022509
79923182
79902175
79851193
79803203
79486719
79450301
79448737
78964886
78950942
78863286
78774041
78570517
78424769
78385279
78178389
77965152
77899234
77863519
77567634
77559766
77476503
77437229
77393211
77320215
77292155
77087494
76937984
76917008
76733570
76629809
76472394
76313191
76215332
76211546
75978395
75871591
75807842
75729039
75715492
75700767
75664853
75661726
75661485
75624723
75543175
75515920
75492260
75286449
75280438
75203345
75132042
75011741
74987287
74965162
74948091
74795224
74697272
74668165
74597734
74487836
74343512
74316617
74149373
74070662
74057588
73981784
73904536
73887316
73884892
73740405
73594006
73579891
73506616
73472214
73412123
73379224
73364052
73284977
73206489
73192692
73115307
73012150
72923519
72818490
72723753
72675334
72424856
72381967
72310106
72299989
72230948
72224473
72134457
72029486
71992073
71985598
71970693
71888359
71883672
71757520
71675927
71634205
71625431
71604415
71540200
71486235
71455241
71421991
71392928
71333655
71189354
70979403
70832246
70802133
70778175
70737910
70731730
70661794
70513135
70294972
70184389
70153053
70084445
70018048
69949961
69879611
69753737
69725283
69643689
69578196
69565220
69409532
69177916
69141929
69139179
69065714
69061961
68848447
68696789
68693053
68629329
68629016
68587559
68436510
68432958
68417937
68409287
68314123
68241049
68144805
68134674
68089127
68010268
67892143
67847777
67720013
67613950
67462460
67442295
67427391
67340206
67326630
67290340
67185165
67138642
67093285
66879975
66790551
66754939
66722669
66669337
66662816
66443238
66123720
65997369
65897070
65833040
65552604
65495598
65494332
65121012
64985547
64596000
64517857
64475139
64359274
64301081
64286753
63965906
63855249
63791764
63661988
63654032
63623113
63488265
63299167
63179635
63169355
63147597
62962439
62900830
62900030
62744022
62737501
62352458
62260539
62166655
62058203
61943081
61924530
61903664
61793246
61668533
61465480
61348749
61260531
61206950
61152741
61068295
61020435
61001462
60859878
60607225
60514826
60502872
60454227
60405465
60114758
60084071
59995753
59924051
59912391
59793164
59506588
59483507
59359489
59357439
58998250
58654752
58618810
58585520
58428375
58351602
58297909
58284430
57992127
57932846
57833029
57818836
57759127
57752895
57720251
57701824
57475394
57312480
57309270
57239459
57120208
57054765
56864173
56635446
56481879
56448690
56244500
56042144
56020683
55982755
55923519
55923058
55857546
55779952
55651615
55323452
55257380
54969895
54842507
54820106
54796921
54675143
54637060
54598938
54341106
54326329
53954344
53892749
53772978
53701639
53655590
53629569
53539410
53315342
53233815
53230841
52981552
52675468
52420982
52412308
52268607
52227963
52057802
51828220
51815636
51801655
51744877
51679392
51646099
51642527
51302049
51257389
51124036
51084611
51032330
50875917
50694124
50669098
50594668
50454260
50268870
50111597
50098137
50030813
49606617
49422013
49398141
49354214
49282177
49193177
49176771
49147571
49133573
48901070
48847964
48721347
48565858
48419081
48376860
48323076
48308219
48214431
48207684
48192552
48074657
48047248
48002838
47889628
47883965
47856995
47799489
47664515
47660500
47497530
47471435
47340533
47336478
47315363
47223352
47139682
47116218
47110123
47108985
46935403
46839589
46798433
46693877
46685411
46651125
46639514
46548160
46245281
46158198
46087012
46011496
45880534
45597286
45561721
45373826
45163477
45033328
45023906
45019393
45010229
44853034
44746649
44417431
44328350
44327751
44296909
44228872
44214758
43959167
43823588
43782780
43675988
43667794
43609571
43572547
43551231
43403906
43295255
43128734
43057660
42927074
42861844
42818826
42814094
42718268
42673061
42529573
42364471
42301620
42238928
42086590
42035507
42017692
41893471
41878523
41871152
41776242
41768719
41765990
41738608
41687940
41369564
41306533
41220709
41187364
41172732
41120320
41111053
41078546
40944656
40899162
40872579
40871068
40779473
40763411
40730370
40672586
40666047
40621087
40552999
40511050
40412187
40354276
40344356
40203290
40140201
40038476
40011047
39795640
39763596
39749273
39689398
39486722
39470812
39387873
39231454
39145803
39022562
38995735
38844811
38792316
38743510
38687705
38597578
38469677
38428363
38401912
38399527
38312009
38178850
37972121
37924948
37865509
37804748
37793885
37746131
37588325
37572554
37460749
37272596
37195374
37180092
37172699
37041297
37027066
36863691
36662091
36566065
36516077
36493982
36427910
36265234
36027080
35997888
35915948
35839967
35819341
35653749
35482117
35462048
35385292
35339584
35309747
35265621
35116670
35070381
34998890
34878445
34829232
34475902
34462035
34428707
34327604
34181780
34032898
33910992
33883037
33855120
33834996
33823724
33819762
33802466
33486640
33308369
33184700
32946409
32884421
32789439
32782901
32767646
32644227
32557122
32422846
32352802
32226696
32185793
32108001
32016206
31992994
31818709
31779815
31630656
31620890
31547976
31486892
31469794
31351351
31247195
31210689
31140894
30978140
30923080
30884790
30822110
30808166
30797795
30794841
30775746
30727832
30726205
30528761
30526141
30511609
30391938
30368308
30332932
30222842
29750486
29639255
29581555
29562058
29510948
29467158
29456763
29439683
29389646
29335522
29334876
29334844
29324084
29301964
29260232
29242969
29242431
29211262
29178822
29173624
29170039
29169758
29151360
29097704
29042462
29031807
29016946
29012745
28994210
28927532
28875254
28738118
28706956
28509203
28285810
27961936
27822765
27667499
27644107
27593032
27583693
27553899
27496009
27462810
27432843
27413688
27328347
27293628
27284102
27271547
27251141
27182111
27178085
27140462
27014538
26985602
26866593
26806565
26658201
26578643
26372080
26371685
26228155
26227137
26199982
26077027
26034594
25999999
25755717
25746621
25733967
25726435
25679218
25575854
25563841
25403752
25237130
25151210
25072966
24947314
24876435
24695084
24626078
24573769
24538401
24512856
24470505
24352113
24280422
24201773
24135181
24117533
24115249
24096383
24049911
24028855
23971057
23967821
23936337
23852092
23755481
23723748
23719574
23677338
23541845
23468761
23171562
23169052
23087276
23075135
23065423
23064021
23040195
23018282
22998295
22987405
22928213
22899039
22806750
22777610
22706327
22705335
22605513
22542680
22542622
22513680
22423488
22405965
22267381
22261625
22258732
22193451
22168213
22141570
22102591
22043355
22028964
21969709
21867886
21866317
21807185
21696135
21643081
21639611
21626427
21602970
21521032
21500827
21479102
21367287
21200255
21167371
21156871
21122014
21106195
21022796
20938420
20914555
20911694
20881667
20779566
20777722
20574784
20555358
20506599
20466351
20432350
20388783
20358416
20304718
20200456
20173490
20085788
20075591
20056859
20030122
19949824
19924160
19903190
19759614
19748961
19741699
19722925
19714179
19680186
19623193
19586024
19553831
19544388
19439560
19307755
19293126
19283539
19279209
19258885
19085671
19063278
19027973
19027353
18912793
18892183
18878635
18815665
18677733
18655467
18533349
18490957
18458849
18426437
18413730
18392060
18343702
18272444
18267228
18213236
18181434
18146806
18146618
18139214
18118054
17984479
17949164
17657473
17596017
17527424
17421397
17416938
17219698
17113035
17035892
17022786
17005520
17002731
16984043
16842185
16829240
16789101
16764721
16745856
16697196
16645892
16582649
16578919
16543881
16533546
16520620
16290926
16245389
16230667
16075975
16025273
15875449
15820824
15783848
15616276
15537038
15462622
15446124
15345295
15340351
15254614
15200652
15147089
15110533
15099021
15049579
15006092
14907694
14897192
14764072
14561654
14462986
14026687
14015428
13999011
13896143
13871329
13854845
13761570
13558744
13498594
13439960
13361349
13126245
13120417
13003110
12959673
12924472
12889970
12824747
12809424
12739936
12677096
12663208
12594923
12585497
12559025
12555044
12532411
12477897
12396904
12325953
12252538
12157112
11970510
11938480
11926504
11854744
11800622
11688856
11664537
11614831
11293826
10604792
9976671
9874178
9105794
8924003
8918561
8475112
8389319
8280680
8208041
8078529
8046691
7975835
7854358
7514470
7447208
7341954
7225221
7135004
7126880
7087893
7082159
7076159
6999253
6951698
6889787
6881012
6805695
6804160
6533284
6474699
6343890
6265401
6249955
6156443
6128975
6109355
6068286
6032365
6032079
5973718
5917680
5802009
5759411
5692758
5609158
5337689
5295354
4961456
4850741
4421463
4333374
4052316
3843290
3629678
3354484
205975328
205849438
204948454
202265824
200635935
192776230
191576969
189847508
189138176
187735457
187096040
186950778
186745175
184115249
182820227
181582718
181150188
180978350
180644212
179423280
178243943
176631696
176275793
176166546
175877417
174605656
174244557
173918266
173883788
173345175
171923929
168598291
168571591
167722133
163753508
162926326
162762433
162593763
161631794
161377919
159791176
159033138
158406563
157899115
157295453
157086314
156504407
156294938
155847006
153872168
152719864
152630270
152333106
151544540
151144448
150763477
149070382
148914026
147751176
146904487
146737146
146279337
145929551
145923156
145767509
145658477
145573934
145109423
144362951
143357837
142367379
142183567
140421369
139234013
138752955
138154781
138100731
138035769
137259551
136774417
136547489
136258737
133568399
132038091
131835969
131020834
130948890
130707137
130275492
129210005
128928966
128402448
128353998
127713275
126537436
125826930
125701987
125198758
124959089
124838178
124558850
123657705
122609412
122554874
122417484
122105078
121803304
121729844
120725856
120610618
120200055
118886353
118829154
118610532
118277600
118107232
116416439
116355994
116168176
115684995
115151906
114364503
114317677
113592196
112500685
112448511
112375076
109651619
107788703
107560134
105227904
104545663
103840719
103517055
102960193
101955586
101953450
101938501
99947725
98742674
97996007
97995176
97827599
96915837
96684484
96265664
95157858
93851465
93203727
91200683
89825977
88739892
88034033
87629407
87329513
86672043
86409315
86152839
85796092
84369796
84347043
83861605
83029995
82660648
82580426
81946757
81467893
81348165
80979385
80788753
80237952
79154166
78177088
77782110
76743097
76128538
76027552
74565561
74253479
73590390
73193804
71686476
71294159
71262416
71251391
71227905
70818423
69171187
68540957
68153685
67982792
67465102
67418613
67209785
67105526
66735420
66662638
66523495
66510708
66496088
66470087
66204557
65751895
65738881
64879236
63625790
63480599
62869260
62828825
62768418
62448829
62342431
61567035
60886569
60595559
60577599
60368840
60335413
60162782
59888362
57760993
57700529
57624022
57267039
57220385
57185786
56772821
56402100
56187157
56181783
56109623
55981516
55721854
55718516
55515801
54499727
54487128
54043521
53964215
53749076
53629313
53527628
53159567
53084224
52832914
52727467
52374980
52344753
51327759
51210259
50927738
50833486
50638789
50550643
50412679
50400107
50108990
50006328
49992484
49862616
49622194
49162257
48913090
48870363
48802138
48455616
48424865
47940469
47914256
47341080
47277957
47254059
47067494
47041132
46933972
46933372
46891859
46761071
46695474
46661297
46605526
46546051
46144681
45840137
45483507
45429794
45395751
45378505
45018933
44499619
44499482
44417759
44406534
44334657
44195146
44026038
43502477
43225174
43197077
43189693
43152147
43152090
43146179
42892277
42766107
42750175
42492718
42478044
42041209
41894432
41853988
41555430
41476849
41224684
41179787
41038979
40880087
40731711
40730588
40675842
40522225
40417755
40396005
40264956
40107084
40091392
40051450
39770912
39726340
39675936
39229269
39203482
39053568
39042787
38857670
38591980
38175889
38147607
38095426
37685892
37632103
37522347
37091045
36460659
36304181
36147340
36115695
35645708
35506546
35337481
35236887
35217321
35155522
35123525
35113394
34814581
34803374
34795972
34687566
34673903
34507156
34389359
34213830
34118049
34054022
33836506
33767447
33722653
33709375
33489806
33445795
32857781
32850631
32775333
32137272
32129669
31825161
31716410
31546743
31510248
31355852
31242107
31084252
30874585
30866480
30789889
30776213
30738475
30716016
30634111
30473508
30455235
30360902
30261060
29994644
29798908
29645476
29624651
29432250
29290319
29252050
29169593
29052030
28992493
28784630
28777264
28729841
28461060
28363445
28335717
28312667
28290901
28277479
28146318
28066201
27912703
27911591
27884479
27845253
27729027
27692049
27580091
27549661
27536125
27496708
27469929
27352196
27297619
27293164
27281175
27218577
27216326
27214648
27062623
27045825
27009671
26949407
26850481
26832865
26666245
26650472
26580886
26496073
26489266
26427127
26325163
26272584
26236777
26233798
26168023
26138458
26058937
26002048
25989510
25919110
25876111
25872749
25718132
25648012
25374249
25225850
25220128
25205579
25122751
24950439
24921173
24899107
24735122
24638890
24581925
24471618
24446411
24332828
24036732
24011620
24002259
23873710
23814387
23722519
23664298
23584312
23578237
23460023
23386101
23355960
23302700
23256499
23247595
23119040
23091058
23058670
22970611
22924361
22655053
22546570
22539616
22516307
22454122
22402138
22295914
22264417
22118604
22021012
22012340
22000995
21986238
21975265
21958321
21834909
21807866
21665747
21594753
21593789
21558744
21531631
21529777
21456901
21437090
21399813
21396726
21184547
21180441
21135074
21112638
21068543
21051653
20991699
20987003
20981560
20869392
