65302352
68313885
123148347
207272693
28599684
30096359
100814016
184464473
220664088
46652155
40155178
56573409
131143394
48654737
28948390
28959579
145805891
72395435
58606559
67090837
210880348
29197366
85756245
64201572
18722744
134093718
21642539
187552346
237204516
42708010
155174467
49694155
29698688
29701672
171883133
150068579
224699691
20098462
30146594
189218539
34498801
92681118
147194531
223904712
82866845
112921069
30634617
30845153
51237995
147627799
155006138
126878057
12623013
160799903
30970683
110796122
26549463
64461209
61923566
16628180
21229562
25693364
139321632
84869337
201004674
31273126
80728905
18802192
132411882
213264809
43579105
164652133
92741402
33076899
115718419
114740040
111743422
85694724
32122984
140758490
35721509
32184153
154073460
60165416
54998407
32284993
70422974
42508902
101975425
84548148
18661172
70117210
12439348
114617652
42047810
197580195
72272652
176025516
100691172
123453514
32899840
218080033
32970526
84502218
54035225
102158700
150036079
75391130
206293708
33335476
33347971
46055367
40338026
74473895
98275746
119341225
74106984
41805550
211109074
33619386
69582023
58097220
47461730
33718544
33721904
41530359
74213952
33887354
150733533
143999098
116268474
150861193
208357357
190823167
57199499
35094495
98122792
227690602
156488547
23950244
15221364
43698595
15129628
225769193
72639313
163551099
34539649
34549801
151452751
151610626
56251609
39711074
252078075
30141404
113696583
120885025
75024018
35083126
18416243
78310707
105399264
127641842
106041307
59186651
20006066
140253605
99391453
22589561
231740763
87039548
108930527
22818848
116115390
47140429
103473016
16230105
63849104
30569295
198451114
152924232
90937640
48592648
193222954
42172104
217559854
67670811
184952674
87605056
24867204
35048342
22604712
123300180
153259094
67044014
43685470
50641052
82514435
26059540
118973923
36683139
156564654
141690402
74565184
135957773
20877227
133771719
19669550
69245290
24286218
12087188
70330657
23690017
36959165
33962876
192275047
109663677
82528379
96991171
156441808
15037550
129613614
214701049
37200009
38762964
117582723
211108588
154158180
204336441
130270920
87987072
57993974
43792347
204733877
167510024
226273248
37650136
138908039
42171898
165843725
144655937
26077748
178455485
37883587
196539998
195821506
145496698
73831240
12820817
38048749
154885643
117460323
204443347
90387038
38167833
12576204
80481054
22512745
170613197
65469209
88421542
31975386
100384709
63237297
183148519
97097992
152964790
190226391
176850253
62641071
155479055
38697030
164574778
110275345
50380872
30186742
56526239
80358669
63986289
88537207
74213280
39027963
126907553
136217333
39251133
83553602
78294870
39316404
156331007
66180565
119875471
36867056
36393158
42095204
75252698
4642031
22436097
112885463
41927017
18690775
39974562
66493216
173257600
50732286
52536138
43853117
137210820
4443224
40482500
36622352
42905297
9778363
17758173
160584613
65377963
157576161
229162084
22573563
211750187
51817588
106315730
4871191
51160225
106743754
41036833
249921790
157985169
158045630
229666488
158112701
5681359
54798483
89820999
57580711
158272715
26960844
41482053
158320625
41865664
32708737
41644313
32632293
22053688
58176860
134627140
97831955
112934884
107202257
20387382
104542313
9946351
145927577
42046865
12346394
259434435
8555213
122871396
42183528
67119696
207056878
39755949
42359673
39068026
31134068
49295020
159327388
89469250
42510866
85800367
47017247
52031381
47852288
11988983
86472065
71088513
21023576
17155962
20246032
83562676
203608195
48586017
24280759
224294792
17155941
43449576
35836646
22445230
47745213
194105488
213914883
94339968
37548752
62772284
35225107
11469108
90900357
53126179
157658681
19678218
29324306
234215951
34476006
13930272
93682542
31388010
44229082
87866679
107089223
220411753
42195906
233451552
35836501
88006395
104490416
207677663
88060615
43892737
219494504
168007877
145321967
128322816
108755451
101478834
73885796
171563241
31230994
88423617
30730400
57207657
88591153
4100611
183080806
88632094
14877939
119257561
71241092
121520031
88837090
19081836
20534097
18149318
202877425
55831771
88977374
14273437
19173538
37013455
252927037
38771450
89242177
38832589
208686444
119991269
108999913
45482419
209878812
91022378
125402835
173030559
124837211
53294042
89649371
89676617
124170830
89718900
89725629
43709076
97091277
19905642
33955936
109534858
90116860
33008128
241660390
24462675
64545184
156771643
123369545
64239412
207409644
138748246
19387345
234872890
41446468
19540196
207744477
90943212
230500766
257436452
192165077
61052228
92428558
44901271
29996437
44396778
91428550
80244779
61227747
32121294
87139204
52957468
113249382
91766573
184670233
91943378
121259739
76151938
61778011
203182760
208891833
68550146
144419517
92195669
103679651
160103965
21527307
113448030
140184981
38725157
92491491
68244347
118538558
198565991
75593092
7218606
26633093
209718022
92887975
74680125
93011371
93028879
17873614
21912714
56243974
36355567
29797440
59637655
36187396
28314590
134039481
114028794
53706291
138044668
40330161
158666823
31295531
244426884
241079030
41874130
111578161
107088461
184593546
61335945
43005339
189118471
22767565
61533163
63749777
20961462
145137760
52081485
150243615
26480058
206943089
94154466
15014798
77584488
82509958
76437947
141040808
13455493
28087234
75428975
43265126
26281266
129453221
94701836
70995723
78150033
95271460
6507689
11361109
118201951
39351598
237058359
63184011
80351311
117422276
82415043
212124918
76498965
42072638
124622431
92320998
237134739
149005181
94292987
13180157
37104311
120968780
23529432
122100000
199024183
144602461
64843049
62847575
50388667
21007047
44931199
100101979
142156512
34627749
65232306
223804354
126701329
96426072
83011074
131287416
213334943
40497906
88651951
96723522
49975829
118507446
224446353
221557108
226934672
82445377
213916127
32640319
55035769
24798079
57726275
61960057
88972894
38250625
177316445
26372601
202325965
91449339
70322700
74190309
13638495
232273160
30729344
119928984
112438350
17490779
42393299
122752763
61211590
68931522
218423093
128275646
89844116
215200127
129605598
98447404
26544170
154630407
118308492
146895172
132968697
98710537
125493352
128504889
55371877
49455802
6254735
26724027
63147013
108201910
20746800
50969187
39137044
169443431
113386001
226723816
176368435
7722240
99276769
27029707
71469013
87031177
99369701
183216968
103663417
15426850
37990458
59896725
86037493
51045540
132219507
56854593
99739751
21740349
66408949
118950365
148652993
31065388
12338805
31890876
15335050
103479887
52895200
17445597
92549674
194886669
48568951
192373759
100445601
106598389
77553086
217374887
162151333
28741670
25668966
61883856
17933730
215594637
35895948
149401921
13393470
133518715
180251065
75443382
32165880
23177119
112529633
218187438
177957982
61730915
80335193
40130378
50173936
53231330
112466322
71208811
52421086
218697757
11237903
122817714
64069770
202294820
60890066
38464035
78026783
102107963
129314655
163740976
115892664
158191788
16083833
35116140
116442978
78332483
216068332
79937594
102546327
104794254
61420512
22412607
81924890
51366165
87244725
184072582
73104246
59896273
25026624
19003545
41950034
16817497
103181074
79861070
35758060
137661198
75565402
93497049
48522694
217230019
129864806
27166739
152673004
25515736
11772720
103694766
115433850
64222388
146542881
220700626
68120563
94781089
40894404
30361658
137110776
214816207
43294422
101492003
23436575
122526908
79463428
189759132
58749531
38769420
47498295
21235227
58397923
169931874
89705690
99399073
77476074
205270987
135780688
64604400
105129998
38906945
106765934
20012207
101446049
93450947
25760109
79142309
108202138
222162309
47788661
42912105
132295191
105514775
87183236
57297143
8470458
66989087
173417171
105929458
63197882
18468118
68945786
78928187
225239465
106168293
37500403
106213659
106248720
8409222
19477008
12276828
223249594
21601890
221800441
185906561
23023575
167822033
11222001
51380949
46825405
135123113
223591559
15639916
98403720
109226912
13973603
18697284
107039052
107927501
47467415
183124244
42804864
46871205
30712824
101048302
145732188
27838838
33770193
30177747
253444381
181763626
63977276
224664535
58535098
67462703
23840320
186451458
42590727
20783739
133303766
43798377
69679264
130964842
52573102
108383557
109043276
55110738
53750182
167011544
108759675
45709180
53964147
27334192
47222573
42009700
126317499
185993111
97883665
128625820
44929490
7659779
109258563
217076387
121395052
24337883
150226322
55936102
60705645
64236928
30651388
188183913
101170304
83658208
26233421
202140928
61668682
68471395
246687236
30895941
21448558
25216056
68654812
106428987
104655694
236215612
65979577
226913207
60399810
22961944
82122625
91065516
110327330
73745334
227205225
28663965
110535074
110559755
150990516
22396268
241825863
69831820
227524332
54330796
218176856
200566223
184102117
43614582
12153927
17782556
57036549
81205290
67982033
153161196
189009209
110800909
94290946
58993260
228190271
30406553
12444317
33204060
219554892
36979942
38325197
67920818
23236916
211847920
79493071
19461016
55782925
101445188
102515265
53321697
151601818
240355114
43155818
233433088
54162433
189972130
89123790
232378261
241260001
49591587
44990190
112652083
134143970
54055374
47344378
229562074
145807942
127784567
88221793
30299340
26263567
89765748
54987820
230011323
130164841
139494341
36154220
121746128
225011157
40189980
18247451
230223054
77322091
252495814
64802018
104227185
33968125
203241073
132660993
113759703
5366138
71191952
7017125
56348272
184988373
230750107
74764058
116976496
222961257
208683197
120125605
114096916
115172613
64236328
236734825
33708170
231124155
27348774
6680747
24765267
211878131
165390361
80161132
121715393
175999520
27348725
50569676
114707776
159829345
50034624
117190413
41366887
69815988
171474532
226798184
231744285
41275150
112252688
114958150
45142746
132355067
83192073
224642683
81143610
67599325
76725661
115270955
161767220
16571290
215149419
24214786
66544485
29458220
61163454
125307697
89719559
72017211
132079833
115750406
23847860
20209548
200687867
68501173
39104269
118031045
115946521
110846147
39506456
78896306
40220185
181334480
75823604
23052877
59420647
44500527
28212358
104486705
116418504
201635581
62343414
88022587
57800169
90988245
34655644
77086767
42702494
75435750
42906242
112185676
42033629
65774329
78493112
25859969
107247950
43318953
160254485
167799712
84638431
89407970
43591958
24850955
108394409
43722174
33717398
12376744
53590489
42568555
27205118
237060214
31516033
34772163
44082468
79135029
44136408
28137578
119075646
73188361
98274324
161271344
114444922
20280032
69978067
47001700
91028248
107385336
44650030
44667795
220478553
95889501
37156846
67837851
221762192
44754541
20483494
4778953
44941038
56265564
30537536
115731974
45269398
202546823
34787281
97005368
74457038
161944592
162271264
33044544
88016595
45502696
70023781
125546159
62548431
56800516
229497754
162517408
66461894
38165654
28707468
11841421
61340721
45959848
53605493
224621159
84768077
6643819
46080713
25238264
229665852
16503911
111344458
262777473
132830614
222480936
83338657
86701796
46404474
24422554
103049002
47475078
37752807
119691125
142896788
107232215
69289879
111923505
33625305
121494976
23948628
25966508
153093197
147972051
75037757
93718465
46876453
50226943
132639150
47007837
18827431
93920192
68005704
48239605
179814801
74808392
119782742
130682371
214409264
190102927
189919482
143523436
80984318
117978853
22328079
54598930
262639710
71384045
42736204
92082635
12070476
84118105
77538864
208879544
36376792
65345653
37064697
129313425
84943569
48667517
133647946
76199595
146626602
165007553
124265630
45518369
73733177
48305413
42751411
72133022
152071326
25599385
106039578
84179167
48470620
48486479
43378160
21502458
42783475
49171917
232692351
75251536
156532514
20248905
76336906
181113991
165643829
131217210
25201864
91241703
57426858
204655951
27647776
165801253
237721725
72331670
114661370
166667739
49132829
166098620
66430848
63801481
210526105
49407868
43699066
119660160
69635830
20760797
48315721
42888834
76260350
47780668
49718879
65039678
44862118
169266433
130651467
70864008
27269919
114814118
166821383
124246184
50079061
178178717
59597456
117458750
82268068
50231910
50246352
127135402
96790706
44464828
78339291
125621981
19728928
28839978
36437615
37767578
112704444
50525182
51250692
183743116
95552412
128954504
33563619
110136200
3967983
125479763
50777660
31041238
82160962
13247160
90446504
147803321
31958430
81222523
139135580
47948617
117794916
162561314
71154264
211462323
43759950
61768034
44585444
172828076
48972795
33135456
36682038
85676871
42919114
56555116
94543306
60955397
133280555
108041716
100596946
22442259
47872065
168975474
62853313
190545621
12390915
109845527
191126496
81289395
44936908
213430220
52602806
77330019
91944390
67821501
26072695
84056268
54658957
113177989
186051114
33914883
231499357
98930483
122396019
50944578
105977775
73798638
32841181
59168959
213261916
67332203
17007395
53879468
170840238
31132550
141718700
54244916
131843269
69090133
44625192
80952836
23534859
67806006
178606180
35341429
79677427
29145162
222069156
66644158
143446038
54806420
171677129
209898619
74807386
171807119
75311846
28365468
203508626
32110780
147145451
43667741
55475571
172341177
128602260
37170707
88106984
140098067
259749410
110364843
172643008
172674433
240212611
55930315
22128247
71719273
213613202
73232679
74256892
87694164
79637907
221959869
84086411
131170366
125055565
180287484
56524474
56551471
98425592
166857603
84139631
189268310
81617251
234001834
22429297
40495208
136956176
109959325
117458025
120583766
16494580
55155400
123258982
146082472
86386736
61988677
47466018
22771795
152946311
74967317
49697895
117936987
117957534
234806079
162684101
34701336
217228103
42405969
25727850
93372819
235095838
157746361
41289983
171963253
235282375
93265772
54543799
221985802
135610750
27317625
26461535
5992240
117312578
90116589
134876924
139294862
92424917
38859259
249078695
106580652
119228621
57815115
60031724
132626206
7260994
68898175
235709918
44010930
184712477
28097159
101642912
119525004
164521861
110356482
65519709
73835820
38476987
86111274
119878696
186898456
78605331
42619730
62141221
123503233
123594949
98401972
120260914
8850718
153068265
48398172
214720727
218909364
88725265
78284242
45661777
123870060
54344775
120746584
65978174
39592809
146907547
164028979
172528544
59404743
128501979
121039351
121052391
43047609
132598846
117342418
98814567
21477627
121524293
152074460
129893022
30772112
223220147
63302836
6282322
11434033
238593150
110814816
121831295
24580841
121878977
125689039
82579682
122142215
39332745
235709543
122570438
201833531
191224352
127813875
23602384
122578717
152594078
192386126
32942715
73437975
196834636
31108266
45187586
64326908
20728380
44621960
122939474
67858189
16738455
185078885
229212450
201084367
224351161
86324837
160696090
25482572
23862147
248599970
81662292
116531937
203545539
11158642
25482560
94579799
75211167
49223263
41234431
61192953
123783755
112924158
124664567
107329101
202918707
123971400
36917162
78528367
6389013
7315959
19016067
198699464
46547949
36198642
45416702
45798869
241193537
7543869
136007428
222210819
7777987
241512643
78604724
7919241
124834091
16921660
67353471
64219634
24381707
66405668
61605547
127446646
92011367
241993606
114758405
125295977
44774513
86411200
214337910
38583269
8576774
82732119
52387423
75715384
125454434
116394089
63653927
67399241
32651887
15423432
17179246
11999138
36641778
82330689
118794108
125776240
122845161
223907517
178856714
54267662
243138536
192783154
126136775
26063109
46226655
6679185
4615433
48397398
87256949
87348670
52708320
29808393
126455016
126479354
16034800
46639373
212396309
243423097
125917917
239133244
106243342
209705753
67888249
172374892
20681987
31734487
115415523
47587103
71847567
75682753
127043700
204492861
20467946
89121851
165266396
80071939
230266713
64326327
116546715
74933925
22577521
32621077
244246113
56528576
10752167
187952250
68942954
56331177
10860166
127727573
13068938
11876551
21109898
244777561
238643893
60687923
128056801
11284204
21660188
127721388
210210036
74658960
62308308
63042082
57829212
93906526
107802396
111257254
96230131
127171017
104650319
33201822
11808937
128639702
215208838
89412112
235999137
128851518
37986621
33583961
154672287
211050729
145836385
60687794
136144419
86446381
172726207
49604699
248473276
7443135
120597506
148328123
207381803
74797648
12599731
178902108
181607906
50017409
165602412
82593993
27897103
129623695
12808302
35647607
113336138
146722937
76647320
234042269
169026650
13068692
132720013
13173627
20238256
124449733
68698035
132796425
147517805
37833573
115843126
21797489
25496939
177281557
13665637
247350912
47235038
18510764
130541671
77533850
35739190
32238465
114440926
247649191
130851985
36946841
179192367
51270748
14149396
96290946
233170741
197032264
80682903
96825960
115949990
164914241
164379193
229990996
7198253
131557044
202887129
18388323
142610479
77686588
95297209
50001825
12518098
56361213
25068722
248689668
38689421
15106804
172771695
45813155
22712527
76494160
41838524
233491635
11616115
113030068
27728607
122202266
132221917
212869459
20818877
60797798
24961644
105447696
85146558
42037211
22133525
163308963
88769545
39209086
94486877
222928249
27743831
138972042
96902215
132788192
16036917
16098605
105646349
236747655
158401769
16256983
249954497
16316071
172572805
31275063
255260186
43978558
16390800
61396906
133340296
110522837
15621139
125809833
63851615
32849572
42037056
22928302
13328060
16974075
32635523
63545830
225481015
36120943
133955792
133962745
188960362
17194712
23524440
126574105
17250140
28232824
41089188
17335044
20375292
86812591
92208901
181423830
57323963
129218723
230617386
17622470
89548933
83264100
34790896
87913214
17788532
89105595
65594183
17851670
16614627
91459777
17954751
126054250
246714526
19656713
134953144
144765506
18244672
79092547
18288988
35341150
163522644
96320988
18343655
18366270
67749577
12349482
16507535
100769472
53235392
78068266
23921708
163170990
252405722
135615613
38688936
239636542
15789000
18993584
81232631
19088826
45445264
252786498
130670771
20237479
5592527
19271081
35234013
7182365
77120387
35550798
127689766
46561648
207717196
136437671
6142803
53379632
19786738
253633309
6081610
20007021
136897589
20197205
54678952
122507370
24120232
30724200
101487722
52026010
110247165
34328300
123822011
13556858
31305064
136372610
132474423
174702704
228950657
61756736
44558857
15421833
155741198
112326108
117752987
20894554
21230055
41165110
138097213
21347273
84870620
152576729
146232620
21582481
151246748
28568554
230723841
21784899
169208948
33934273
21963035
50673528
107571734
109543756
69105767
15926125
81813093
139233580
128086838
45537033
75898321
64095446
236120055
148923005
242127841
73573368
24028179
70210205
22846721
44971363
177203912
175889224
22925310
22933283
57613700
142869292
70729936
23080354
17194854
112356417
75973351
254311483
23352971
23376452
36104831
111102846
140367711
81797655
23617663
23660223
23715546
25205152
23839561
23845800
145437395
37480599
77486673
111377950
23949723
25312136
49496165
136112306
140888734
112081129
59585570
44390291
175176910
37969749
162268344
67840540
257868292
76309535
137319951
15895309
36976081
38336615
24352206
79764373
141247999
244099610
118364033
198681930
141379837
170416260
139077907
31763154
165402104
66510498
17821399
114542242
258513124
5958678
71325887
66495194
24924227
121818841
43641121
107494904
105385297
221413622
25135697
145162059
45200363
150665375
180857198
25314106
131510739
19762766
25502169
252186301
96595211
25652835
25632932
153906145
141645967
25859026
62398146
87529972
23813746
43228225
99041060
137839465
100993482
23278679
105706176
116704428
152820697
26391136
44894460
19762630
237499316
143317708
22070960
143355888
54616979
92054840
26573896
122766406
16888642
101823211
211171120
82668590
26826872
26937345
172984162
41684116
228491244
33169244
27113604
32787062
27192441
70973972
53928966
144136797
128957544
135041758
170629891
27576821
27607718
4689490
192474993
179710344
20389229
104054979
38305591
30723234
127658098
144664154
145727327
104773443
21275848
51253649
85985712
144826715
26075947
42662341
199537534
242753880
247462272
215567382
21657988
28221493
95873956
112264032
145155323
52625714
43896833
18566273
85859645
81411126
173726173
77482349
129384368
126171426
72315323
57129036
57172659
42536235
122133942
189276146
174090706
36023957
45593618
71306349
23091148
204814999
61430938
57540349
90399781
26622416
190387878
227794016
68615797
57685329
77543400
154727462
41878825
74577708
39922074
57863874
174803232
199029145
58179043
42612542
58201305
119016961
37919418
197852002
78781557
8261182
171130319
4318572
47106872
35855631
178391617
22800526
90995832
7467643
40059520
232369973
58967653
42428994
40793283
251371706
175861584
18611841
40227656
7635771
12160720
47336103
37567705
159313359
231422128
185698710
139455531
50210024
59410452
59458970
143017384
109676433
20838526
75616989
37384196
85996841
46418792
32514773
234020847
22081877
36635098
43931184
32935620
193770146
47672264
90139530
60510117
177401635
20812960
16914774
60742052
241037467
61506937
139333053
171986078
85110052
196791880
131123910
177803613
28303540
35702447
58128473
156056994
38582288
11931146
111174349
233470347
119322314
230795114
47809718
162558009
20583568
105808592
25765859
61337451
120117220
256385535
65343889
121355456
27691996
178362392
68982175
128311011
79637202
61697896
8231617
72803899
12664838
61799365
20059386
61850659
196567436
28655017
61369195
62034775
62083209
44079584
121202498
231452341
32094569
7604771
121049584
33516220
47075775
31727623
141702299
133584901
21699347
114934758
14514454
37444947
62883282
128463706
124657242
63081017
93853917
42596604
16425259
5953649
37949339
259305090
147205513
4822388
87372186
98363537
180458363
124091536
23483018
91379562
63735104
120239706
44232233
246234650
149590225
85965728
165519274
63930594
202926554
92156949
17342368
100167330
121507970
96070398
120590738
43957005
26850846
191889282
157738121
230672386
37414131
4975114
17724468
65160025
48680636
55789090
160764916
72864660
64732011
23793385
84788513
188541362
23136012
129487669
182016710
46540380
96223126
65297392
178528326
153365922
39905800
181325834
25444285
181310529
188189671
80446890
21316770
151302130
26330892
74133338
114399286
40272620
27553819
25398345
16715328
66120910
38275461
43788597
222753505
22478508
22723078
26086208
69241407
66535260
215155813
67911427
66610689
22738336
50453661
82586933
57057642
65664216
15796075
183677043
44690440
17403143
92340005
66413242
29540997
107183668
83825131
40073727
184034628
225382729
236053049
66428496
70601845
57256291
20078304
18885909
12495938
172994148
192347489
87570390
67391540
63172324
160198912
61246156
108421820
125252803
78734454
109598904
31421183
15339252
116921345
68157748
68181494
49841985
30763807
240348573
84543468
39034057
86163877
12342951
137405887
43237961
260603809
68538565
154771892
19222058
94541097
104926807
30259247
20139250
81852867
158035246
17387581
217631987
108436942
47212503
147627547
45102887
86408360
112747837
30060452
61261207
79162279
81271876
74408010
69648585
121965849
69750654
198137949
35487282
24480634
59503150
61383450
186708405
14758094
69945031
19741646
201335918
232723408
75692058
90948481
89343344
226773471
121384887
16837086
31833627
126720033
116569462
239003039
18870238
41189256
179674179
129257647
70522035
70546494
187380577
134287057
59992234
70644470
230793882
29081916
27415631
43411184
166022854
70748346
103896477
19267642
224572049
94464385
32490882
51966519
51049291
133767241
71053172
38834960
183832153
26414432
104064569
52868400
40057890
109231564
49107782
65189703
71540832
25688079
17387232
91223430
39522791
28944182
155658124
21422971
17585931
69898039
66611327
82002726
22523586
104125589
34951907
72326080
50391775
72339553
26299447
141945592
181584778
74988519
60481141
94357131
201840026
72781342
68109330
141242323
202176298
67681271
46371192
128019978
203720266
190087050
117180555
190108505
86377244
56644025
190205306
25672555
65021285
181844529
157828651
169523196
28470046
158699998
190554270
90114551
27766811
62009688
190754844
115621194
44613071
190907970
88272732
221169993
75859686
24113184
51859083
44292016
74224135
74277473
116706517
34584749
12479734
94311044
191327876
210395534
50284479
49520128
191368756
191465498
123369690
19266352
68047949
154847533
87217839
230767815
127026815
197191083
191834568
152707302
20260730
64170610
26541121
49993932
196825551
51232161
27812464
12403163
84725959
80904208
44108398
119519167
75629025
75661719
125450500
75370287
234049342
128477315
17661850
75860227
12127940
45881635
8520198
26788156
68964985
57545590
132390740
76204106
90611357
162613125
76409857
191123361
189655802
76707512
140676221
15842578
47501954
84695224
41258863
193679805
25075899
27460664
230150988
77092188
104698646
94539996
13060281
110239733
41448228
30991913
72465543
109490653
36663368
250559070
137649275
77661724
194610631
194646967
123585209
106127442
77955090
82906477
245348225
165425686
134622368
195148181
30410879
207923518
126367360
120864039
43313082
122010548
78625075
78654461
72190209
82585361
81469396
126046274
78953940
18425788
94998366
67955655
33024855
81301197
36173967
110392348
121291978
57912066
226206646
61198766
20153167
86896208
215570735
89357406
80995407
160732390
51552626
79718770
178908610
41111591
146637745
27246273
74269083
126581192
109154005
104613739
212983279
62915320
239185192
80254793
42365054
128020929
4208691
226298212
101082393
177242226
77081798
212111868
61978240
19908412
230547979
184274211
63862947
116262343
37411993
140828155
30548111
19434458
159769114
181568371
232978539
195693537
122484092
255449313
53279831
39139355
198269068
217018878
81503928
29294511
81571684
18226708
75476519
39429772
81693564
19633105
40342527
216606094
11836725
79435828
42685878
54732023
113036633
86085651
180238281
103359954
82140244
82207821
45330466
67175583
90518829
58935881
15352643
209023639
19587131
33314851
32305897
202603071
20305590
212019854
81224277
184380950
140491964
235323213
134621745
83034600
170454471
80245865
62772823
148318871
83258916
11515502
83301480
225074884
19343903
65616171
35577211
96557052
200393177
45712481
68000920
17232783
200623138
19693970
210903759
25029118
70798390
84043415
84077343
86650503
33129277
57575104
104276881
22032815
121077281
82554406
117622414
4825205
201389570
63755096
83838121
60440060
61733111
57254018
28636748
72602154
7560960
156038593
71608489
84900371
201846814
122269588
100439747
157658987
229767758
16850418
85178822
119013431
82936102
16284781
20733295
25227660
235592065
202280297
48379455
50237167
85632494
62925372
48372134
77325711
210551913
89555307
192775711
154005294
53279249
142555326
167228539
117133039
102564522
114518948
105637200
37365451
38710666
