-69463587403170
-68097054799341
-71696598403610
-71506932434951
-69443650570775
-69444221919395
-71549561552182
-71847388696733
-68094771513867
-71456680806407
-70766320514415
-70261446571372
-71810551242933
-68767280930838
-69070458290408
-69039900344396
-68853379443352
-71132343375113
-71759650372296
-71810926502069
-69292968615991
-70775632513736
-71627778620921
-71802221879477
-71391335011794
-68212665644378
-70631015667028
-68104517536432
-69204241312393
-68188829010608
-68199728734371
-71922755582676
-69246891226470
-69218781315142
-69230755018086
-68732775645254
-70161372523154
-69970067966475
-69391248597026
-69805529942722
-69491781741208
-69805509692098
-71281793990900
-70769338346139
-72093467948333
-70856936647323
-69434216035626
-68096397453946
-71773060712581
-70869461658153
-69698851009897
-71401873399977
-69437047436787
-69337026871420
-68804364118614
-70758799264456
-68070292414636
-68117133069003
-71126332014821
-70952598334017
-70435767088498
-69043316845163
-69556918004274
-69433029293528
-68188686338736
-68072174829677
-68188500216496
-68159930414486
-71559678601280
-71766239951560
-69384525629975
-69309411197130
-69216926569977
-68050433045850
-72179902631366
-71722073753607
-68097532540310
-68022921197022
-71489818560519
-69283209246048
-71875032526942
-68068625014965
-71053095073243
-68267129290879
-71627506449913
-71121873278457
-71156286821881
-71156521244153
-69651183392069
-69293605451251
-68562711232630
-69637164605501
-69752193067678
-70766989374831
-70428630589450
-71972126230535
-68147749825158
-68287982643846
-69343222737542
-69308605573766
-69223403063822
-68338530211138
-69888070552078
-69805352209090
-70554200290713
-69571802532525
-69107571807680
-68841251151924
-71045893791766
-68106571142598
-69326828688709
-71975853328391
-71600539122376
-70778419825352
-69805494553282
-69737606589074
-71572688747208
-71274267451423
-69259834507358
-71122264200697
-68309380177924
-70903293758152
-71679563807432
-68110621081817
-69291307846173
-69668861596994
-71956885551816
-69762654082553
-72139289191031
-68900040805115
-71923776174792
-69402284264139
-70054194569379
-70409671595456
-70045148943733
-70083465306275
-70098016592035
-68248561574051
-68081900483936
-69669233664013
-70070304956579
-68899942514764
-70708441475673
-70433996488828
-70910801627848
-69993362683379
-69498364985588
-69296373265760
-70589779970733
-70291264730461
-69248412666574
-70619097415750
-71984751084929
-68891656792692
-68075808713365
-69653783041490
-71488595504426
-69565851227593
-69524089763165
-68086289552724
-68081946686813
-70028381948625
-71239042962835
-71551852937979
-70543572882751
-69535093274018
-70927112107372
-70012672114926
-72038084044999
-68316206216481
-68068625473717
-71807633389040
-71886648961703
-68098313423563
-71491555572424
-68064217716160
-70138734873297
-68087937414568
-68848831728337
-69284263777605
-68436056569184
-71677218470600
-68306988190444
-68093483199050
-68920387256438
-69396395221158
-72155689814023
-71921937365704
-70812506344136
-71888717757128
-69246531709574
-70415729197300
-70399465242694
-71842363569522
-68117120420555
-69525922895314
-70029008036003
-68085832859751
-70096146587811
-69650147874174
-68117110590155
-71408855463348
-71490180745736
-69067549505002
-69187199879862
-69487005562223
-68085382572711
-68156856658503
-69418346537117
-71664525328502
-68210864777817
-69744406304246
-69316527199737
-71842326017394
-68076019810506
-68783058258464
-71493242611040
-69275331870838
-69275631411339
-68066586910895
-69309736460349
-71435436365858
-68212641988810
-69543456850047
-71677810389086
-68097233289418
-69809154550367
-68959045702990
-70437380557320
-69730241577180
-68847716253817
-68876996834794
-71312768174771
-68439395835941
-68097242792138
-72071086322358
-71962170405558
-69225959044514
-69341562230094
-70423011440022
-68081902581088
-69477372330237
-69261328386811
-71545139983730
-72096079967602
-69490895451503
-70091422930293
-68080824287443
-68117146110667
-68085969319411
-68306631182859
-68957387033339
-69777993026071
-68248585232547
-70220713025699
-70054307356835
-70047499804835
-70036414849187
-70071954170019
-70090466713763
-70060155330723
-70057063276707
-70357288280227
-70087455334563
-70016113041571
-69192960327804
-70157050088121
-69603808477422
-68075066406312
-68097318690817
-71469727285951
-69310982321624
-71703375394093
-69486127614667
-68117060324043
-68098306149067
-68083660420595
-70160995887762
-68969532735561
-69240141195904
-68845329787436
-71695209559410
-71713884894578
-68792929861759
-71759588984839
-71119532914136
-70927354022411
-71115164874200
-68081984386454
-70737093732908
-69840980940281
-68112658972751
-69273303127305
-69817454171401
-71338346583431
-71391301457362
-70252101757511
-71391315416530
-71415547221458
-70251893353031
-70257355516487
-68100891214071
-72016807121455
-70251607943751
-69508215404013
-69642926347721
-70765845236424
-71989420318910
-69322873943446
-68842229440549
-69447159196252
-69672071618690
-71461946526216
-69818335827449
-69205053994468
-69212932101448
-68844704232944
-68850499515888
-69502084033182
-69286625012271
-69286691990063
-69986488551968
-69576572493954
-70796931080241
-71357769162801
-70219438716253
-68070426919003
-69957160198283
-68763671109687
-71489896106117
-69447881976475
-68597066702870
-68245984971455
-68063090682502
-70184450714219
-71934616766471
-70236965442831
-70187368276134
-68455183114412
-70219097142621
-71055055579695
-71931314931719
-68449615115616
-71160297835208
-68617467488917
-68522576964179
-69343890762287
-70509393433928
-68215632090566
-69730475854512
-69914935588189
-69486354724207
-69490910393711
-69486903522671
-71933988438269
-71749451829393
-71916252994122
-70730290274329
-68781077015126
-71006984552554
-72096072496498
-69384543865595
-68864688065275
-71676773502995
-71144355504177
-70795135000625
-71504102615707
-70847853010993
-69895802994782
-69676614216239
-69299405043118
-68882630079840
-69375539058043
-68076862103697
-71143863066673
-70220667961426
-71027199257180
-69849036548751
-71666675719577
-71805761704084
-68108091280048
-69335457464537
-68159689766294
-72029625752150
-68087823876196
-71678405458632
-70142531685064
-68082736777928
-70574561315528
-71887337855574
-70290884116553
-70623036145896
-70541657656056
-71589973934192
-69167327565119
-70466221198072
-70470873991928
-68881401804131
-70124403985105
-71955470785110
-70334192413351
-69512589666935
-69128643766909
-69673344390484
-68995966429863
-68995954240167
-71489692010503
-69278429091321
-71227294709082
-72257711042026
-68052711590612
-70850277526051
-68918015232763
-68879056560273
-68103949170097
-70823483662475
-68434756151930
-69274491144898
-71655800394281
-68836585136282
-71569504799240
-69224202152582
-70237310085703
-69437287011731
-68798876251488
-68089472827498
-69311486550191
-70499165686472
-70219090392413
-71762237954085
-71295370889742
-68717273423882
-69390694484512
-69250739169953
-69277076163323
-70545984703218
-69717814405691
-69429733214755
-70758535785115
-71799545072136
-68702358211092
-68909213414890
-72018047628658
-72096104543602
-72018069321074
-71461224335496
-68080684892383
-68828610109480
-69462138432116
-69487169530505
-69730055310000
-71904282595911
-70814571905106
-71542501956266
-69726536845847
-71424393031774
-71565004760542
-69805821512386
-70111869162833
-69435946868791
-69218008012179
-69024419135561
-68876955410577
-70631730812277
-71888571101392
-69352169002447
-68905073314555
-68422649320704
-69546288600515
-69248272921958
-71807522061000
-71692807322312
-69397466071110
-69571714769026
-69987690487848
-68813462178555
-68895228474780
-69391360164066
-71207247847485
-69861709310523
-69407787423099
-68437718302928
-68248241692805
-69203104727236
-69565348304329
-69454420459596
-68870817081945
-68770566548054
-68091071834704
-69615849534828
-68874138462806
-68306498114879
-68996152265254
-71325032289659
-69530820763778
-69463650230432
-69369400740528
-69887546520922
-70968130385329
-71179772207153
-68210911439449
-68955564013043
-69463459127456
-69463484555424
-69463512866976
-69565133215177
-69367809466498
-71203542376473
-68916602497661
-69295868488296
-70651252140657
-68881384502627
-69530304405634
-71946379114605
-68822639042717
-69223321542705
-70557308706976
-69238086478410
-71520449562631
-68178311626867
-68816478054998
-68852049668697
-68957535341307
-68286257455240
-68449565597853
-69134722902638
-69208922480830
-68862068361937
-69278612155050
-69452391227405
-71876198893575
-68168794469722
-69159424254142
-71278669307953
-71955838830599
-70334119029340
-68159753074070
-70954122627784
-69835271823511
-69464279444138
-70751287659208
-71392760512582
-69780298385931
-69212160535120
-70323648129679
-69924199281944
-69952326795457
-70156709612268
-70152309465260
-71707296704591
-69477626636970
-68246190656209
-68327586174328
-68531970343138
-70117513166933
-69653199481469
-69462687205911
-69715418609115
-70808431293915
-68907463357729
-70466737007247
-69235521415751
-68895829702041
-68782663188571
-71408558423353
-68847122183661
-69632783261745
-69969933257452
-70231487403465
-69346104402092
-68747426780614
-68130657829102
-71560045524467
-69729969299601
-68945185322396
-71486599933226
-70735046265544
-69430072822307
-69603379577067
-68833271731648
-68769109398844
-69286682356271
-68840261129598
-68138038435853
-69436936339559
-70586822158919
-68298113990735
-68919147828489
-68067060820596
-68919033438209
-68119260670598
-69792878641258
-70623148736708
-69622007759068
-71878474167666
-69167097140543
-69530430824578
-68160703813050
-68881473697123
-68880921884003
-68881331352931
-68881389155683
-68450426413213
-69203705528567
-70967388214540
-69901374745189
-70856370891308
-68959670728032
-70185948045448
-72137690649156
-68444985403990
-68080720871653
-69303016043818
-70187574449471
-69289103188137
-69614217371649
-69398900850752
-71702014287194
-70871748911108
-68853150053857
-70219174038051
-68319525513862
-69239912213120
-69240100563584
-69239992953472
-69240058620544
-71359363806692
-69645242245163
-68883601257818
-69590798245904
-69829034139814
-70775819433303
-68934856949866
-70758814272200
-71920870184270
-68863485010107
-69241399380653
-69538142025203
-69652963934296
-70870797907413
-68720932784654
-69984658942517
-69055731703869
-69143411067637
-70941947218644
-68056789600803
-71842870069792
-70598374897067
-71465888115259
-68089471451242
-69253211095251
-69167280772415
-71479873256136
-70454926330397
-70455232645661
-71250303489406
-68829265182787
-71143567171633
-70377236086872
-69763044887216
-68760056089123
-71680442055368
-71777530794543
-69743474983000
-68096774275292
-69955192316040
-68874544824396
-69984572369461
-68233959814571
-68106123299504
-69979819248142
-69985199680053
-69752807025271
-68957234541872
-71117429031018
-68055942340621
-69575540328983
-70261538851342
-70522879519306
-69214609096810
-70792023239239
-68859284780384
-68400449598753
-68793067116022
-68862207625937
-72166322012413
-71441101007482
-69630261843383
-68837898619430
-68857917764954
-69308193841174
-70194307484336
-69876614133097
-69802721225380
-68094901963452
-68082939521703
-68300042597851
-68841807727334
-68881478940003
-68881430771043
-68881440077155
-68880874829155
-68880944231779
-68881434441059
-69824443110842
-68879815177571
-68880950916451
-71384347134664
-68881312937315
-70575308423274
-69049244448234
-68881416942947
-68881369560419
-68692638881207
-68881467471203
-68881360778595
-68881342690659
-68881394529635
-68880889312611
-71956787313352
-68880883873123
-68881482872163
-68881445451107
-72246485231683
-68881462359395
-69240016366205
-69256858026075
-69309162228262
-68845669103004
-69243261381245
-68863303584282
-68096339563830
-71744884226157
-71336283338218
-71160326428030
-71861139358213
-68772415165753
-68114329580833
-68150302463442
-69311618553103
-71490092468744
-68838055250470
-71664768332476
-68647417045122
-69007010264416
-69138849573462
-69293268161867
-71956067878919
-71373714901740
-70406979909107
-71676689567889
-69385761729080
-69447151692410
-70847951773745
-71490111321524
-69807552765989
-70275840655475
-70929119101001
-68088151228522
-69024425295945
-69185145126991
-71487914485839
-69204264659506
-69351574899433
-70556035396906
-69349611667667
-70784529484488
-72084847846019
-69385126193810
-68183554954616
-69751841936835
-71761081833509
-69539111160355
-69431623723666
-69453917642903
-71952970123271
-71765135362055
-71771644921863
-69263233818655
-68847870195100
-72096389952882
-71588442782414
-68835032151452
-71647026972030
-71144372019249
-68555201934688
-70562811682832
-70091065032918
-69424664726051
-69489977928320
-70721127549685
-68346210265758
-68314911801549
-71467929075061
-68934223669840
-68194979602595
-70719596612101
-71106825052320
-69170690373035
-69666988100275
-71117484671082
-70158169732571
-70156125634780
-70189789036614
-68223134062022
-70120122111298
-70072495366307
-72070918453960
-69289290132081
-68841488834705
-70379046212990
-68837862050342
-69792544669802
-71956872444616
-69604342480975
-69170700072363
-68832643396891
-68845291290739
-68080560777856
-68850155530892
-68940440161016
-69365207089252
-69708437340260
-68096190808302
-68861597007972
-68086355053079
-69167372064063
-68081225258303
-72096687743154
-68296062066833
-70013469021509
-68872233527870
-72094430562311
-70060640479806
-71745026984456
-72140000008238
-71241229009113
-68085415914106
-71473051428192
-70260897679880
-69223080091820
-71607014142034
-69364572261073
-69295205509703
-70455649585693
-68919907958899
-68635593957554
-71517620426065
-68114245542075
-69246199559526
-68325432817115
-69362966203131
-68088955601119
-68148345550254
-70674569035969
-69574891847771
-70026839458039
-71684138087728
-71356877177025
-69283968750977
-70507360638286
-68131856949261
-68136408621069
-69276141068301
-70157560422413
-69210880319501
-69920749035533
-69414134718477
-69452032679949
-71841033713010
-71910306116978
-69944034675436
-70144198593224
-69413071839380
-69322419295545
-68847603122402
-70117302984867
-70238167621795
-70109147881635
-71391539505708
-69193941480794
-69233073780211
-69521459197220
-70391503140147
-68895218644380
-70905653788904
-71062865529556
-71879785613319
-68876528711137
-71955770743382
-71843320460658
-68882627084415
-69228773728440
-71841304638834
-68306504865087
-70195782429288
-68843386612370
-68970302379411
-71416881317252
-69376942470631
-69319071228091
-70807953563820
-70112575889460
-70617870573602
-70237050118178
-72100345145537
-72100570196161
-68299766953435
-68299981649371
-70946379893481
-71099794082492
-71518687956362
-71841576744306
-69716190639384
-68092403600060
-68097564521878
-68871262683239
-69377886385651
-68834970315332
-68360003051677
-71842258384242
-69351270208831
-70347086468481
-71052593594591
-71465899190843
-70622319233736
-70641796811497
-71230967040523
-68096192708846
-68850625090834
-69302143590413
-68529245539004
-72203578027429
-69023175180520
-70932640634358
-70972918016640
-69924791328790
-68108883511819
-71478194077943
-72032387480886
-69296163632552
-71774163203442
-70115421547097
-68636732842162
-70755975023115
-68189169008746
-69384190836830
-69305439155681
-68434907867770
-68153380579932
-70557934147014
-68248489681059
-68248473559203
-69987404996771
-70108887179427
-70107628298403
-70117144322211
-70083841286307
-70175713976483
-70082401001635
-71774136923506
-70763942726356
-69275627328900
-70048143442167
-70001839407342
-70628783592824
-69346271073653
-69211318427661
-72125445066056
-69706588354008
-68843271659557
-69285311602875
-69223068164268
-69299669923168
-68085251910272
-70041109206290
-69703014249833
-68445250123224
-68829228220483
-68829256990787
-69258188862876
-68845626242460
-69219736447637
-69410480564786
-69535701813777
-68636381700274
-68106880791985
-70979649279238
-68311503759949
-69402140377284
