160353061
164435295
39440686
56157367
37539921
37279506
124761258
173877195
36545069
17814233
90905274
13596741
49342408
102464815
87183656
60791545
44630997
87466876
6440625
122260971
35011911
127781852
59434349
15315570
101897396
12652954
35240186
139966435
83731368
17078821
18126162
104095377
99355108
47342299
5723377
39976070
30531884
5453577
52292869
6997697
146270110
57862593
142612605
122179715
30177673
51887684
13449088
16914371
83302536
52813831
115151159
14253026
51488381
161111880
158913288
88541066
62733844
15359780
165170695
189265710
140586556
48692965
47221625
79563508
26162185
78723988
30243880
156050946
102569347
6125075
15754379
58379868
28274311
177494337
73078143
72501111
81136205
112050181
105437880
176694016
167855773
32132900
51858226
21621644
61118427
86519707
105437897
71672891
150016662
57897810
119720873
52582912
12250209
41304808
42375343
79599836
11572052
37795437
121872194
88413599
16331874
67773567
5881845
117101673
34528655
8237697
71916076
33687537
65615017
165683859
61110098
160365657
113705743
31684657
85422382
26883784
115726434
5202100
73237085
191671735
210948064
79013059
77337170
132732880
202180702
80236893
45738064
43891341
72633367
175602554
88265052
34579122
154073408
92496521
25674516
11472116
57068675
167439495
111998292
39213536
94856439
69766826
82768676
102156009
13218310
87180154
16132362
141626593
78045362
79803758
44202206
87157700
5504719
125560811
48714769
29056054
89350081
138396070
87666253
92752129
49113946
140832386
87748551
69760889
39317952
82394419
82946136
68950445
140385093
120245412
186659530
80150639
172377949
79411892
20284582
150415770
21827077
107628314
79575081
50222209
47679381
60596180
93263906
120252715
114290844
3846994
8179766
51189797
31287678
85251719
207423074
55681462
27828739
40504099
79085804
32415506
107878745
135851549
108867568
21584926
31499893
46206932
33287171
91494435
38793697
82065257
135262405
43119301
22407989
18735075
145305463
48948834
17339545
137247015
15186524
113752361
124471668
84244264
121409401
104145783
48140280
41603444
81227576
150377926
6553484
44261482
101099749
150540674
27524974
132513014
17787862
60508609
83043928
174617608
14350667
38025021
125342562
164418411
138099429
20889419
50030955
55264746
110332451
86378053
113732743
51404287
122840393
93206879
23261750
99570011
84305193
112211164
81752015
75868559
98473127
99613905
54638351
111955619
28636233
27741144
107007660
11212557
32848966
93785955
46128227
65685201
100337156
11462283
115102684
20553308
22297367
43034228
25622709
7755519
87854211
84600970
21981360
141142521
127796911
150719164
6890692
15622968
143152047
32186292
120609033
31872192
93256831
114652645
119878798
68923347
44591682
4741897
12036342
47176580
158514637
25079883
69280420
79161861
109081608
105292075
153502042
51777014
65195122
204779871
171359104
151854426
188372929
91816066
132113883
28825621
6358688
32845255
22124629
161111077
26103425
109745612
87609959
116853498
136329556
62896626
125542101
4226131
34082845
29729100
186488532
11036589
138914419
12440952
177470878
79648967
171498816
90337435
115686158
18941117
82840213
52455096
32834404
140578608
162816112
116348457
24699514
32606704
29480902
48503676
68599350
43553118
37607048
97256458
116013712
100318357
82292297
50331043
8522732
31962073
100773119
23711621
70850196
64824810
109709438
143046947
48099838
83187201
12277242
108811464
64318681
63894251
62242392
37183700
38271099
87342044
15745000
100794815
85934457
69827263
3234284
4946023
5275835
6682535
7730368
7783391
7784192
12166205
12624229
12797475
12824322
12956194
13945412
15302422
15441943
15518081
15910597
16949084
17519565
19220764
19421632
21421127
21589937
23102575
25120111
25350107
26199465
30197252
30622024
31163588
31248898
31405562
32506748
33961690
36060100
36105416
36508382
37034860
38282371
38546316
40446539
40556860
40570171
41197034
41695188
42036198
42842105
42949463
43471531
45280105
45641824
45746386
46911269
47565549
48481336
50113412
50647219
56258115
57208224
57603329
58047435
58318480
59041152
59271832
59349777
60220614
60974892
62809179
62991365
63148959
63573776
70353026
70800301
71383707
72390446
73218333
75893455
76522417
77509520
77958831
78156752
78307439
78332135
78863941
80189140
80744335
81076687
81747511
82450183
86371749
86414661
86576132
87078715
87497131
87629961
88244348
88892703
88893279
90169011
90470301
92253923
92894109
92897770
92993670
93763917
93890416
96079527
99492712
100965780
102135007
103985019
105473617
109410548
109443926
111274054
117996282
119876871
120033099
122022742
122802042
123326621
126164939
126358692
126996161
127554847
128053947
130886345
131325106
132317017
134774315
139853734
150631090
156116906
158275346
159035790
164044661
164060268
169231858
171086694
179535581
181297454
182805998
183073663
183658478
183997204
185464432
185721167
186020077
186045104
186127787
187365109
187575874
187823275
187853487
188299026
188580883
188798639
189033580
189051475
189694004
190456510
191332492
191645133
191960725
193173356
193186703
193687977
194028210
194029857
194174888
194589785
196246697
196698855
196718986
196948826
197138613
197986569
198282333
199753464
200375706
200505206
200544567
200872666
201147752
201476153
201633991
201845825
202919208
203249466
203272199
203598886
204196926
204289305
204451993
204558842
204704857
204885562
205196026
206075297
206327005
206376864
206856090
207058754
207701690
207905478
208593859
209497055
210211009
210720539
210934818
212341886
212408320
213089920
213272895
213580002
213643522
214970176
216062146
