208687230
16127160
19072439
115675464
183736107
59868408
63901856
3993838
123874749
31630924
63964533
219493863
30754998
167935017
86014597
61631171
106215497
182957035
15919086
31696592
134693832
64131073
196271005
251344474
4148900
204230925
227946446
62835523
53025218
56375609
100160659
68758926
244071206
110978268
155091787
124227028
124237895
127095190
4397835
55948582
107058513
4696311
12251120
6667129
55620100
124348675
4514863
20933662
64458810
3174379
184339740
196303788
28116196
87240795
212913412
17213007
205982692
112773853
124501726
261286083
97729920
163796185
80846559
124563101
7930807
90229848
16499281
103817554
172489679
210198033
46565226
102536512
84503508
221368555
125376119
4821361
12579517
32703776
92463416
4885437
199916895
210395087
114569437
231811327
232982869
48087105
184741037
87744381
244150845
71362314
124846282
207876800
117317619
124875212
5047627
184844447
106762774
65006771
18032074
12042970
17331336
90054593
46587062
115948976
89693273
15546644
73620139
96098435
120455730
37685516
138000249
83167656
54338935
33820507
109773718
62178414
158540561
9732699
107386829
17013782
100585522
257968421
245026299
185097912
111864959
125210779
175183021
6983893
165317967
22586801
78196771
125273343
26769312
6272778
234198109
237559451
121237273
19564857
125370850
17035636
209059197
127981851
41889862
5556280
23725467
18623232
156460192
151675478
95945066
208500784
167978534
39502967
119616798
116200709
48240264
70368191
172883676
23210845
185466301
157533172
200299964
53627159
84919399
16619535
34126985
245458368
38386144
92791722
111766337
109773615
178401946
148949134
11396843
5864741
12502685
79817131
160960167
5928117
185726000
5947567
189022445
20977190
151817738
45043088
227332987
65976580
16181517
209945968
6085069
185870289
153843286
210909468
118291876
87393795
192504194
126021538
120054659
154182690
80988624
250676224
6201106
66134254
130062036
3546339
58367981
209562721
31772856
37269253
137156979
24447972
135492729
6294185
6297475
91795264
47320424
89758746
169456516
103740617
50068616
120175062
11013531
79740402
6389652
118874819
246111561
25553796
46225507
12152218
123985302
20232577
220982491
126301158
152299407
6486326
6513089
137616789
34991811
6535624
25203402
129043716
57032141
6572434
31882286
6583743
181785043
89060676
206113719
83594408
25958868
51305802
163587795
6645563
106269778
15258549
59552967
84179222
126553798
114853785
8714178
114580058
79795083
6283495
18557323
126608269
77780460
33261825
126974312
115247931
82652756
66760179
56900699
158376028
137923294
6906897
240537318
208128275
126791161
118401218
6943975
38429715
166741040
33962515
186295951
147153275
136587488
186834668
109784334
180613413
110649301
222195754
120426753
39009281
7120090
262987781
260234526
7149885
88094344
7202058
116616481
178795851
27710597
23002525
16783492
187055224
40805594
138744395
252548297
43542834
6787238
136488889
104394762
37980734
136258956
27754365
188890795
187314136
15743305
8571706
225690375
249865765
82773075
39130360
257913277
56364084
64458808
67434468
18929448
199719334
68692650
33721543
86937521
127417224
7577236
42907745
91597947
56243625
117145733
7629083
109346268
127505107
12294328
6644643
22728719
27984237
30458709
92857056
77758383
44374881
127613905
51815050
220401947
67722559
200398122
44188736
20796932
254081063
128988732
55641378
104320631
103477557
180330602
67841135
68145129
6458462
17046144
19925730
26527975
22761515
197124339
33677665
152988917
117152837
87776669
244916713
187830678
120174752
117744069
27458611
115663751
126284277
183230025
151072811
30644759
128035073
131517893
139050804
68133973
160116677
216525924
38144815
247940739
52082888
68170467
14078907
68185585
130302540
221573399
201098768
41309060
114360787
128176220
142083652
105686448
22465825
8349146
8801464
222668280
210963798
55225219
248562660
8418907
184324874
78283806
28706733
43455035
224310616
240657471
129525117
64619443
119572473
17516843
113024967
62867594
6173671
59133983
8585605
49214181
48732423
143802589
178686101
72075685
248402756
68653661
128611189
69513600
8793659
90699906
12086085
6589685
100126480
150339103
142702538
109378891
79692171
36184824
224617113
5680908
128156414
128806317
248680766
208522067
34695731
213481951
108283956
114995690
71801883
5768460
194080310
119703750
44418425
128995304
121170911
93579422
135043284
221843428
98670704
124926401
110605108
99250992
189067698
29210232
217850549
102502833
6074989
13126144
15753901
115641625
216711843
11221006
129277775
50319882
215627883
229244765
17987480
69385235
69398037
139663713
69130249
44243170
259938465
202806581
11855184
81294577
113342299
189368889
132568741
69522028
69557241
106126896
154718557
111940807
224682656
106148780
209200767
217949017
120689049
42359902
111399998
129626496
129349700
111382390
189577424
217588404
31027673
77539022
58378265
30567802
100728992
54239537
129773276
199259039
169784330
159612708
25498406
198317421
144973892
6184362
205149586
94115776
91915026
118356860
242135304
122199956
55739525
88630319
104604908
103915120
121970020
129426288
21950902
15206316
120568542
126886112
70062692
74330907
16750115
171317145
78458675
118849532
104812913
134187577
52246757
13240124
85334630
159973962
82345548
27731935
86451420
12042015
164200267
121816687
198821003
238230775
130219289
24693820
263277755
115378662
206682372
110163334
246350592
117327575
213284609
70403833
77111891
225403261
100104787
212507220
35100572
29593223
227058437
146254814
14636883
23067610
140824103
135391600
135907996
190429685
35866978
141108765
78662183
34944909
143403616
143951065
4427956
79691378
9168867
128841435
23150736
83315487
35054920
72070861
154948538
113195295
214856759
38523111
244236734
263240384
86589212
76559926
210181520
121417974
231488270
137907166
78662126
58680197
152524074
215082279
236426248
121209920
78278890
30552196
133177171
77183984
141531256
215191477
6168765
240564956
153290476
99585630
117541390
73143785
118954400
116381382
76089059
136549436
218437006
23862326
10044687
120399657
80769654
7493564
6716184
155451359
144367010
27825852
83621955
129793883
4920536
226024640
248568630
18103128
16176102
87300805
179447588
135257422
81782505
215512313
75443031
189137446
103789985
181834456
32796667
16756379
253134334
29501003
5281813
63509452
11095724
35935220
94417609
105213322
41512039
13679679
107600198
100976048
244462691
261970140
107151279
155899959
174925587
62774979
36066446
177465746
152983781
113184165
60836994
132027390
57913608
11960653
135027411
156016779
30322121
195389244
18190627
15924182
213389396
86304351
214911303
84957621
158020297
156717360
36268139
250517441
55712832
174520430
105695015
18551923
4887570
36312665
20971648
17606196
121888578
128052858
129903238
66574221
43154309
216203431
112625708
69705627
142954431
111400776
114081914
12913152
36507903
29873151
36529549
252444418
207611449
135060184
156448531
32227170
27354863
107260663
28581147
56413504
249739992
215305386
104392015
49088615
79706650
24420516
136450683
59676293
127647305
111913967
216533198
63103319
216576680
7438594
156673985
241801937
140217111
156713454
119917662
96803997
96805530
13162115
213794378
260513760
9376542
129005308
121888457
245064703
139892747
13701381
216829382
109078118
150859499
82543020
13920353
85132646
110567171
123837356
102114539
87092509
121614704
110851831
126246122
109822619
98402810
127527149
90541426
268911584
25756185
147870381
5566226
19197727
125643903
68829541
37348877
157214427
115855492
28537212
83873457
222290713
264733564
226243300
17413020
99683805
214385527
14139265
115669341
161270489
150859419
7723139
62829455
115822612
38982529
157413957
74665318
132333698
33321888
29117471
145822858
248809150
208957108
135541740
140650137
43646781
248579211
182929006
40482514
217878208
55471690
217521602
18529762
23675791
111815238
117629154
157650353
97729966
41816809
262057402
25482358
86369737
257699688
114278736
12343545
102804182
106526841
48092024
23150201
50708833
19756009
34559055
105333390
74260127
91274870
97940969
4799665
143085534
110282326
38065788
112472121
68183415
89096004
45672268
82340468
25964062
61351229
76833114
74249149
68380387
234947620
47004805
3091593
102278581
25821712
13022330
38211880
56062847
130932107
47292694
236666597
231476769
24825342
4482099
19197551
180662453
63289171
104260328
243017002
158206414
214998505
167151373
13515004
8204738
248765216
11412787
77227225
114469840
32631944
18255905
178910578
253845531
212556851
32215871
79011889
108158124
225695638
117786200
106756649
81771030
94636101
11478445
158484979
113358887
111497556
13044147
113402678
225805111
17007680
197928955
234027806
218483528
9025853
38708852
203896153
103110607
217440063
38744344
192607726
44478703
173665952
115909976
63289078
154570890
19219350
122468415
237202982
62051828
98825707
117530405
35894654
44128299
34232134
58307252
12945544
23095266
180826557
13416345
114716492
158904750
131380862
37011430
84792861
120128527
221403531
218916144
150793426
6300525
27047826
8379780
218966966
135081599
128687536
219027208
111092334
99170927
102333130
114059508
17949185
18781307
38073444
119008451
141898169
49307112
53621017
58548065
213509256
39402335
103176176
25011262
92566590
190067434
25098849
155786112
8839581
114524754
34931042
13382006
175253422
31087938
56785239
123333260
39554838
99498621
45529660
144749496
13306750
105508275
39618497
178603794
218031141
124822303
12648721
138935553
109329454
112438968
63190365
99690936
232998403
47248612
104818453
6025625
159687182
39840439
232626123
57047958
9091336
77434993
59993234
108333068
18058562
39906164
36179153
111880538
207870420
96880406
40876270
102442496
99877397
49635467
15310350
110249125
130187251
232056746
203195180
200129455
43112748
99997283
23281202
118975456
119106841
6069363
33649890
40171521
40183177
55837791
14094963
40339715
24573153
169855432
26434475
140961014
8510957
69496885
77588195
87891202
220136168
42091532
69726807
225640565
40389115
147705578
18080366
196932280
160309693
227403335
148647177
115635926
206162256
5248105
245932970
135015648
56226643
31230075
263972966
220432939
43558644
126070307
121570267
222958005
12463479
241352322
159201974
49985694
63244932
81748741
24737296
40744828
103920462
220552191
37765072
96321847
126376851
109635829
77927522
248567685
40646246
73438427
6134920
40923250
202056316
106712423
72912859
123015482
226779151
3102029
109646747
212983406
78934797
63058746
213180483
235133227
220822937
22240868
68182869
114179616
41098584
220893317
203884766
220919241
177212999
77029648
20029153
27748197
6529033
78157389
220974365
41850500
75440471
63781343
112186871
221578329
128446131
110205094
101206042
221082317
15945148
124559225
25197049
211932243
116533602
41347314
57606079
104051736
111902168
85241350
151198125
218403081
87912893
23740803
126409575
101420768
36989087
218501608
122840194
224403116
87124549
101505611
27129305
111212342
53489213
168201885
71489367
119931977
183486684
171004823
112580956
49372378
231092927
77456558
46251905
19711528
218720551
103701304
63737451
101829020
11171297
103821733
173829638
239665974
44992751
92905574
13065465
157800294
112066320
79777717
117694097
130154058
39726264
12003395
229976086
219158471
204683888
130208787
18123873
193544679
9802629
17861092
59839556
172789438
101981544
101985343
227304503
117157560
178373417
42106612
122424024
255301085
31726306
41072948
137862107
221947438
118624710
120365599
221973684
105825325
86139019
162125078
77883470
111770622
27014409
57890588
134511686
155424273
270169790
19010678
155087448
125938605
80456458
18408472
201596189
92500350
69781173
16284358
48244488
234712351
120529782
127405752
138300006
40711565
83872522
121000580
46348901
162464440
42548937
222344379
229910275
173106862
171201734
80226492
177803979
5893728
149336576
175384245
42624467
26576379
181198154
49799204
12780632
114234065
125785258
228497826
102652751
172165216
64438004
220734976
25503354
121810755
11291548
186738323
222604423
28711404
157927331
44532704
102157289
222696134
222717209
206468396
137960502
114674760
114179272
222782951
20685753
222808192
122193928
53127633
182744362
43071627
117376359
135518849
162961848
103042125
48364805
222912022
176474124
119193881
8488540
80927119
95117021
14729462
58558307
197271187
145022557
83160704
210245746
63244470
117704795
195639775
106339730
51507135
51375746
104565986
41149376
42517999
17390043
92171711
249990596
43370864
87020676
60113033
133898343
163258829
42912150
43407531
107095185
28634649
113500347
30134658
176369501
43469520
26893750
22809771
131226765
59904978
206752961
111868926
222847989
128546045
103494508
161796361
8302329
94043946
223402586
63802803
215577840
218873488
122817910
43636656
75890493
23036256
8773115
109020684
226285943
103660938
86389829
118810556
8170908
119686472
83423381
199340443
43822550
30452110
89290528
10076018
187307480
115909050
176840233
7656283
114901737
43896354
158500653
205176236
15003054
129101141
35411982
107368806
232589304
177157725
201103186
68740723
13142049
163939338
223874315
24911865
94054794
119817790
154252394
33714852
249618181
152373425
111803113
243928361
207979125
109251989
44244677
124952850
237256742
104214545
135803302
89040119
67591027
115788521
139044196
109700875
9353280
31087043
11619720
44434278
183420475
44460803
118379582
104409104
110368742
176380261
164360133
110675309
41707553
3160297
53945104
88591164
214154294
6626943
104547620
87934212
104584560
13218233
141376277
44678250
181515307
48211230
80116615
71358625
122664427
135507602
44598054
11816747
134347004
62006955
164650045
104729646
104730518
118416196
87561913
204015472
224650853
46601696
80828268
108649675
104824877
42331577
60233191
105266424
46656426
26876535
61306186
112164289
224764712
32127096
75890244
68291637
19415297
258705691
40404524
217132331
29893479
53236746
115295675
190394865
93189639
70941270
10951697
45169727
253176420
106700696
211449777
5360364
84682253
45231406
78912126
137007517
184559021
45296045
45307093
45310934
36134368
28754741
190427674
225136155
5061098
165474893
4885904
113762759
225240114
119281048
197533550
182270640
69145571
24254670
72846331
226526492
63900994
105472623
7218019
165410482
99266258
17312991
78404890
164018638
164467546
102868470
194259772
119302915
199559082
11082995
81298931
105601134
105615860
243814931
115021842
99485204
17980847
105699213
112875822
45803756
58163667
172766849
204187360
45860147
183814378
105822704
208088307
220405931
184799780
99025313
165795741
13185151
196274327
21342153
116784580
38225504
103021685
225803608
153080510
105999795
120956142
5367548
240409726
192080838
75342599
21123149
236435232
38061244
76043323
20203422
186179312
32915206
191839937
125717804
92685790
146105959
59094251
46271898
119061920
200785255
107182251
226122120
12363903
46404342
7973349
75575422
106307346
37119584
126124004
127481356
40918884
126682400
121777239
135835753
117594718
38236364
113587379
88744096
23520901
106479404
179182823
17422294
130580208
57298550
126052925
267825917
125204242
111299011
116850151
103339082
106614288
41960715
18769002
108736934
226508315
233818307
13995233
106694764
113642074
46814141
137379497
46838795
23312811
228913132
245019110
113576363
155664317
86225757
106825911
206741395
237015379
50302079
17816395
106888264
83849804
166874852
189836121
110685798
46995464
47214443
142543111
86422808
110958070
107004111
114769765
108517339
224753244
140543708
114583627
107795243
77608849
183606115
53488198
105944853
226635679
106492300
79919073
21801778
143981668
47248501
157602219
70450659
211339909
110324433
160514647
116160247
88579715
229898457
227124168
167209515
12549851
66999226
265395105
60977273
66178045
18057189
21506122
197938304
29520785
267464452
17794404
102276886
16349133
250022690
6254152
177441764
163941642
89576032
167407877
227337356
163985433
227348058
97711134
47585184
33933206
36046362
47631611
86335110
227894730
10392844
24429461
6100834
106415570
4611767
112043351
18385604
139372052
220920201
122028829
227572026
36440490
6210300
13863648
140466934
34130243
12878232
111802444
179861426
6779633
124295249
6308824
11338959
129418937
191226475
132791661
138736967
64934505
5016825
227784760
92083264
153036346
80871486
11619059
74915225
156605712
47422283
37896650
62926063
108053106
20520576
129090859
172032833
44236101
168071771
27133761
208241168
11783257
48276005
228064666
131576259
18341700
147211429
17903738
48319522
189923474
228117198
51626653
48370801
11969368
115853479
105813242
49009829
117528669
68236270
219047795
100546767
108367836
21812504
29728626
108421418
211854288
35662978
108458033
48535427
164510805
228338432
224062414
228409166
12100721
110674565
113159987
173488976
47181307
149751536
48644037
22129989
53695954
217295910
168569945
228506019
108654760
56750713
88240036
17443799
219792267
236117225
190919751
55918578
18790518
9221088
118207428
118674624
5707153
139984983
25546032
240025992
171518098
119926403
31738499
65400376
207989202
108930897
15780697
7118844
214514801
153715001
149466786
109612425
228848030
49073957
115360645
118448260
194040155
12659019
86685207
111605129
177342924
25469343
114366636
11104251
173269889
203981833
228990339
112097819
151503268
158532524
118929990
39265065
49255996
72309145
109201042
223142566
222912636
117747490
68455088
52108228
169187664
209171631
210726387
229154861
16896235
49382817
135486240
14367009
152013196
17925429
51570933
80816476
112743757
109440698
109875117
119280305
109473723
121754775
202197072
125170856
63965944
126287649
149937485
23169960
15242883
166415722
259657405
51297934
98170601
129433714
110433479
133678205
30418183
18021659
236795882
5990960
77498878
126878866
128209577
104739983
218346806
153944787
23509348
111791132
227884019
31075100
98345754
49888591
148273189
200368530
17574974
47279609
248500329
31326912
16370577
119893371
109935414
200907457
164225859
109971636
188280810
210846698
89057667
95236202
182565425
146499417
214722629
229920398
113302039
50158963
265449341
198540001
92498935
113827585
161729459
126626964
34337840
114692549
60035140
211908717
170103665
89389402
170128950
29585961
133647643
85294470
194215119
38399899
114057488
50335097
232022009
110281105
50235760
110301060
205744403
243135235
218963944
226306620
36440008
105473452
41914505
5552875
52578828
192901210
110401021
31370610
185992387
13129573
25677126
230312984
101520845
105659565
16589448
110526378
114572038
174682046
61031425
68016885
110586426
118305639
42596249
60371820
93057240
50690958
110630363
110641679
41509341
164652743
52819656
119696142
112831118
64195654
122630465
121806597
75122750
170704313
5914114
173039647
227105806
54418177
180703939
86301659
116236223
110947854
16589371
157119784
82721328
110938610
34720906
110962897
72089840
5038163
230773695
63238186
51083405
69943827
79491354
51106846
13512673
105429527
171012899
34666136
110104744
72856244
28129577
169557809
262788543
99976912
111164829
122509946
139141475
58666321
7184121
197959495
233905061
231122746
30987240
19249910
17213395
109502511
189550647
111336554
18614850
125455190
221456020
111401010
231271577
16961542
88587297
231307857
120002573
120473379
111473892
114020149
120725202
111505820
119422269
80005868
51598433
228977957
110290793
226667712
115031707
224280827
51659613
32432446
182806011
120177729
39450751
23498057
168484714
112294445
51748677
111687003
111697692
120593775
128630340
51811277
46151517
113805387
234232486
120046306
27253529
52293890
111841486
240317919
197849893
111861911
84450169
22961509
246799200
51966066
101345395
236357510
210843050
208547046
171927201
12417601
130206941
44552913
117407558
52111306
167400688
51056613
52655165
212674798
40709802
142426011
21976060
113071739
28030853
52205121
122663054
12563457
53465370
172875159
11136530
109808916
265832164
42757237
102571619
132276255
25304523
217755094
172239035
117553881
125148447
35662268
134575528
13391995
112381205
77487439
232245070
231901313
87341533
122860087
202623550
37359342
165188916
145283631
112472377
10906552
21538030
112533079
83783084
52625358
84199143
52639673
16829944
54669687
112582705
64994590
115896488
51100301
44925061
112672241
60833954
24078160
114713981
228309855
179663444
123856389
114724921
112786407
40643978
23848211
122531547
47552792
113301536
39954184
198353366
6406445
205852297
172824724
57275490
186320401
88994736
109874478
172875625
60571127
207933715
120035141
33767969
95826898
63111285
93779431
178053881
19917473
227390072
119772350
6318811
173056515
237822696
12121769
124557046
4238484
163393144
246633433
150090105
218806026
221532325
96571384
12532570
173207929
113286792
118086164
90155264
53384882
34238718
131980439
106326929
117056946
173301899
114768602
85436230
113398334
73337581
90439914
116290502
151809057
173378807
13775011
233328419
59857045
113497701
99724654
247755132
228211164
220043209
65859390
222999434
101585970
57472446
12296870
12498053
25140041
215207908
230663714
132089866
200499216
139578979
146805318
24340750
59169517
105231954
85874120
107399851
108157388
113798696
113826421
234769557
226535908
173802268
171451484
225736625
113890799
57538084
86114973
113911878
50005169
25172417
129637243
41859109
115162661
178754449
103633358
66822816
63023511
186572026
170641230
124655426
54126623
191625626
71432333
174010594
174013922
188499037
81681490
172644882
236060729
112611511
114136922
6789424
114153910
114178282
19260326
33800593
182411369
44508712
80454277
205918867
54333723
33340726
5081356
22632601
32760425
106074928
106348652
9712774
2793005
50870062
24263987
113684469
121283074
106184401
222013870
130524024
91392296
197093940
6252868
136589762
68870196
152531504
90888631
183396725
36253113
77957852
211995506
123516636
78516242
114611160
135319648
148786917
38749465
29913620
121315868
15767507
198922370
48921069
116574935
43950217
54848392
12362347
91118501
145020338
124359661
245543190
78877511
6997323
31796804
174831913
14136063
172031590
142447391
136797706
59113054
55023932
234826647
67179531
32847882
115036458
134224670
200739843
208129266
83399399
183407561
55223538
81067253
6493611
104573689
175124160
115204012
188433138
6624992
79022060
158432874
220612240
196396256
115906948
235155587
27482822
184535276
43183684
81514451
113695239
105888600
115372086
21526545
175371589
236159784
16840364
38617923
26409786
115498146
7566555
53738487
71437227
19960819
82348220
55602318
113596663
89027106
119498168
245433564
37041246
7172371
104567761
5924183
124731780
101892165
114790085
85194937
33626882
235541229
88939487
219193275
116169648
106654965
39417153
133830376
175696652
129746397
175710218
19916976
40533942
116574746
158432772
77640100
175735780
118129500
195440386
175766019
115844618
205568207
186046136
223451285
20048343
6022672
215739817
123450693
117220709
112470115
17201588
119388604
62245772
115994763
175948892
107738861
109589240
89377383
116054809
182728555
104125679
29241896
73884537
236023046
229371275
171210185
176116822
112600185
56273310
80147346
38789937
16953149
116265184
18121249
209728748
135363139
176312398
12690541
84450285
121622139
116328286
53847826
7649914
164443672
116333764
184294202
119848386
101158441
82753169
239585442
116434302
59628878
173367089
66603386
7325499
57066805
116496730
117877547
157885191
17529958
153774580
236398313
13916785
230608443
11759829
16073734
236432948
121096540
33384097
207484140
87067036
41716276
48428010
12657626
29146817
93023282
83333416
182564202
160272037
56794586
188246727
12044467
116768081
120778982
176747179
6427616
202349019
116257253
227827332
116910367
7029795
208535190
157677084
6985994
110477715
29694216
161777528
115873793
111899305
141384961
29157710
175272110
99734958
45811132
116191301
134344742
13139307
177025495
110607301
117119184
17628389
240112065
84888089
156735426
13172136
238874820
242444193
221849123
209761421
114089055
20069991
152113147
32770825
177235342
49478995
51384119
237198673
23387522
62234573
188815961
60745506
125640227
237253625
79391649
96285955
21011578
230115579
136319540
18044393
109588981
47135883
66603204
117480456
151786418
39581063
163031036
182870623
117545950
158191573
234571793
240160513
173903378
56442505
127173043
248757575
177593167
177636716
19303476
80158016
257652253
117764462
150417744
61895078
115753207
121906540
110935640
230881934
119508702
90820283
89946399
34325478
177801867
28478710
95615168
177860244
229502336
58032243
117966675
58055120
80771112
106950164
41234263
35748810
111220264
118115394
67884118
119826173
100982943
27427559
5762915
20672019
58255474
29496911
69592148
118199722
206991144
112391782
17934755
118267744
238133221
22511431
146048996
70906008
118305992
178258640
134924802
220852553
118366849
210308663
178311024
181633230
178337332
91314925
118429472
21011390
58517011
204089617
43314500
178401629
5354314
118479576
205129765
238367514
118521990
132833511
211096962
178472392
124424675
17233961
71190632
223825031
17277754
204078641
18788712
114537715
24690219
208742904
201724593
100402542
118829708
40976246
118717700
115161790
108132531
233859897
44823769
117176402
104760232
108493839
5474697
45175768
57493392
136041516
139085337
227268582
5879801
190906951
262020704
123187383
118873441
85993626
118883874
58952248
84252732
109030318
157041681
140716721
72314666
16106149
126296879
202348632
159297158
63055447
115993860
183023637
11967409
99822183
127523151
5332309
51580884
37453996
31642753
112391626
229042271
85041021
246013212
73095654
190698862
28314241
197936148
119181104
119199175
113245625
211501946
189757231
35190197
259097246
109720038
39679284
119277347
45120935
106665262
121041294
179249684
100665201
21372542
102986385
88172387
42799724
239271802
54504199
195593012
116858751
186461543
134689111
56037050
14069532
66526190
163304400
119510524
196041906
179481779
5693534
133993913
10160722
123307686
47157387
262896480
109949898
82862065
17113319
6350451
120668959
119715233
7171621
62639254
11408881
130982909
112150627
179700417
239635135
70029818
126581402
115019255
48088016
39843412
127532004
179331720
107396787
7060150
190492058
155769466
56834300
100805482
236594978
66250435
176933875
60940168
112553752
14155087
185419344
7892253
186470440
257387109
143035751
19279202
70814942
70825779
6260836
83365734
189656582
241565789
79542485
220127639
73630018
69371420
20571162
113472717
163477505
130882958
150448193
34093167
196707714
243539231
172298223
139247356
184817091
120228939
49859715
8637635
139466329
190920919
210350153
245813962
67268617
29516462
92013353
199992390
11603892
56757561
109925903
59078744
251011165
18863062
41680774
17590687
177459321
173863409
215758919
198985050
131229419
132743598
116878490
85980411
45096843
237919680
120885818
241357662
114940506
34224477
112542673
12501658
92188478
141601310
149988242
232992609
33293795
11579895
71513445
8286276
126907740
71549903
11635511
170977456
27698841
135141376
11673356
119714231
156229145
14330100
92626398
135612170
116944123
172214672
71697469
112816345
172499343
11784330
32122212
5406651
251524709
80516788
7970120
169346018
133674175
65932711
146867714
179528579
88640929
11918296
136477107
76947391
125363867
11957836
5384721
110484171
111491475
118542627
12030643
174163545
120239716
12060856
234580121
131929552
215791632
78458324
109378299
158199889
12114397
166192652
5067161
203484938
73060448
63622404
251965025
37563780
40771836
132020801
49848555
123053568
91049637
72234375
160258260
251375836
218977742
61334036
12389854
174283918
37651346
108984078
12419372
58158816
57107711
34027218
46749953
72423746
132360169
12457675
12534297
182112425
176123320
132423140
101549679
151455218
195689177
176156160
210393680
32089214
240426785
132487846
17012438
251835640
121225017
12655960
42676871
12674463
17231409
157249143
119900176
21972318
126951328
74812186
19607326
58837322
191309539
57359471
139991573
12828337
132717543
183043030
99786833
75195377
72828784
167539240
132793423
12940029
122845410
192786287
117261413
26625590
260780898
127892884
197550420
141776213
205050479
193762059
13110760
13114947
132991819
6873571
100257588
189163467
113523958
114480329
48731582
77297522
143976931
132743254
135392908
13070678
132130103
20340809
116056965
193131919
115356225
7234848
231404673
170637722
101538581
179564883
73324366
141849659
73335797
107363442
111403622
13433058
8198343
47362914
73406491
219163669
133345548
82498249
11614422
127312504
115837946
15895472
108892048
231919240
237360890
17892478
14165523
106246612
111688264
130215158
45435856
193450879
79246362
176561073
106421774
7782230
162020791
43804436
122976654
133621181
207141615
