2954965
3257235
3272081
3350644
3402333
3771112
3948839
4018661
4076431
4088534
4142197
4177456
4181715
4183796
4200243
4203738
4334185
4357906
4405715
4514775
4590248
4789336
4848437
4969036
5205030
5223124
5242553
5276182
5352537
5465469
5483840
5591807
5600243
5605535
5621080
5634330
5684822
5757916
5764884
5775122
5900275
5906447
5922404
5941491
6065791
6068036
6072879
6080384
6083488
6113785
6126110
6159364
6306535
6316270
6325337
6337163
6419600
6432977
6436291
6515257
6643760
6645256
6658471
6707620
6761143
6783745
6851747
7040655
7041503
7066810
7075688
7087076
7111046
7120604
7185953
7435802
7437186
7478233
7667240
7670634
7690180
7765705
7804618
7865476
7904542
8021412
8109411
8161888
8178788
8201569
8205858
8253056
8284967
8334626
8410579
8634298
8732132
8761850
9006046
9046207
10786600
11036589
11119855
11144849
11165284
11289205
11299695
11341771
11345372
11375907
11407790
11490423
11494859
11519957
11538732
11577897
11644334
11719512
11770035
11801902
11832424
11837815
11872649
11873195
11905096
11916055
11943068
11962640
11974542
11974774
11981742
12047520
12050201
12050768
12080470
12104527
12147246
12162514
12193554
12208327
12221208
12256930
12257765
12262254
12278551
12296487
12299731
12304195
12305162
12306162
12313587
12336415
12344558
12344932
12360242
12368032
12408136
12415902
12430222
12442679
12445533
12459320
12463918
12478164
12492069
12503785
12544503
12553367
12555799
12578570
12608472
12609565
12609575
12611411
12633122
12633416
12663252
12672845
12678909
12721887
12729592
12735567
12741586
12748747
12765748
12786956
12808104
12821327
12822203
12834421
12850873
12851782
12853501
12860691
12898999
12920663
12940557
12956938
12975243
12984287
13001120
13043176
13098854
13104438
13133213
13235621
13314725
13421343
13462819
13501882
13541125
13603618
13614629
13618080
13621663
13641990
13656158
13685503
13756317
13760609
13838879
13879418
13908030
14053843
14178083
14241341
14435573
14501929
14725615
14925073
14969165
15043571
15102962
15123989
15158556
15186515
15263443
15324116
15347437
15355210
15357056
15492077
15512968
15541102
15594037
15635696
15652043
15657277
15670856
15678958
15781079
15790988
15829945
15856940
15933277
15940067
15948667
15969229
16083008
16150208
16173713
16205146
16206045
16207240
16212306
16265254
16333178
16395112
16400887
16449020
16467089
16470525
16537321
16557576
16592416
16626157
16676608
16749698
16754776
16776221
16780986
16789659
16793918
16806057
16822721
16828293
16832782
16833527
16845458
16980564
17031204
17036977
17044306
17045023
17051618
17065895
17095918
17106800
17113038
17119539
17138611
17156131
17242387
17351628
17373929
17394067
17394143
17422826
17435335
17445801
17446067
17455416
17469357
17504894
17508082
17581091
17585903
17618598
17623209
17639066
17701066
17703248
17773730
17783623
17805351
17821003
17851385
17884559
17974624
17981673
17999878
18024762
18041181
18055848
18069582
18090934
18092188
18101768
18141905
18148153
18194761
18228684
18232418
18232785
18238884
18325471
18339450
18346477
18347265
18355277
18409099
18495353
18600885
18610521
18629599
18637242
18644780
18648838
18657282
18661438
18673926
18743507
18759884
18771995
18775988
18836787
18952967
18977556
19006796
19008988
19012048
19041092
19052731
19140697
19187494
19261892
19298002
19299830
19327117
19337513
19361766
19404261
19427415
19504249
19508175
19541012
19581446
19582266
19602872
19606067
19674240
19683418
19695917
19730107
19762655
19819151
19853177
19854350
19867693
19963552
19990414
20029673
20030086
20035498
20063544
20067876
20115526
20124158
20167821
20181902
20195723
20205321
20212763
20224274
20228808
20299143
20348023
20357925
20403892
20454614
20479650
20565246
20630531
20655641
20660366
20775473
20867580
20875223
20890452
20930962
20956667
20979357
21000216
21089468
21115951
21121229
21143639
21164295
21204040
21223537
21231164
21316865
21434596
21505407
21515877
21603164
21605443
21623301
21632548
21638581
21667643
21785125
21997136
22035197
22082764
22106051
22153284
22172004
22183590
22192267
22253393
22257066
22296433
22302172
22367635
22393446
22413738
22429348
22462231
22487893
22529183
22541727
22657751
22674749
22720733
22724502
22743029
22811222
22995652
23076331
23085901
23102575
23157907
23203670
23261750
23279401
23331904
23370813
23443738
23451591
23475089
23484134
23488597
23504934
23640955
23648641
23704245
23718314
23759057
23766719
23853702
23853946
23855440
23860689
23918521
23943960
23949436
23960651
23963972
23966851
24025181
24032411
24046702
24068021
24090430
24097182
24143661
24152576
24179491
24234533
24294668
24299374
24306992
24346507
24360798
24479371
24481551
24565815
24583435
24616130
24633100
24633107
24680295
24704625
24755271
24886139
24963311
24991433
25000582
25014246
25033161
25049194
25109047
25120758
25140624
25252437
25262548
25274715
25287910
25299246
25306700
25395020
25409366
25421162
25433285
25466504
25707078
25780217
25824601
25825874
25835986
25858205
25932135
25978671
26048794
26107514
26171553
26269838
26301845
26331477
26364794
26428715
26478762
26485073
26568921
26608355
26622025
26635508
26648263
26662221
26687659
26688074
26697139
26730136
26748509
26782913
26818352
26826591
26830238
26851741
26864720
26875030
26907510
26911150
26935796
26955757
26962446
26971751
26974749
27005856
27012384
27020724
27040020
27045945
27062279
27115928
27123178
27175663
27227595
27241057
27271783
27326892
27334235
27358005
27374868
27376797
27414991
27419019
27425074
27449327
27473489
27486994
27526130
27540826
27597327
27608502
27705498
27719859
27775752
27818939
27818954
27832716
27919759
27921708
27954168
27966713
27972691
27995176
28025482
28044026
28083087
28092930
28100066
28109602
28135832
28142300
28217717
28245208
28246272
28263290
28266292
28277611
28325672
28365373
28442011
28444619
28471091
28483160
28518704
28581858
28587846
28611067
28614789
28643606
28647641
28668454
28679078
28699553
28722113
28729398
28731483
28767991
28888886
28898947
28912840
28928081
28956691
28960758
29034776
29044099
29068241
29089116
29114517
29149178
29152201
29155504
29180734
29190936
29197259
29289841
29304638
29336064
29388436
29402203
29467204
29514175
29594126
29618633
29640904
29687103
29733707
29791889
29800801
29802458
29856044
29893529
29987337
29998789
30014682
30014872
30020793
30119652
30143627
30170562
30174396
30189858
30190520
30239420
30257079
30319366
30438807
30489570
30526023
30559261
30597499
30638318
30663145
30674904
30707035
30746346
30769110
30814878
30831743
30876629
30968327
30972742
30983905
31037579
31047042
31055266
31086538
31095913
31120762
31171300
31182803
31195740
31233901
31249245
31262473
31265055
31269119
31364322
31402584
31432962
31444095
31453784
31511264
31562094
31585340
31610621
31613532
31623608
31626156
31658147
31671208
31709124
31727747
31751140
31774202
31774908
31781287
31800613
31933442
31937967
31979200
32007547
32035490
32138106
32173249
32183712
32288278
32391747
32442302
32543223
32566720
32583747
32619737
32703428
32720509
32721018
32721611
32770617
32824889
32867540
32936809
33025512
33071624
33121146
33245991
33300791
33326840
33442338
33444823
33488391
33564113
33634128
33678193
33700307
33702441
33733693
33739555
33745823
33790850
33907692
34016620
34039859
34146086
34179363
34214713
34215307
34287999
34288512
34291493
34342066
34360904
34542267
34629977
34668414
34679028
34738146
34803002
34864623
34925443
34944907
34992401
34999557
35041942
35069470
35115364
35150401
35302000
35308453
35312159
35334037
35341460
35364570
35571243
35600143
35622289
35623650
35754644
35783455
35821457
35847402
35868107
36043688
36071101
36135000
36160137
36177774
36183862
36264431
36359575
36367018
36413097
36415039
36453827
36486904
36615320
36641557
36685927
36748757
36912458
36956520
36999373
37009395
37039175
37092144
37148271
37238579
37241146
37270186
37394260
37447065
37492690
37581796
37582102
37604405
37611335
37681964
37711991
37758030
37769397
37785037
37785886
37793303
37795342
37798853
37961885
37973051
38055091
38076644
38129669
38160070
38169529
38190370
38223866
38249385
38260383
38284071
38315757
38505021
38592999
38645274
38661983
38670507
38689883
38747990
38753863
38808727
38817751
38900732
38915084
38926053
39069826
39070322
39072499
39082399
39158423
39169562
39190975
39206930
39210727
39222913
39231556
39350130
39419052
39440686
39466246
39485919
39503240
39578953
39623033
39633512
39652035
39659062
39664092
39700987
39762407
39846407
39860838
39890572
40036251
40082598
40084828
40160060
40161259
40196943
40263100
40277813
40299040
40304425
40382852
40449587
40542569
40544195
40552725
40583922
40638939
40713059
40787306
40803718
40851123
40864415
40876842
40896810
40909807
40934143
40936503
40998521
41024879
41025299
41068995
41097370
41110409
41111000
41117546
41150166
41154065
41285041
41375569
41507956
41678440
41688227
41716596
41830465
41856100
41979339
41996037
42041081
42054634
42106186
42126573
42129035
42168142
42187171
42233492
42240736
42330045
42336816
42342224
42365951
42375807
42386158
42485391
42510272
42570382
42663689
42675393
42792941
42916219
42949121
42970181
42974898
43048024
43075311
43162124
43162451
43174744
43177356
43292380
43355484
43358942
43376945
43407985
43438872
43444972
43448826
43451732
43514231
43566402
43584260
43678698
43744363
43746043
43869342
43875325
43883359
43891341
43960095
44036531
44194363
44402378
44496244
44517495
44609872
44614326
44619191
44634291
44660688
44701568
44709930
44732515
44755431
44780622
44782708
44854492
44949057
45064748
45132529
45231275
45287942
45335580
45361779
45363380
45388111
45417929
45423542
45478859
45485782
45576980
45650823
45669753
45675796
45780439
45783184
45855306
45858395
45889940
45899227
45957710
45987321
46001938
46003029
46014348
46019590
46022616
46048066
46053946
46142752
46144767
46150758
46241979
46245748
46311276
46343543
46442795
46452523
46632020
46653844
46670606
46884892
46911297
47019001
47077805
47103349
47219466
47345082
47397718
47526266
47534132
47562149
47634047
47638358
47652190
47737634
47812041
47865819
47957847
47971802
48037505
48097760
48186378
48202054
48287423
48344192
48353551
48375448
48483196
48537001
48649249
48668307
48737959
48766097
48774554
48789817
48795501
48796521
48807361
48843709
48941470
48969745
48973442
49094561
49238418
49252450
49294561
49298065
49328356
49343330
49550108
49570588
49626237
49751330
49754231
49849803
49856991
49902670
49944399
50006242
50022130
50071825
50095490
50199816
50200379
50206142
50247907
50254108
50255379
50330917
50355224
50369048
50450356
50484427
50529983
50554823
50600372
50622272
50636726
50652250
50681226
50685854
50726547
50870573
50888529
50908995
50927353
50927523
50940534
50995054
50995474
51058268
51108278
51110709
51113143
51135547
51183452
51188822
51210896
51217335
51245590
51263150
51266973
51358027
51451347
51477005
51538802
51555853
51652782
51757311
51763680
51791260
51832171
51923511
51995484
52004741
52008390
52238720
52266339
52283650
52372475
52467280
52504243
52650333
52672616
52675030
52822219
52841564
52894329
52928296
52951808
52968563
53005482
53070320
53102384
53145657
53152433
53152733
53153823
53270793
53304450
53424348
53424753
53429474
53431896
53487308
53539633
53548114
53615136
53658198
53691616
53840070
53866097
53931464
53980391
54022971
54052214
54121243
54150438
54291194
54302450
54573080
54636307
54678508
54701548
54892265
54959161
55005295
55028787
55052083
55068570
55088026
55092935
55194906
55282992
55308083
55335646
55358989
55363045
55385561
55400067
55416588
55430567
55448465
55468882
55542868
55607710
55608086
55629626
55697954
55731521
55739773
55743586
55981177
56004172
56018457
56166731
56253032
56275655
56335452
56355204
56440992
56452254
56500840
56561069
56620074
56623059
56643739
56696245
56734398
56848244
56867964
56896065
56951396
56954238
57019724
57034007
57043125
57075466
57077440
57342704
57366213
57367810
57424567
57446206
57446617
57553118
57584926
57722115
57728599
57731807
57780336
57790542
57841032
57888357
57904040
57955649
58127262
58192129
58365449
58412814
58419966
58425760
58425807
58437026
58459409
58529853
58586794
58702451
58705431
58727783
58745265
58755415
58832626
58877435
58911070
59029867
59032481
59260616
59276169
59416332
59598098
59624004
59625212
59643440
59684511
59720143
59758482
59803932
59856757
59961370
60050730
60159379
60221167
60266922
60282372
60283998
60349452
60543218
60557788
60621555
60627036
60689859
60869309
60891073
60941570
60951058
60963215
61010370
61016310
61064374
61130251
61137971
61140507
61170900
61231540
61244907
61263397
61308575
61311263
61316455
61328171
61474235
61605197
61684175
61783846
61789044
61866325
61874928
61932044
61939787
62041687
62046514
62128116
62152587
62214196
62219291
62257973
62315244
62494294
62646349
62720779
62734764
62793772
62805777
62809148
62907719
62982760
63054368
63202919
63282035
63327458
63337405
63339625
63360120
63377183
63379218
63423252
63449802
63467239
63517589
63549658
63562161
63588320
63634251
63686169
63719380
63870407
63947538
64049121
64062813
64097079
64167616
64184480
64294505
64319550
64345318
64544694
64580746
64639361
64664128
64673096
64803557
64812185
65079423
65082950
65166708
65230316
65232028
65274750
65306041
65315148
65319465
65356755
65404582
65432711
65532059
65536519
65733378
65768114
65782152
65826565
65901275
65999984
66044279
66063467
66117096
66129496
66139012
66232619
66349223
66355635
66383328
66409161
66435590
66450372
66522554
66549016
66631920
66661130
66676183
66748295
66818755
66932828
67048230
67103286
67124544
67284854
67381011
67383751
67490405
67522805
67535995
67573293
67574925
67584202
67657150
67690942
67707297
67718493
67736084
67764616
67783254
67837667
67952614
67982457
68032619
68054359
68070380
68138569
68150890
68191385
68288400
68338985
68398500
68400122
68404493
68413908
68416480
68441024
68442898
68464929
68677347
68678702
68769456
68779742
68814016
68820162
68844803
68846237
68862848
68870837
68899344
68939217
68976600
69013330
69075584
69083327
69124198
69147581
69207111
69233349
69286006
69391811
69547972
69647994
69689159
69729218
69779409
69816299
69833956
69991400
70021056
70022819
70105136
70136514
70337173
70373885
70507957
70513170
70536872
70542786
70543512
70687604
70714647
70727016
70920344
70927239
71152675
71213827
71236208
71283855
71318357
71333977
71385355
71473141
71488624
71574328
71587324
71609450
71757360
71757683
71811164
71863446
71932040
72129296
72274930
72289298
72369304
72400626
72414442
72439487
72526112
72538257
72551538
72593104
72610615
72668331
72687840
72755135
72781749
72821199
72828538
72915446
73038808
73080523
73088584
73090914
73107566
73178711
73220939
73274969
73366394
73374855
73377361
73459664
73555078
73662594
73880756
73882743
73953376
73969879
73973728
73986110
74041196
74101145
74151784
74200100
74215826
74291588
74381187
74401770
74436430
74465476
74490837
74507851
74528442
74553612
74716902
74728108
74740808
74742570
74845434
74856183
74892272
74960000
75054125
75094113
75131477
75143096
75181998
75202174
75409505
75471531
75493042
75503723
75539522
75565289
75621076
75835993
75947338
75974950
76027719
76088822
76093325
76100967
76207190
76215251
76334158
76379092
76401323
76538892
76573965
76617882
76656159
76714070
76945137
76977768
77038771
77101404
77219869
77232588
77255807
77278216
77308248
77314552
77373167
77376951
77443223
77481936
77530768
77543913
77578736
77638031
77647748
77658927
77724718
77750892
77771802
77772847
77787806
77835245
77849876
77891733
77894654
77903065
78049762
78059859
78097430
78109639
78122353
78124914
78135409
78142001
78160145
78186579
78194801
78194802
78216901
78237537
78274738
78300286
78369376
78376269
78387232
78416813
78440726
78470992
78510350
78577043
78611783
78630579
78698925
78717165
78727462
78815483
78818099
78855973
78868483
78892435
78941618
79016214
79034787
79162681
79301387
79334442
79360892
79361838
79377181
79382039
79409562
79439464
79477316
79623082
79700555
79799468
79812998
79895199
79903385
79969583
80092683
80131365
80177653
80185292
80223616
80239435
80312373
80373343
80447427
80462950
80605664
80632399
80681654
80697270
80822125
80870919
80876827
80877625
80924061
81038848
81058836
81068204
81099318
81104327
81120757
81261575
81416554
81420182
81441785
81466086
81530073
81535580
81538154
81606063
81642890
81755612
81764501
81892485
81950502
81977431
82072810
82082776
82099993
82102839
82126885
82138421
82216041
82291271
82323031
82339958
82354026
82370728
82426345
82436893
82495971
82505886
82515479
82632132
82644861
82648384
82788049
82789769
82791386
82863642
82864473
82900930
82973693
82978731
82993580
83129734
83205944
83214750
83257977
83411801
83423775
83594213
83699657
83741679
83770849
83787243
83868458
83944641
84018743
84067147
84189139
84287272
84320977
84369766
84380204
84627736
84743063
84764231
84781145
84888393
84923272
84923852
84966777
85105321
85114647
85129551
85148714
85176530
85206343
85349656
85380512
85418214
85419344
85472813
85625228
85750577
85770625
85779171
85802426
85830454
85860783
85950171
85968199
85986391
86002714
86010759
86126163
86204153
86260157
86279612
86326340
86347525
86455970
86458363
86462182
86474585
86479727
86562245
86641236
86660727
86666424
86698606
86700005
86721407
86734843
86766163
86771813
86790018
86819739
86869990
86901243
86922419
86963643
86974907
86976106
87000426
87181989
87296260
87298246
87317818
87395862
87402181
87511621
87549061
87553032
87592482
87617724
87626433
87680538
87690011
87745273
87748968
87778629
87809310
87891014
87892102
87913203
87978204
88005924
88068196
88187132
88188839
88266203
88280323
88288195
88324197
88400291
88428016
88445126
88463398
88486209
88507171
88601609
88626947
88631958
88685373
88692103
88712925
88752529
88770160
88836987
88945693
88979465
88991966
89000334
89023589
89080767
89100614
89110563
89121117
89160960
89177665
89208805
89217727
89287318
89312288
89316996
89324316
89327209
89330113
89343647
89419549
89419935
89457951
89479008
89497811
89571303
89581838
89601858
89604898
89614465
89638882
89748622
89754103
89835518
89923841
90122273
90152894
90161842
90198051
90240109
90342888
90569951
90664141
90702060
90769231
90788916
90809288
90834204
91136682
91141459
91150912
91213438
91276138
91314496
91340766
91346589
91401204
91443839
91468138
91685853
91713743
91843590
91925308
92316076
92318358
92345972
92360022
92415189
92444107
92526925
92577580
92658424
92663777
92738879
92739414
92779355
92800052
92840664
92885705
92918462
92960070
93057054
93261235
93675481
93797023
93956408
94017895
94086868
94290363
94437289
94496649
94720900
94729365
94769276
94828357
94882727
94911588
95078311
95244152
95272128
95371774
95393249
95399617
95498856
95565034
95594666
95636555
95670619
95690729
95787297
95835480
95922327
96058952
96119288
96265022
96439832
96566767
96724801
96786904
96828870
96933327
96941513
96999138
97011817
97059191
97242615
97282488
97356884
97670695
97710817
97758568
98094603
98214899
98263895
98299386
98601425
98708936
98733198
98743435
99008632
99088742
99156216
99195312
99215462
99219696
99239132
99251621
99265139
99451166
99493498
99565166
99654032
99763472
99810778
99836337
99839693
99869412
99905157
99934140
99969359
99978690
99986126
99997457
100094865
100118994
100142317
100147630
100161422
100250291
100260231
100298524
100317308
100317649
100491596
100491954
100495923
100591878
100619239
100637073
100713326
100744409
100751372
100806964
100920773
101103707
101126795
101142621
101198673
101276688
101286723
101294608
101315008
101342667
101371826
101501707
101528205
101542410
101564366
101566751
101595727
101607806
101651948
101653357
101709234
101728211
101732691
101842431
101884459
101898608
102037154
102074998
102097074
102170388
102266699
102326868
102369421
102417008
102434325
102454986
102516252
102526220
102527661
102529824
102530972
102565058
102570628
102610621
102633966
102667829
102694058
102704851
102707922
102719346
102723333
102782876
102897896
102942433
102984800
103053931
103085085
103110060
103115726
103125118
103248099
103261673
103294354
103311343
103370913
103403023
103416716
103425931
103438774
103439951
103499663
103571503
103702517
103710278
103745389
103778186
103779549
103830742
103856646
103900842
103908426
103984383
103986027
104009708
104013226
104045419
104076782
104221161
104231795
104232087
104283696
104300556
104311196
104405270
104408597
104519831
104543667
104548081
104561200
104573007
104589212
104767701
104843495
104882278
104900062
104909696
104925510
105025363
105053169
105123989
105139790
105161171
105172000
105181625
105183534
105199215
105295430
105345078
105362143
105379469
105380848
105400847
105444913
105456266
105500814
105534356
105609450
105617548
105715927
105726360
105754286
105762151
105778807
105890800
105926803
105966646
105971706
105987886
105992787
106030542
106048438
106157098
106167280
106197130
106202009
106203181
106206826
106255780
106258701
106289748
106334581
106340722
106342673
106384267
106405937
106455065
106492778
106504431
106523308
106560711
106595751
106607282
106658551
106685708
106693264
106722103
106744360
106902505
106915765
106929928
106953480
107087560
107137680
107164916
107203212
107223417
107251175
107265394
107281136
107296400
107415850
107473766
107503250
107524180
107543623
107598266
107604882
107653626
107659128
107662726
107663313
107672946
107723023
107757544
107778175
107833800
107846173
107859367
107970338
108060930
108109042
108109254
108160794
108209132
108235193
108259059
108275598
108304057
108312181
108324436
108330100
108340857
108345875
108457322
108481459
108532059
108572266
108600848
108610796
108643801
108648567
108723692
108762280
108876247
108929210
108946887
108999609
109027867
109056272
109074806
109094373
109114154
109152149
109154196
109163756
109190497
109216469
109233301
109234347
109255150
109270639
109272346
109307943
109338347
109358057
109396154
109476947
109490794
109507534
109552453
109558646
109572295
109600582
109604459
109658021
109666331
109739145
109809329
109815038
109821636
109822021
109823032
109823402
109874628
109876122
109878779
109879145
109884955
109904836
109941531
109949273
109950005
110056889
110068467
110068929
110102331
110153647
110169959
110180956
110235866
110240774
110313672
110360149
110362887
110363981
110378277
110427037
110470570
110483781
110487193
110494824
110521300
110549452
110574710
110576881
110613820
110621066
110659292
110681013
110703649
110735802
110739556
110782506
110793480
110797008
110820825
110836086
110880150
110944580
110962684
110964027
110966330
111028725
111039408
111044291
111051614
111096335
111109701
111116291
111182814
111208088
111289820
111304811
111354414
111360166
111468871
111506743
111538236
111557149
111565048
111633382
111634913
111667533
111669495
111676713
111685842
111686608
111709574
111715202
111731812
111740094
111747772
111795316
111838838
111850067
111859459
111865929
111872981
111932195
111938632
111948275
111968920
111971336
112000096
112002263
112004167
112013224
112032746
112053324
112063427
112089821
112097410
112122696
112164574
112186901
112228733
112230021
112239625
112276705
112325430
112375135
112395586
112427208
112455133
112492730
112596953
112622214
112665605
112678232
112701895
112736292
112749089
112794297
112871965
112874367
112899298
112910391
112913030
113016489
113026664
113047015
113066400
113095456
113101371
113103960
113106615
113111976
113116384
113130649
113144516
113157894
113161047
113162734
113203997
113211785
113240322
113251960
113266754
113289487
113292057
113294111
113305128
113386536
113417572
113437667
113449730
113486366
113509435
113576801
113580512
113611048
113612224
113643229
113650520
113678778
113698695
113749308
113797996
113826243
113857660
113871861
113877796
113880999
113886341
113949220
113972760
114130001
114198011
114216759
114245276
114256819
114301752
114303868
114326934
114327200
114327917
114365846
114382998
114387229
114392265
114393492
114401945
114552284
114552536
114554288
114635291
114669049
114673729
114721512
114728053
114753976
114771732
114872613
114891774
114910362
114913657
114927161
114944383
114954570
114995745
115063879
115069796
115087164
115112473
115115262
115117848
115195714
115253305
115282503
115290500
115340668
115369498
115370918
115371428
115383137
115391369
115394758
115428153
115457863
115484795
115491404
115515670
115517154
115532640
115541376
115543976
115544381
115566536
115573000
115573843
115670168
115704257
115721535
115816003
115871348
115904035
115905967
115916789
115934463
115961384
115974169
115975962
116026747
116059273
116095802
116324671
116327013
116358934
116403944
116454881
116490987
116505418
116585788
116627908
116642761
116696038
116698545
116801835
116843194
116860026
116877609
116909061
116932058
117127971
117184317
117198685
117234171
117294529
117300505
117312123
117337436
117407198
117525063
117550243
117577373
117608910
117643173
117704219
117733645
117789478
117795780
117809191
117853641
117877920
117905787
117906216
118015650
118110492
118146709
118161400
118163777
118185447
118192260
118196959
118204510
118204804
118248190
118259614
118267203
118331866
118355144
118358811
118440127
118440566
118488323
118505184
118520726
118541348
118546785
118607459
118743995
118794288
118848094
118904045
118918209
118920200
118929795
118956269
119056348
119058561
119070302
119113482
119114759
119120239
119174941
119243681
119252437
119253084
119368769
119376536
119442433
119458944
119541281
119568696
119578325
119656474
119715101
119748546
119816486
119853880
119859303
119865461
119865651
119927083
119950634
119957468
119980297
120017991
120023703
120024956
120043477
120063488
120118905
120202111
120272578
120326499
120332741
120380293
120467264
120499219
120563741
120596494
120626721
120671577
120873474
120892480
120942367
121016779
121085537
121121790
121138286
121151330
121221385
121309249
121328728
121350458
121351529
121411654
121435676
121438331
121470078
121608633
121672674
121724191
121790454
122033060
122090128
122109923
122110115
122120899
122174281
122260971
122370076
122551270
122569470
122618652
122711102
122730208
122754370
123008802
123046260
123299550
123337394
123448697
123472458
123523640
123588802
123656227
123712958
123900308
123925978
123941284
124005363
124136558
124185600
124230642
124367403
124401717
124492449
124642388
124779039
124781346
124786271
124931233
125062012
125093124
125109937
125208658
125309451
125316179
125352850
125372223
125395868
125703325
125882816
125985625
126101665
126163708
126360808
126401993
126430719
126559616
126633114
126640894
126665569
126773303
126793894
126915713
126979668
126996161
127091293
127142040
127187095
127258111
127478673
127492515
127554847
127588159
127610284
127702624
127747454
128073818
128276176
128276959
128303056
128324296
128414979
128492137
128668519
128687580
128962947
128976263
129046399
129048459
129135381
129385819
129456997
129461744
129653449
129660143
130051683
130163470
130194901
130199883
130203081
130250161
130330310
130396829
130757102
130780137
131042522
131185120
131192401
131273343
131310783
131340844
131470168
131941405
132022484
132052537
132127942
132302778
132619804
132851117
132901458
133066783
133385773
133423971
133641513
133642963
133802668
133812701
134036435
134203798
134342866
134493323
134554399
134672344
134801711
134810401
135000429
135002013
135173204
135288331
135663833
135724569
135964742
135977192
136320150
136370048
136427333
136465178
136493092
136539951
136566003
136644356
136793789
136799720
136891502
137311621
137518874
137592186
137847243
137859109
137958218
138190375
138228477
138253386
138462950
138488925
138545618
138620923
138697680
138721262
138814750
138928779
139030720
139132867
139454425
139515010
139528340
139758781
139847263
139889445
139921464
139955073
139992804
140174088
140366119
140374104
140467810
140758755
141461424
141492625
141778690
141780158
141999478
142203031
142267105
142718557
142874353
143459392
143571655
143573114
143648706
143760035
143831167
143845461
143947485
143989259
144069856
144187033
144225658
144294852
144362557
144381522
144432113
144547046
144839269
144909661
145186567
145323491
145392674
145476455
145488378
145741543
145746737
145811992
145953527
146133943
146274845
146380117
146402432
146546274
146984590
146984732
147202458
147268376
147322083
147538179
147684781
148034067
148173338
148210036
148230680
148313709
148455397
148615460
148649192
149162509
149293373
149296757
149331829
149364897
149602642
149720132
149805515
149844295
150177340
150229281
150310714
150468460
150468636
150531493
150580153
150723443
151008740
151146809
151165130
151402927
151422047
151460291
151471899
151756865
151955709
151988590
152204244
152452454
152787642
152996152
153032564
153071031
153123328
153625584
153726971
154125420
154214490
154254901
154302076
154487426
154508874
154708567
154850374
155013812
155334257
155566320
156107954
156151010
156308459
156346289
156475487
157039275
157050449
157117101
157459570
157579060
157636918
157670045
157927212
158762727
158875486
159035790
159075201
159283776
159367643
159530411
159539598
159643255
159809767
160133045
160288838
160381875
161130453
161479173
161638210
161802752
162031931
162136900
162189813
162237499
162627976
162700172
162886256
163196108
163442131
163483772
163854773
163881394
164228167
164297867
164327876
164355598
164587696
164812419
164918271
165163334
165179174
165352976
165496109
165528482
165857320
166202418
166474433
166528880
166532784
166735352
166814079
167215586
167565283
167676680
167736468
167789630
167998219
168090158
168300329
168326353
168554697
168863121
169083536
169354660
169581353
169600864
169641455
169857061
170070579
170082056
170176569
170305870
170489521
170569268
170577124
170696228
170702028
170852885
170986712
171027848
171216491
171392026
171610032
171674059
171841227
171852637
171868431
171945931
171962959
172261983
172338178
172385398
172385527
172392363
172956960
172983192
173152490
173157708
173198279
173303320
173385736
173424533
173463405
173603466
173607590
174306058
174482732
174544554
174620110
174893259
174938487
174974993
175169521
175239410
175338205
175390342
175393194
175480774
175528163
175534035
175593319
175675570
175685993
176069039
176077486
176106196
176268548
176295662
176323243
176407816
176520951
176575911
176598310
176859635
176890035
177190072
177386976
177397300
177438128
177524074
177543543
177581607
177636103
177659461
177701968
177788098
177928660
177969693
178141005
178145930
178270901
178302968
178321114
178404534
178459175
178757871
178847824
178892043
178902077
179155410
179191283
179305853
179511535
179521240
179571176
179608183
180148941
180216092
180236846
180293052
180415944
180557126
180767272
181007110
181033884
181302710
181371018
181433109
181487995
181506393
182000254
182083415
182225692
182344138
182353773
182377561
182613590
182799109
182938247
183194810
183204036
183244363
183413483
183555319
183658478
183786543
183801478
183853563
183857608
183876295
183878298
184332399
184481677
184970318
185072231
185087354
185428914
185563243
185676353
185721167
185779878
185981020
186021216
186043826
186146948
186168583
186356070
186359306
186379771
186526361
186566420
186573728
186598693
186751718
187148873
187224285
187251146
187332737
187354614
187426686
187524659
187532876
187563804
187666397
187785364
187823275
187926278
187984519
188110293
188261579
188323504
188530809
188601037
188801943
188807055
188817041
188884881
189098870
189167233
189188752
189263873
189293411
189313346
189466674
189596728
189598094
189665831
189749951
189834153
189842005
189881323
189917102
190066325
190211414
190323432
190417082
190482830
190534613
190573549
190624229
190753897
190799211
190839600
190868547
190913865
190934700
190939773
190945072
191001168
191012079
191033485
191111453
191164180
191217539
191268334
191290331
191339301
191358383
191362270
191398359
191511327
191594897
191649767
191660100
191749160
191852164
191877218
191885762
191943152
192073502
192084716
192185806
192201534
192234418
192440019
192606563
192706125
192742494
192773549
192781583
192913300
193014224
193022252
193098124
193131090
193141886
193156887
193186703
193351127
193394913
193488362
193573821
193684807
193811866
193839080
193969428
194102387
194125567
194183400
194211645
194261863
194309119
194337494
194383436
194418267
194443471
194531956
194652247
194661776
194694254
194702373
194722892
194782563
194860045
195098611
195276663
195305324
195497461
195533291
195637967
195826900
195861807
195963228
196028996
196074510
196082241
196196398
196343753
196468780
196526676
196682158
196720565
196836501
196929791
196938414
196975555
197067872
197123925
197275560
197393835
197535853
197660963
197792277
197803387
197866360
197902174
197974643
198028629
198099751
198222262
198277593
198314316
198334705
198375024
198385671
198395626
198404714
198405098
198407112
198431754
198440375
198481517
198489174
198515491
198565863
198579852
198693161
198729509
198915818
198949920
198951746
198964247
199073322
199135790
199266836
199410802
199420689
199435750
199512440
199516995
199557906
199615892
199753464
199807885
199837136
199877901
199934032
199962735
200484109
200505206
200552395
200692169
200763877
200899236
200919309
201069527
201074342
201089585
201090434
201100247
201123906
201147752
201198985
201229350
201322385
201379501
201476153
201642101
201696212
201834941
201877811
201878015
201914284
201924916
201955522
202107073
202352951
202436630
202662821
202742299
202855679
202856088
202874537
202919208
202931448
202968230
202987572
203082729
203155131
203223670
203269242
203272199
203340724
203349880
203354441
203432716
203452522
203598616
203628632
203945627
203975197
204072023
204097318
204102890
204184474
204203977
204238951
204250938
204443626
204655176
204662080
204754570
205268770
205502101
205520695
205664473
205688488
205861461
205873671
205990058
206036675
206071958
206127193
206152775
206155112
206227672
206376864
206377657
206451513
206856090
206901727
206962460
207091655
207302377
207328694
207365561
207390038
207399773
207586360
207641468
207644227
207811811
207834537
208106312
208134533
208182790
208225208
208248767
208366116
208439778
208475650
208668934
208687112
208731096
208806210
208867623
209163487
209168226
209205211
209221125
209486648
209497055
209520550
209623778
209923875
209926758
209931800
210001799
210008284
210211009
210382053
210514428
210566301
210629061
210718088
210797915
210855137
210873629
210889403
210938471
211083591
211125891
211157441
211162120
211363751
211601189
211632441
211867625
212154876
212162726
212195752
212230787
212238329
212253124
212374392
212408320
212455812
212519233
212538593
212609564
212679366
212803847
212872345
212893633
213089920
213189413
213208801
213272895
213368546
213580002
213721692
213815363
213851522
213909443
213975868
214156793
214289251
214304926
214360060
214416316
214819551
214914530
214968645
215081123
215209251
215254789
215270721
215415842
215513251
215572706
215723330
215887297
216062146
216080288
216183363
216351906
216439298
216627838
216994307
217019838
217085054
217252733
217272896
217317795
217470202
217584195
217628061
217703168
217931199
218181212
218412963
218514274
218528868
218794781
218960062
219054243
219282625
219528413
220329277
220452862
220535108
220691396
220733055
220851907
220890277
221072002
221443650
221601057
221719648
221880670
221911806
222071650
222477283
222876829
223520835
223537730
223716512
223977280
225341664
225343998
225560225
