4060273
4170205
4271344
4511731
4789938
5054309
5606450
5621330
5665985
5791537
6185203
6385617
6691770
7369979
7474843
9041185
10574646
11111244
11255644
11726770
11798225
11962551
12108393
12184305
12304195
12362223
12543302
12554029
12805979
12862918
13002733
13052664
13504165
13627584
13959888
13968319
13991106
14015391
14021779
14155987
15015378
15046476
15047975
15099450
15163924
15455732
15456355
15995771
16050614
16081093
16327813
17133494
17743224
17771926
18606118
19323456
19395978
19481582
20062959
20086068
20362859
20483527
20557606
20749691
20890169
21255213
21300674
21346852
21439726
21517238
21986026
22001718
22051371
22186536
22333648
22625333
22822154
23176045
23204644
23309206
23335413
23351037
23528999
23591606
23624338
23674835
23720600
23814122
24127291
24190515
24364227
24620189
24697898
25120111
25271602
25335392
25408182
25469229
25543245
25791114
25904133
25953402
26280831
26289102
26376627
26378416
26394935
26863745
26908346
26972163
27008298
27032097
27197164
27428749
27473637
27809719
27994876
28035985
28120429
28186271
28226217
29002054
29503798
29624122
29749093
29826744
30012929
30015762
30382091
30489891
30591424
30626107
30682278
30934651
31056754
31245304
31286033
31442625
31815101
32232135
32793177
32811065
33289804
33324938
33363466
33405214
33427615
33512173
33601218
33694231
33877332
34381078
34636488
34936993
35046638
35174338
35231255
36180175
36371368
36740462
37255070
37357288
37530216
37599096
38202737
38295393
38352883
38766308
38859987
39283741
39306479
39318460
39341859
39349474
39832749
39888852
40012845
40070824
40537528
40816432
41190173
41459296
41568463
41829891
42813322
42876579
42907809
43034228
43101001
44430611
44541698
45270452
45382900
45775348
46261737
46316266
46879971
47541220
47715672
47957847
49846818
49895877
50164800
50614906
51530484
52462751
53303255
53702592
54544409
54977680
55420217
57504569
58025543
58040883
58272836
58732770
58809310
59476171
60274189
61007471
61354800
61699222
61988384
62436434
62676287
62954566
64709659
64718296
65020633
66072014
66141752
66402692
67728883
67883081
67996924
68168309
68779933
68889749
68913052
68984773
69197710
70591298
71101582
71892523
72221537
72243457
72944805
73162851
73671525
73965320
73965620
74459974
75038026
75051429
75262191
75333258
75449912
75504800
76942544
77065744
77087031
77234991
77333681
77395087
77950702
78394866
78493489
78536927
78582829
78935537
78967741
79082342
79320973
79488596
79492267
80217526
80256693
80349014
80421973
82099993
82206167
82431721
82577462
82672969
83079761
83341768
83416531
83822476
83983929
84432564
84518773
84588454
84956434
84961587
85007499
85868102
86122469
86275930
86532545
86548574
87003429
87056251
87249125
87301016
87417621
87976450
88105540
88352608
88447330
88609696
88636093
89061580
89171184
89447783
89804520
89808619
89869496
90043696
90481578
90612180
90717121
90770291
90898945
91110070
91237305
91855063
91915517
92010421
92048051
92184730
92581763
92897770
92924422
93028474
93227291
93592247
94254715
94532103
94538557
94892030
95269377
95452667
96220050
96425821
97057805
97088042
97273328
97702655
97761285
98019036
98194681
98415789
98624896
98654427
99709007
99722078
99996981
100628975
100678322
101014275
101159009
101321442
101405727
101431329
101828594
101850271
101949944
102087114
102661046
102705776
102925966
102938205
103329225
103358527
103685535
103974381
104251207
104266546
104369289
104735829
104864775
105660852
105712128
105719370
105867638
105950737
105986853
106089399
106234266
106378241
106452057
106493000
106847083
107165607
107185423
107223417
107419031
107472524
107659128
108115996
108357373
108676239
109374687
109386798
109644425
109757908
110274180
110799704
111046901
111110052
111176538
111258398
111914142
112323154
112717413
112920101
113113092
113307844
115134430
116108214
116335838
116680995
116681189
116720680
116743907
117244897
117341244
117466335
117573040
117645245
119473370
121438331
121490174
122457884
122961352
123055399
123500444
124535424
126470625
126494945
127610666
127709512
127922696
129444909
129660143
130150081
130194901
130199883
130284361
130543228
130775939
131114167
131848135
132302778
132308876
133383660
133727866
134126133
134194377
134260386
134646211
134910582
135600984
137020164
137139769
137435516
137860665
138418493
139341048
139697538
140223943
141147202
141388381
141478514
141746181
141778690
141792530
142200602
142472706
142660956
143030005
143778756
143831167
144331152
145186567
145738990
145741543
145764115
146473090
146709289
147024899
147053985
147268376
147491564
148406276
148431639
149113807
149720132
150372860
150955184
152448480
152835329
153392504
154353015
154408150
154409669
154413858
154831510
155205164
155334257
155494876
156329383
158049048
158458783
159783084
160556607
160897314
161568778
161673948
161992956
162296507
164380924
165350006
166034400
166180297
166531747
167676680
167736468
169890521
169940131
172469860
174544554
176106196
176785109
182488135
183775399
185342298
186754556
187332737
187457203
190152058
191339301
194782563
198407112
199417335
201123906
204662080
209923875
210237638
211125891
212519233
216062146
145639344
4950471
25876977
6440625
26895440
70869596
13551779
39440686
113738160
102564431
49342408
104311881
29235507
41799875
87166411
14253026
33891711
16818398
28388275
23398116
5664915
99056337
27963033
77010174
37789043
12036342
81752015
12599458
85864304
84843431
101253440
34740575
68923347
127110155
80603380
102156009
101318782
196221725
6125075
41111332
83123955
174832791
114268863
106475899
126563478
16291555
16196830
15485245
84970171
148361295
83231080
89647570
36737417
66513032
79824171
43440639
172666321
34308721
22088220
106942281
77368850
124723123
47022213
92004272
26489889
25727494
7369944
64650138
7093106
62360078
16960795
121409401
124428426
97571490
57648891
12440952
91267448
42664643
28013965
188679067
26848806
37025741
107652022
81991473
46466274
124533247
44437364
51764950
69772199
147819826
36360991
82172301
81852726
31385008
23571275
12393564
