2848779
3038580
3067731
3159794
3204498
3222839
3234284
3404808
3502038
3527798
3728073
3790258
3803118
3846199
3868072
3900134
3967911
3975277
4119100
4148655
4150723
4171211
4177456
4181410
4184048
4214190
4221948
4222845
4272808
4390449
4410951
4442955
4477652
4510801
4530509
4581153
4624464
4648372
4692974
4711150
4720649
4746328
4773427
4870744
4931666
4942390
4969036
5046970
5058305
5195979
5210669
5247597
5296408
5425259
5437720
5468723
5513137
5517040
5534042
5539117
5551032
5600243
5606313
5615605
5662720
5684822
5687834
5694393
5701954
5721051
5735183
5857013
5944005
5987974
6005645
6032794
6117307
6147446
6201113
6225372
6234991
6274382
6293842
6325337
6339573
6373284
6394861
6433085
6436719
6497962
6602987
6610721
6635380
6640136
6675678
6689300
6690325
6720534
6720608
6720885
6727693
6738035
6828387
6871268
6880766
7013538
7155070
7160511
7169457
7187035
7260474
7272838
7272894
7280251
7290409
7291601
7311497
7380857
7411039
7423750
7454936
7493891
7542334
7550471
7586717
7652459
7716643
7729404
7737626
7809920
7819908
7824282
7834693
7847863
7950205
8040246
8055329
8095710
8146439
8294534
8303047
8349315
8360584
8455069
8465504
8579840
8631330
8686307
9025340
9031223
9069599
9316418
9480095
10062400
10720821
10915309
11022244
11034507
11124592
11133518
11238818
11245350
11396594
11440406
11456786
11466705
11485164
11485842
11494158
11550600
11550761
11581841
11615559
11641932
11686806
11698857
11718320
11740966
11777780
11782226
11840754
11860910
11926534
11943225
11953650
11965166
11971565
11993594
12028522
12032074
12120049
12159444
12161940
12209207
12258347
12270018
12284128
12294344
12298137
12305162
12309195
12311337
12313770
12338630
12340009
12340232
12360300
12389935
12407912
12443548
12449540
12456992
12476841
12495035
12508441
12573376
12577723
12578570
12600506
12618056
12629597
12636076
12638092
12654557
12655292
12678909
12680336
12712544
12728774
12728870
12761539
12763922
12765842
12827542
12829820
12853501
12857956
12867465
12894821
12902117
12907747
12981752
13034196
13072737
13075435
13091585
13100268
13100547
13149003
13164198
13181956
13191897
13328676
13417317
13421343
13436568
13493768
13506207
13600114
13614629
13740316
13858273
13868094
13881083
13891526
13993007
13997890
14110373
14113856
14126750
14157089
14207261
14267764
14484106
14501929
14570039
14689384
14716999
14787544
14806224
14817839
14975761
14976590
14985627
15074293
15077414
15091547
15098028
15120237
15155851
15178354
15189035
15230163
15235724
15298464
15345983
15377524
15385187
15402865
15660341
15666152
15668977
15683347
15692439
15699788
15734699
15782552
15794534
15829495
15846608
15853749
15906652
15913543
15913891
15946262
15963660
15979510
15986601
15994597
16004793
16040015
16042003
16047822
16068760
16072597
16077935
16078345
16083008
16159299
16175976
16176486
16180383
16195068
16211077
16239011
16252392
16256781
16267579
16308227
16380028
16382130
16388537
16409013
16419869
16494264
16507406
16530230
16543333
16545627
16553581
16576882
16582064
16596131
16612201
16613843
16622249
16639662
16645544
16653181
16668547
16674737
16677528
16690483
16717367
16720072
16758169
16768688
16774886
16786447
16803227
16806286
16816996
16828775
16837417
16844048
16852114
16852625
16907963
16923183
16959341
16973728
16978413
16978722
16997998
17044075
17051349
17057004
17058810
17082828
17087403
17106021
17119994
17127588
17128702
17133494
17152396
17156427
17159974
17160544
17178026
17187182
17191594
17225650
17240193
17255693
17299242
17300124
17324796
17326763
17364369
17393751
17395152
17399004
17402909
17423791
17426755
17433787
17443238
17458461
17499642
17509240
17512040
17513623
17516881
17529535
17550753
17592416
17611525
17621324
17642973
17659361
17666740
17684797
17695193
17705756
17708375
17714378
17737197
17738731
17750041
17779627
17780965
17792537
17792690
17812872
17896381
17906799
17911143
17916346
17917456
17941561
17946053
17948727
17955139
17963008
17973524
17976820
18011445
18012561
18018621
18024587
18029911
18054803
18062234
18069571
18076658
18080659
18087120
18104037
18118767
18123120
18142787
18143933
18151622
18167189
18209499
18219365
18235560
18260828
18265830
18278873
18292611
18313386
18354420
18364384
18372224
18411845
18412479
18417951
18430894
18442880
18448106
18482428
18483731
18497384
18508094
18515856
18515888
18525315
18549223
18566845
18577019
18584325
18587509
18598690
18614449
18621370
18631563
18635020
18648559
18660321
18682473
18702169
18711477
18716570
18725572
18829979
18839628
18860827
18862603
18869695
18882974
18888302
18894830
18907562
18926742
18977556
18983297
18986230
18999682
19012600
19022150
19061698
19068623
19069220
19075168
19080969
19085090
19116079
19116415
19184714
19280272
19285240
19300578
19307184
19321505
19352855
19373840
19412249
19455303
19463644
19513242
19514075
19536701
19579688
19593825
19597689
19621431
19649146
19649988
19667373
19748960
19773991
19794386
19817184
19819478
19821027
19846520
19847526
19852299
19876078
19906909
19949264
19969046
20010268
20034755
20048439
20073776
20080720
20090904
20107923
20109086
20162972
20196353
20233883
20234462
20251317
20288079
20320449
20321969
20323764
20366085
20426361
20531522
20542022
20542514
20584323
20598074
20602694
20632212
20676419
20728402
20744821
20752662
20775694
20812247
20837973
20854846
20857158
20880573
20882778
20882996
20906822
20959076
20967790
20974040
21005203
21009246
21017988
21033374
21065532
21105466
21109703
21149273
21151335
21182525
21199430
21218338
21225112
21240693
21285311
21313480
21396642
21442556
21456323
21474953
21489498
21518467
21529297
21565111
21583504
21627011
21663585
21683449
21725423
21732540
21752169
21792497
21817847
21845256
21861235
21878621
21927855
21978854
22004057
22013436
22017735
22026915
22028279
22091453
22098873
22132510
22154421
22161099
22174860
22184478
22192427
22202695
22224697
22251714
22253393
22341851
22383573
22406264
22423721
22457622
22461812
22482467
22494607
22511998
22617284
22624772
22653138
22684366
22696061
22711695
22724502
22749282
22766370
22773654
22775775
22871299
22887194
22918689
22928745
22964624
23093139
23113741
23122210
23140961
23198121
23211423
23223435
23271074
23290003
23380220
23400288
23400415
23408475
23463695
23468064
23564065
23639227
23727749
23743299
23787991
23792337
23818353
23828432
23952733
23964657
23978588
24088598
24187297
24211779
24281414
24289250
24301831
24374580
24403358
24424128
24425921
24464789
24509424
24557516
24599973
24629123
24658056
24698748
24851982
24952515
25011572
25046607
25098634
25114263
25216795
25246468
25247187
25314467
25333876
25438917
25498645
25512068
25522975
25535708
25570372
25579663
25615101
25693162
25731030
25792146
25813993
25824207
25864104
25881153
25904097
25938304
25960110
25966010
26190381
26199959
26239219
26318586
26369515
26391268
26391656
26411700
26423199
26647995
26689540
26698051
26781894
26813783
26844178
26857374
26863666
26887772
26901399
26952783
26970081
27001206
27010395
27100036
27123035
27171903
27180840
27191655
27239297
27239480
27252653
27644001
27724512
27790337
27825019
27848588
27864675
27874688
27876857
27877580
27931108
27940428
27955324
27965105
27965508
27992784
28128627
28191610
28212959
28237781
28248836
28250856
28303477
28365887
28367849
28378605
28403066
28413536
28497879
28502303
28505962
28553546
28561139
28628345
28757849
28786394
28846017
28932909
28934559
28965358
28973025
29053289
29063355
29109732
29139592
29143313
29145316
29181795
29219535
29241658
29380374
29392782
29441265
29452112
29453930
29454739
29486021
29490430
29606778
29609623
29620250
29642009
29740510
29744285
29765842
29774066
29793318
29821034
29825856
29865762
29932314
29953730
30011880
30019176
30031045
30101071
30126917
30160390
30185543
30237517
30252028
30252419
30265689
30309352
30354548
30413411
30468237
30475363
30494792
30560110
30609966
30652949
30713062
30730683
30757862
30768104
30770961
30775240
30823573
30834513
30856611
30860163
30912214
30939270
30943450
30999718
31009865
31021946
31065896
31085920
31108316
31297940
31325043
31358473
31371963
31406939
31425519
31426823
31463262
31496286
31566177
31665991
31735924
31822278
31832548
31857926
31882393
31922365
31952961
31972158
31986971
32069241
32075140
32122904
32129890
32154074
32256039
32257440
32271808
32342145
32406848
32527261
32603308
32633335
32658813
32711330
32721611
32728690
32760994
32802390
33010486
33082788
33386579
33400643
33438308
33448613
33465414
33562376
33565535
33633969
33727888
33749551
33796645
33835919
33866259
33921101
33935597
33944874
33964095
34089281
34140189
34181056
34262804
34478267
34483983
34508446
34544347
34549739
34688525
34874488
34875820
34936583
35098750
35117141
35158912
35159340
35186241
35212450
35261331
35305454
35646960
35685663
35752600
35753654
35780673
35783455
35855054
35923523
35989186
36050955
36111388
36189556
36260147
36287929
36359575
36425954
36494296
36519465
36542153
36559111
36606123
36622006
36641086
36754835
36838032
37024038
37191195
37236088
37239812
37310695
37328011
37518343
37542735
37552764
37646665
37726941
37786307
37788819
37794132
37838681
37839050
37884141
37916608
37973051
38008345
38057202
38065337
38072169
38084194
38111415
38218586
38317118
38372363
38381660
38461723
38540524
38557635
38610477
38654793
38700107
38935478
38943034
38981722
39092211
39098574
39166069
39168887
39228282
39265472
39298622
39301691
39387663
39487143
39581350
39594394
39672645
39677093
39745919
39809286
39860838
39863515
39865751
40075584
40123026
40152740
40211125
40224758
40272078
40283704
40303807
40322493
40383947
40417412
40517753
40571675
40785352
40794538
40796536
40803685
40864529
40911779
40985024
40995224
40996151
41066977
41121452
41146244
41197034
41260039
41291888
41303243
41403262
41449732
41525100
41579965
41584939
41716136
41754475
41758044
41767246
41771208
41839809
42090056
42094597
42095978
42110466
42188038
42188273
42201898
42261379
42275437
42306954
42454592
42458545
42564286
42589521
42603040
42618444
42675516
42712869
42752735
42757783
42777111
42809054
43004770
43042990
43105436
43306899
43311275
43314587
43344456
43344949
43362323
43392963
43424762
43456872
43482507
43508485
43542990
43551586
43641090
43676580
43683144
43720234
43742127
43867260
43883127
43962039
44092000
44096804
44175480
44299805
44343062
44543897
44631098
44703860
44747402
44770112
44901029
44923989
44945111
44978920
45032797
45111456
45112564
45297490
45381299
45385797
45395003
45418993
45443373
45602666
45648453
45783390
45789957
45797315
45880267
45891534
46094752
46183362
46247008
46308740
46348089
46430850
46442192
46443948
46457688
46499402
46546080
46582879
46616576
46646320
46647878
46705905
46735803
46871886
46907613
47067069
47073010
47204353
47264163
47495276
47573209
47670170
47762524
47876675
47880311
48011989
48144035
48306300
48418014
48668223
48689233
48911456
48971126
48978809
49033183
49189789
49357711
49386594
49419607
49446514
49702557
49710555
49789101
49994363
50022549
50065368
50536757
50541948
50573142
50706780
50734714
50737306
50740163
50755861
50789813
50879505
50900099
50995844
51007555
51172252
51236671
51290324
51406583
51408167
51480383
51488855
51591747
51687226
51706145
51734899
51734976
51784884
51905469
51980936
52092001
52123390
52548564
52703968
52732384
52822026
52886954
52892382
52927310
52948163
53022015
53093120
53117745
53460686
53465386
53585806
53593800
53691616
53927372
53993713
54043711
54336462
54465486
54691508
54729523
54863943
54918871
54950968
55262680
55263152
55269519
55347789
55383133
55602636
55626508
55760279
55914592
55960334
55981177
55994395
56013267
56098617
56098811
56536713
56678846
56687645
56819526
56821399
56864394
56949210
56983201
57091051
57149975
57219892
57358113
57381348
57525833
57584926
57632029
57671345
57703044
57750435
57858654
58004509
58129981
58177286
58488662
58612609
58902977
59109307
59187901
59189558
59343231
59396932
59451315
59599888
59624004
59959886
59989862
60029997
60051869
60183413
60185044
60404063
60570994
60626018
60762454
60844618
60897023
60908995
60969164
61010299
61024849
61059847
61176217
61235645
61251740
61327830
61392514
61582014
61774576
61877836
61967487
62104041
62180034
62254487
62261730
62458132
62562121
62593335
62645374
62655446
62843529
62843906
63045503
63296282
63661503
63737690
63944136
64025966
64164667
64174270
64190068
64457693
64717865
64823470
65077663
65211396
65262976
65421538
65447608
65602709
65685468
65975408
65976524
65994855
66033363
66094190
66145179
66170721
66332728
66396902
66577366
66743981
66748295
66782888
66872933
66941226
67033376
67096530
67106713
67295021
67535995
67627453
67694225
67698842
67848260
68079687
68189187
68191385
68393676
68395253
68441024
68560862
68584897
68656878
68659183
68675683
68677347
68783543
68796509
68864292
68885362
68923082
68983778
69025362
69027717
69039672
69041885
69110952
69172189
69393985
69477534
69505358
69516172
69669896
69713245
69868295
69877732
69929423
70120235
70259056
70318647
70487771
70649579
70776369
70931192
71037044
71070120
71139949
71159096
71172162
71247713
71266705
71385398
71428207
71535590
71633985
71640651
71698090
71722451
71737916
71807501
71863446
71866965
71884032
71898016
71909234
72257407
72261209
72364980
72390446
72507187
72507730
72510998
72518314
72554195
72557456
72624757
72627959
72708818
72730263
72755117
72808430
72821504
72861767
72881047
72890999
72967817
72976460
73030059
73317665
73407110
73524082
73574457
73587732
73635696
73638273
73763055
73825061
73860167
73900617
73914600
73941851
74027226
74096003
74202488
74236369
74249722
74287108
74313494
74370535
74449079
74459974
74466499
74469227
74505012
74601179
74687318
74719271
74755080
74878795
74976032
74991545
75046513
75128635
75129152
75263673
75275433
75560342
75626439
75729176
75734200
75833645
75893400
75913447
76001275
76344365
76344414
76385923
76427125
76441032
76465337
76497601
76630836
76676839
76738451
76809133
76942544
76944037
76964327
76995304
76998525
77193138
77403711
77413199
77505129
77544617
77585306
77596304
77732453
77793095
77827779
77886466
77930819
78077564
78096243
78124914
78399100
78442261
78449479
78464103
78483165
78697574
78870150
78888195
78960414
78974384
79044351
79173182
79301387
79342114
79368075
79380109
79383218
79389581
79392523
79393798
79411357
79425154
79437364
79438758
79462721
79533253
79605196
79700735
79717124
79755191
79779567
79801829
79819795
79820491
79830655
79896333
79916224
79989797
80014901
80041892
80115188
80304844
80370499
80459773
80561280
80627968
80760267
80765589
80830349
80898334
80910093
80970284
81007191
81023954
81134845
81192535
81237693
81264542
81322349
81495299
81506646
81517533
81526090
81550708
81569355
81571070
81571370
81573182
81593560
81612990
81614223
81616069
81619401
81640430
81651098
81666848
81738374
81755074
81773554
81848247
81908933
81924626
81951567
81994296
82000528
82058745
82091202
82099993
82207330
82259396
82267986
82364987
82558390
82585043
82663581
82679177
82734733
82808469
83035627
83169676
83282697
83285202
83435005
83584464
83634613
83832835
83897107
83950582
83979176
83998880
84167496
84263825
84361751
84454240
84621583
84715367
84827696
84914529
84950202
84973821
85025523
85026912
85035925
85063356
85070152
85105116
85150386
85299763
85407656
85427510
85432075
85686889
85760228
85794562
85929664
85986458
85995249
86005243
86028601
86058039
86063050
86426079
86451258
86458363
86540726
86616235
86698333
86770140
86906741
86970020
87019935
87039235
87103012
87113736
87128816
87139564
87140332
87143264
87146306
87153014
87219248
87305358
87680497
87683432
87775993
87891148
87930707
88005924
88170916
88265052
88511658
88949393
88963550
88980272
89077884
89212478
89299992
89330113
89567689
89609366
89715925
89744003
89770009
89789005
90029163
90104302
90122113
90331877
90344483
90346525
90387141
90420486
90470301
90509946
90543880
90748728
91007658
91302277
91351190
91381218
91441878
91495494
91747748
91811226
91915517
92013792
92493810
92633637
92709548
92742520
92744029
92801409
92817819
92845225
92845413
92852226
92874987
92882277
92893864
92911033
92915933
92938746
92948454
92958750
92959213
93081674
93235378
93239406
93304924
93325017
93434337
93662590
93768456
94009704
94051158
94053024
94272629
94440887
94521240
94544672
94545050
94680215
94721419
94752025
94775129
94869404
95157878
95161954
95170843
95174058
95196482
95200576
95209097
95216354
95236935
95238460
95240220
95252701
95263673
95313565
95335742
95371622
95373828
95380386
95389656
95394986
95399838
95404837
95416487
95419198
95423525
95426214
95438148
95493767
95527747
95536575
95551513
95556310
95564664
95570810
95572664
95580121
95605259
95610621
95670619
95692437
95695072
95699331
95705309
95710663
95725026
95727386
95730396
95746303
95750672
95755171
95768319
95774725
95786794
95810244
95822166
95862022
95862085
95884997
95908868
95920733
95940418
95985471
96000663
96002080
96028860
96057121
96130807
96172617
96185225
96187267
96197664
96197872
96209238
96221027
96225674
96265664
96319167
96327023
96329925
96339741
96380326
96388361
96390422
96401341
96408527
96417009
96429850
96438752
96486466
96492164
96514618
96542149
96550600
96561101
96570007
96581086
96586297
96586812
96621703
96634568
96643198
96655181
96662589
96679327
96684484
96693144
96698675
96714043
96722185
96727090
96730963
96823200
96829595
96858054
96874812
96885785
96890433
96905052
96915837
96933533
96939272
96970579
97001112
97014672
97027922
97037189
97050562
97055249
97070042
97088892
97091998
97096902
97124285
97184741
97188855
97201901
97214278
97252729
97262643
97266287
97292001
97313791
97316503
97319207
97330751
97332450
97341434
97356820
97386142
97398151
97416899
97445618
97448844
97487228
97494627
97499836
97523857
97528268
97532091
97539039
97539713
97563480
97567614
97573020
97574628
97576644
97585033
97589798
97595540
97618850
97676986
97689197
97699448
97702911
97733044
97734579
97737210
97739081
97743279
97746088
97791648
97827599
97835972
97851208
97856695
97878436
97882220
97884871
97899110
97901158
97909798
97923439
97972275
97978610
97995176
97996007
98010551
98012638
98020762
98022989
98035703
98055460
98056642
98082861
98105217
98108098
98127801
98138879
98139674
98142771
98146660
98155281
98204176
98246855
98263550
98299426
98321755
98383393
98394369
98414324
98426884
98428475
98469574
98478617
98482923
98513095
98524569
98532146
98567996
98593767
98614432
98618598
98650106
98658059
98666655
98673829
98697232
98701148
98710800
98713600
98713788
98722977
98742674
98743027
98743435
98743794
98760523
98765512
98765584
98773532
98777301
98779702
98792299
98797169
98797171
98806305
98809576
98843354
98913349
98916108
98931353
98940698
99018419
99019836
99064876
99068292
99075614
99082845
99121105
99124317
99128703
99164978
99179536
99187730
99192574
99192590
99200672
99208993
99212558
99236306
99239119
99239132
99259033
99266616
99276580
99301920
99319256
99332385
99365694
99393392
99393776
99413144
99416562
99431076
99437113
99456498
99476683
99479565
99502422
99557563
99560431
99560472
99567047
99568909
99570352
99583381
99585126
99598478
99606765
99613905
99618503
99631680
99665073
99727800
99729552
99780337
99786114
99793054
99803005
99804404
99808939
99814959
99823696
99827146
99850224
99860464
99887707
99917390
99927603
99938128
99943394
99960097
100005809
100010331
100015427
100056142
100066356
100070918
100083962
100094618
100100179
100119898
100122233
100130955
100134379
100158780
100168498
100178067
100214819
100271821
100276259
100283086
100294848
100318518
100326021
100328013
100328739
100331230
100331953
100357202
100381891
100387065
100392126
100393216
100420193
100430307
100430352
100450611
100487494
100523985
100533057
100546835
100553269
100560634
100581518
100583678
100631189
100634715
100643014
100667666
100668151
100673613
100675919
100680271
100682609
100694028
100696153
100697509
100713413
100714021
100720418
100726704
100731410
100739483
100777087
100777908
100781616
100782513
100796641
100804179
100823078
100844050
100879343
100889899
100897580
100944499
100952565
100954548
100979355
100980761
100987118
101001552
101004142
101014412
101031885
101033610
101046448
101074534
101084055
101088833
101101931
101107532
101123602
101138092
101139718
101172194
101175310
101182490
101184048
101188046
101191092
101206851
101239905
101242551
101260656
101264014
101279124
101285499
101294298
101305131
101336037
101347356
101363345
101384383
101386874
101402379
101424653
101436605
101466864
101468902
101481659
101486389
101488180
101491585
101492388
101494715
101511579
101526411
101529458
101532375
101539076
101575298
101581570
101583598
101611616
101622065
101641742
101660148
101667540
101679968
101708627
101712804
101718204
101727099
101728851
101743086
101750635
101753427
101756714
101759571
101764374
101775475
101783634
101792962
101810625
101817550
101827516
101848144
101856812
101870347
101870437
101903026
101933135
101950757
101953450
101955586
101961130
101966602
101968219
102000051
102002913
102008260
102062976
102072346
102126435
102146288
102166113
102169400
102178276
102211573
102239998
102243245
102258833
102283660
102284181
102299266
102301295
102324541
102327035
102335026
102336499
102365173
102374347
102398126
102439621
102447032
102454994
102465745
102470040
102470722
102476555
102491857
102493520
102495602
102504047
102516482
102519349
102534455
102538991
102549493
102557109
102557372
102567241
102568792
102578829
102583004
102629088
102630359
102631123
102637042
102647443
102653428
102666254
102666353
102679676
102685097
102686699
102688674
102695427
102728330
102730515
102734288
102740930
102796187
102801571
102805234
102805463
102835369
102837932
102840451
102850132
102863630
102871379
102875563
102904715
102907786
102911346
102925596
102926319
102945640
102947155
102954250
102958251
102960193
102973355
102981099
102989489
103009455
103009664
103023005
103031408
103033750
103034845
103074076
103090291
103103473
103110060
103122243
103148824
103168312
103182686
103188459
103218635
103231998
103244993
103249747
103284334
103299405
103319773
103391730
103396534
103403829
103404424
103416716
103418583
103429585
103450143
103458549
103478147
103490659
103493267
103500089
103503789
103508342
103526826
103537174
103540661
103554067
103595689
103596012
103601900
103611382
103622164
103642045
103642690
103642796
103648707
103663602
103663699
103706305
103726220
103730878
103734611
103736373
103744810
103745389
103746890
103758489
103802960
103809877
103816973
103821397
103835671
103840719
103866125
103870413
103924974
103928104
103934103
103941356
103965810
103975779
103977155
103977721
103985019
103986994
103987183
103987376
104027203
104046383
104047158
104049203
104051659
104056148
104057164
104061143
104067123
104070601
104102899
104121508
104130581
104135286
104148182
104162905
104165750
104165902
104166723
104167699
104168793
104181363
