2848779
3038580
3067731
3161492
3195783
3204498
3234284
3476811
3502038
3586890
3736002
3846199
3900134
3967911
3975277
4044507
4108893
4119100
4150723
4171211
4177456
4214190
4221948
4222845
4390449
4410951
4477652
4497649
4530509
4581153
4870744
4870822
4931666
4942390
4969036
4998923
5033683
5058305
5130826
5148778
5195979
5223124
5320100
5414680
5425259
5517040
5528344
5539117
5551032
5560872
5600243
5606676
5673419
5684822
5687834
5694393
5721051
5762194
5784887
5814187
5923612
5944005
6032794
6088451
6102161
6225372
6234991
6268715
6274382
6325337
6339573
6382785
6386353
6394861
6428974
6433085
6443365
6492787
6602987
6635380
6672965
6690325
6720608
6828387
6840470
6875316
6933194
7160511
7228256
7260474
7272838
7272894
7290409
7311497
7454936
7493891
7550471
7652459
7716643
7760887
7809920
7830268
7834693
7865157
8040246
8088438
8095710
8294534
8303047
8312444
8349315
8360584
8393635
8579840
8686307
8966978
9025340
9031223
9120289
9316418
9480095
10915309
11020912
11072720
11133518
11149457
11397825
11440406
11466705
11485164
11494158
11550600
11581841
11591888
11706832
11782226
11803433
11851628
11856139
11860910
11904554
11926534
11953650
11965166
11971565
11989668
12010599
12036080
12159444
12161940
12233586
12258347
12281592
12298137
12305162
12340009
12375018
12443548
12449540
12485268
12508441
12578570
12593408
12636076
12640647
12654557
12655292
12728774
12745675
12853501
12902117
12907747
12981752
13072737
13075435
13149003
13178476
13191897
13246295
13354102
13417317
13436568
13600114
13641690
13756317
13891526
13997890
14017390
14037476
14100256
14106796
14113856
14157089
14194916
14267764
14392929
14484106
14570039
14689384
14716999
14817839
14976590
14982891
14985627
15001392
15077414
15091547
15117934
15120237
15155851
15189035
15190063
15230163
15235724
15273091
15291487
15345983
15355640
15385187
15513742
15660341
15666152
15668977
15683347
15692439
15729139
15780786
15794534
15829495
15832400
15853749
15906652
15913891
15946262
15994597
16036775
16047822
16053629
16077935
16175976
16180383
16195068
16211077
16239011
16260931
16272686
16305929
16308468
16309698
16380028
16407812
16419869
16447055
16494264
16530230
16543333
16576882
16596131
16613843
16639662
16645544
16668547
16674737
16677528
16717367
16760937
16774886
16775763
16783564
16802654
16803227
16806286
16808040
16816996
16828775
16844048
16852114
16852625
16889587
16907963
16923183
16959341
16973728
16978413
16978722
16981549
17050899
17057004
17058810
17082828
17087403
17094738
17106021
17114484
17119994
17128702
17156427
17159974
17160544
17178026
17187182
17200122
17281712
17298033
17299242
17300124
17324796
17337443
17364369
17390184
17393751
17395152
17399004
17412583
17426755
17433787
17458461
17512040
17513623
17529535
17567822
17574916
17621324
17642973
17656009
17666740
17671126
17684797
17708375
17714378
17737197
17738731
17739915
17764298
17779627
17780965
17792537
17792690
17857350
17911143
17916346
17922555
17941561
17946053
17952336
17963008
17981324
18011445
18012561
18018621
18062234
18076658
18080659
18087120
18104037
18118767
18123120
18142787
18143933
18148641
18154684
18167189
18219365
18226984
18230990
18235560
18260828
18278873
18292611
18303408
18352796
18364384
18372224
18410439
18411845
18430894
18442880
18444555
18482428
18491233
18508094
18548254
18549223
18584325
18598690
18635020
18648559
18660321
18661726
18711477
18716570
18724151
18829979
18839628
18860827
18862603
18869695
18882974
18886658
18888302
18891867
18899626
18907562
18926742
18977556
18983297
19012600
19016745
19022150
19048871
19068623
19069220
19074799
19097212
19116079
19169661
19280272
19300578
19321505
19351414
19352855
19373840
19412249
19470078
19515133
19579688
19667373
19748960
19773371
19773991
19796021
19817184
19821027
19846520
19847526
19906909
19949264
19954435
19965555
20034755
20080720
20095198
20162972
20233883
20320449
20323764
20325999
20327883
20366085
20426361
20484367
20513367
20531522
20532027
20542022
20545630
20602694
20622618
20632212
20680095
20714285
20854846
20887260
20967790
20987857
21065532
21149273
21151335
21177913
21182525
21218338
21225112
21348126
21474953
21538351
21565111
21583504
21620481
21663585
21703342
21788719
21792497
21845256
21861235
21876109
21927855
21960028
21978854
22028279
22091453
22130493
22132510
22154421
22161099
22224697
22253393
22254416
22383573
22388038
22416202
22482467
22511998
22613847
22617284
22655693
22696061
22711695
22766370
22877404
22918689
22928745
23022262
23113741
23122210
23150796
23223435
23225940
23394423
23400415
23408475
23487222
23639227
23719377
23721253
23727749
23818353
23828432
23964657
23978588
24025221
24138040
24191153
24220954
24281414
24289250
24333024
24374580
24391629
24392193
24400718
24403358
24425921
24426635
24432731
24464789
24557516
24829869
24851982
24952515
25011572
25029321
25046607
25096612
25172415
25314467
25341338
25452092
25512068
25570146
25579663
25591811
25731030
25814726
25883928
25960110
25984134
26038996
26190381
26199959
26235880
26239219
26391656
26533238
26647995
26747211
26776184
26781894
26808591
26857374
26887772
26952783
26970081
27010395
27025809
27143129
27171903
27196245
27239480
27252653
27309827
27388428
27644001
27724512
27931108
27940428
27955324
27991471
27992784
28052208
28156886
28191610
28212959
28248836
28295665
28303477
28308571
28367849
28403066
28413536
28448321
28553546
28561139
28907203
29053289
29139592
29143313
29214064
29241658
29333802
29366849
29380374
29452112
29453930
29455118
29490430
29642009
29744285
29771625
30019176
30044534
30126917
30160390
30252028
30406698
30413411
30494792
30531234
30546969
30609966
30730683
30775240
30822303
30823573
30834513
30943450
30998384
30999718
31021946
31036794
31325043
31370149
31463262
31496286
31566177
31735924
31810908
31832548
31857926
31972158
31986971
32069241
32129152
32154074
32256039
32257440
32527261
32603308
32609847
32633335
32728690
32771488
32780105
32925601
33082788
33400643
33438308
33465414
33483239
33562376
33565535
33749551
33866259
33921101
33937597
33964095
34001233
34176052
34364853
34478267
34549739
34565986
34709633
34874488
35098750
35117141
35186241
35261331
35305454
35685663
35752600
35783455
35796516
35888416
35923523
36050955
36111388
36153490
36189556
36282164
36287929
36359575
36559111
36606123
36699506
36754835
36922841
37049750
37236088
37239812
37272888
37329936
37518343
37552764
37626392
37726941
37795549
37838681
37843229
37916608
38057202
38065337
38072169
38084194
38218586
38418369
38461723
38482343
38540524
38557635
38566341
38573037
38654793
38700107
38935478
39077288
39092211
39265472
39298622
39359511
39529536
39594394
39597484
39705246
39745919
39809286
39860838
40211125
40224758
40272078
40303807
40322493
40571675
40755996
40985024
41013318
41066977
41099762
41121452
41146244
41197034
41260039
41291888
41303243
41369227
41403262
41525100
41527773
41579965
41584939
41692811
41716136
41758044
42052450
42188038
42235004
42261379
42296453
42458545
42712869
42752735
42757783
42809054
43004770
43285725
43304709
43306899
43311275
43482507
43508485
43587738
43606719
43641090
43720234
43803324
44159402
44161733
44175480
44299805
44597978
44631098
44723169
44770112
44901029
44906481
44945111
44984736
45006568
45032797
45111456
45134657
45297490
45327511
45355516
45455276
45648453
45706743
45740998
45783390
45789957
45797315
46022632
46247008
46430850
46443948
46457688
46537852
46546080
46616576
46646320
46705905
46735803
46965047
47204353
47264163
47495276
47574745
47655012
47701449
47762524
47815616
48689233
48971126
48978809
49119802
49304712
49386594
49789101
50280203
50344851
50486065
50541948
50824419
50879505
50958163
50995844
51043740
51115894
51154464
51480383
51488855
51591521
51687226
51706145
51734976
51784884
51801431
52548564
52886954
53105046
53117745
53169805
53431069
53460686
53551709
53593800
53691616
53993713
54030678
54044871
54254473
54625998
54729523
54858484
54863943
54932253
55262680
55263152
55269519
55347789
55581660
55602636
55626508
55706686
55914592
55981177
56013267
56098617
56098811
56318594
56536713
56687645
56864394
56916260
56949210
57219892
57525833
57671345
57750435
57810171
57832584
58004509
58177286
58277401
58488662
58612609
58745519
58940120
59187901
59189558
59343231
59451315
59453318
59857558
59874660
60029997
60051869
60183413
60185044
60480934
60570994
60626018
60843003
61010299
61024849
61176217
61235645
61251740
61281237
61344876
62104041
62180034
62254487
62562121
62636312
62843529
63296282
64025966
64174270
65262976
65447608
65963878
65994855
66033363
66094190
66170721
66743981
66872933
66966537
67019859
67033376
67096530
67106713
67489050
67606836
67848260
67852917
68079687
68191385
68393676
68441024
68570243
68656878
68659183
68675683
68677347
68693922
68720998
68783543
68796509
68881725
69002739
69172189
69393985
69449303
69505358
69516172
69530656
69565376
69634823
69877732
69936524
70318647
70649579
70776369
71037044
71070120
71385398
71442927
71535590
71633985
71737916
71817847
71863446
71884032
71909234
71928546
72082759
72257407
72364980
72507187
72518314
72730263
72808430
72890999
72976460
73030059
73104479
73422683
73574457
73587732
73635696
73638273
73763055
74027226
74033588
74130225
74236369
74313494
74338525
74469227
74591350
74687318
74794248
74991545
75046513
75129152
75260988
75263673
75275433
75455311
75833645
75920056
75940385
76427125
76441032
76465337
76470854
76497601
76630836
76944037
77193138
77505129
77621852
77732453
78124914
78249471
78394138
78399100
78442261
78548858
78697574
78870150
78888195
78890098
78974384
79301387
79342114
79605196
79700735
79755191
79819795
79916224
79989797
80014901
80041892
80066853
80087133
80219230
80545059
80561280
80760267
80910093
81007191
81134845
81237693
81322349
81400842
81526090
81550708
81738374
81755074
81778212
81848247
81908933
81951567
81986442
81994296
81994749
82091202
82207330
82282032
82734733
83035627
83169676
83787243
83897107
83967466
84167496
84259544
84640915
84950202
85063356
85299763
85570471
85686889
85695851
85929664
86698333
87219248
87241146
87683432
87891148
88170916
89077884
89208805
89299992
89457951
89567689
89571303
89609366
89695205
90100192
90104302
90346525
90420486
90470301
90509946
90543880
90577792
91019711
91351190
91495494
91680268
91747748
92088625
92316076
92709548
92742520
92938746
92948454
93239406
93434337
94051158
94053024
94544672
94680215
94752025
95451841
95621365
95670619
95835480
96722185
96880326
96890433
97107969
97316503
97574628
97909798
98204176
98394369
98743435
99192590
99239132
99269294
99700510
100066356
100111930
100944499
100979355
101172194
101336037
101933135
102335026
102549493
102801571
103074076
103396534
103516533
103622164
103744810
104214730
104283696
104301655
104346165
104370844
104482173
104550134
104614621
104769549
104899266
105032048
105155849
105189228
105244079
105285214
105337496
105751415
105882759
105950737
106199478
106222164
106311376
106737294
106963534
107118766
107155602
107359780
107667991
107807785
108298046
108406921
108523853
108833979
109050307
109161769
109210105
109255150
109274673
109874628
109876949
109907337
110457321
110576881
110793480
110797008
110822358
110856461
110861577
110907537
110977367
110998537
111000502
111038482
111628870
111667533
111718045
111947500
112161970
112190534
112325430
112447799
112484780
112596953
112601760
112665605
112678232
112693406
112754373
112854117
113053618
113066727
113255384
113290376
113319000
113365387
113385067
113489485
113540866
113678778
113682466
114171132
114303868
114401945
114442808
114736729
114794086
115067168
115220588
115300908
115540963
115573000
115599263
115627107
115721535
115846491
115887767
115909464
116959578
117005417
117065516
117150429
117321498
117332862
117399577
117516334
117710132
117739354
117747265
117865989
118252804
118308829
118328234
118385828
118447480
118481478
118549275
118712869
118750737
118784762
118860764
118920200
118929795
119151344
119159074
119183881
119500072
119656474
119764030
119781882
119865461
119927083
120007543
120023703
120036193
120245225
120383105
120671577
120695899
120793870
121054673
121256855
121418520
121790454
121999320
122047996
122109923
122148490
122373779
122424617
122467852
122686221
123285786
123299324
123383596
123403220
123523640
123578853
123731297
123749959
123917669
123990693
123998053
124049142
124091112
124630399
124914728
124986219
125109937
125155808
125285885
125352850
125354534
125359879
125404852
125562815
125882816
125994203
126045824
126206676
126366004
126552239
126566611
126773303
126851980
126981652
127109616
127187095
127501802
127548607
127610284
127697896
127709512
128031626
128180286
128351402
128379117
128478295
128570664
128941118
129014545
129461744
129498301
129833935
130038845
130411987
130676889
130697841
130757102
130851378
130956744
131042522
131114167
131192401
131212207
131340844
131394800
131558399
131767755
131848135
132010509
132127942
132261048
132263468
132302778
132308876
132851117
132901458
132990288
133050162
133203860
133642963
133727866
133802668
133805452
133852029
134081630
134194377
134203798
134260386
134314381
134462982
134646211
134716493
134882703
135211118
135485816
135517968
136047198
136185426
136611898
136999830
137203677
137220217
137242700
137342961
137592186
137650387
137860665
138143632
138228477
138268100
138463327
138696951
139003107
139051184
139057806
139348588
139536677
139565078
139580691
139773769
139847263
139889445
139923688
139992804
140219512
140241496
140294366
140525205
140558339
140639944
140707245
140710311
140969769
141148131
141156712
141703520
141780158
141804066
141839636
141999478
142121316
142261814
142412554
142718557
143137383
143441112
143461140
143573114
143989259
144187033
144331152
144432113
144839269
144881641
145146075
145747054
145953527
145994938
146133943
146152022
146274845
146341708
146400840
146426553
146890139
146891945
146968626
147001454
147149076
147231856
147322083
147362078
147684781
148173338
148313709
148347534
148528221
148781968
148825033
148967921
149009937
149069305
149093105
149103215
149162509
149333845
149549286
149706510
149732869
149754964
149800443
150022674
150468636
150911144
151422047
151444965
151471899
151581842
151747537
151756865
151782995
151959051
152256766
152300487
152335591
152565866
152700927
152787642
152842529
152978351
153032564
153048055
153100941
153123328
153192706
153195556
153230343
153246321
153517527
153598263
153625584
153798580
153903893
154125547
154289814
154341183
154850374
155013143
155057563
155092736
155274538
155400722
155475688
155620133
155954608
156014872
156125625
156158417
156241840
156308459
156475487
156644716
156748297
157050449
157428444
157477450
157531304
157561212
157670045
157817353
157974313
158037794
158240148
158538190
158617520
158628131
158762727
159015968
159075201
159106242
159160786
159272213
159283776
159539598
159725168
159764703
159809767
159818065
159842775
159894047
160060592
160415422
160654157
160840501
160882074
161353201
161616850
161690737
161824437
161965841
162031931
162168557
162332791
162405745
162528294
162545554
162627976
162752629
162886256
163196108
163249167
163374796
163625809
163793296
163881394
164056112
164061732
164144080
164214676
164280328
164327876
164355598
164410213
164630513
165091804
165127651
165203498
165274994
165413619
165526201
165625482
165685510
165694960
165949195
166034400
166198376
166474433
166528880
166531747
166532784
166588103
166651399
166800382
166814079
166885630
167063673
167067183
167121988
167171210
167379148
167448435
167474515
167482197
167595039
167683590
167747441
167998219
168204274
168256082
168265677
168326353
168348321
168472514
168515282
168523282
168539536
168691725
168759158
168862637
168863121
168882637
168892166
169035042
169083536
169148266
169195780
169304758
169389992
169539177
169543571
169545498
169576209
169629680
169653390
169663893
169715954
169897982
170109524
170176569
170284630
170432219
170514903
170569268
170577124
170614014
170693954
170787090
170804490
170888490
170934024
170971446
171033007
171077545
171087987
171088695
171216491
171329206
171392026
171430642
171473732
171610032
171715956
171769651
171816658
171846236
171891581
171962959
172038863
172063038
172142957
172231448
172366634
172385527
172552480
172692971
172726898
172772089
172828239
172853919
172983192
173056914
173112249
173126006
173198279
173239816
173256753
173266140
173385736
173407436
173463405
173502199
173553645
173677043
173783630
173866924
174028095
174070841
174111976
174287415
174304501
174380467
174426393
174444620
174490217
174498579
174553663
174602228
174605300
174701958
174814166
174832297
174832878
174838452
174902831
174937642
174948095
175024686
175113384
175237937
175239410
175338205
175389751
175393194
175534035
175593319
175594053
175645936
175685993
175823344
175891496
176077486
176106196
176233627
176237002
176295662
176326318
176407816
176412758
176610956
176740756
176785109
176845948
176859635
176874110
177280359
177300625
177342443
177524074
177594232
177788098
177817270
177969693
178003982
178006654
178059658
178145930
178186841
178206924
178257553
178289335
178302968
178404235
178530753
178531030
178541095
178543122
178613190
178695085
178697616
178707429
178728799
178752459
178796505
178805338
178819855
178847824
178902077
178929697
178940224
178983337
178995599
178995730
179037193
179111385
179113123
179134504
179155410
179191283
179294423
179301532
179305853
179308601
179427497
179465097
179521240
179522844
179571176
179608183
179670891
179814973
179827445
179963149
180033840
180242470
180289446
180297732
180406024
180437203
180557126
180577957
180637290
180672489
180759471
180965187
181005070
181033884
181074499
181103169
181119469
181147439
181243279
181280674
181297454
181302710
181341846
181371018
181520537
181544931
181571983
181711958
181748365
181765868
181768781
181904738
182000254
182020655
182083415
182149264
182229606
182260888
182344138
182353773
182377561
182432456
182469249
182480769
182530893
182613590
182664231
182674833
182709118
182716333
182731514
182756527
182767752
182778196
182826252
182932462
182938247
183300086
183330990
183395959
183468127
183555319
183627352
183658478
183678566
183732960
183750629
183811858
183824839
183838470
183843263
183878298
183926800
183997204
184040309
184053948
184228165
184264685
184332399
184570757
184606166
184792983
184810559
184846282
184901845
184914141
184965077
185035031
185062547
185072231
185153358
185158898
185324777
185326004
185414203
185428914
185464432
185623965
185631914
185632819
185872270
185883916
185894142
185981020
186127787
186130465
186212863
186229182
186267518
186310269
186356070
186379771
186432618
186439635
186451854
186528354
186549514
186570428
186598693
186797267
186861630
186889827
187011391
187132665
187171351
187179802
187184295
187223013
187224285
187234842
187251146
187266133
187350368
187365109
187378338
187395890
187487644
187532876
187658325
187696257
187743030
187773686
187824189
187908421
187991706
188074650
188110293
188126146
188134782
188161762
188261579
188471692
188496721
188602120
188786733
188801943
188827514
188839368
188996428
189051475
189167233
189204097
189257410
189263873
189313346
189315741
189450873
189463617
189469182
189584001
189665831
189719477
189749951
189831070
189848613
189850968
189938154
189956503
190211414
190321371
190344470
190417082
190494215
190681324
190728707
190752487
190753897
190976728
191024345
191070356
191111453
191135320
191187619
191217539
191233153
191290331
191325764
191338313
191397083
191398359
191508217
191511327
191512550
191660100
191677963
191851298
191852164
191877218
191929768
192073502
192084163
192305887
192577250
192606563
192653089
192890688
192909499
192933591
192979936
193045992
193156887
193399781
193687977
193811866
193811991
193852634
193901241
194079485
194096094
194211645
194261863
194287945
194303579
194309119
194337494
194386212
194418267
194429542
194507466
194553733
194601526
194652247
194817216
195104520
195111383
195405066
195520546
195555871
195656314
195911544
196028996
196151040
196466777
196606557
196617759
196783364
196948826
197021115
197067872
197097920
197108453
197155776
197266181
197275560
197387265
197481495
197660963
197661893
197816320
197902174
197942121
198063266
198065790
198084037
198466144
198499744
198515491
198778790
198949920
198951746
199165988
199200127
199288956
199435750
199512440
200008130
200157736
200181152
200591142
200728322
200764350
200786373
200899236
200920646
200962460
201090434
201229350
201296869
201387047
201615261
201635972
201815397
201834941
202055331
202107073
202341445
202424381
202474911
202559579
202662821
202855679
202912261
202981022
203249466
203292794
203945627
203975197
204250938
204306820
204558842
204563165
204843039
204885562
205161019
205196026
205218148
205268770
205515685
205556382
205949379
206189473
206610242
206962460
207163813
207399773
207470434
207566269
207640034
207644227
208134463
208134533
208432355
208475650
208693567
208840253
209163487
209168226
209296031
209497055
209900864
209923875
209937501
210008284
210053596
210559613
210855137
210936735
211157441
211466237
212336191
212385056
212408320
212825536
213946528
