2848779
2948431
3038580
3067731
3195783
3204498
3211754
3216177
3222839
3234284
3238792
3383251
3425053
3443875
3450408
3476811
3502038
3535807
3586890
3590675
3703805
3728073
3736002
3745680
3756248
3790258
3800211
3803118
3846199
3868072
3900134
3916458
3967911
3975277
3982098
3990460
4018661
4044507
4060273
4108893
4119100
4133611
4148655
4150723
4171211
4177456
4181410
4214190
4221948
4222845
4224722
4258860
4298219
4337619
4352131
4352906
4390449
4392766
4410951
4412305
4414261
4477652
4492650
4510801
4515402
4530509
4554355
4561362
4562417
4570986
4571152
4578590
4581153
4610438
4635788
4665425
4711150
4741897
4744878
4764204
4773427
4773585
4789425
4834827
4870744
4870822
4880735
4931666
4942390
4969036
4998923
5019158
5033683
5058305
5130826
5148778
5162515
5173517
5181193
5195979
5210669
5223124
5247597
5264554
5271445
5280010
5287152
5296408
5309098
5315404
5317622
5320100
5357238
5372790
5413960
5414680
5425259
5439450
5441390
5449702
5454357
5471991
5481373
5489132
5490596
5508198
5517040
5534042
5539117
5551032
5562177
5578076
5582285
5583838
5590998
5598280
5600243
5606676
5615605
5621080
5623956
5643566
5670472
5673419
5684822
5687834
5694393
5701954
5703760
5717464
5721051
5728345
5735183
5753116
5762194
5784887
5814187
5876463
5881845
5901059
5903893
5923612
5944005
5957982
5958060
5967103
5967850
5970765
5994693
6005645
6012318
6022333
6032794
6046289
6061620
6073875
6077657
6083655
6087630
6088451
6100674
6102161
6103960
6109355
6117307
6125075
6139468
6147446
6147766
6154918
6154971
6173401
6201113
6225372
6225813
6234991
6271629
6274382
6282581
6288939
6293842
6295914
6307790
6325337
6335503
6339573
6342362
6368976
6373284
6376422
6378643
6382785
6386353
6394861
6402357
6412401
6418489
6428974
6433085
6443365
6486695
6486773
6492787
6497962
6512693
6515257
6533284
6575930
6576135
6602987
6615387
6618476
6623554
6624543
6635380
6657235
6672965
6682535
6690325
6712410
6713683
6720534
6720608
6724123
6734413
6738035
6747603
6748842
6749018
6755013
6759051
6764990
6772259
6783750
6801925
6824508
6828387
6830084
6840470
6857338
6861378
6869322
6871268
6875316
6880766
6884321
6891754
6891851
6906422
6918281
6922816
6933194
6942948
6996543
6999253
7014275
7015881
7028871
7040595
7062610
7066487
7072831
7082856
7087076
7093504
7111818
7137008
7159288
7160511
7166811
7169457
7172313
7181640
7187035
7189498
7203168
7228256
7228568
7245721
7260474
7264602
7272838
7272894
7285641
7290409
7291601
7311497
7330035
7375979
7393208
7412572
7414460
7423750
7423911
7426357
7454936
7457694
7468826
7493891
7536027
7539115
7542334
7549368
7550471
7550700
7563972
7584588
7589185
7602923
7652459
7653889
7659012
7663811
7667240
7692196
7716643
7737626
7755369
7760887
7765984
7809920
7819908
7824282
7830268
7834693
7854358
7881481
7897414
7932166
7950205
7978114
7978688
8000391
8012029
8040246
8044413
8055329
8077408
8082166
8088438
8093150
8095710
8109411
8152672
8159998
8208985
8248669
8275119
8280104
8285572
8294534
8303047
8312444
8317285
8319857
8338628
8349315
8360584
8372738
8387159
8391577
8393635
8465504
8477913
8579840
8628027
8631330
8681764
8686307
8735014
8779989
8816987
8919391
8919454
8942656
8957789
8966978
9025340
9031223
9074908
9097568
9120289
9316418
9470401
9480095
9853604
9874178
10001586
10062400
10138517
10209484
10212043
10251145
10255902
10267338
10386262
10579335
10900242
10915309
10966875
11020912
11022244
11034507
11036589
11038418
11072720
11120685
11133518
11189966
11212557
11217326
11233150
11287039
11309276
11311605
11315047
11325006
11375907
11381549
11388683
11397825
11402798
11426900
11432833
11440406
11456786
11459088
11466705
11485164
11485842
11494158
11511249
11513876
11544944
11550600
11569677
11571242
11581841
11591888
11595788
11602584
11615559
11633228
11638316
11638379
11641932
11642002
11646323
11682263
11686806
11706832
11718320
11719512
11726862
11740966
11776277
11782226
11800622
11801104
11803433
11808145
11810363
11816205
11816586
11821009
11825897
11834828
11835227
11840754
11851628
11856139
11860910
11867124
11872432
11876211
11881237
11886940
11889929
11895599
11901455
11904458
11904554
11906599
11908136
11910091
11916055
11926534
11933779
11939820
11943225
11953650
11954795
11956856
11962551
11965166
11971565
11984861
11989668
11993594
11994039
12004303
12010599
12015307
12024183
12024427
12028522
12030488
12032074
12045946
12088595
12091495
12103660
12107365
12108541
12118913
12135944
12145432
12159444
12161940
12168392
12184942
12209207
12226888
12229496
12230253
12233586
12237310
12247771
12250209
12251792
12258347
12265179
12269335
12269696
12270018
12278228
12281181
12281592
12283727
12287958
12294400
12295676
12298137
12305162
12307658
12311121
12311337
12325953
12338630
12340009
12340919
12346785
12361061
12375018
12375484
12396904
12407355
12407912
12415635
12416527
12432460
12440338
12443548
12449540
12456992
12464660
12468436
12478131
12478164
12480247
12482328
12485268
12492069
12499290
12499558
12506524
12508035
12508441
12525180
12543302
12548132
12548954
12555007
12573082
12578570
12582351
12587473
12593408
12599458
12618056
12619860
12623217
12627602
12630591
12630595
12636076
12638092
12654378
12654557
12655292
12663252
12665694
12678909
12680336
12682911
12683313
12701919
12712544
12717253
12717839
12728774
12736226
12746023
12761539
12762334
12762544
12766617
12768529
12786500
12789129
12797833
12798023
12803197
12804967
12809045
12809424
12812370
12819872
12828251
12829820
12833761
12837253
12844671
12853501
12857956
12894233
12894821
12900398
12901117
12902117
12904706
12904838
12907747
12917445
12944741
12952932
12978565
12981752
12991684
12994690
12996836
12998554
13026421
13039686
13046869
13072388
13072737
13075435
13115746
13121668
13130047
13149003
13164198
13167722
13178476
13179380
13180476
13191897
13235588
13246295
13247264
13253345
13263555
13269825
13275801
13282231
13285083
13286659
13309662
13319707
13343222
13354102
13356862
13368962
13417317
13421343
13436568
13457353
13460967
13475269
13493768
13507960
13511353
13577123
13594638
13600114
13613850
13614629
13626394
13633337
13641690
13660376
13677017
13717986
13727100
13740316
13751010
13756317
13804644
13820610
13824614
13848388
13870631
13891526
13925981
13983612
13993007
13997890
14000667
14026814
14037476
14059278
14089664
14106796
14110373
14113856
14126750
14142451
14157089
14157412
14181988
14194916
14207261
14209581
14241536
14242114
14253026
14267764
14324478
14484106
14535210
14565944
14570039
14593276
14689384
14716999
14743728
14793479
14800664
14802481
14806224
14817839
14841775
14850610
14886992
14920337
14928179
14934425
14940376
14953231
14968179
14975761
14976590
14979889
14982891
14983206
14985627
14997903
14999246
15001392
15015249
15023463
15032304
15046476
15074293
15077414
15088460
15091547
15099021
15099852
15100164
15103146
15111629
15117934
15119292
15120237
15123187
15124211
15131572
15142193
15148259
15149910
15155851
15158769
15175801
15179217
15181151
15186716
15187652
15189035
15190063
15200182
15205260
15207498
15225200
15230163
15235701
15235724
15273091
15295050
15308974
15334276
15345983
15346260
15346326
15359780
15379211
15385187
15402865
15409451
15425888
15431083
15435499
15436897
15437953
15450102
15458157
15472941
15478571
15496938
15510858
15513742
15522198
15567833
15569909
15574542
15591685
15595382
15620472
15633208
15658071
15658888
15660341
15666152
15668689
15668977
15674257
15675724
15676184
15683347
15684186
15687480
15692439
15699720
15721884
15721895
15726183
15728935
15729139
15733198
15734699
15743380
15763815
15780570
15780786
15783848
15794534
15796656
15801324
15823600
15829495
15830247
15841812
15846704
15853749
15855320
15867629
15870521
15871279
15874583
15887911
15906652
15913543
15913891
15916710
15931701
15943707
15946262
15958393
15963660
15977636
15979510
15989590
15990637
15994597
15997768
16001954
16021785
16036451
16036775
16040015
16041693
16042003
16044260
16047822
16053629
16055058
16055298
16062141
16067605
16068760
16072597
16077935
16079559
16081237
16083008
16104644
16122308
16122670
16123093
16127920
16142222
16162740
16170428
16171473
16175976
16176486
16180383
16188485
16195068
16201249
16211077
16216430
16239011
16240919
16243038
16252392
16252994
16260931
16266479
16269997
16276132
16276270
16296917
16308227
16308468
16313086
16317528
16317583
16317754
16324825
16331874
16334732
16338304
16348351
16350268
16368280
16371659
16373604
16377279
16380028
16380605
16382130
16388537
16396238
16398390
16407812
16409013
16419869
16421966
16427385
16427693
16446661
16447055
16453197
16467071
16473219
16473305
16474538
16480096
16488349
16494264
16497999
16498211
16511196
16530230
16542172
16543333
16553581
16576882
16590613
16596131
16609898
16613548
16613843
16622249
16639662
16645544
16645892
16646823
16655799
16661971
16662992
16668547
16669876
16674737
16677528
16687103
16701333
16705295
16713840
16717367
16720072
16730508
16731961
16732274
16740561
16751403
16758169
16760937
16764721
16774886
16775763
16780530
16780986
16783564
16784079
16786621
16803227
16806286
16810617
16816996
16828775
16833090
16844048
16852114
16852625
16856029
16859485
16877592
16881780
16889587
16907963
16910165
16921991
16923183
16926042
16938800
16951606
16959341
16960618
16973728
16976781
16978413
16978722
16981549
16983195
16987108
17010201
17021249
17030930
17032378
17032530
17043931
17044193
17049332
17051349
17057004
17058810
17068648
17078429
17082828
17087403
17089257
17090618
17094738
17095515
17106021
17114484
17119994
17128397
17128702
17129841
17133494
17152396
17156427
17159974
17160544
17166782
17178026
17179519
17184564
17187182
17200122
17210146
17212698
17214677
17216593
17236213
17240193
17240246
17255693
17256720
17261406
17262851
17269355
17284021
17287852
17294735
17298033
17299242
17300124
17305125
17314131
17316911
17316923
17324796
17326763
17337443
17340779
17349398
17355323
17356950
17364369
17370081
17390184
17391379
17393751
17395152
17399004
17399368
17412583
17423791
17426755
17430382
17431157
17432335
17433787
17438063
17443238
17458461
17459611
17465571
17470562
17483164
17484542
17494871
17499642
17502112
17512040
17512223
17513623
17516881
17525707
17529535
17542743
17547531
17548092
17548295
17548823
17565288
17567822
17574916
17582078
17592695
17603042
17621324
17630447
17640500
17641523
17642973
17653845
17659361
17666740
17671126
17679354
17684797
17691362
17703060
17708375
17714378
17720555
17728979
17729671
17733450
17737197
17738731
17739915
17756141
17759657
17764298
17779627
17780965
17792537
17792690
17804751
17818460
17822842
17827890
17847558
17850672
17855526
17871530
17878764
17879508
17894124
17896381
17906799
17910361
17911143
17916346
17917456
17922555
17927493
17941561
17946053
17948727
17952336
17953239
17955139
17963008
17964818
17976820
17978204
17981324
17987074
17999775
18000343
18009505
18011445
18012561
18017140
18018621
18027327
18029911
18033552
18044398
18056110
18060424
18061254
18062234
18066311
18068978
18069571
18075254
18076658
18080659
18087120
18091950
18096721
18104037
18108954
18118054
18118767
18123120
18139183
18139214
18142787
18143933
18151622
18154684
18167189
18175528
18192260
18197996
18199202
18219365
18219730
18230990
18235560
18236571
18260828
18265830
18267228
18268760
18269687
18276731
18278873
18292611
18294192
18303408
18308464
18313062
18317313
18317504
18319265
18321979
18323428
18324014
18324604
18332240
18334680
18336475
18340978
18341083
18343702
18352796
18353698
18360791
18362377
18364384
18367303
18370554
18372224
18378016
18382306
18384550
18388702
18410439
18411845
18412479
18413730
18417951
18430894
18431202
18442880
18444555
18448106
18451491
18458288
18462167
18469031
18482428
18489467
18491233
18494970
18499929
18508094
18521592
18525204
18525315
18526303
18530944
18537628
18543567
18543631
18548254
18549223
18551773
18566845
18569823
18577019
18581536
18584196
18584325
18593172
18594501
18596690
18598690
18603785
18606527
18606807
18614449
18621370
18626500
18633825
18635020
18639744
18641712
18642681
18647871
18648559
18660321
18661726
18666397
18669055
18669288
18675680
18677733
18684487
18686972
18694570
18698909
18702169
18709900
18711477
18716058
18716570
18723536
18731570
18734406
18745630
18752311
18760594
18766498
18768098
18777354
18781169
18784784
18790483
18797661
18799713
18812395
18820408
18829931
18829979
18836872
18838203
18838653
18839628
18842016
18850073
18860827
18862603
18869695
18869950
18882974
18886658
18888302
18899626
18907562
18922653
18924444
18926131
18926742
18929664
18933880
18941502
18941658
18947647
18956157
18965055
18967157
18975955
18977556
18983297
18986230
18987935
18997672
18999682
19012600
19016745
19017197
19018504
19022150
19030786
19031175
19038462
19042859
19048871
19061698
19065313
19068623
19069220
19074799
19075168
19080969
19083776
19085489
19085806
19088087
19100492
19104884
19116079
19116415
19128123
19128242
19128958
19130573
19150692
19169661
19176119
19187326
19201340
19222737
19226903
19236996
19251723
19261156
19262265
19263076
19280272
19286609
19293126
19300578
19316288
19321505
19333196
19334521
19341423
19342129
19349378
19352855
19373840
19403522
19412249
19427380
19434147
19449273
19459078
19470078
19484546
19495818
19506163
19509921
19513242
19515133
19579688
19597689
19617100
19621431
19623576
19632064
19638853
19649988
19664608
19667234
19667373
19668136
19677984
19700585
19701647
19704411
19722925
19724777
19736085
19743228
19746375
19748960
19768891
19770991
19771041
19773991
19780913
19792151
19796021
19817184
19821027
19825258
19846520
19847526
19848149
19851452
19852299
19874330
19892462
19894630
19906909
19917232
19922342
19924160
19935803
19937491
19942509
19949264
19962341
19965555
19970239
19981506
20024907
20030360
20033251
20034755
20048810
20067150
20072144
20073776
20080720
20095198
20120338
20133790
20139453
20141454
20145054
20162972
20167668
20185067
20186467
20186757
20196353
20199314
20211038
20228742
20233311
20233883
20234462
20237043
20250752
20250851
20265849
20269689
20271746
20276601
20277056
20285251
20285824
20286543
20290402
20296494
20304718
20308996
20320449
20323764
20325210
20325999
20326012
20327883
20334334
20355806
20366085
20367706
20379747
20389204
20406524
20426361
20426861
20445769
20494173
20494938
20495439
20513367
20519933
20531522
20532027
20537229
20539302
20542022
20544586
20545630
20554580
20555358
20574784
20578636
20584323
20594907
20598074
20602694
20612916
20620889
20622618
20632212
20651443
20676419
20680095
20704779
20726745
20730202
20731921
20740329
20752662
20757527
20766705
20777834
20796984
20803785
20854846
20865751
20882996
20884915
20886152
20887260
20887746
20891836
20901937
20905266
20906822
20909242
20911694
20930891
20936797
20938295
20942852
20946638
20959076
20967790
20974040
20987857
20989532
21009149
21030590
21033374
21065532
21065839
21077555
21087700
21094215
21095640
21105466
21132374
21141284
21149273
21151335
21158585
21161155
21177913
21182525
21191618
21198422
21200255
21218338
21225112
21225721
21234302
21237154
21246235
21252836
21260571
21261908
21262920
21270074
21276002
21277454
21285311
21291912
21309127
21329089
21339809
21348126
21380202
21389447
21411677
21421127
21431695
21439693
21455141
21474953
21479102
21492496
21494229
21515858
21529231
21529297
21543894
21565111
21571361
21583504
21585237
21591665
21595059
21621644
21630639
21635665
21663585
21703342
21708090
21717861
21725423
21732540
21733936
21734263
21750288
21752169
21755077
21770265
21775865
21780616
21792497
21807922
21817847
21841761
21845256
21861235
21867416
21876109
21878621
21891817
21906892
21915986
21927855
21972013
21973549
21978854
21991372
21991885
22001911
22010709
22015412
22023986
22028279
22034255
22055615
22058115
22091453
22107730
22111535
22115722
22116243
22124629
22126048
22130493
22132510
22141570
22151503
22154421
22160653
22161099
22174860
22188403
22192261
22198263
22224697
22250887
22253393
22254416
22266654
22269425
22277339
22281769
22282537
22341854
22356832
22360908
22361643
22363388
22364587
22374733
22383573
22388038
22393587
22394767
22400038
22407215
22407989
22422812
22451513
22457622
22477732
22482467
22511998
22522052
22522637
22524626
22537347
22545702
22553198
22600407
22613847
22617284
22634071
22655693
22660925
22663379
22666729
22669526
22681490
22682791
22684366
22694561
22696061
22705335
22705577
22706327
22711695
22711922
22724502
22729911
22735842
22737617
22739190
22749439
22766370
22773654
22774401
22798413
22855519
22861250
22865217
22874301
22877404
22903820
22904942
22918689
22919697
22928213
22928745
22948648
22952254
22995464
23002480
23005464
23022262
23025932
23029808
23037762
23040195
23050142
23065423
23113741
23122210
23143761
23150796
23150846
23151897
23181538
23195262
23211599
23220076
23223435
23224801
23225940
23255815
23283902
23287118
23289788
23293153
23294523
23295051
23304424
23309785
23310905
23353846
23367987
23380220
23394423
23398860
23400415
23404565
23408475
23439418
23442892
23453388
23457285
23464300
23468761
23487222
23487483
23523250
23538287
23552148
23561970
23564065
23583450
23590858
23599153
23605117
23635257
23639227
23649286
23659990
23677338
23689689
23696261
23700213
23710539
23721253
23727749
23755481
23768261
23787991
23789339
23794186
23818353
23828432
23829573
23858386
23867914
23873230
23886641
23893408
23921797
23946211
23952733
23963950
23964657
23978588
23992260
24001011
24009191
24011620
24025221
24026043
24035753
24088598
24103868
24106109
24108934
24112426
24128136
24128336
24138040
24139936
24166560
24188737
24194214
24194847
24201929
24209234
24220954
24245197
24251103
24256395
24271849
24273952
24276659
24281414
24289250
24299855
24307114
24333024
24335066
24338245
24348267
24368607
24374580
24381729
24389831
24391629
24392607
24400718
24403358
24414449
24417120
24418528
24425921
24426635
24432731
24452800
24456216
24464789
24481289
24494330
24509424
24510811
24514789
24528569
24539231
24542280
24545200
24546375
24557516
24577543
24597065
24599973
24600278
24629123
24638168
24652816
24658056
24672436
24687510
24699514
24709216
24711878
24723900
24736007
24746367
24761728
24763478
24774713
24784697
24791737
24828319
24849683
24851982
24861223
24870401
24879628
24887850
24888499
24911728
24914612
24927424
24952515
25000350
25004985
25011572
25011675
25021870
25029321
25035873
25044417
25046607
25071686
25079883
25080937
25096612
25098634
25105537
25119209
25120481
25160775
25163555
25172415
25226378
25240906
25246468
25254055
25255989
25286740
25312539
25314467
25330776
25389012
25407548
25408387
25412886
25438917
25452092
25473089
25488706
25512068
25522975
25544018
25544253
25554613
25567293
25570740
25579663
25591811
25595769
25611249
25613262
25629527
25683367
25687793
25706837
25707015
25731030
25735503
25739447
25742105
25761136
25777896
25787842
25790112
25793704
25802210
25807144
25810265
25813993
25814726
25820380
25824207
25881153
25883288
25883928
25892390
25894514
25896400
25913287
25926758
25933724
25938304
25960110
25984134
25992154
25997757
26008358
26008678
26008788
26018573
26024304
26037269
26038996
26039372
26043559
26056087
26064736
26080071
26094314
26097655
26102284
26128934
26161946
26162258
26178397
26190381
26199959
26208103
26239211
26239219
26255342
26273069
26278534
26278828
26306142
26318586
26339158
26341851
26369515
26391268
26391653
26391656
26406837
26427109
26446917
26458634
26477814
26485210
26486674
26512805
26524678
26532380
26533238
26537024
26544441
26551467
26558868
26565165
26569293
26571096
26572347
26598435
26613562
26635337
26640109
26647995
26668473
26676664
26686202
26689066
26693661
26723370
26739458
26745185
26747211
26749228
26772491
26772855
26776184
26781719
26781894
26783626
26805628
26808591
26812834
26814368
26857374
26863666
26866593
26870619
26875924
26887772
26903522
26907675
26913373
26916414
26926638
26928202
26949028
26952783
26970081
26971606
26975621
27004631
27010009
27010395
27016863
27018690
27025809
27030610
27070320
27094304
27100036
27104765
27123035
27127349
27131042
27143129
27171270
27171903
27177193
27178085
27179685
27180840
27190479
27196245
27220419
27220959
27239480
27252653
27266084
27270492
27271345
27284102
27291017
27292569
27297606
27312009
27344927
27370460
27375620
27379725
27388428
27394009
27418508
27427378
27437630
27446833
27465731
27479049
27482879
27494209
27504143
27505350
27524974
27539764
27557302
27562175
27567508
27583693
27588867
27599337
27620951
27628006
27644001
27650553
27650897
27658720
27660181
27665508
27682973
27691612
27724205
27724512
27736109
27736187
27752770
27782027
27803901
27804579
27817762
27825740
27846777
27847688
27848588
27874688
27876857
27909032
27923815
27931108
27940428
27947063
27949376
27955324
27965508
27969360
27974031
27980493
27992784
27998320
28016958
28039718
28043155
28046113
28052208
28057792
28103741
28128627
28143289
28156886
28159051
28178061
28191610
28201194
28208693
28212959
28227468
28228928
28241171
28248836
28250856
28272535
28294982
28302225
28303477
28308571
28326360
28337924
28343270
28349201
28367849
28377949
28378605
28378675
28391049
28403066
28413536
28448321
28457080
28462577
28489705
28500635
28502303
28505819
28505962
28512748
28531606
28537178
28543764
28551564
28553546
28556779
28561139
28562297
28594725
28596699
28606338
28619814
28628345
28629495
28630212
28634341
28636233
28658729
28664334
28673210
28676300
28678413
28723306
28728468
28747781
28773189
28819723
28828068
28834917
28840684
28846038
28846074
28852482
28856461
28871938
28886709
28900973
28904494
28907203
28912840
28933219
28943298
28950774
28973025
28977682
28997717
29005512
29011967
29018325
29049608
29053289
29064847
29071292
29094281
29112891
29113796
29114401
29134897
29139592
29143313
29156720
29163047
29172871
29181795
29214064
29217282
29224522
29229130
29235507
29241658
29243715
29248249
29254754
29259223
29267945
29271581
29295192
29302979
29314358
29318178
29318717
29333802
29340609
29366849
29377134
29380374
29382235
29385402
29398987
29400829
29411391
29427065
29430378
29432250
29452112
29453930
29454739
29455118
29462024
29482548
29483272
29484514
29490430
29495427
29497639
29504482
29516851
29536506
29537732
29583966
29594247
29606778
29608776
29620250
29624839
29642009
29647016
29650706
29659293
29680926
29699543
29709090
29744285
29749619
29765842
29773474
29793318
29798908
29808845
29825531
29838851
29865762
29889380
29890761
29896850
29932314
29933957
29935898
30019176
30030312
30031551
30034944
30044534
30070589
30071799
30088453
30121153
30126917
30129338
30154834
30160390
30167299
30194086
30216475
30224490
30236772
30239006
30243082
30247691
30248180
30252028
30252419
30259252
30279524
30285564
30348831
30354548
30360902
30379595
30392550
30406698
30410459
30413411
30425379
30427675
30436189
30459607
30465547
30467590
30475363
30492341
30494792
30514168
30531234
30535911
30546969
30563417
30565276
30604171
30607576
30609176
30609966
30638318
30717652
30719967
30721045
30725673
30729861
30730683
30768104
30772196
30775240
30776213
30776735
30780792
30785392
30789889
30802965
30811350
30822303
30823573
30834513
30837254
30856488
30860163
30865090
30871744
30874585
30887998
30894148
30897130
30906207
30912214
30929938
30939270
30939538
30942239
30943450
30976517
30979305
30981589
30998384
30999718
31017834
31021946
31028152
31036744
31036794
31070542
31088618
31093025
31106314
31108316
31108487
31128220
31134686
31136634
31142908
31158788
31159273
31166790
31168562
31179103
31195872
31217639
31256209
31323337
31323916
31325043
31333601
31340279
31363298
31370149
31370269
31371963
31395104
31395621
31401834
31402216
31419611
31428975
31430945
31432653
31442238
31451303
31463262
31466400
31472835
31480458
31488217
31490663
31491558
31496286
31507497
31530186
31563921
31566177
31582362
31604097
31608652
31626548
31633700
31641427
31647614
31653212
31712686
31729928
31735924
31763659
31810908
31822278
31832058
31832548
31839577
31857926
31874789
31879322
31891701
31906164
31933045
31934824
31952489
31960191
31972158
31984044
31986971
31992829
32012997
32032158
32033994
32046494
32046636
32062069
32069241
32070183
32073127
32094920
32104487
32129152
32154074
32167379
32177600
32188744
32193923
32215606
32237607
32239966
32256039
32257440
32264579
32298762
32309440
32321704
32337690
32374085
32374333
32374336
32382292
32391112
32400680
32406169
32416862
32431613
32451268
32452297
32462233
32463523
32490876
32491996
32527261
32541025
32571603
32598105
32601511
32603308
32606121
32608731
32609847
32620765
32633335
32656151
32658813
32682877
32710839
32711330
32723083
32726884
32728690
32755653
32757257
32758362
32771488
32775333
32775545
32780105
32834404
32837781
32840005
32841748
32845014
32850631
32852293
32867486
32916809
32918433
32925601
32930207
32947454
32951464
32954845
32960798
32986628
33010486
33053712
33060442
33072342
33075109
33082788
33083496
33129377
33144933
33181217
33223466
33232219
33240496
33282384
33307950
33328958
33330973
33400643
33412110
33431430
33438308
33449853
33453476
33453853
33464220
33465414
33483239
33488163
33527195
33562376
33563241
33565535
33608032
33646215
33656282
33671634
33691694
33722653
33749551
33760296
33809773
33814171
33836098
33866259
33912125
33915526
33917730
33921101
33922789
33935597
33938393
33964095
34001117
34001233
34029911
34056876
34109181
34117650
34140189
34159704
34160267
34163393
34179036
34203954
34245530
34256035
34262804
34280464
34286880
34340674
34347247
34349115
34351321
34357137
34363897
34364853
34368401
34389359
34401250
34421873
34424813
34439867
34441163
34446193
34449152
34451539
34478267
34483983
34502123
34507156
34508446
34532187
34548843
34549739
34565986
34568897
34635682
34636798
34662860
34671630
34673903
34681707
34689066
34709633
34828755
34834154
34872409
34872653
34874488
34877265
34904582
34950723
34969483
35024590
35029760
35054547
35081025
35090947
35095543
35098750
35117141
35118717
35137011
35137581
35143230
35150505
35155025
35158912
35159340
35169604
35175456
35186195
35186241
35190609
35217002
35218224
35253086
35261331
35290817
35296300
35305454
35328041
35395592
35414270
35418827
35422266
35430366
35435748
35438368
35442763
35445994
35464547
35474443
35477601
35484366
35492819
35503626
35508717
35512031
35522177
35527317
35536017
35570353
35578933
35609463
35617996
35654575
35675448
35685663
35694483
35722661
35728776
35730352
35749194
35752600
35759667
35771896
35780673
35783455
35796516
35829738
35829960
35830987
35855054
35858838
35859074
35859218
35866878
35882925
35888077
35888416
35923523
35927165
35946891
35986623
35989186
36004715
36024097
36024687
36029433
36050955
36071731
36081484
36102197
36111388
36114348
36142392
36142861
36147722
36150444
36151018
36152563
36153490
36164926
36167065
36171829
36183439
36189556
36194119
36207292
36217224
36240031
36255990
36260147
36282164
36283936
36287929
36293005
36297975
36321081
36324233
36346480
36359575
36390444
36436760
36451339
36460659
36463665
36496625
36497145
36542153
36542719
36544750
36559111
36559396
36562934
36569070
36606123
36635757
36641007
36641086
36676181
36682110
36691602
36699506
36703627
36707577
36719449
36731795
36754835
36783728
36825547
36833258
36903144
36922841
36932666
36967706
36969269
36973104
36999247
37018150
37024038
37049750
37065553
37103524
37147228
37161928
37173975
37202926
37236088
37239812
37242620
37242830
37250181
37256074
37259319
37285658
37308756
37310695
37328011
37329936
37348012
37366076
37374853
37389948
37399062
37407245
37429006
37450799
37473753
37493686
37505939
37518343
37542735
37542889
37552764
37625958
37626392
37635876
37646665
37654822
37679759
37700168
37713956
37726941
37736163
37773025
37786307
37788819
37789043
37791682
37794132
37795549
37796643
37838681
37839050
37840338
37898960
37911705
37916608
37930025
37930115
38011835
38025936
38029900
38032479
38057202
38061398
38063743
38065337
38068826
38072169
38073672
38084194
38111415
38123920
38127827
38136930
38170770
38173720
38175127
38175889
38179522
38185716
38212243
38218586
38254905
38276008
38307965
38327450
38330398
38335802
38355232
38378985
38381660
38418369
38433530
38444245
38461723
38465571
38482343
38487502
38488750
38490375
38490625
38500069
38506820
38511776
38526274
38540524
38557635
38562997
38566341
38573037
38575677
38607284
38609164
38647813
38654793
38662818
38668176
38669274
38700107
38711963
38722609
38730792
38734954
38783485
38792083
38810901
38822483
38833432
38833624
38843828
38876166
38884897
38896865
38914038
38919377
38929539
38933188
38935478
38963231
38967207
38970105
38981722
38993072
38998063
39013888
39029598
39037700
39043483
39045479
39046955
39049136
39057241
39062883
39073582
39077288
39079001
39079521
39079930
39085288
39087636
39092211
39095267
39096449
39098958
39153814
39168887
39180089
39190554
39209891
39220738
39222323
39235515
39236215
39240937
39265472
39270233
39278302
39281633
39284912
39298622
39301691
39308920
39318004
39336493
39352932
39361796
39372361
39373315
39374989
39388409
39402936
39411882
39418894
39440686
39448671
39448882
39504124
39519454
39529536
39536889
39552937
39563333
39577506
39579845
39585825
39594394
39594839
39596417
39597484
39615820
39623974
39629605
39672608
39672645
39677093
39701312
39702010
39709844
39711433
39743281
39745919
39752318
39756918
39773206
39782886
39787899
39789133
39804174
39806112
39809286
39809657
39816696
39820012
39840955
39842814
39860838
39921449
39932980
39976070
39979520
39996767
40030157
40075584
40119745
40123026
40188977
40196220
40211125
40216473
40224758
40228442
40250583
40265737
40272078
40283704
40284583
40303807
40307260
40322493
40370391
40376924
40383365
40383947
40416413
40418834
40443306
40476712
40476848
40478079
40517753
40571675
40596359
40602969
40621106
40737864
40746788
40763328
40763411
40785352
40797821
40857956
40877238
40880087
40887818
40985024
40991121
41013318
41031611
41039471
41047558
41066977
41081562
41095206
41099762
41106749
41121452
41129191
41129833
41130844
41143464
41146244
41163163
41179787
41197034
41210908
41224684
41240197
41241373
41260039
41272705
41280414
41291888
41303243
41304808
41314251
41338972
41345021
41360304
41369227
41369564
41375569
41395897
41397487
41403262
41449292
41459999
41525100
41527773
41562566
41579965
41584939
41602363
41603444
41614856
41637171
41653125
41662222
41673678
41690013
41696799
41703056
41716136
41718323
41758044
41766748
41767246
41770543
41775128
41781627
41795684
41811944
41836097
41839809
41840090
41866051
41875030
41878189
41881680
41938580
41967619
41984384
41987292
41993647
41997458
42031278
42041209
42052450
42068180
42107606
42108468
42160009
42160926
42188038
42189831
42224687
42232572
42235004
42261379
42275437
42283301
42285552
42288925
42303025
42304583
42320357
42325979
42356616
42375343
42377151
42378951
42424267
42454227
42454592
42457893
42458545
42472226
42493724
42503404
42552002
42557397
42561060
42564286
42577377
42584068
42612431
42633525
42657596
42664014
42672642
42700575
42712869
42727985
42749630
42752735
42757783
42758965
42777021
42785492
42794737
42809054
42813818
42830481
42834005
42862402
42868167
42868626
42875468
42885046
42886085
42888852
42894191
42899384
42906753
42907358
42925187
42927906
42928727
42971617
42981274
42997215
43004475
43004770
43010955
43014869
43028708
43035905
43092845
43157655
43227631
43251401
43268573
43275739
43284270
43285725
43304709
43306899
43311275
43315797
43344456
43352464
43362323
43386327
43391978
43424762
43433761
43482507
43499168
43502170
43502477
43508485
43519217
43535976
43543789
43546570
43559725
43606155
43606719
43609566
43634624
43641090
43680345
43682433
43683144
43692669
43698353
43703369
43720234
43737682
43753437
43776791
43783754
43792458
43803324
43813558
43820261
43821130
43835954
43838929
43850654
43854648
43867260
43874475
43886794
43897887
43935288
43987044
44003712
44026038
44090698
44092000
44101198
44108744
44154934
44159402
44161733
44173197
44175480
44187015
44196243
44217793
44223492
44228558
44245720
44285537
44299805
44309271
44318467
44325026
44327265
44328881
44334071
44342904
44351409
44354934
44377867
44383151
44386051
44389647
44394634
44404779
44406423
44406534
44439347
44448016
44479201
44530787
44536234
44543897
44588353
44597087
44597978
44622365
44626606
44631098
44641798
44666353
44703860
44723169
44726304
44738315
44756620
44757184
44770112
44802572
44816661
44841770
44862361
44871136
44901029
44906481
44918917
44936247
44945111
44984736
45032797
45036116
45082042
45085401
45090907
45095828
45111456
45134657
45167733
45179926
45180363
45190424
45206208
45215776
45247473
45262013
45274039
45294956
45297490
45327511
45355516
45357761
45406432
45418993
45435884
45443373
45455276
45531530
45544909
45549289
45550820
45575570
45602666
45628440
45640616
45648453
45650387
45689927
45696583
45706743
45721945
45740998
45764684
45783390
45789957
45797315
45803164
45813893
45850574
45861038
45869275
45879025
45880267
45880593
45891534
45903195
45920189
45988402
46011413
46022632
46024862
46024930
46026919
46078591
46091945
46111015
46128538
46157637
46167969
46181731
46200297
46247008
46340464
46348089
46377545
46378932
46401282
46408188
46430850
46442192
46443948
46457688
46490607
46496222
46528552
46531426
46546080
46573251
46584165
46604607
46606651
46616576
46619430
46646320
46647878
46656761
46657575
46663156
46669860
46700259
46700440
46705427
46705905
46735803
46743824
46810305
46811520
46813801
46824346
46861565
46927698
46953677
46954871
46956766
46971149
47008795
47034302
47071222
47073010
47088535
47095519
47127670
47150311
47154781
47172735
47195275
47199867
47204353
47205764
47223766
47229030
47256895
47264163
47267808
47280589
47297633
47369350
47370945
47398932
47405599
47424116
47439687
47452479
47460648
47495276
47535077
47549993
47573209
47578040
47581450
47588440
47655012
47670794
47679381
47701449
47758370
47762524
47801187
47815616
47829593
47838465
47871744
47880311
47887844
47914256
47922873
47938907
47954179
47988619
48004966
48011989
48071492
48134160
48140280
48183755
48215336
48224718
48256751
48260034
48306300
48307630
48310089
48324818
48415134
48424865
48426720
48444073
48464970
48494688
48507937
48594392
48599279
48630143
48633826
48667933
48668223
48668307
48684442
48684549
48689233
48706163
48780856
48783674
48786048
48810928
48872451
48874002
48911695
48929494
48948834
48950397
48971126
48978809
48979268
48997121
49033183
49036658
49043557
49057010
49098946
49142680
49145768
49216738
49233830
49238465
49275362
49304712
49312931
49323352
49342408
49348058
49365567
49386594
49396519
49401464
49407401
49413262
49459479
49471970
49520211
49528503
49648594
49662529
49666736
49739743
49744846
49789101
49862616
49883705
49891572
49893376
49901516
49942416
49947390
49960495
50065368
50113412
50126469
50158108
50160933
50192961
50222209
50280203
50293603
50316545
50325370
50344851
50403788
50481122
50520994
50541948
50548248
50550643
50573142
50586700
50588962
50607962
50628308
50638789
50661874
50669477
50682949
50706780
50737306
50746193
50769651
50802563
50830938
50852670
50868313
50879505
50958163
50964875
50965731
50972752
50995844
50997243
51002510
51025741
51059348
51070922
51097056
51115894
51154464
51178542
51189797
51189969
51198658
51236671
51282903
51302863
51305730
51316731
51332854
51338587
51400233
51404287
51406583
51415754
51416709
51438277
51463179
51480305
51480383
51488381
51488855
51507515
51511172
51514683
51527378
51565919
51589885
51591521
51591682
51616161
51623281
51641030
51644348
51674527
51687226
51694148
51706145
51724700
51734976
51759201
51784884
51786744
51794030
51801431
51894430
51903329
51905469
51980936
52028364
52030530
52031657
52035099
52089004
52134411
52164670
52170264
52171617
52250306
52254843
52285691
52292609
52393354
52394207
52396588
52397471
52411006
52414619
52464948
52532828
52548564
52595677
52650466
52682660
52705617
52731143
52741700
52763191
52841836
52848910
52886954
52893400
52910542
52926285
52940068
52948163
52960840
53053272
53066295
53084224
53096107
53097664
53105046
53105320
53117745
53159567
53169805
53199297
53259166
53263597
53264192
53352745
53378944
53387700
53430415
53449906
53460686
53465386
53505249
53514687
53551709
53585806
53593005
53593800
53629569
53644466
53691616
53691938
53727832
53778302
53794957
53846393
53880794
53884166
53904198
53919607
53980391
53991987
53993713
54014318
54030678
54061073
54104329
54122491
54128339
54237522
54254473
54292045
54299717
54353865
54411227
54450956
54523829
54557997
54559096
54610439
54625998
54729523
54753990
54771045
54813655
54831181
54857076
54858484
54863943
54875288
54918871
54950968
54958962
54978869
55043704
55058408
55117016
55149370
55220462
55240200
55262680
55263152
55269519
55320484
55335084
55337777
55347789
55408874
55526721
55560374
55581660
55585788
55589273
55602636
55607710
55611258
55624267
55626508
55626784
55653114
55655153
55680937
55706686
55725546
55805451
55838046
55914592
55947554
55981177
56013267
56030027
56034699
56098617
56098811
56108903
56129547
56138183
56154751
56157489
56157690
56188804
56192133
56207957
56247094
56248206
56314276
56318594
56337666
56367641
56380823
56381351
56433438
56433949
56442132
56469810
56479424
56536713
56538486
56560228
56633974
56647094
56648832
56658001
56667806
56687645
56693146
56722910
56773835
56819526
56864394
56916260
56933948
56949210
56983201
57025888
57039746
57088414
57091051
57109082
57135497
57141366
57185786
57219892
57245024
57318121
57323363
57356701
57383416
57393931
57411417
57416787
57434909
57459160
57472454
57525833
57584926
57596831
57609701
57632029
57662400
57671345
57679152
57690622
57699492
57703044
57728783
57743598
57750083
57750435
57787292
57810171
57858654
57859909
57897810
57907022
57917838
57938040
57969498
57986115
58004509
58007178
58122168
58123062
58176814
58177286
58196863
58266876
58277178
58277401
58277570
58321500
58338030
58374121
58401785
58474233
58488662
58576294
58612609
58638366
58701501
58730361
58745519
58820326
58828828
58842093
58888856
58940120
58944719
58956350
58976334
59030036
59081126
59149281
59158384
59178981
59187901
59189558
59250579
59264423
59278405
59290252
59343231
59380574
59390783
59396932
59425425
59434349
59451315
59453318
59472799
59540191
59613456
59624004
59624038
59627765
59656593
59668292
59708832
59734701
59762561
59783673
59857558
59861535
59866868
59870005
59875765
59888362
59919379
59959886
60025587
60029997
60051869
60162782
60163883
60183413
60185044
60219185
60284094
60302339
60314778
60369109
60371258
60381480
60394942
60404063
60428565
60480934
60483751
60489234
60508609
60513918
60537465
60550401
60570994
60595559
60607490
60626018
60639431
60691894
60747123
60762454
60842617
60843003
60860573
60890845
60926967
60931825
60941570
60977219
61010299
61024849
61032363
61035076
61058338
61062725
61164284
61172275
61176217
61180219
61198723
61205735
61217473
61225712
61235645
61251740
61252845
61312018
61327830
61337508
61344876
61371722
61381674
61468235
61519882
61532491
61572166
61588160
61610686
61616144
61626932
61635339
61670488
61679842
61685344
61713820
61759352
61773699
61802299
61846446
61894979
61920517
61942765
62002123
62048976
62065390
62085229
62099520
62104041
62126101
62146964
62163514
62180034
62210669
62210789
62254487
62314904
62376800
62383411
62451975
62464452
62473163
62483317
62521906
62532287
62549467
62559432
62562121
62593335
62600099
62667354
62731273
62778742
62812781
62826652
62843529
62844882
62872883
62880682
62901698
62905391
62937329
62938600
62956556
62997313
63044729
63074238
63117474
63223609
63261207
63272148
63273713
63274586
63279388
63296282
63315230
63330581
63342996
63362755
63363546
63390396
63409309
63416084
63456900
63530356
63531411
63536791
63600771
63634729
63665804
63679041
63679426
63694646
63697146
63738225
63821974
63829146
63845550
63852167
63869121
63938466
63943248
63944136
63968682
64011719
64025966
64056446
64100699
64117027
64118485
64174270
64255278
64262033
64318681
64364241
64365754
64399572
64436880
64490088
64497728
64549849
64563083
64644698
64655637
64717865
64736054
64744281
64762537
64880344
64889741
64905134
64918331
64941066
65004511
65060985
65123208
65211396
65262976
65271209
65325991
65342166
65367160
65369636
65372711
65409995
65421538
65447608
65480465
65497013
65503395
65545846
65602709
65609661
65612121
65642461
65646196
65677479
65733360
65754742
65755211
65759557
65785613
65790397
65795672
65943330
65947422
65963878
65976524
65994855
66012216
66033363
66094190
66140724
66170721
66178566
66202861
66203481
66213263
66262433
66262453
66272312
66309722
66317661
66332728
66343818
66353445
66396902
66405758
66413020
66444441
66452987
66466853
66496393
66509200
66514697
66572058
66577366
66597964
66612072
66648337
66666553
66673629
66689062
66743981
66748295
66750909
66785611
66798468
66800197
66801322
66809552
66839508
66843615
66859788
66872933
66883872
66941226
66971362
66990498
67005339
67019859
67033217
67033376
67043763
67096530
67106713
67119049
67142066
67185165
67186255
67267086
67273860
67295021
67296315
67299231
67418530
67436015
67474347
67483266
67489050
67535995
67539942
67567890
67606836
67673755
67678223
67688775
67694225
67698842
67710681
67722071
67773567
67774020
67791822
67804381
67812327
67848260
67852917
67900620
67939587
67949407
67974788
67996883
67996924
68038182
68079687
68091791
68108094
68120705
68191385
68201638
68207088
68269402
68285742
68365029
68388847
68393676
68407340
68409105
68419727
68424624
68441024
68455086
68457693
68476246
68478049
68550604
68560862
68584897
68614449
68626400
68656878
68659183
68675683
68677347
68720998
68721939
68733482
68771653
68783543
68785491
68790732
68796509
68881725
68885362
68891298
68902879
68923347
68983778
68984607
68995736
69002739
69027717
69041885
69045297
69136804
69140976
69143706
69172189
69181478
69187187
69204958
69209883
69245132
69256596
69280420
69312413
69316665
69345847
69368950
69374229
69385733
69387775
69393985
69397728
69409532
69410227
69425490
69449303
69498026
69505358
69511935
69516172
69523414
69604041
69672235
69680005
69685825
69706571
69724747
69740822
69741523
69754811
69765239
69777772
69827207
69838513
69877732
69904529
69910797
69936524
69937066
69995160
69995758
70041731
70063216
70110962
70134529
70158982
70202874
70226261
70259056
70266274
70294391
70301523
70318647
70327241
70331893
70343224
70345551
70366503
70423227
70487771
70502532
70529983
70540020
70563303
70567558
70578844
70580629
70616541
70647375
70649579
70661794
70691179
70740077
70775691
70776369
70778175
70817393
70817951
70830200
70911133
70938081
70954344
70984523
70986244
71006709
71011019
71027265
71037044
71041620
71065278
71070120
71112874
71139949
71176075
71197264
71252783
71254709
71265405
71266705
71272947
71289729
71297098
71321607
71383707
71385398
71388462
71428207
71446722
71456336
71479010
71486235
71517883
71525929
71535590
71614581
71633985
71656422
71666566
71672360
71682429
71694255
71698090
71737144
71737916
71757520
71807501
71808225
71808750
71811564
71817847
71838979
71863446
71866965
71884032
71909234
71930514
71964888
71970693
71972649
71996510
72010864
72082759
72129296
72170000
72171570
72184984
72257407
72257569
72271791
72291022
72364980
72381967
72389583
72390446
72406499
72474899
72507187
72507730
72510998
72513001
72518314
72539408
72542960
72554879
72557456
72589556
72613289
72624757
72647466
72650385
72669518
72675081
72730263
72748763
72753103
72772185
72803886
72808430
72821504
72826706
72861767
72861854
72881047
72890999
72899488
72932762
72933313
72943992
72944291
72963186
72967817
72976460
72988479
72991202
73030059
73044248
73046845
73062823
73073519
73090648
73104479
73114967
73125219
73216709
73321917
73334807
73342982
73376936
73391511
73422683
73451192
73481739
73483899
73496354
73527717
73547031
73562099
73574457
73587732
73635696
73638273
73648040
73702050
73738672
73763055
73808904
73895864
73916732
73923193
73963802
74027226
74033588
74057588
74067065
74108661
74130225
74210815
74233850
74236369
74285329
74287108
74313494
74330513
74338525
74370535
74386373
74392059
74425564
74437285
74449079
74469227
74502685
74515529
74527803
74531176
74591350
74649656
74687318
74697272
74794591
74878795
74882555
74916203
74966738
74968870
74976032
74991545
75046513
75051429
75057170
75092240
75128635
75129152
75137434
75192515
75260988
75263673
75275433
75302605
75320548
75343596
75349293
75357173
75358650
75377207
75434142
75438128
75450122
75455311
75486616
75502065
75563995
75565025
75578059
75586222
75604650
75626439
75660227
75664853
75702737
75722845
75729176
75734200
75737225
75756255
75776086
75799699
75818429
75833645
75848940
75856995
75868559
75893400
75896138
75913447
75920056
75940385
76001275
76047789
76066288
76107774
76116095
76162432
76199730
76203081
76262194
76267099
76285913
76290170
76313191
76325583
76332102
76335397
76364338
76401323
76427125
76433503
76441032
76465337
76497601
76568802
76571232
76583958
76630836
76676839
76677105
76708034
76712198
76734933
76738451
76750651
76760291
76835236
76836125
76840875
76877185
76906134
76932268
76941914
76944037
76964327
76968569
76978970
76998525
77021498
77023150
77025715
77106581
77123280
77124575
77144043
77165898
77193138
77262407
77289389
77292155
77324098
77355075
77381065
77394725
77404398
77413199
77425893
77472594
77501174
77505129
77506341
77536657
77543913
77546098
77569360
77582775
77618031
77621852
77667643
77704039
77711921
77720072
77721614
77730972
77732453
77744518
77748331
77767520
77793095
77816446
77826929
77827779
77912514
77923491
77965319
78011583
78029535
78053176
78054279
78055633
78077564
78080497
78096243
78102737
78109943
78124914
78159598
78181478
78249471
78260816
78276540
78326767
78337820
78341180
78345222
78373552
78383694
78394138
78399100
78402657
78412929
78425527
78442261
78449681
78451108
78451448
78483165
78519834
78548858
78566702
78570517
78577630
78588274
78605711
78663375
78670371
78697574
78774041
78789321
78816308
78818099
78857707
78870150
78888195
78890098
78895160
78900032
78919956
78932385
78941050
78965274
78974384
78993677
78997356
79003389
79008301
79018861
79044351
79084243
79131232
79145357
79153177
79164289
79171435
79173182
79182496
79183986
79198256
79261077
79301387
79314654
79318479
79342114
79354070
79355828
79385826
79392523
79402004
79424834
79434156
79477958
79478489
79484607
79506805
79517615
79521516
79527476
79535970
79536884
79581855
79582225
79588117
79605196
79698517
79700735
79717124
79719551
79720560
79750044
79755191
79761404
79764779
79768012
79777729
79779567
79801829
79819795
79826479
79873614
79916224
79923182
79924255
79932465
79957048
79958366
79982942
79989797
79994822
80000177
80014901
80041892
80066853
80084929
80086630
80087133
80103582
80106776
80140204
80141922
80164783
80177279
80180672
80202944
80217526
80219230
80265277
80283883
80292406
80304844
80328713
80333980
80345494
80354350
80366325
80370499
80413121
80459773
80470808
80545059
80561280
80580193
80591078
80652940
80656940
80660000
80722298
80729702
80730557
80756266
80760267
80765589
80798058
80830349
80838367
80843082
80843142
80861393
80878599
80883661
80898334
80910093
80911310
80965868
80998446
81007191
81007734
81030594
81049427
81057978
81119261
81128037
81134845
81138293
81154887
81185153
81192535
81214779
81237693
81243683
81304253
81310986
81322349
81327022
81344421
81353119
81389039
81400842
81423406
81431562
81444667
81476591
81480277
81506646
81509870
81526090
81527062
81550708
81593560
81641383
81738374
81742876
81755074
81778212
81802890
81814180
81814900
81825917
81848247
81908933
81924626
81951567
81986442
81994296
81994749
82029794
82073097
82089686
82091202
82099993
82111190
82122407
82169175
82182422
82207330
82218134
82227226
82246351
82263178
82267427
82267986
82282032
82283351
82293512
82339958
82352854
82388777
82410666
82487091
82498355
82522386
82531146
82557833
82663581
82679177
82703040
82734733
82768118
82775193
82781086
82804226
82808469
82871916
82916058
82940157
82941266
82957526
82975270
83007037
83035627
83043928
83048311
83049002
83059743
83059944
83067501
83091326
83123661
83131419
83136186
83169676
83210117
83217453
83259071
83285202
83302536
83310536
83323152
83377305
83398360
83500807
83518165
83661809
83676761
83709288
83718978
83768376
83787243
83793304
83897107
83911804
83950582
83967466
83978716
83979176
83991629
83998880
84011133
84066517
84082825
84089349
84158062
84162926
84167496
84224790
84243335
84245192
84246297
84269202
84324005
84361751
84396885
84396917
84425632
84426054
84430294
84430794
84471742
84479934
84481593
84526211
84539000
84598393
84647182
84655066
84711577
84715367
84738502
84776875
84779281
84854080
84863495
84914529
84937178
84950202
84973821
84978495
85015370
85019065
85050690
85063356
85072714
85121520
85130054
85147428
85147897
85149798
85169426
85201103
85255673
85282042
85285347
85299763
85319447
85342233
85422382
85427510
85433048
85474689
85511363
85557463
85567199
85570471
85601943
85608309
85614734
85628385
85663498
85664614
85686889
85690879
85706232
85719611
85733932
85743880
85794562
85860274
85907250
85910791
85929664
85950171
85959024
85986458
85991407
86019445
86028601
86047314
86058039
86068680
86091815
86151817
86155482
86192864
86197220
86225792
86255877
86284155
86354757
86365721
86380573
86421860
86437952
86519707
86525954
86651194
86652319
86654553
86678245
86698333
86700329
86770140
86813233
86889988
86915655
86949778
86970020
87013573
87022038
87078492
87093435
87131791
87144674
87218692
87219248
87222331
87223378
87229829
87232978
87241146
87248761
87254316
87265946
87286203
87349037
87362086
87453140
87454148
87466876
87470350
87473701
87497131
87522241
87537322
87566493
87577604
87647158
87680497
87683432
87784072
87794212
87814348
87825893
87826252
87832999
87891148
87920577
87930707
87961347
87968254
87984886
87991687
88005924
88101982
88170916
88191222
88211500
88214820
88233346
88254696
88265052
88300507
88338328
88370341
88375388
88413599
88449009
88469222
88472378
88483323
88488093
88539068
88543008
88556867
88590121
88622563
88631229
88631553
88635810
88648734
88654998
88688750
88711963
88749530
88766691
88791474
88814241
88827101
88848438
88928931
88949393
88980447
88992320
88996928
88999751
89017343
89031526
89033824
89038714
89039335
89073132
89077884
89083945
89084508
89098011
89100614
89119106
89192766
89204961
89208805
89217730
89225990
89260352
89277501
89299992
89330113
89371673
89420519
89457951
89460865
89506008
89538274
89567689
89571303
89577442
89607072
89609366
89612253
89616605
89624747
89628994
89678211
89681054
89695205
89715925
89744003
89805826
89847718
89879738
89886939
89911981
89912374
89918363
89952191
89982401
90011423
90059532
90077736
90100192
90104302
90108735
90109483
90146889
90163111
90207877
90226730
90236432
90250437
90252733
90271408
90283661
90295890
90331877
90344483
90346525
90362628
90420486
90447744
90455485
90470301
90478117
90509634
90509946
90531198
90543880
90577792
90634561
90658335
90671910
90676903
90691841
90694249
90762040
90764554
90799457
90903542
90941431
90958766
90968517
90987227
90994917
91000081
91004334
91019711
91021769
91076584
91092166
91103072
91103836
91203100
91203531
91256389
91351190
91356835
91377881
91388965
91428820
91495494
91568192
91569019
91574880
91644366
91672605
91680268
91703420
91747748
91755892
91800631
91809852
91811226
91862211
92013792
92035814
92058817
92088625
92123326
92169212
92253923
92316076
92322772
92435021
92448309
92455859
92493810
92497364
92530553
92681586
92709548
92742520
92744029
92746908
92749855
92774244
92832458
92838057
92851787
92861153
92868510
92893864
92895642
92912036
92913609
92916286
92938746
92948454
92955548
93001042
93081674
93239406
93378662
93415084
93434337
93455474
93458949
93527851
93567647
93589786
93614758
93624573
93656718
93680226
93691706
93694112
93720616
93768456
93797023
93887550
93906723
93921764
93993281
93993445
94004958
94051158
94053024
94107072
94192591
94230054
94269254
94291300
94322081
94402656
94425886
94434941
94521240
94524703
94544672
94620892
94678056
94680215
94722782
94750460
94752025
94767798
94775129
94809550
94818069
94909563
94947562
94964995
94968971
94977722
94994806
95017059
95055264
95157878
95238460
95314556
95376702
95399838
95419524
95441954
95451841
95513465
95536575
95544477
95563646
95584313
95607017
95621365
95629853
95670619
95795064
95835480
95844645
95866014
95909127
96044151
96052712
96172098
96178735
96429699
96481315
96545339
96568699
96579567
96581086
96624273
96652481
96664933
96722185
96751340
96877640
96880326
96890433
96968713
97050562
97066418
97091998
97107969
97124285
97217357
97231112
97316503
97431383
97443888
97448844
97487228
97510785
97529815
97532091
97539039
97547865
97574628
97589139
97665294
97733044
97743279
97752248
97873503
97880130
97905523
97909798
98002272
98034946
98055460
98105217
98126821
98204176
98242045
98242909
98341746
98386994
98394369
98411964
98415789
98442065
98475228
98480520
98547002
98637683
98648779
98682997
98727381
98743435
98765512
99023276
99079535
99128703
99192590
99239132
99244543
99269294
99271028
99271687
99307758
99334528
99365694
99441475
99460876
99547583
99592128
99593298
99613905
99632428
99672015
99700510
99749933
99823696
99850224
99850381
99876966
99914158
99914509
100042597
100043410
100066356
100111930
100122233
100174337
100195963
100220195
100318357
100328013
100337156
100343082
100357202
100396602
100472722
100668101
100733437
100751568
100843258
100928149
100944499
100979355
101042178
101086965
101122448
101141644
101153314
101156365
101172194
101239905
101294298
101309272
101311247
101336037
101386874
101421900
101429925
101431562
101439088
101463681
101485620
101569953
101691629
101706494
101753756
101848144
101854924
101918926
101933135
102016497
102022322
102038513
102153172
102165423
102168368
102221453
102221498
102271538
102335026
102356040
102375831
102464815
102474037
102484152
102519349
102538316
102549493
102568612
102643765
102723567
102740930
102781008
102784592
102801571
102865389
102902930
102971312
102979798
103031565
103074076
103105020
103128239
103153353
103182446
103249747
103260660
103265000
103337054
103391327
103396534
103409711
103429553
103542454
103554067
103622164
103714113
103744810
103745389
103902049
103958072
103970904
103985019
104005678
104088623
104143192
104214730
104262484
104265705
104283696
104301655
104338495
104346165
104354145
104370844
104402290
104408045
104482173
104517722
104528968
104550134
104577152
104614621
104736208
104737996
104769549
104775375
104781160
104808070
104886347
104899266
104925318
104935331
104992343
105007090
105032048
105098005
105125936
105138305
105179485
105189228
105201240
105209202
105215383
105244079
105251994
105260778
105285214
105285779
105337496
105352736
105442821
105456383
105495889
105530510
105557930
105573812
105625264
105637170
105710235
105751415
105764235
105867152
105882759
105925832
105930298
105950737
105978570
105982951
106000939
106101561
106173939
106199478
106222164
106281813
106283021
106293338
106294383
106307249
106311376
106333647
106344845
106359977
106392345
106416080
106593213
106606859
106652331
106664874
106668407
106705424
106719832
106737294
106742185
106815144
106866550
106866641
106931273
106963534
106965496
106995541
107081482
107088432
107114759
107118766
107153027
107155602
107183501
107184275
107185649
107223417
107241106
107357588
107359780
107440109
107460585
107553291
107578094
107604882
107659128
107667991
107680522
107709784
107807785
107857033
107857150
107859177
107861452
107878745
107974132
107977612
107977709
108015726
108022422
108149996
108209461
108298046
108303924
108328042
108338522
108344355
108345845
108365534
108370006
108371399
108371659
108373005
108374946
108406921
108463524
108465206
108480295
108488113
108503081
108523853
108527789
108532059
108584212
108682281
108700311
108711274
108754448
108792027
108818143
108833979
108857681
108894993
108976465
108982335
109033800
109043593
109050307
109101835
109115698
109161769
109165569
109179031
109188067
109210105
109255150
109274673
109346796
109352625
109414121
109455503
109473454
109495766
109594848
109609866
109638742
109674546
109746670
109759190
109761559
109798869
109822282
109830574
109847710
109874628
109876949
109907337
109909045
109925941
109926298
109969419
109976994
110053322
110113839
110138601
110138959
110168072
110223110
110247856
110248491
110300743
110327455
110346387
110355333
110367688
110369306
110414865
110424889
110456025
110457321
110477520
110513894
110519239
110538730
110546800
110549452
110555713
110557919
110576881
110587640
110588346
110616106
110622099
110698000
110738716
110793480
110797008
110807325
110822358
110856461
110861577
110867439
110870086
110887867
110907537
110972126
110977367
110998537
111000502
111038482
111060750
111060891
111065244
111084611
111124648
111139146
111162557
111250387
111421466
111445894
111492422
111510404
111520303
111628870
111638796
111667533
111709574
111726130
111735370
111764356
111766935
111795316
111814099
111823141
111827716
111834466
111893495
111906348
111906615
111959512
111971650
111973097
111983421
111988696
112027765
112056844
112065824
112076345
112155216
112159781
112161970
112175344
112190534
112199728
112200746
112205202
112263345
112280003
112314802
112325430
112343289
112355175
112374818
112376001
112380321
112389270
112405338
112436910
112447799
112472748
112479821
112484780
112535628
112537595
112552759
112562624
112563553
112572251
112575246
112594602
112596953
112601760
112608387
112611071
112614433
112658121
112665605
112678232
112693406
112714688
112719818
112725073
112751956
112754373
112758995
112759138
112773901
112812471
112825900
112846556
112854117
112873862
112913030
112979931
112986746
112991071
112999317
113006422
113020527
113053618
113066727
113086453
113094522
113132520
113139804
113151581
113172408
113190268
113202568
113207655
113217944
113221377
113244877
113252458
113289487
113290376
113290748
113295106
113319000
113329170
113358455
113362285
113365387
113369431
113385067
113457941
113489485
113540866
113553242
113578987
113588350
113678778
113682466
113694692
113718400
113738160
113738191
113884049
113921150
113921716
113933757
113951815
114011838
114030350
114067064
114085205
114093953
114130001
114171132
114172168
114203585
114290844
114298565
114300331
114303868
114329547
114442808
114469496
114517177
114542043
114554391
114565298
114566442
114587502
114588662
114603207
114627454
114646312
114715543
114728203
114736729
114765357
114778997
114789695
114794086
114795994
114799807
114801380
114827790
114839724
114850745
114853435
114858924
114861140
114877464
114899140
114903773
114918217
114949206
114950859
115015754
115032640
115067168
115080687
115087076
115088226
115109902
115111330
115132898
115151159
115157637
115178373
115189231
115220588
115242554
115262619
115288137
115300908
115469563
115470777
115472393
115473998
115492228
115519619
115540963
115552034
115567892
115573000
115594084
115628902
115631000
115690879
115718219
115721535
115759354
115841944
115846491
115849631
115849722
115855615
115885883
115887210
115887767
115909464
115919292
115971184
115996206
116013206
116058885
116066058
116084128
116132448
116176435
116180116
116268506
116282497
116335123
116343358
116355107
116358934
116359163
116361578
116371667
116405007
116535669
116578604
116578697
116580088
116602828
116636942
116666719
116741745
116778728
116816856
116848221
116862748
116868646
116886158
116959578
116987560
117005417
117026216
117058136
117065516
117076309
117090324
117099782
117109609
117117472
117131302
117144893
117150429
117161367
117190304
117209466
117230246
117287254
117295466
117321498
117332862
117336827
117399577
117467517
117483876
117511615
117514025
117516334
117580969
117584117
117602027
117608910
117611424
117642500
117717760
117724404
117727521
117739354
117745891
117747265
117756152
117764517
117776936
117827775
117841098
117865989
117868810
117946921
117956689
117996831
117999352
118050078
118108187
118124858
118181399
118188471
118252804
118280136
118288673
118296784
118306539
118308829
118328234
118375370
118385828
118385952
118409245
118411844
118430455
118447480
118480005
118481478
118484217
118524500
118549275
118553005
118573898
118594212
118597450
118608758
118623961
118633630
118712869
118727991
118750737
118784762
118794288
118832797
118837655
118860764
118904045
118920200
118929795
118941407
118951747
118956269
118959734
118975262
119006892
119065539
119089371
119151344
119159074
119160157
119162818
119182652
119183881
119216940
119250133
119251894
119279037
119288281
119339182
119426797
119426877
119430316
119500072
119508325
119539518
119544567
119576216
119582094
119656474
119674203
119720873
119764030
119781882
119798224
119824891
119865461
119878544
119892350
119927083
119934753
119952396
120007543
120014457
120023703
120036193
120063488
120101747
120102728
120125909
120127130
120127643
120135718
120185279
120245225
120285749
120294423
120383105
120405406
120422111
120428271
120431774
120466082
120500462
120561358
120601474
120614377
120670069
120671577
120673782
120680265
120695899
120729000
120743482
120793870
120845695
120846379
120897912
120898497
120907463
120909505
120925317
120943012
120959424
121003657
121051566
121054673
121058628
121075289
121077733
121085537
121100041
121106405
121143007
121148775
121150176
121174661
121237889
121256855
121312537
121350329
121351529
121358367
121362176
121362293
121400807
121418520
121419868
121438820
121475084
121497612
121603762
121603775
121614140
121638534
121657841
121663450
121694136
121719601
121765459
121790454
121866738
121869134
121888700
121897962
121901485
121924655
121931649
121932753
121938323
121943684
121983176
121999320
122000442
122008173
122015099
122045485
122047996
122063456
122064600
122101391
122109923
122121350
122148490
122163130
122176715
122197518
122331946
122373779
122380323
122397260
122424617
122440910
122447261
122448529
122467852
122605147
122660604
122686221
122730124
122733486
122749242
122754370
122755751
122770503
122778664
122785528
122829868
122867832
122911107
122925651
123009662
123049321
123055399
123127467
123130556
123135192
123147437
123152708
123164147
123285786
123299324
123343157
123365506
123383596
123403220
123431162
123431537
123448697
123466256
123492100
123500917
123523640
123533677
123570975
123578853
123596371
123731297
123732536
123740037
123740917
123793853
123822580
123917669
123919343
123925978
123935483
123944056
123972070
123990271
123990693
123998053
124005363
124031435
124034163
124049142
124055621
124061361
124091112
124136558
124230642
124234273
124268460
124271661
124292493
124293931
124313311
124322766
124411358
124431729
124438664
124533247
124592706
124630399
124642388
124655842
124700076
124702019
124761258
124909364
124914728
124958519
124986219
124993486
124999383
125005299
125032763
125058075
125103544
125109937
125155808
125171613
125182210
125208658
125224509
125236609
125264778
125282649
125285885
125290671
125330843
125352850
125359879
125392572
125404852
125434232
125439201
125486621
125511044
125550807
125557409
125562815
125599524
125761702
125822621
125839199
125882816
125907509
125942464
125951152
125966141
125985625
125994203
126000402
126016068
126020195
126044291
126045824
126050564
126058754
126074986
126091119
126092222
126141157
126163708
126181437
126206676
126237035
126243106
126263627
126289741
126290367
126294051
126360808
126366004
126395765
126403605
126410105
126532131
126546057
126548067
126552239
126559616
126566611
126581147
126593269
126601562
126604048
126634286
126669339
126699628
126724674
126738752
126773303
126781539
126824516
126824872
126825011
126838395
126847566
126851980
126873701
126874603
126878821
126892379
126896951
126948512
126981652
127010578
127020467
127074049
127075783
127079792
127095464
127109616
127121595
127121759
127142040
127151117
127171310
127187095
127272072
127354208
127359217
127548607
127573103
127610284
127697896
127709512
127747454
127837795
127885059
127887196
127914268
127922696
127927802
127929998
127982089
128000159
128031626
128172280
128180286
128184340
128202500
128225044
128241466
128262569
128263095
128351402
128379117
128379979
128396517
128420833
128478295
128522550
128560510
128570664
128614762
128621360
128688996
128697465
128700615
128744385
128755823
128774861
128823889
128874998
128901870
128941118
129014545
129046098
129048459
129115287
129124500
129196694
129236782
129331391
129352043
129385819
129406412
129452407
129452984
129461744
129481116
129482222
129498301
129515678
129520648
129577842
129654441
129713444
129749774
129782576
129831681
129833935
129859840
129890266
129902864
129917766
129992472
130005197
130038845
130046934
130093860
130192617
130228520
130250161
130259556
130324413
130339840
130344080
130394311
130411987
130497316
130524784
130527425
130552661
130566204
130583743
130635165
130676889
130697841
130725133
130733357
130757102
130784990
130822305
130851378
130915372
130927905
130956744
131036579
131042522
131114167
131183843
131192401
131202757
131212207
131287297
131310434
131310479
131340844
131347437
131374521
131394800
131469486
131533695
131558399
131558870
131564916
131635217
131655547
131657211
131668369
131767755
131848135
131878521
131911654
131941405
131953792
132010509
132020765
132027744
132043927
132113337
132127942
132158959
132167986
132176944
132257720
132261048
132263468
132302778
132308876
132342861
132343624
132401450
132432610
132452982
132474904
132498390
132513014
132527732
132619804
132645016
132697358
132709856
132712704
132732462
132761676
132799336
132821130
132851117
132852338
132873238
132901458
132917425
132954070
132967451
132990288
133050162
133105672
133140070
133175205
133183926
133203860
133214796
133340975
133423971
133431467
133557307
133637138
133642963
133669734
133670743
133682164
133693589
133727866
133784338
133802668
133805452
133814466
133837704
133852029
133878514
133908301
133951303
133991561
134017505
134026840
134072328
134081630
134161980
134174008
134194377
134203798
134260386
134263304
134305299
134314381
134342866
134386092
134407325
134418354
134432474
134462982
134489679
134507965
134528571
134579985
134597393
134646211
134664898
134681653
134716493
134882703
134918170
134928037
134996965
134999745
135009211
135012861
135047831
135070629
135081201
135090353
135183666
135203316
135211118
135213145
135233304
135264819
135265469
135354935
135369880
135401491
135412657
135417629
135485816
135500358
135517968
135519508
135562048
135611065
135625178
135694455
135694805
135791738
135801397
135832564
135859220
135866613
135910567
135934781
135977192
136001683
136047198
136054646
136092879
136151270
136185426
136208539
136217738
136279639
136315989
136320150
136425724
136427333
136431997
136444566
136463231
136465178
136482005
136493092
136513951
136561486
136566003
136611898
136626537
136644356
136693425
136694862
136713882
136717657
136929757
136968274
136999830
137008341
137015474
137020164
137032619
137036273
137052013
137071457
137151708
137203677
137208101
137220217
137242700
137266659
137272077
137311621
137336700
137342961
137346225
137397320
137402053
137420381
137433936
137435516
137502775
137539300
137544295
137545210
137570360
137590173
137592186
137644915
137650387
137710252
137803554
137847243
137860665
137867813
137886494
137971740
138025287
138059295
138067767
138087282
138119794
138143632
138156445
138228477
138232318
138268100
138277048
138325719
138341395
138343729
138349456
138357768
138422263
138445656
138463327
138504131
138545618
138583056
138620923
138626403
138627606
138644075
138662311
138696951
138719844
138882935
138914419
138928779
138960511
138991819
139003107
139051184
139057806
139101729
139128455
139132867
139138385
139221182
139253276
139254006
139262185
139314589
139318591
139348588
139471914
139477780
139526630
139536677
139565078
139578083
139580691
139588593
139624003
139634734
139700730
139702024
139734602
139768639
139773769
139847263
139851753
139861959
139889445
139914705
139923688
139943085
139968600
139992804
139996128
140006518
140125633
140172107
140219512
140223776
140223943
140241496
140294366
140357060
140387357
140389462
140394800
140436999
140454515
140464169
140525205
140534895
140538991
140558339
140576321
140639316
140639944
140707245
140710311
140735914
140742454
140851735
140862080
140902867
140913121
140946401
140969769
141035887
141131525
141147202
141148131
141156712
141167764
141175250
141201938
141216602
141250435
141291511
141294583
141335858
141388381
141445200
141493089
141503702
141527151
141550047
141570395
141703520
141723669
141730841
141737283
141740447
141760650
141780158
141789750
141804066
141839636
141855261
141906431
141969690
141994689
141999478
142022799
142058553
142095489
142121316
142153843
142200602
142232571
142261814
142412554
142506164
142511323
142718557
142752058
142769770
142804824
142847655
142856539
142905591
142909520
142976323
143022692
143105964
143137383
143185051
143251261
143374104
143406636
143441112
143446635
143461140
143515934
143533577
143570743
143573114
143583078
143615435
143687229
143794241
143831167
143842519
143881151
143883976
143885486
143890746
143989259
144000465
144040327
144055893
144069856
144103293
144157770
144178575
144187033
144225658
144273418
144331152
144338570
144366800
144380924
144390539
144393927
144406897
144432113
144499698
144682132
144688533
144717030
144771559
144839269
144839453
144853266
144881425
144881641
144924629
144933848
145002259
145004309
145146075
145169799
145186567
145249518
145253130
145286569
145447837
145471078
145489339
145505440
145546861
145589054
145615817
145631661
145741543
145746737
145746998
145747054
145791038
145916265
145953527
145987373
145993331
145994938
146079607
146133943
146152022
146187479
146274845
146282083
146341708
146400840
146422399
146426553
146473090
146625280
146679995
146720904
146738134
146778224
146890139
146891945
146928368
146947066
146968626
146976481
146976728
147001454
147008402
147096568
147106545
147113765
147117098
147127153
147149076
147152275
147231856
147287721
147322083
147362078
147430185
147470585
147500436
147514492
147561939
147572787
147584651
147589264
147601818
147684781
147722306
147726679
147751945
147846356
147900186
147932540
148020070
148036614
148065108
148149186
148157915
148173338
148180195
148194852
148220084
148230680
148236431
148313709
148319392
148347534
148373083
148385443
148408382
148461049
148528221
148615460
148622577
148721028
148733658
148743982
148775016
148781968
148818555
148825033
148837152
148855176
148859764
148872815
148890907
148934589
148939917
148967086
148967921
148977839
149009937
149069305
149074694
149093105
149103215
149106728
149114983
149162509
149199009
149254932
149307049
149333845
149346568
149371480
149427462
149469516
149478447
149484161
149512008
149549286
149592511
149592998
149602642
149664276
149682076
149706510
149720132
149732869
149752553
149754964
149800443
149824552
149837645
149957976
150022674
150112996
150192956
150229281
150267104
150272446
150291062
150351223
150412876
150468636
150479664
150505643
150657774
150735662
150741145
150785022
150864467
150876354
150909718
150911144
150965526
150970080
150971570
151124875
151179850
151271965
151317303
151392754
151422047
151444965
151450516
151471899
151476397
151581842
151588044
151715481
151735515
151745857
151747537
151756865
151757150
151782995
151790810
151840701
151844016
151846632
151858849
151959051
151971249
151974585
151994722
151997703
152040236
152074486
152155363
152158219
152206228
152256766
152300487
152326381
152331459
152335591
152344314
152444603
152451009
152565866
152652564
152692799
152700927
152787642
152842529
152957125
152978351
153007943
153032564
153034827
153048055
153057008
153100941
153123328
153170061
153192706
153195556
153213793
153222065
153246321
153266620
153274041
153392504
153393592
153405388
153419046
153421982
153431038
153444494
153479346
153497185
153517527
153557064
153625584
153670864
153724042
153798580
153903893
154125547
154176446
154239053
154259251
154270012
154289814
154302076
154340232
154341183
154353015
154397553
154408150
154443944
154508874
154577136
154589398
154619786
154693068
154824007
154850374
154876311
154901511
154932767
154991431
155013143
155057563
155092736
155146584
155198561
155274538
155277656
155361244
155371202
155400722
155475688
155556949
155572310
155580898
155603021
155618533
155620133
155728204
155728253
155795981
155828621
155834375
155836786
155838123
155856352
155935529
155954608
155997451
156014872
156020534
156040650
156051042
156107954
156125625
156151010
156158417
156241840
156305557
156308459
156379634
156413900
156475487
156605290
156608197
156610971
156644716
156704534
156748297
156749431
156753334
156760240
157000445
157032788
157050449
157081300
157256027
157258843
157260318
157269431
157291751
157383699
157398382
157407081
157428444
157446106
157464435
157477450
157526400
157531304
157550045
157561212
157579060
157608862
157670045
157710285
157737368
157750493
157806164
157817353
157927212
157954138
157956026
157974313
157992034
158037794
158201047
158221351
158240148
158289077
158298942
158354256
158458783
158486214
158538190
158547878
158617520
158628131
158663807
158713964
158736171
158762727
158807313
158832421
159015968
159055119
159075201
159102718
159106242
159160786
159171255
159180930
159272213
159282063
159283776
159303194
159306771
159351234
159372871
159374003
159406298
159510463
159527865
159539598
159598055
159608857
159626783
159668766
159670661
159725168
159740747
159764703
159772680
159794641
159809767
159818065
159842775
159894047
159908396
160060592
160133045
160151895
160186576
160222273
160293070
160353061
160369186
160415422
160430886
160529317
160630019
160654157
160735821
160840501
160882074
161003115
161049781
161130453
161131936
161219473
161274393
161353201
161377384
161495630
161616850
161656756
161673948
161690737
161754252
161778131
161824437
161837403
161893034
161916652
161954811
161965841
162031931
162037241
162062742
162099391
162168557
162219261
162227339
162231292
162237499
162246651
162269436
162332791
162373166
162373495
162374517
162405745
162443520
162450508
162475812
162480079
162528294
162538789
162545554
162610843
162627976
162635594
162666807
162752629
162770164
162816112
162886256
162973616
163071593
163196108
163249167
163364903
163374796
163381988
163517381
163580281
163625809
163684516
163703868
163793296
163825980
163836910
163881394
163887022
163969016
164027678
164045393
164056112
164061732
164136593
164144080
164167652
164184852
164196287
164203930
164204308
164214676
164218882
164276218
164278734
164280328
164327876
164346132
164355598
164410213
164410846
164418411
164435295
164459365
164499837
164554594
164630513
164632802
164655494
164672366
164803825
164809095
164867017
164877275
164891152
164953949
164954605
164967296
164975463
164993671
165025311
165091804
165127651
165134509
165137246
165163334
165173312
165203498
165233407
165274994
165287074
165303806
165333019
165338533
165344842
165393279
165394143
165413619
165418292
165526201
165547549
165625482
165685510
165694960
165719829
165725239
165743999
165790470
165914332
165949195
165970862
166034400
166043682
166050890
166102099
166165951
166198376
166202418
166208766
166302950
166360386
166382367
166419649
166474433
166493741
166496208
166527586
166528880
166531747
166532784
166573987
166588103
166625211
166635206
166638154
166650154
166650873
166651399
166652205
166699393
166740589
166742363
166762400
166792867
166814079
166885630
166906845
166908601
166943614
166952932
166952978
166963690
166981302
167063673
167067183
167121988
167171210
167186030
167275652
167302075
167324767
167379148
167448435
167474515
167482197
167510761
167512572
167530673
167595039
167683590
167715381
167736468
167747441
167778432
167789630
167797245
167904810
167940188
167987026
167998219
167999904
168090158
168096378
168105475
168204274
168214492
168256082
168263838
168265677
168296820
168300329
168326353
168348321
168384161
168403700
168414563
168433107
168472514
168515282
168523282
168534307
168539536
168650366
168674450
168676334
168691725
168711185
168717672
168759158
168770931
168862637
168863121
168867291
168882637
168892166
168894095
168994525
169035042
169040515
169041176
169083536
169107633
169113755
169116254
169148266
169194705
169195780
169214494
169217570
169244835
169251302
169283613
169288911
169304758
169389992
169403417
169539177
169543571
169545498
169576209
169578353
169581353
169629680
169641455
169653390
169663893
169715699
169715954
169897982
169968365
169987334
170085409
170101009
170109524
170176569
170198620
170226985
170229923
170232606
170250672
170255248
170284630
170305870
170312623
170314505
170365602
170432219
170482970
170514903
170565508
170569268
170577124
170593422
170614014
170628478
170651728
170667568
170693954
170696228
170701022
170741413
170761411
170787090
170804490
170881163
170888490
170913470
170927262
170934024
170971446
170986712
171033007
171049116
171050850
171077545
171081683
171087987
171088695
171155128
171183024
171188809
171199287
171216491
171224579
171264372
171265311
171298768
171302547
171329206
171392026
171401104
171411165
171430642
171473732
171554200
171606194
171610032
171715956
171741240
171769651
171793219
171816658
171846236
171849173
171861015
171874384
171891581
171907413
171913591
171945931
171962959
171987287
172000332
172013390
172025599
172038863
172041755
172063038
172102211
172142957
172168272
172184653
172231448
172234894
172288106
172347588
172366634
172385527
172479606
172501480
172552480
172553770
172661737
172692971
172726898
172772089
172801887
172828239
172853919
172859409
172891469
172919507
172922749
172923651
172983192
173046854
173056914
173109951
173112249
173123052
173126006
173157708
173198279
173239816
173256753
173266140
173339923
173341144
173385736
173407436
173414351
173422042
173429877
173463405
173486911
173502199
173553645
173620801
173677043
173700310
173783630
173820635
173821842
173847837
173866924
173995646
173997023
173999774
174028095
174052270
174070841
174111976
174114848
174200174
174287415
174289962
174304501
174357454
174380026
174380467
174426393
174444620
174445131
174455953
174462284
174472422
174490217
174498579
174552221
174553663
174578484
174602228
174605300
174661327
174701958
174741785
174746709
174766829
174774094
174789869
174814166
174832297
174832878
174832911
174838452
174882280
174893259
174902136
174902831
174937642
174948095
174967603
174974993
174997994
175024686
175093597
175110741
175113384
175237937
175239410
175314725
175338081
175338205
175389751
175393194
175454532
175528163
175534035
175593319
175594053
175602554
175603861
175645936
175670952
175685993
175688253
175718675
175754797
175764787
175785181
175792459
175800144
175823344
175833668
175839073
175844434
175877011
175879501
175885901
175891496
175899550
175921462
175960523
176027005
176056236
176069039
176077486
176081139
176082878
176106196
176175722
176233627
176237002
176295662
176304400
176313126
176326318
176329604
176407816
176412758
176475558
176480214
176482563
176516004
176598097
176610956
176740756
176745178
176785109
176845948
176859635
176874110
177088628
177095149
177162444
177167108
177190072
177240579
177264653
177280359
177300625
177342443
177396422
177470878
177494337
177524074
177538028
177543543
177594232
177663076
177676270
177683124
177706758
177777970
177788098
177817270
177969693
177983634
178003982
178006654
178045643
178088820
178119101
178141005
178145930
178159519
178186841
178189578
178206924
178229589
178239827
178257553
178289335
178302968
178321114
178350804
178351308
178399270
178404235
178428773
178429287
178486671
178514789
178530753
178531030
178541095
178543122
178613190
178695085
178697616
178707429
178709141
178728799
178752459
178796505
178805338
178819855
178847824
178902077
178911988
178929697
178940224
178983337
178989332
178995599
178995730
179037193
179044238
179083125
179093579
179098575
179111385
179113123
179134504
179155410
179181300
179191283
179196896
179273701
179294423
179301532
179305853
179308601
179334142
179352277
179385816
179420753
179427497
179465097
179483349
179519515
179521240
179522844
179557142
179571176
179608183
179650841
179670891
179678167
179810269
179814973
179824215
179827445
179963149
180033840
180148941
180163563
180242470
180289446
180297732
180349852
180397952
180406024
180437203
180461891
180468053
180515317
180557126
180577957
180582138
180621557
180637290
180668271
180672489
180699708
180759471
180767272
180854694
180875162
180925248
180965187
181005070
181009800
181033884
181074499
181092520
181103169
181109727
181119469
181132138
181147439
181243279
181280674
181297454
181302710
181341846
181371018
181464268
181479726
181520537
181540913
181544931
181571983
181597843
181634518
181693236
181708109
181711958
181717178
181720885
181748365
181765868
181768781
181830451
181904738
181921261
181922157
181970701
182000254
182020655
182055252
182083415
182089364
182149264
182224372
182229606
182260888
182344138
182353773
182377561
182432456
182443677
182446651
182469249
182480769
182530893
182560104
182572059
182613590
182658953
182664231
182674833
182709118
182716333
182731514
182732438
182744003
182756527
182767752
182778196
182799109
182826252
182932462
182937521
182938247
182979219
183077686
183112392
183115851
183194810
183204036
183300086
183330990
183395959
183397394
183439178
183468127
183555319
183627352
183658478
183678566
183732960
183750629
183811858
183824839
183831122
183838470
183843263
183878298
183881241
183915053
183926800
183934943
183997204
184040309
184053948
184191841
184196342
184217201
184228165
184238594
184264685
184282326
184289689
184310531
184332399
184378283
184428665
184516414
184556457
184570757
184589909
184606166
184706690
184740429
184753046
184791095
184792045
184792983
184810559
184846282
184901845
184914141
184926259
184965077
185054442
185062547
185072231
185153358
185158898
185186282
185297164
185324777
185326004
185414203
185420307
185428914
185449961
185454470
185464432
185623965
185631914
185632819
185643333
185646534
185657084
185721167
185733352
185733363
185796069
185798189
185835111
185872270
185880374
185883916
185894142
185955106
185962579
185964629
185970156
185981020
186043826
186045104
186089581
186127787
186130465
186146948
186156136
186183404
186212863
186229182
186259544
186267518
186310269
186322956
186356070
186379771
186431591
186432618
186439635
186451854
186488532
186511375
186528354
186549514
186566420
186570428
186592998
186598693
186727611
186751718
186754556
186758022
186778060
186797267
186854238
186861630
186889827
186919503
187011391
187095124
187132665
187171351
187179802
187184295
187223013
187224285
187234842
187251146
187266133
187299915
187329776
187350368
187354614
187365109
187378338
187395890
187401879
187412069
187429640
187465410
187487644
187506283
187532876
187616313
187627739
187658325
187688482
187696257
187714454
187743030
187769714
187773686
187797628
187823275
187824189
187843868
187853487
187884352
187905736
187908421
187943235
187982677
187991706
187999465
188058845
188074650
188083414
188085526
188110293
188126146
188132327
188134782
188161762
188197401
188203885
188261579
188276722
188299026
188372929
188417593
188471692
188486839
188496721
188597709
188602120
188650270
188664693
188698073
188786733
188801943
188807055
188825034
188827514
188834041
188839368
188982483
188996428
189017342
189027020
189051475
189115225
189167233
189188752
189204097
189257410
189263873
189313346
189315741
189427621
189428374
189434762
189450873
189463617
189469182
189500413
189515972
189584001
189596728
189602987
189647893
189648080
189657808
189665831
189694004
189719477
189731590
189749951
189751336
189830551
189831070
189848613
189850968
189904760
189918713
189938154
189956503
190085055
190138812
190211414
190212311
190262189
190282138
190309807
190321371
190344470
190373303
190417082
190446417
190450504
190494215
190498186
190582663
190681324
190728707
190752487
190753897
190855320
190868547
190882300
190964758
190976728
190979492
191007360
191013151
191024345
191033485
191050145
191070356
191111453
191132106
191135320
191182682
191187619
191200628
191204866
191217539
191219955
191233153
191268334
191290331
191325764
191338313
191339301
191397083
191398359
191415201
191508217
191511327
191512550
191531876
191550574
191570905
191618534
191645133
191660100
191661570
191677963
191851298
191852164
191877218
191905287
191929768
191953171
191960725
192073502
192084163
192151688
192195751
192201534
192272969
192285829
192305887
192313353
192440019
192440091
192577250
192606563
192653089
192671486
192706203
192721542
192758004
192777565
192862920
192871382
192872582
192890688
192909499
192913300
192933591
192979936
193004833
193022252
193045917
193045992
193108095
193139916
193141886
193156887
193277896
193315386
193394913
193399781
193488362
193563483
193602632
193687977
193747107
193778764
193785957
193811866
193811991
193816585
193852634
193867037
193901241
193993609
194029857
194060670
194079485
194096094
194125567
194174888
194205013
194211645
194212417
194235388
194261863
194287945
194303579
194309119
194337494
194386212
194418267
194429542
194439399
194507466
194553733
194589785
194601526
194652247
194678853
194690239
194754854
194817216
194824150
194866459
194914875
195093899
195104520
195111383
195186074
195224150
195224838
195258135
195288553
195405066
195434370
195520546
195555871
195604345
195656314
195759071
195797093
195837092
195844730
195866014
195937437
195963228
196028996
196104708
196113963
196151040
196159352
196246697
196310592
196371449
196447383
196564964
196568900
196606557
196609566
196617759
196698855
196714902
196771191
196783364
196794042
196865629
196929791
196948826
196975555
196977834
197006909
197021115
197067872
197097920
197108453
197155776
197164711
197167288
197266181
197275560
197378914
197387265
197420128
197429284
197481495
197508899
197530877
197566105
197660963
197661893
197664676
197751402
197761664
197780165
197816320
197830402
197902174
197942121
198063266
198065790
198084037
198116599
198231190
198286431
198350657
198364406
198455209
198466144
198499744
198514432
198514937
198515491
198682536
198722912
198729509
198739835
198778790
198949920
198951746
198959234
198962751
199149961
199165988
199200127
199288956
199410459
199435750
199512440
199538487
199584291
199618368
199722025
199753987
199762729
199798370
200008130
200157736
200181152
200189477
200303617
200434263
200529062
200582938
200591142
200686916
200728322
200731324
200736777
200763877
200764350
200786373
200899236
200911257
200920646
200945052
200962460
201090434
201201252
201229350
201270116
201296869
201298873
201387047
201449125
201476153
201566175
201598808
201615261
201635972
201729664
201815397
201834941
201878015
201922528
201939976
202051171
202055331
202107073
202341445
202424381
202474911
202557496
202559579
202628158
202662821
202855679
202856088
202900546
202919208
202931448
202981022
203052904
203238084
203249466
203292794
203598886
203887358
203945627
203975197
204139645
204190779
204196068
204250938
204269721
204289305
204299492
204305510
204306820
204451993
204511271
204548354
204558842
204563165
204631076
204691106
204843039
204850879
204885562
204894143
204923097
204996029
205161019
205196026
205206367
205218148
205254657
205268770
205272130
205373472
205445657
205485859
205515685
205529916
205556382
205573852
205643260
205900221
205949379
206075297
206189473
206327005
206376864
206445246
206582011
206610242
206744384
206962460
207088129
207120161
207163813
207399773
207459811
207461530
207470434
207503515
207566269
207640034
207644227
207661540
207701690
207748670
207830208
207845085
207974880
208134463
208134533
208138112
208366116
208432355
208475650
208502206
208593859
208693567
208806210
208840253
209065787
209163487
209165792
209168226
209221125
209221502
209296031
209497055
209857183
209900864
209923875
209928253
209937501
210008284
210024547
210053596
210062267
210514428
210529957
210559613
210566301
210722082
210855137
210934818
210936735
210938047
211157441
211160164
211348094
211388800
211466237
211745760
211936865
211950561
212047618
212067357
212106238
212186500
212336191
212385056
212408320
212804962
212825536
213224864
213368546
213410815
213705376
213946528
213965215
214012738
214304926
214648191
214819551
214970176
215516639
