10342058
86225568
64595733
79871102
20427135
15661614
76069175
85110125
61140825
55323206
47455252
42291228
250248610
5786195
21273539
215514170
61481594
88156525
18233665
224496906
74995028
139546113
158345632
120346487
16311861
48526905
194815562
16288642
99680689
68547475
220888135
79756125
70996186
41430960
101754836
25478210
111327894
15633207
145224136
145531577
49685926
198013088
66743137
227277000
242750447
205645195
133572019
114769184
126271378
180661417
12533604
38330884
255757352
211959259
29565979
5922446
36444005
32640601
58003572
110209174
70794077
140823919
27256608
85628796
143492048
128494426
242456788
11405683
183753941
274607840
91623709
226694220
85425972
111165194
65120847
73325033
226672580
130318985
27784825
66224140
238658244
136761269
68440177
120592062
45007981
54347799
165232103
24617494
92525826
44766260
104794207
169629697
119445661
37590169
51964545
108984979
54122197
38267385
35469736
176443714
213965615
188951162
36295577
54793924
98628128
245122045
97814629
18611436
162863143
79649157
17208580
198991895
131586136
68438716
74344992
43445381
38278380
232392384
5266313
48701500
99891426
90537831
6357799
6468430
43345116
27053696
160049085
21766760
26881663
80467816
30593035
69747871
80931009
16662665
242780643
41696455
23060287
80815175
100107500
64670672
26437347
60121224
54525478
122556003
39149681
21603663
22852053
167161860
65551931
27612459
137263424
144477549
108865558
224521610
49687291
13338582
114820991
172812349
110897247
251575462
230108540
157001322
18425007
143040415
59849826
101178714
79712832
205405700
94705768
91280635
45962236
21562526
104837695
151736030
53492095
90804163
123914863
53533795
84481064
116468021
65171369
212252975
150987867
225500234
136658972
139555583
11999286
197888369
35989809
20178775
56531722
128796554
100207117
66346548
57992266
236753633
31683575
44419561
33541046
39680352
240460480
231732707
26876282
30619878
176842701
79973690
81523701
129622145
27031683
5387559
15987760
111416980
26502146
221071193
28055307
42495620
155533779
133611761
239520032
48992320
28148766
72628708
84684122
6964890
165755355
216134869
17830440
85881252
194774044
22437231
36372220
43625691
67314239
201422358
39037235
44297054
158579603
65050604
105265654
18767175
54662159
228445322
55618766
239649620
23509885
215959254
24824853
31165976
31933598
29008973
21153392
20418959
53972865
13685248
160501747
61664527
145543657
80364212
18873506
29561756
92728615
50863436
32559556
72056125
69778542
13579712
53702633
226311561
40109981
110575355
40061849
106704536
112352408
47447052
106478991
66365046
61118932
13279103
24378105
49703807
51394516
42906705
84774572
46979638
124016257
32004307
16359269
127849143
236501190
179113011
35399119
62527690
83722424
108151247
143958494
173226929
70129150
201628012
90390341
240668351
86323959
15608685
87222350
29699274
15302300
58408524
69647403
225002359
199486154
116888637
17563808
51850327
40486251
174182582
200920544
2733167
79690681
38389141
164201089
237504321
213687458
19892790
218553032
164342472
98908095
225568464
37288876
20077146
70628532
17355885
17977601
33345478
233780860
52248667
92402946
61324553
57577221
172344197
200901176
219181813
49648979
53003553
71059844
41916302
152747541
18019359
87546196
201220699
23426318
29298308
20848791
10046672
13230491
131255677
180233754
100538938
240531831
97410455
58690668
24528068
118165506
29219513
133899036
4860302
63271945
18137562
77221666
26281646
38735661
20713149
42130649
32025399
58262366
61572463
32618885
143658670
157616962
22964803
118829252
58483976
140372094
131328108
120515214
25982860
25141954
118560509
14034432
15934314
176056287
158254434
43821999
107221882
38693976
140750219
24633080
129286734
153169954
79822600
61326935
149141516
16655733
65648005
257465379
12311628
28282723
106635292
241918685
27304625
194259175
124865757
15465858
230286721
121986598
37949437
18893504
45737291
184045943
125153374
41959150
18960454
28377052
116663486
99435730
32126796
45431059
20590222
40490527
191711870
52686908
51776589
20621269
53411565
68228927
58091427
117240482
88550524
133004814
264295423
131120023
187108569
77651136
154905751
140866299
22614639
73715848
41599663
39072957
51759618
150382476
205634045
250163993
240288349
65156241
84863144
30944177
12456799
158039806
26544401
105033613
23368221
5840717
22763061
27165583
105363641
45416968
34084061
37886281
112392182
16024508
30422212
264363231
50037293
34729662
209059031
147130636
55418883
106390508
18347810
59535342
179894305
63159065
125899243
8182944
110339019
33122717
156196884
219467188
80133679
27282425
60399308
29672852
76961506
71731236
57726838
13852319
43427279
140607056
76321303
82876093
199625571
163583971
48944189
214300855
82795294
74734186
107299220
7988502
31718798
90077084
95844220
33712319
26705157
45674119
232275905
32192347
165463000
122362724
14140115
80863680
79207252
93389151
36851982
153961003
150190095
49613188
6145817
39674848
196072835
239054977
41347822
39299153
51568705
39220445
20523101
112160582
44190764
30764388
189035687
163701605
227024088
33826748
124518433
45248153
82704918
160853607
168356397
25585326
151543513
159876343
231068487
17555930
39357659
204132682
107709320
131375900
148910119
48024227
59673874
46136294
19897968
260644314
18526353
163265645
191479547
7380797
179865253
33060517
146765960
28452595
20067000
36669143
33904439
29023718
77314107
40527358
49399144
108255057
41597119
249408230
44166415
152740406
138870279
98555231
66292748
78923367
43468710
108506614
69723142
104236782
90076242
14240704
44553064
48221278
132690738
99645489
62730929
107262292
54070427
57584224
31672404
33801899
103891953
24396802
19701549
21316987
28050685
39208276
71860010
44758850
74182369
48857800
136837196
176119871
88681842
13133814
79082446
208991796
124547329
110102312
218413897
229021967
51247487
17773089
82481524
41842126
188398925
94550487
92278887
257711655
102442586
17547346
35002233
28441529
19949201
160370102
180819385
96064026
23573858
49676129
114099654
15052517
143217009
101289294
16979909
63895073
181739344
74078100
15844888
72633576
39577020
73168677
142056931
98844114
88628632
169057218
172942002
36140037
99541400
144351871
162706535
67694858
225193348
20490489
113250110
48620207
41344844
18160079
89475173
6952448
21846306
17294512
27631892
94579478
169000547
13502753
30813700
118161256
15955293
230738243
21223635
207690029
172765693
53048994
113358489
206119064
21633140
26160968
111575418
45798053
18773937
251095007
28919795
65748166
29925431
183319985
146033242
27711033
44940813
25779963
136524630
20905968
13961279
63632899
41262752
44496617
53886905
15108550
98225944
37194268
17117217
63330409
25934812
30736364
40924366
75563849
110407324
111063209
52735511
72218334
164873695
9020861
81281147
159590347
112764519
62625056
30374663
229136902
112868195
12568606
234879782
24299023
106047023
34690007
131675646
24514947
154970813
47269116
78780392
84987095
50861411
23737474
40744992
108231093
16385284
176896670
127122596
79367927
45068018
6938007
36938928
63837941
108791727
45881444
35442932
124153904
212376591
75516778
109549128
130667349
152566805
18852358
178602288
138510267
259644552
7364917
36392393
122897661
191644984
24073661
243409963
34600951
60598951
235589595
23480340
134797968
24670633
25918827
92378518
192995481
48492698
245961053
79520144
15425004
232258694
110690158
52216002
43435361
222642164
47676166
230773225
30024892
4905165
97136825
120257807
246541993
19933824
22869782
230198585
100644379
189720473
144474076
46455141
184333810
160602424
192232259
136027371
76523346
29159819
91742335
185621965
38992757
34425073
53196632
102766893
112121008
136430615
150481268
77272314
202792332
28440961
224984256
43999491
37628520
39522756
40783183
67343852
24291480
163741752
17303983
122400142
55453285
17741528
78806769
195511824
225305859
74951366
17122963
12822827
217783504
38209471
192012312
167903518
253245819
131440480
26161883
7796512
38359239
198038751
43829156
4798106
92504157
50544351
208625181
44834050
73133447
74014370
27369959
25893391
27532729
26478444
94712643
113918145
144863741
81022465
38927251
53574473
39318575
40404952
263588444
17198975
116665854
116589538
118115938
91741722
67866862
45706865
148297381
54651046
23071962
70353307
22270843
92143487
12630139
114733443
24068745
138334880
45094592
20974112
13098405
15887959
229519532
140961704
47218416
112380436
113265829
146154598
214801292
38399117
30446744
146462844
62580056
225759609
42793857
41024225
20325828
44660629
16016780
83966389
81892265
12644969
49166146
21194782
242913572
174817187
64754099
55216457
6108575
82987253
40465393
178031522
124695346
76829008
265318691
59785324
188164547
91110566
45130946
17948917
34948003
188814046
95577820
47345396
118669347
25841055
5959725
122340052
16708935
239029529
94900311
105565640
116557763
90578870
119970576
153090558
162916812
63731169
44273422
7430267
86053107
91103870
19540999
54861308
26535189
58503443
224584075
71854794
136681335
53974452
77524797
218561779
148797572
24611681
215579086
21469789
237797279
121254299
133981430
215423071
57321960
27520146
171095733
133229274
135110847
71001004
262358107
174755761
6508076
25462980
16919312
15113558
39222261
70121917
70955020
67523811
237577627
121203585
28256231
53737917
35497935
59738129
231814168
16301016
223863224
20687941
66003874
39522468
57706432
95566685
54405996
66622614
57144710
52762954
220588203
114568098
183361175
195032030
72496173
38613204
92150623
114777337
61990935
16462928
64588002
162514208
118187241
118579379
72469565
114220064
62712233
29544007
89070230
242112092
121587362
100950002
72892280
38902980
79980617
41628846
12960549
238091284
33147772
137923775
118282998
189427095
178070874
63725197
44762303
21396707
27805389
27610619
111408572
26875341
93850026
65385795
63204433
142484091
100421386
73648519
13389405
16715518
69055791
32569077
14033985
29290594
51675586
231144742
79119205
138241439
184478709
14034013
83481501
71566988
35524484
191851661
24365122
113986259
138051501
225632983
65415050
67482761
46402880
34035807
176444748
76631679
31178310
31411451
202549986
60086516
105328268
35397573
93241210
84957885
18395642
92860146
76584349
70326634
16119138
61540382
142755520
196379819
27539389
66487503
89248265
165313166
60685900
89711144
55097637
108720524
94356807
69679788
76600351
81759555
38253715
191738158
257637594
36925454
115614250
194266147
12552312
26607930
159942524
127449356
59350607
55324312
244917222
66383136
106285970
120418701
12699544
58714845
32207682
190482678
131663365
111691350
81226134
148692380
192665863
192179345
103607113
76374410
75628671
216052334
119890710
82728330
89594499
222644101
50593550
129681021
27699678
64421588
40156420
23695209
106638772
80427725
103453724
58970128
110875232
108412532
7561611
65880082
65560765
25639441
128429308
234045252
113148459
237697854
206262620
44377000
83154211
82431015
11242064
63310529
18911261
146520471
16111619
160860415
59271541
31030434
34376848
81535868
198510491
62325098
27717438
155476873
83087343
212938232
159386658
30419609
20736671
51174708
35104431
97246647
65543982
33340066
62529607
23214653
176797472
5589920
22042982
267602975
44814760
77828392
96935170
245479688
13413089
198334908
36505763
68522198
26865467
21951793
31486777
58899119
71145469
227114750
85628652
52321410
6273006
29895245
96723482
63748406
22379292
168065133
136406019
27913625
211576170
68462992
11897532
141211028
196879065
95882297
244779732
93680790
120143649
7772749
20997198
28026447
112233254
60361886
35702833
72904303
38306316
45072918
69427917
139548937
233402117
234921089
104073802
39206027
203918288
120461895
38530707
64702754
240597537
93786893
157610443
155872956
54227919
221327828
25844998
199626072
38644933
190033149
28486279
19087292
220241929
196700429
18651695
147181822
133365256
215117750
6280370
13357958
40764142
155288820
23304665
71183198
29730411
20350088
5035891
227950715
22814348
64397580
132408127
47121463
183997990
12581529
209003161
16006714
40867952
22357847
236399142
120127371
82003971
154484710
18678193
235138208
62394921
154437023
140863308
172713845
218642073
35715946
71977856
240627518
228908800
111124410
22063680
46552779
19561999
38250892
21645374
86250039
77526209
24105720
48372578
26493416
152217253
92067629
111286771
52100283
20994498
27945781
235989897
53360248
90691426
160036965
234039386
55192178
19960673
144495312
120939152
28696760
116540122
84186128
214544496
36283839
255070722
21557919
40011127
182197212
21295016
198545182
129148161
173243315
34033298
7091049
27176906
18843795
212288534
189474647
26238034
25666798
88372326
12925068
105972159
32257198
17229731
23227759
132260812
15846167
22912783
244520309
46063257
188889904
147614810
156721314
8528550
97956501
20424293
118399863
186651606
86231255
178225779
208168084
68929417
22312772
124709415
44855436
24585249
214850704
15522728
231704766
119021801
253774585
124479833
141174946
45073144
62297069
11568363
199922528
17046958
28835701
41931262
66539528
215291891
263222402
67498075
93100600
138233817
178865963
80004103
74197713
66181452
90889183
194495181
192085122
83067135
126549362
30929670
15361942
17879584
130928245
67703046
166845343
108463062
20995525
38390868
207416501
269133662
39372918
164367968
153100325
196408082
110252894
109684647
56941943
39382597
92593884
192218181
216972853
15213253
161213771
90535785
137285401
109934825
42554469
24872142
135082387
39751899
48646084
230392938
88076377
59701401
30085587
43209635
69893767
14239330
19771268
94369791
226482088
170668171
20819842
128247180
62575222
140027318
89079798
40526759
256250625
169602310
40971075
189287756
208810686
43543933
82046087
55638452
210254997
36271046
66435676
113522150
253556762
109707830
61814239
65744076
53479586
69801035
22812813
218267639
204968993
25215716
173065810
165024493
163589246
37692909
122807591
201629142
45621727
61767300
59840724
50469926
63886784
111714888
32599522
49012728
136600669
21588043
153124729
210165332
124576337
168962781
63534960
39508503
108030588
109922798
45183426
79874225
116461824
83170594
49140512
33600689
173599836
27869398
7091354
7459229
15301794
19994145
86511578
239284270
49536255
66644312
44639752
89373853
29365108
12410362
56785900
82882473
48846301
94119401
163347373
65847085
145090509
66380333
73717383
101364023
109555769
33302722
233723534
146141182
124278065
81195222
92901440
113750111
5691732
68529637
30336641
199723010
34295167
56733079
35259733
150953317
179378325
34204725
50990645
111141591
99173698
45056877
119134510
26439111
112965885
154859512
19677333
162084156
57306385
75118658
153078317
129033097
8188313
23133895
195035661
222750557
22456818
180591451
72794810
150393244
49544328
31062345
9893500
15585037
67268230
66894172
32225305
146747111
66354221
124507773
19402075
34637670
191716692
95740470
113047524
74017118
66442851
122900121
259133694
189377362
65270993
88135742
45064192
90386523
12329204
145509553
33602691
35307275
22873075
24277072
22982416
34253498
36067629
129846296
79526829
4801109
7657377
36668812
41571043
42658687
82927781
21870066
147979690
39513729
118847008
77018560
179898122
138425130
44059062
11923855
59503592
134323998
68952379
20598700
34344755
45802202
228764688
218741483
83666374
12697021
216508627
21861591
65084278
226597070
146614490
88202132
29494476
142353406
35348811
23788525
21776785
20172490
67246058
102022194
153378099
135764518
238561412
23978479
155132802
234186908
46158156
77746952
11257713
58312018
213732455
23992029
71924986
91929477
45514358
105828779
99649666
26223658
17731523
6612251
80744052
28868562
53613448
45543610
22108607
37913915
60473179
88045628
53603295
36228880
49188751
62842851
84257727
139087100
137382451
104751415
15441451
7586592
19583390
161242793
153260878
122948762
97160375
115292793
109294538
208240310
61453570
25765738
78147245
60035863
22271906
16562910
38048147
247020643
35318642
44040248
78071036
150311909
83058050
37207479
21969654
55071151
198408320
37862675
122135237
11786444
140313759
251105951
8104032
85821480
186073771
161630492
12743710
200623119
57432787
97677135
83213771
115115737
148014031
130491448
23830171
37537945
45053006
15052907
254912352
126352544
67926223
174516565
19335276
48890608
201615900
20863162
24500820
123754149
49998504
209456495
82275639
128725560
47745302
128037140
116282577
96170827
132562896
45980372
91890599
34712635
150796123
56111321
80392330
93056483
217216663
148892782
51683681
67242239
23961659
18567359
63177270
172318623
134983867
77331034
64033780
17469183
69257471
173217497
237741519
234612505
41757891
133654456
74118591
89254195
25504708
84195857
111573113
208120817
22472450
143247977
34351332
80672407
45816025
39839901
20095244
113040287
58235510
205410173
13956896
148543703
227171376
7692499
180120506
29793000
241423008
11531436
149674895
209786571
240690533
124151614
162801960
46826629
137228130
23262160
142619438
112800255
155672235
10962799
48178537
26787743
88773629
67599570
17850183
161142688
44818083
11749800
237268769
226820568
204827229
15109718
105919945
103216833
34062713
23519146
131560128
72795249
84747199
22858864
204202449
6128063
154106652
16260256
97621810
66503225
64052433
254432070
41497276
89972825
19464240
248306078
120418424
258664924
42844989
164938634
236372362
105853945
67909691
38183623
229680181
19437683
117661809
81004615
23894238
41458659
16184782
137271820
140534305
16679012
41307273
47847468
118556803
34551155
141640120
94389443
67634126
174065039
117055522
164417084
104639581
42617476
13900583
4482608
21658282
13296771
26495553
205092972
86506672
219307487
69964806
20913802
21312785
199105869
66292694
193736808
107903629
18180983
8675140
25599669
218211339
27031181
153982162
191121331
114503880
113339706
45836552
251311194
9040905
227328106
47049010
52850300
181475466
224542314
222981300
87577239
93500132
200611096
22692929
22164050
20879638
12154052
36849925
213058327
17822693
46209245
12184270
112259656
59234426
16166070
151055067
209274094
82070058
179876336
44785495
51848672
89533386
136987401
8397885
18213982
140601407
117416202
134458179
150410426
63851225
134677485
39125799
62830081
235553017
54049716
96758397
69492218
48837303
239110211
23254983
92496443
111061211
55933880
221813707
68583220
25213695
157317143
216837034
25573905
184184146
72871781
77190732
17132791
128816287
26955450
48485667
36730045
118740293
168458885
21009876
43533462
243338528
93961064
23229097
11666034
127150174
115138876
88800622
228977645
49815820
105376355
44722189
25965546
43833662
48236794
16916732
109761396
15872215
31810173
160324714
39854243
57069372
30016189
38689591
12481046
29020241
99278041
205337722
235684186
252662590
87966482
26809115
142471053
130780150
54715095
21646177
73315488
50687138
24310942
210193567
88405143
19288451
160449174
75347778
146949142
188081823
160257985
25692353
199324862
235177564
46341387
205984392
33797209
108627629
29792038
156366586
219571336
17248978
143051109
21486016
127596557
182305622
59603424
31996125
35979307
151593190
227844019
32967127
12986388
142705128
23289072
38114780
49775039
19290951
60530393
184751592
46176086
89206639
128281454
110339355
250540441
39579906
183755318
45901069
20077450
234203652
20986246
39863129
221867714
246971392
155920647
15430396
26475280
103023064
41620271
161349293
21021912
12204117
50577244
81840075
113044396
217894461
196233297
169551364
15928686
71718398
91032053
168166599
183287916
121388513
235177891
52603468
171918236
165552103
32879479
125363761
12690648
60634548
123444549
7002525
23331662
31261442
55282727
76079278
135403245
68610015
60873322
65214865
10876121
34063587
68512384
205974861
70529931
14705168
74122629
50880284
108917649
111819597
36616403
18377673
104769519
240370000
12049221
52408055
92842946
120218050
46961138
156511633
130287006
107628974
17252072
39233511
23163552
21259284
110679115
87195199
28241886
76090919
131002359
83493669
12448637
7114340
236736454
12487971
38323150
20958465
20193698
66084677
196232515
17654789
81304588
142915847
42736545
49751632
24116157
20907100
43529665
17646282
30060137
136141640
37349215
82132101
79251321
92203020
137167616
30446345
85654244
103367691
52737502
55592689
22947584
18242800
28786470
160974195
16584001
148536784
93373228
38194334
68133228
258554182
189401123
81542255
27109880
102724232
166930684
232151436
9573886
41883266
32730592
25182184
109987389
62659770
25891061
231215061
86065307
19888525
36704801
29931986
114093867
77919553
241168306
91515391
22174191
219720278
93156600
143590544
201756770
201470021
176272379
150618466
164910150
38761589
85559407
34784364
226819148
21284856
23882538
235617704
12588773
11180048
229793046
43482525
239567259
44412405
39395268
180810742
49405496
109507169
50491089
125607946
73574728
147428919
67437052
30357912
51639085
21545682
131084294
238101776
124704583
67233177
7438528
28016091
30623866
93521098
63634985
24557678
210040684
7915258
6053677
110543497
125954338
65341428
93526408
40353913
114654676
95187853
26069070
25406145
194255334
163061353
139101706
73224703
22094257
46202373
187696378
28123468
71058846
47876454
22875350
29537892
136957614
63592764
143102686
25798561
27645052
207245939
227403235
260124418
175089816
51557412
30990416
92699758
102891384
186603798
26059348
151554375
102137803
190746383
143930240
108183697
179002341
39196107
27894036
124736132
117413912
114675589
157849204
38072462
8511985
29736554
12640108
230110661
34016284
144425912
105271819
63908191
148445138
7946428
116583641
167678888
12613927
195755432
51597243
17183841
20317043
235345009
235562168
18776823
149321623
54543493
226116820
109758828
120071780
176458239
188898818
41766067
27134559
179733495
156114371
11864081
186360606
16826071
87210340
26721044
123321873
179349731
111453756
20119717
232684499
126565917
59371674
40905246
72538478
218303833
22275796
159995871
56178842
19067802
32768344
217804221
142637260
59688569
82657388
48445662
7496611
18245040
18846880
155690903
56332789
77393356
155783685
84100113
25329452
101454870
66832781
27297052
150961476
134012389
23673384
267037886
54625787
117921991
61799675
59115700
155458967
91976333
83972314
12371962
18728250
78271437
22580726
37436936
14512522
114331214
246060029
39859037
159551063
82921274
37740560
103973363
21051186
18664893
6385638
122521294
16758958
17951888
175303743
88169528
222070461
138676215
85946400
44806723
37055759
51215071
57508014
173576227
43230381
33638619
230889467
148331087
29803760
84102185
44014416
51643099
20865002
13068870
98125390
73554183
24877429
45891740
44332453
7408935
165220091
17298080
38412856
56422707
200289000
62621788
42221825
51005611
49849432
8681957
22791174
109887002
235922938
5320766
27902994
137589563
66408392
12941805
9012480
45372313
72992276
69338528
173856473
17752770
140788875
25783942
26686501
226385010
70920588
60842259
231090548
40136898
21565727
42802314
13413122
119604909
38434483
26974573
40435448
21285962
136640929
119628858
83237833
81536867
22071498
22595750
72265816
40170523
12847933
21617173
181345238
43612330
14902931
24007825
11532013
39255063
131697542
18377948
5782924
60427704
92893384
64852484
115018652
50295683
26287011
192839461
24553921
45436620
78285636
23189108
18496341
18535314
64007225
34430462
22078793
41248415
20004901
90380101
148760087
235411132
225441881
18525061
68329567
38187759
121472640
263034017
71957693
56796661
42726391
242983772
236289017
17564132
234890827
165036354
3504647
40857737
168828575
174155237
46652418
72002744
98749789
81032063
16426518
6575313
77615687
187982131
46305393
6445710
38451208
130682415
244620480
117445176
120329907
84584775
74352287
155791398
142520195
230295119
23308594
76156826
25284091
165892346
92047385
111999936
245673245
91028416
5680113
249412635
6516304
71550575
33632192
20043793
20652402
127193535
97889256
229609592
21037973
156070264
47925253
117638223
24698641
29669998
149738525
92034910
29599812
28462416
13299615
54984536
143063869
110094373
22600420
56582018
24826733
218175293
18886609
12593789
86270377
40428329
140919281
18702200
6075364
48208799
47918598
59341566
50667386
11314070
145687292
86500467
44377929
25794032
27164591
133359607
101118709
121644334
202147466
220633217
60409437
24391850
141307567
62599010
53328863
54845543
19209569
169828146
62217410
5214021
66123882
70295376
29261315
108524254
42389922
31155305
126538257
73442851
81069674
91424108
26467426
23738068
81876362
47997089
31054954
111900091
207912360
27456442
243706939
219154830
194887749
45351872
126344093
194039031
30741831
11756168
127102869
200179851
121344608
145666824
40766012
248008383
147913086
149905741
124545270
43475280
221008260
216369322
15487328
51641806
96799058
71000199
55238884
43398413
80218503
19654987
193651356
21206338
53066608
124667099
100310996
37546296
13136899
24484445
42754153
142610936
47361431
21923625
12458641
52538347
21998760
52265643
103380649
56266329
66333765
142546588
83933694
49274878
41078255
148979924
51313047
50699211
56179589
18856472
71820606
60840999
102037789
37092618
133189935
92062975
54911931
216536561
78732804
137287582
271871587
5423612
29141576
15153635
33796549
22487716
21647762
32207159
195149069
67776985
32346843
54214512
215884166
140843009
168059243
175616685
25956681
39799617
128050348
45011137
18684392
166824382
210192951
67549902
19997840
36229091
228864279
29420090
54375832
61469060
105596746
165685260
193028076
44123378
37803275
157348224
10537464
16783663
18031489
117133315
232119492
29933429
163130323
41507163
190355273
247873054
216594923
83157037
181477603
29441906
30752519
155151544
43154379
30808214
57393081
17082955
97600091
165961812
32815064
133830043
224098344
103250185
39749225
91716287
20211794
161366504
66264859
33592088
241172207
237652212
30957233
10232908
198968486
83579152
60448801
6913496
185736712
23140276
23810446
87509408
71922054
69031871
237298565
118304765
13884579
230328316
153798141
174194803
70224236
62106588
172983594
105360077
72223110
31150134
113483225
120287127
72574989
16774474
187496655
20567929
123140488
148697717
69194680
110431019
11725649
118136452
83396264
243388196
61751446
29118103
174122443
261229282
108533588
44936081
163347452
74614210
179433970
43780521
33946744
68067667
194465335
17146213
84269256
175112432
199594242
122676890
49822624
56895271
136200613
115952076
242587293
108816389
107896830
22055144
63123164
98602397
133840261
46957930
46790775
135203501
191171144
184674519
55951886
67230454
210580710
129527084
122154576
141942629
110478392
21417478
123912211
125463948
43445739
167897448
13301046
206243556
133696453
69067757
194532593
74625988
110487010
92451124
62852407
226340118
4190034
48358519
24736427
75841373
156582216
101351466
193422427
43554011
41494284
28830284
23817146
37591571
68381186
33522958
167291091
266019331
21806934
125000934
198435708
121227137
10258796
26794070
22112448
14079679
14118051
37803501
48889874
139522603
49207483
194125842
229072332
104243794
54223537
29941489
81929272
91199276
217458342
92050672
8867389
109519093
36436898
235985611
113703250
58501975
110559547
158353323
60352974
179177768
42926874
202056997
49227906
34370413
72513214
75092759
12449927
69301193
81946710
86886500
81530420
106131540
38170338
251195488
34225958
48564824
19962295
27768196
225062153
79701944
6455026
31326181
138141919
27498909
100418747
27149261
171147109
147271344
35895948
16306446
89046001
125675609
124832568
202873062
63225096
217245857
148933161
128962158
90798795
173474060
148895103
239635031
123303837
102158049
28056788
78128410
214743784
27710486
182783240
162880819
63516585
81121518
242573252
28376983
14277757
46895862
53743101
77238783
33022174
136770599
48911210
93705926
47165082
46396189
103696232
65324049
37332781
215163532
39639211
148983175
60651078
30148606
197818444
104754877
125738545
43302360
116552799
74761125
111046109
126044070
24184380
194651977
48357930
20213846
100836644
206872497
51144289
123006571
84337816
51094540
165102543
52716708
84898333
205240049
126628221
246289729
200912435
68777639
130703155
41274720
68239475
47094846
155907077
183001798
71757698
128365040
16483277
119461856
28322037
59823282
115366604
104932401
116237353
33932649
35417319
19060549
31720212
136937487
159065003
132881926
153730284
7102008
117359380
38070615
187083505
155194388
22088046
142092057
194041534
46803935
56596166
129309654
18710582
72868378
43678178
116567954
62222120
63848623
224831990
19928234
122016924
27249692
196442360
133338965
142667645
13787452
85761439
237312334
60781805
167007610
83141458
46630263
88536671
60847104
225973607
208295223
16439291
49616351
28406631
12065848
35956369
169411776
148536204
113843210
23745497
30629848
37615465
34203348
243326692
235966455
6650342
100180687
25034009
15254322
209747115
48940677
134397060
25266293
63122762
13119288
81053839
74105649
90231879
167382123
75608801
66078152
233046672
19570669
49405304
142355041
26394879
33869579
101514842
132877588
65838697
218333931
68763049
37515204
109301880
147722587
61686098
98058583
211659506
129654406
88931578
217538725
33082608
17745196
34361373
22685820
55853373
26543933
8300839
153077303
37892688
214323030
92452464
90651022
75696699
21698973
25543495
11340402
107356533
226081787
46852427
158267607
148423305
152847454
41538225
70438282
213367169
103557136
244758742
80983884
24655580
29338849
4866200
45704025
98660803
61914384
50336463
18141755
85466757
44413810
86683453
71091144
15921397
117272925
18897806
92582114
171677171
56749305
243870537
27809033
87967569
71573662
205709027
68609666
163590039
16106523
133511164
54132879
21881651
7486687
74582196
122319861
37939668
31882525
191494295
206386887
16780973
99734393
39940037
49051303
168641634
31029404
99433228
120693471
58401575
39941878
40464768
34817957
106953995
61738242
236932531
86896237
149771409
251471557
84809573
27627358
79184691
38956014
241486881
165567569
145466107
88817128
48095868
33168062
144985303
22525703
32339527
211304304
88494462
94885060
229211953
85011574
46256628
56207396
112059378
78733698
93902715
81694991
226986824
13468617
123554416
51532060
7642165
192242747
153168665
78411214
42381824
184575847
58774456
184419341
163610601
155046488
82306351
171736555
140942973
124849085
137232239
62964536
87729004
112282613
153244372
26573234
46006118
8319207
78695117
206407934
85629414
103512548
19921665
36549677
252705247
69101311
48045598
85822043
11924243
119899048
62138781
81590092
102431736
83046136
16269277
82796951
129280929
186218331
112061811
43009134
11656300
68930519
7392496
169260217
91682110
68477918
41348772
84629791
65558075
148403778
64095650
9456760
103454229
8237949
236693053
174299153
196006489
23173313
214837262
167735164
24174669
138524852
149555171
86194726
5792366
97469594
46173624
18471761
55031535
225921867
94393527
126921316
57922167
81141674
108895285
32954133
29522270
45445294
60994905
158298230
179865314
51876205
17489660
99248537
72090550
230944059
21329589
76632632
79834373
236438100
239007936
149550817
8237697
17859138
165803965
38840699
31206655
172453538
73132829
19375772
232628346
31991782
88753451
7227430
118435345
173786634
41332675
148709463
58417410
61456684
84518107
129892136
161554072
40540952
31201944
233449226
66411004
22872338
25139894
155730470
70680829
171089604
215581022
84109950
94502618
153900652
128365528
12522902
203041088
90843862
53694374
20473785
126012410
94189223
12646438
82333642
22203515
78314201
71648771
2990869
168176869
18415890
46758184
23408684
46256415
109154005
111473962
54646214
68439763
46941887
4344396
174288494
105929332
73839837
152342445
172327765
50788258
57990294
176770523
126516922
29015720
77460712
230963543
165462194
51245249
71622315
129537825
84387307
231741680
208045914
13683013
25390437
21191491
229274047
215239370
203521735
52357897
35480041
23486813
9623777
33821481
102406716
110870553
30054042
122085684
247792117
209915959
40222400
121707397
191636626
24383330
18768274
136117134
116503968
42459481
107073749
68872864
79218893
47464451
151986850
149891491
31132402
130515059
176509697
108980246
66296366
31310420
200913056
81823332
16208510
37436345
18343419
180549062
113199991
16112665
111784412
195826052
85291653
27877399
154343536
117923814
103787575
68119907
7870239
21663467
146628292
112771616
143990199
26947064
248723680
21978241
24893943
6176459
85358514
132573551
89256406
61562752
151152325
93126154
114132214
125919607
53450640
67752875
147184214
258913693
73658311
182289621
20928188
7930972
166605656
262245984
209699314
241731046
100960068
21578735
138818304
221101244
161466295
30533310
77126265
76869633
32132010
16961217
52140098
67912071
56741271
81396595
61817458
266749599
172045678
24392888
49927304
133469766
35432563
204007167
37418916
219161683
64050075
198044989
120393274
243661346
75828766
14674823
25726781
39547040
200836634
59208931
86655331
21814268
211285483
237426841
231663772
178504106
101304785
160964148
113643895
74777414
114980004
27689508
16717394
124618450
238008356
12283258
5678132
68969283
21823936
28006437
20035367
219707184
104801598
22765537
235528612
92498198
21440777
111821316
50860618
17309621
116156746
6112617
80842830
84446157
29768873
20399667
37079142
243760318
148793031
44426849
49329266
47695884
30024568
128050864
188892221
87863146
10572553
121825116
178377928
46256941
253025725
62862913
87680703
58639854
39610946
27150784
102394698
97277778
4458928
102086163
30865702
172533263
199468227
32623804
89766612
73828266
50369137
25222558
40156189
44385916
28041289
59071956
248628129
70860896
195764070
7770085
58805072
5412944
29690011
62186626
153420805
23281119
49909531
18538642
135293680
229223452
77340159
58630723
228259572
94598019
25240868
18908078
92977595
63158208
122224930
157754628
7353190
230026757
90181765
82747117
68041640
72282977
52786073
39371946
31790373
60578031
18181309
171148926
156379593
23050347
234133481
28626537
127595012
43933065
121715706
193991528
145953094
183438990
245533024
189738335
106581268
51182201
24637231
65413711
12574496
155326234
16667510
32497077
44971871
257632836
48536142
174097282
140441707
40931170
20494764
59430385
44978548
160101567
68754766
20423400
95534269
97187535
20782509
79583252
28611072
30395444
182523390
204777556
30236837
49123264
34832044
5750029
203545351
118508160
200195647
21284370
134917585
174420227
29294031
48409948
44699037
27382767
23796298
150752731
238795299
27581406
25418923
132975703
6402166
5423039
56225437
116063243
28298156
83040995
42677250
152183748
18203657
115129910
21276939
30110240
52750272
228191808
210866382
20648043
76265184
90133936
97840322
53787662
96910461
215555893
18114335
108015701
55369260
33409114
74976846
186109258
70023665
121705423
33086313
169132350
74029761
19218660
44450105
52543537
28537062
27448075
37471151
102119245
203790739
50165631
40042050
16911113
22112392
113858900
19172434
19931536
5410898
59153561
17327956
20095738
155982194
76369634
216908181
88017877
52966901
5527400
53995881
81888787
233156831
164438203
85298154
47414147
67020432
51577341
14262996
237793595
50057369
230746645
43460687
13372226
67879589
128659999
116849992
47726466
111003817
106945618
38479146
17388427
91936472
64437579
57251837
35493773
183352457
219408938
124405092
133142888
123418228
113135625
7353742
125347786
42334331
114315212
17984679
12728174
66093129
117305461
35672534
31444985
228561884
12830244
53335872
16128678
31683253
121227939
149168099
200079580
124463314
182926605
200030867
41502408
122579395
39785478
228473398
122606697
106906228
20472562
102783596
61157203
36002666
148100754
116644969
163077983
158443340
24673623
17986316
12626520
49666862
89573804
80769350
28560605
27705813
230451953
26857386
191115244
66010678
36342971
56502855
255833315
73420216
216286248
76460820
8545556
184588510
60060186
217863777
76487433
159686360
16467006
19444399
226095851
53654167
184922472
18381521
30438153
74237379
46351557
147949114
9493405
56811613
64696542
27152949
135593498
50483567
44586825
35047777
211178736
65090876
38949882
187187169
72360438
118238264
42567889
50695722
95907552
124461728
80505938
20973466
34549839
84317288
21583078
26535979
47859714
32061698
24609967
34435120
84054307
46480826
16904433
74054238
21563813
116305508
129409422
58573229
101008593
69316274
147908557
24440719
88197852
85503643
97118256
32303425
65989541
37529337
39865935
56799374
132226943
129151881
137204550
59785527
232101372
223235354
236850302
69871072
42902769
47229707
15486551
34576626
52861377
51375035
197393547
144507381
174917617
15191213
97101606
89305178
84386888
25724887
78668141
56386515
54173943
91500882
49438495
73271987
70223962
24932074
79157148
20613815
22680099
160735579
163497574
128690690
19838023
12540142
6100457
18511501
107862729
234791117
82852421
50015794
92713829
92518860
10430761
195616952
141852986
109458091
46096382
17592964
22810798
39799330
18487237
81449949
5587008
20469733
27364947
30520042
185649745
24552764
61612582
12279686
87270303
82873515
32685454
5998543
24068233
68585549
167340451
47003485
89042012
18845713
149637011
95321215
137345350
68420610
200126006
88188954
29435223
9347394
82644631
83193381
136697722
12371107
71259850
112552769
117866695
138342346
19493519
222368048
82201197
18000741
240810558
64768947
104739383
27924885
54763206
18018029
163958047
15126705
17572709
52354192
67393920
24466700
83161612
14308543
60509107
24030171
95239648
109649806
153367843
201605626
205527697
29029703
70885034
217349878
41205522
22192742
113276771
71778583
113663552
49255226
100863175
26283180
53373449
225835895
41431823
19431633
24760579
129178117
110358901
92171437
78779954
45397015
230640520
131886726
91088888
104377645
154013019
51560380
49766478
206715821
145134251
20479684
187778562
53935704
43197667
94519318
182107683
147114941
41135903
119404650
55037127
13473406
56429072
12862931
67857060
38851815
32912886
197327573
79133816
238405855
46511873
243412278
24809970
125367768
110062703
22389831
24557851
218359234
48610531
77599757
35869486
78769378
104909839
25157978
220328141
54159605
50427446
9350329
26133686
71462432
16478927
91063684
232487185
227074007
22887958
229403785
73298677
73038330
222198167
82420472
104646354
51237644
158948018
35888604
240413109
79025926
77037545
25211526
6632701
138063588
228017435
58492812
67306834
56578251
161842500
136218171
201048521
225916739
225541963
43566406
53955784
123780902
121395519
102713611
111327374
170159600
23614905
134190933
82335905
87851831
67602514
160581064
67040229
239933403
166927058
35886233
34067124
53555478
83262358
29018571
138730394
26435238
228281840
22532826
72410738
27399527
15904951
52655671
107930371
22119301
