3119215
3222839
3721951
4171211
4177456
4283700
4305173
4333549
4523057
4567025
4678958
4728176
5109175
5205030
5223124
5309098
5351579
5384821
5437543
5457389
5464494
5498900
5580591
5600243
5618052
5620769
5648492
5668581
5735183
5735655
5736321
5909655
5934180
5935465
5996096
6002606
6078654
6099923
6120632
6239938
6251485
6295914
6477792
6497962
6551499
6668933
6732188
6736225
6761571
6769376
6828387
6832419
6871256
7022345
7061074
7074050
7082856
7137008
7159368
7291601
7667240
7954726
8253056
8324033
8423920
8678612
8809302
9480095
9600858
10149505
10233388
10501865
10674040
10691800
10715288
11163245
11260126
11300276
11455308
11456786
11511249
11616338
11664727
11802447
11803433
11803666
11820944
11825897
11843735
11881237
11908980
11925861
11964948
12028522
12085133
12095029
12109388
12142580
12142705
12184201
12203073
12256041
12270018
12288297
12291066
12416527
12468436
12476586
12492069
12505010
12506524
12543302
12544154
12578570
12594683
12640584
12680336
12683335
12741409
12766617
12803357
12811772
12836067
12888983
12894821
12924454
12997341
13158778
13178476
13182528
13218310
13269825
13319707
13419016
13470471
13493768
13696166
13740316
13783001
14044638
14359584
14976590
15158769
15285136
15306723
15315753
15418398
15466191
15506769
15615348
15656107
15683347
15717832
15794534
15896280
15903921
15947849
15956668
16028730
16047716
16123319
16157048
16220957
16471598
16481002
16514455
16518413
16564037
16606525
16622249
16628859
16640592
16675435
16799411
16874487
16886589
16920618
16936479
16939398
16960192
16987356
17037873
17038402
17059622
17074603
17081363
17133494
17162311
17185123
17263259
17300824
17355323
17364922
17440051
17468518
17531564
17608424
17629315
17640633
17689182
18032687
18041181
18099490
18299097
18355342
18520217
18571057
18593172
18731339
18789237
18794084
18880883
18885539
18965833
19037088
19072470
19116415
19156330
19164006
19352496
19375645
19475358
19593332
19678090
19822789
19846520
19912732
19942509
20059488
20305917
20321096
20431569
20599424
20662030
20674753
20902171
21082727
21139029
21159598
21230776
21236373
21421558
21626563
21661508
21725423
21727229
21974868
22023602
22066352
22277649
22307575
22336108
22345661
22353172
22511915
22711770
22724502
23032838
23035949
23266501
23354343
23367693
23380220
23446451
23568099
23573433
23603836
23623275
23688546
23716610
23746007
23764118
23774304
23806546
23956038
24045247
24065474
24090430
24132507
24262033
24424150
24457293
24545200
24584838
24639825
24673325
24699514
24744133
24744521
24833202
24852260
25136562
25178299
25193741
25281414
25290906
25334362
25420397
25447276
25561258
25600815
25691355
25756898
25847482
25926785
26048437
26096797
26099908
26215981
26279261
26340078
26351910
26375955
26410786
26431863
26479460
26548992
26617505
26640585
26701265
26776184
26856160
26877277
26895788
26921057
26954836
27085572
27090612
27220959
27252769
27528830
27572578
27660916
27889327
28054293
28095557
28218013
28305503
28317658
28483702
28771453
28975691
28989923
29076815
29215114
29244302
29517883
29534725
29570527
29637706
29817770
29974981
30236772
30278577
30295160
30351247
30476007
30476442
30516133
30517817
30698441
31060955
31185319
31364227
31496517
31648388
31786939
31808230
31851248
31870339
31881896
31994548
32039874
32192834
32209793
32374333
32581300
32631355
32721611
32785823
32834404
32977524
33020604
33037058
33298392
33304565
33589662
33640447
33652049
33748415
33969526
34047698
34579122
34758897
34827714
35229625
35236717
35248368
35300828
35345806
35360833
35372474
35528640
35632011
35783455
36060622
36068635
36294696
36419905
36487636
36593394
36607541
36945764
37031765
37127531
37138485
37286264
37371083
37416163
37500010
37526017
37678003
37691447
37743410
37789043
37953245
38025021
38069693
38088096
38135063
38145527
38347303
38478949
38490865
38693940
39133146
39190024
39332611
39382113
39397631
39503233
39532318
39677093
39923261
39966524
40167620
40233456
40737864
40790943
40887103
40902183
41019205
41102983
41175792
41176319
41192200
41197034
41197972
41241373
41241917
41272862
41531007
41553097
41781408
41866051
41909515
41978338
42032479
42044399
42059038
42094635
42345814
42356616
42512000
42542995
42561599
42582613
42730737
42776109
43057083
43266814
43547799
43575028
43693596
43695181
43721848
43826773
43944203
43996579
44009560
44167328
44195020
44283273
44341608
44507659
44507679
44536435
44621588
44899513
45099581
45137497
45222308
45224711
45376233
45388111
45443373
45768251
45826856
45831978
45912860
45987733
45997724
46029875
46571226
46578428
46667458
46770784
46841499
46842593
46851568
46938907
46976434
47080835
47430890
47439687
47772378
47797468
47895553
47928170
47958106
48099290
48160037
48300636
48346280
48399106
48755741
48780093
48948834
49190547
49262907
49403761
49484869
49507693
49944878
49996206
50008236
50095490
50095832
50180380
50206457
50222209
50364524
50438707
50914283
50991648
51024930
51127099
51267407
51370371
51423022
51542707
51590121
51760133
51762402
51796979
51903812
51963395
52245050
52715220
52834674
52886954
53099690
53174371
53223431
53440480
53580022
53623318
53641944
53859551
53977966
54915356
54950968
55099698
55335082
55807359
56247299
56612616
56652029
56819526
56923514
56929883
57215931
57318491
57516498
57545453
57814692
58226273
58488662
58743075
59349383
59783673
59823338
59842694
59959886
60043875
60244749
60480751
60724545
60766700
61235645
61422470
61503041
61589804
61599514
61772635
61789615
61841371
61899420
62078807
62180034
62371478
62450192
62673801
62683830
62699708
62727216
62863295
63236396
63466546
63492018
63865102
63910877
64408860
64707341
64748952
64821137
65032566
65133387
65409316
65422677
65441709
65456427
65588591
65606979
65737525
65834874
65861367
66422020
66597700
66597844
66998933
67261202
67367216
67688775
67702791
67750620
67830761
67880522
68606689
68659183
68677347
68698804
68796509
68814016
68862515
69130210
69236914
69340088
69370996
69553878
69592115
69993264
70041731
70063216
70542554
70561563
70653190
70695758
71068076
71306267
71448034
71487180
71539410
71559316
71728958
71863446
72179622
72249376
72293696
72350911
72390446
73016082
73104584
73188422
73251784
73358764
73635614
73703042
73732086
73976724
74449079
74694737
74902909
74938892
75046513
75049416
75222441
75242110
75328239
75389011
75434849
75493042
75537018
75820446
76100967
76298464
76453026
76860591
77041299
77187922
77217737
77249135
77286930
77345616
77359287
77366407
77451536
77567314
77567794
77636720
77740015
77753955
77797709
77943123
77982290
78082253
78117857
78118577
78159085
78209904
78213083
78300435
78304691
78421726
78487244
78510543
78535085
78593420
78605740
78628977
78644351
78672147
78779315
78903251
78917553
78941050
78944755
79002420
79003252
79131428
79281878
79301387
79306006
79382667
79405523
79442930
79456340
79589643
79615445
79620715
79694063
79787405
79860100
79876661
79898347
80052853
80086983
80126642
80193962
80328173
80446665
80546058
80550582
80561280
80678922
80689504
80704673
80720917
80765589
80830349
81057741
81113994
81121546
81143318
81284214
81322349
81328500
81347087
81378967
81500594
81618602
81773554
81811435
81994749
82059561
82091202
82099993
82143753
82231201
82249297
82358967
82371031
82614434
82638900
82782912
82893432
82914633
83175161
83277261
83356169
83398360
83433033
83435144
83563066
83787243
83925415
83971655
83978792
83978985
84065127
84071314
84175384
84214297
84312249
84362451
84421247
84543206
84593799
84635577
84687799
84746442
84762265
84814206
84820332
84866840
84916680
84922809
84979448
85040954
85184348
85422382
85686889
85727457
85746470
85932152
85946811
85950171
86001120
86068680
86205191
86208699
86324951
86355077
86359771
86381978
86508393
86597247
86627672
86822793
86862204
86875607
86901084
86992324
87044258
87103609
87153595
87274886
87441180
87465724
87609021
87620932
87626433
87788185
87983427
87994972
88005924
88094722
88144387
88338328
88371165
88433859
88437274
88478749
88554014
88601731
88718400
88719104
88742048
88749856
88905333
88955331
88996253
89011167
89031526
89079489
89205570
89359999
89414526
89498688
89567689
89571198
89622398
89655046
89673527
89715925
89770009
89870336
89886939
90344483
90470301
90519263
90532659
90626107
90629411
90633571
90654285
90812642
90913370
90988195
91023914
91480022
91592895
91674524
91717730
92013792
92037029
92050329
92269759
92426298
92468757
92600675
92692046
92709548
92760638
92773326
92836910
92897770
93038568
93311607
93383485
93486830
93763917
93794026
94678348
95584313
95670619
95835480
96961248
97146417
97372436
97501305
97523472
97660983
97708424
97859424
97865927
98204176
98743435
98797169
99192590
99308250
99443644
99659876
99718565
99756132
99783499
99964557
100396602
100402778
100485298
100890860
100944499
100979355
101675861
102381886
102419299
102549493
102640148
102790174
102801571
103399712
103554067
103745389
103783190
103985019
103992148
104283696
104608936
104743111
104802415
104998467
105198993
105537230
105587662
105863545
106123060
106184582
106698532
106850588
107198217
107304173
107645584
107741385
108022422
108560277
108562309
108822037
108876247
109056272
109088454
109255150
109434920
109725147
109725886
109745612
109830574
109874628
109909045
110035948
110097735
110451161
110456025
110634146
110797008
111383925
111455685
111519489
111543105
111574371
111667533
111803318
111883747
112138495
112175344
112231768
112251341
112325430
112344699
112441216
112596953
112665605
112745251
112913030
113083825
113611495
113678778
113939036
113959526
114187454
114303868
114627454
114754629
114799807
114825150
114949206
115092575
115220588
115540963
115573000
115602237
115690879
115721535
115826166
115855615
115943529
116075871
116430591
116577092
116661069
116741745
116853498
116860026
116877609
117608910
117646791
117726503
117882169
117893810
118189861
118246328
118520726
118524500
118566364
118750737
118794288
118821768
118904045
118956269
119162818
119927083
119958080
120125909
120378044
120450353
120671577
120729000
120981047
120991161
121016779
121085537
121350329
121351529
121414514
121869134
122048371
122109923
122148490
122173091
122176715
122589657
122686221
122730208
122925651
123101875
123135111
123231543
123343790
123403220
123620344
123749532
123878553
123998053
124049142
124061361
124230642
124240012
124630399
124761258
125109937
125233609
125264778
125369570
125985625
126016068
126045824
126138581
126163708
126360808
126566611
126593269
126634161
126649865
126773303
126910897
126996161
127109616
127141041
127142040
127187095
127492393
127554847
127557256
127574041
127697896
127747454
127851944
128180286
128379117
128396517
128570664
128760797
128765713
128780447
129014545
129352043
129385819
129406412
129488475
129577842
129660143
129754431
129956744
130199883
130757102
130784990
130822791
131042522
131664079
131767755
131785460
131925224
131941405
132003870
132010509
132127942
132167986
132261365
132263468
132266387
132302778
132317017
132432610
132615930
132732462
132752120
132844999
132967876
133015242
133195381
133567770
133637138
133655590
133682164
133803748
133942243
133991561
134081630
134194377
134493323
134563667
134579494
134672344
134681653
134698118
134801711
134810401
134996965
135711999
135977192
136007626
136185426
136198478
136320150
136465178
136611898
136698378
136799720
137203677
137243374
137397320
137502775
137544295
137570360
137644915
137650387
137826592
138228477
138253386
138696951
138814750
139003107
139057806
139562203
139847263
139889445
139955073
139961941
140114021
140219512
140223943
140294366
140385093
140396516
140707245
140710311
140969769
141131525
141140507
141167764
141341854
141778690
141789750
141839636
142120242
142200602
142211775
142212847
142391059
142454661
142506164
142529582
142718557
142856539
142867948
143129122
143377310
143488897
143573114
143615435
143760035
143831167
143947485
143989259
144069856
144318815
144356774
144547046
144561870
144585419
144730853
144962374
145121502
145132926
145215650
145253130
145274401
145292246
145392111
145408802
145515470
145722600
145741543
145994938
146519421
146678192
146841050
146891945
146909052
147024899
147057040
147095927
147231856
147513760
147817580
148014833
148173338
148298085
148312946
148347534
148733658
148745336
148849365
148967921
149074694
149103215
149106882
149333845
149427462
149549286
149604531
149623748
149720132
149754964
150061604
150200051
150229281
150365035
150395661
150580153
150876354
150955184
151179850
151431222
151450516
151645868
151855851
151959051
151982061
151997703
152204244
152349389
152738703
152850830
153007943
153139612
153392504
153393592
153819654
154076929
154289737
154289814
154353015
154408150
154409669
154552421
154589398
154703019
154753272
154881764
154919454
154932767
155198561
155334257
155371202
155457944
155514003
155618533
155639107
155920856
155954608
156014872
156158417
156540735
156541755
157032788
157168535
157269431
157398382
157428444
157561212
157579060
157817353
157954138
158037794
158216154
158221351
158298942
158538190
158580870
158617520
158716735
159032577
159035790
159153685
159180930
159373939
159527865
159539598
160054375
160369186
160381875
161175088
161353201
161616850
161837403
162037241
162189813
162421680
162474001
162480079
162528294
162689997
162886256
163041322
163098395
163249167
163374796
163402424
163534563
163602449
163625809
163701646
163717588
163729125
163752311
163793296
163881394
163969390
164056112
164061732
164144080
164410213
164539408
164587696
164630513
164867017
164878454
165274994
165413619
165579500
165630944
165685510
165949195
165987624
166034400
166038886
166528880
166531747
166532784
166625257
166651399
166652205
166740800
166815988
166817468
166831596
167262167
167271974
167379148
167448435
167676680
167713878
167736468
167810702
167896839
168326353
168395651
168534307
168652059
168691725
168894095
169035042
169041176
169083536
169116254
169148266
169195780
169214494
169283613
169288911
169354660
169373960
169426541
169545498
169576209
169641455
169663893
169715954
169897982
170109524
170151236
170250672
170314505
170365602
170514544
170514903
170569268
170693954
170787090
170804490
170847886
170971446
171010161
171015093
171077545
171127043
171216491
171264372
171329206
171430642
171769651
172339761
172469860
172772089
172828239
172851944
172891469
172956960
172983192
173123052
173424533
173463405
173866924
174025957
174036775
174304501
174544554
174570177
174602228
174605300
174832878
174893259
174893546
174902831
174938487
175168546
175239410
175314725
175393194
175594053
175615364
175645936
175675570
175688253
175741601
175839073
176077486
176106196
176175722
176214509
176268548
176295662
176313126
176438880
176475558
176520951
176785109
176818785
177190072
177386749
177397300
177438128
177524074
177659461
177663076
177692515
178003982
178141005
178186841
178257553
178285658
178321114
178399270
178473946
178514789
178530753
178531030
178613190
178625470
178733699
178847824
179061276
179111385
179116084
179155410
179191283
179294423
179308601
179377351
179427497
179504162
179521240
179571176
179608183
179633184
179711811
179788088
180115619
180242470
180252270
180297732
180406024
180417655
180456676
180461891
180767272
180859587
181033884
181119469
181147439
181243279
181280674
181297454
181394388
181520537
181544931
181590912
181631789
181713706
181768781
182083415
182149264
182344138
182353773
182377561
182488135
182613590
182664231
182716333
182756527
182767752
182805998
182932462
182937521
183000944
183204036
183294333
183300086
183330990
183395959
183406679
183627352
183658478
183771517
183811858
183970220
183997204
184017215
184133576
184217201
184228165
184242661
184378283
184428665
184457003
184792983
184822598
184874704
184901845
185153358
185214273
185277164
185277753
185342298
185428914
185464432
185482223
185721167
185792361
185872270
185981020
185997444
186043826
186127787
186146948
186163306
186267518
186413169
186431591
186511375
186526361
186566420
186598693
186751718
186754556
186758022
186927037
187027148
187148873
187224285
187229843
187251146
187332737
187354614
187378338
187380884
187395890
187457203
187487644
187506283
187532876
187533084
187616313
187658325
187696257
187743030
187769714
187777334
187824189
187831587
187853487
187905736
187926278
188074650
188110293
188126146
188161762
188261579
188276722
188292707
188299026
188321774
188435131
188471692
188486839
188580883
188674755
188679067
188798639
188802716
188807055
188817041
188839368
188884881
188982483
189027020
189033580
189051475
189098870
189263873
189315741
189450873
189463617
189584001
189598094
189668576
189830551
189857667
189881323
189918713
190138812
190152058
190162581
190211414
190504908
190573549
190681324
190698342
190868547
190913865
190979492
191033485
191048614
191070356
191187619
191217539
191325764
191338313
191339301
191345871
191358383
191398359
191415201
191511327
191550574
191582857
191645133
191852164
191916627
191929768
191943152
191960725
192084163
192192258
192313353
192477351
192479664
192538834
192606563
192653089
192659539
192781583
192890688
192933591
192979936
193004833
193022252
193045992
193131090
193156887
193173356
193186703
193197944
193207012
193259065
193394913
193852634
193993609
194003539
194029857
194102387
194261863
194304787
194309119
194313486
194337494
194367986
194384813
194507466
194661776
194690239
194705390
194722892
194744781
194755759
194782563
194860045
194956655
195017515
195098611
195104520
195111383
195144429
195271117
195471439
195505878
195520546
195555871
195641778
195797093
195826900
195867314
195926791
195963228
196007897
196028996
196082241
196086670
196120335
196246697
196310592
196396076
196526676
196539372
196718986
196929791
196938414
196975555
196977834
197042646
197076214
197117397
197138613
197228321
197288920
197293426
197312495
197630857
197664676
197751402
197792277
197798510
197902174
197929643
197974643
198028629
198041362
198065790
198084037
198252498
198314316
198375024
198515491
198579852
198692393
198729509
198778790
198877305
198949920
199046102
199149961
199184453
199340395
199435598
199435750
199512440
199532912
199538487
199568633
199649455
199662000
199779888
199934032
200157736
200373010
200394860
200434000
200534702
200544567
200546031
200552395
200604078
200686916
200736777
200763877
200864437
200886504
200917453
200918960
200919309
200920646
200981196
201090434
201123906
201147752
201210504
201215591
201229350
201260050
201322385
201347575
201387047
201476153
201483891
201498186
201615261
201635972
201685200
201696212
201877811
201878015
201924916
201939976
201974510
202051466
202202481
202233722
202341445
202474601
202557496
202597079
202628158
202642381
202680423
202705209
202742299
202852502
202856088
202912261
202968230
202987572
203143463
203155131
203218100
203272199
203292794
203325843
203354441
203452522
203598886
203688371
203688712
203726452
203860168
203910406
203945627
203975197
204039053
204050025
204097318
204102890
204123817
204184474
204203977
204209036
204250938
204273546
204280265
204305510
204377680
204631076
204704857
204801388
204802901
204843039
204894143
204961432
205196026
205268770
205361643
205421442
205515348
205515685
205529916
205562072
205585905
205634970
205668661
205688488
205708683
205753541
205824372
205881480
205990058
206051280
206071958
206126856
206155112
206197799
206227672
206326674
206376864
206470378
206517424
206552600
206582011
206651413
206744384
206751116
206910347
206918933
206941908
206962460
207026278
207088129
207091655
207092244
207145432
207163813
207300808
207306491
207328694
207346590
207379143
207390038
207399773
207408912
207465388
207586360
207609653
207644227
207811811
207814254
207834537
207848411
207867553
207962171
207991797
208122485
208188359
208192885
208231852
208372106
208432355
208475650
208584562
208606186
208685619
208731096
208806210
208996950
209001882
209065787
209163487
209168226
209189168
209205211
209221125
209251184
209332760
209367161
209370866
209456165
209506225
209512609
209520550
209565788
209578250
209612555
209623778
209661992
209900864
209920530
209923875
209926758
209931800
209937501
210008284
210062267
210142585
210211009
210236461
210237638
210265808
210514428
210516837
210536343
210718088
210720539
210797915
210873629
210934818
210938471
210948017
210987949
211089573
211121483
211157441
211220524
211310680
211319780
211447855
211466237
211512116
211601189
211696848
211711289
211716701
211717555
211740576
211759737
211820486
211867625
211948280
211953819
212007207
212013074
212128720
212162726
212165202
212178983
212205526
212298057
212341886
212376175
212385056
212408320
212519233
212567160
212567624
212738683
212781651
212801901
212825536
212854725
212859684
212871708
213089920
213124896
213179088
213189413
213252600
213298028
213324781
213350652
213352639
213369477
213447922
213643522
213648923
213679383
213721692
213823740
213843852
213851522
213968075
213971448
213975868
214025779
214032325
214292251
214357028
214360060
214411790
214416316
214438040
214565883
214568140
214693983
214794344
214819551
214832650
214916415
214968645
214970176
215093765
215209251
215254789
215287374
215415842
215513251
215516639
215678777
215688732
215712272
215723330
215819964
215864244
215887297
216062146
216086603
216135268
216183363
216247685
216324954
216329506
216351906
216444363
216483177
216627838
216735577
216745897
216769903
216826474
216872372
216893603
216908883
216944320
216983111
216994307
217019838
217085054
217141154
217211766
217225425
217272896
217475836
217506239
217527054
217628033
217628061
217667773
217691846
217703168
217791471
217883329
218002353
218079128
218152644
218153201
218514274
218566023
218603950
218607011
218835913
218945894
219352749
219464424
219489989
219500996
219691135
219724841
220079287
220137305
220149670
220276831
220329277
220431140
220444733
220497609
220502792
220522373
220641496
220673944
220733055
220738172
220767445
220943867
221130251
221204199
221271264
221285154
221303996
221334057
221364541
221387608
221429312
221469592
221497841
221547636
221601057
221726962
221931519
221989980
222021475
222123196
222145913
222238497
222270267
222270840
222430901
222584384
222769270
222864379
222944748
222995342
223100543
223159899
223270602
223400355
223412728
223537730
223697432
223917868
224012389
224045955
224057530
224078220
224100284
224116900
224277868
224322395
224373767
224396159
224447482
224732830
224765316
225040271
225062397
225167707
225185826
225201058
225295391
225322084
225410898
225489616
225495713
225678431
225778925
225874430
225934342
226270543
226349377
226785061
226791654
226905827
227050302
227087752
227161651
227174495
227203603
227286781
227329972
227390667
227461946
228007731
228023807
228068849
228170344
228184279
228494527
228569056
228589085
228678082
229314479
229591036
229636132
229749422
229816875
230087844
230163082
230241087
230386592
230421113
230602991
230755295
230974915
230993444
231128811
231129180
231169168
231177858
231214912
231268783
231290476
231521858
231776772
231781134
231890645
232033608
232046366
232175635
232193091
232369783
232370459
232370992
232440047
232521951
232599724
232648177
232649155
232684411
232703930
232857951
232940306
233118629
233240602
233241967
233371897
233427593
233529620
233573908
233583291
233594974
233625295
234066021
234378191
234410803
234476867
234499019
234514049
234696785
234953421
235035759
235055185
235441081
235464225
235541179
235549810
235586501
235595409
235613184
235666338
235810575
235916980
236005094
236044076
236077265
236082827
236103313
236119759
236257676
236358886
236445067
236450926
236579570
236606581
236890323
237038864
237049519
237604150
237914640
237935460
237971731
238037961
238132487
238229177
238259349
238267720
238326340
238411532
238654505
239143445
239337751
239517425
239573092
239987627
240223257
240319868
240366068
240377815
240533830
240897756
241048370
241094893
241310901
241457767
241582808
241625013
241829092
242396969
242553446
242704497
242739215
242848783
242994450
243101618
243282210
243377202
243469910
243592838
243713407
243799721
244091474
244442217
244588055
244774473
244884776
245063045
245147878
245276577
245434912
245560651
245624249
245634361
245870497
245927845
245950361
246280666
246326490
246368021
246488710
246520084
246607252
246701177
246718508
246784056
246966173
247572517
247634395
247661672
247859642
247925577
248484776
248500088
248922777
249047067
249141577
249303713
249307177
249330683
249525571
249609370
249641637
249696743
249749380
249935100
250104006
250478360
250547510
250610467
250650845
250707556
250812709
251375741
251512200
251614528
251708870
251738716
251799130
251911425
251983772
252311815
252412959
252441116
252911584
252994976
253078279
253127898
253138115
253365212
254054883
254170079
254308126
254592249
254737437
255319002
255437857
255483068
255576006
255892766
256157416
256195556
257528670
257580228
257988477
258000258
258139811
258256127
258647966
258776193
259104090
259420763
259575263
259800729
259817177
259829596
259974587
260614976
260996505
262139937
262448123
262914304
263235644
263401439
263524486
263930555
264167042
265214460
265468892
265589888
266787876
266988060
267708098
267711427
269184542
270443711
270593696
273511136
