2954965
3204498
3234284
3481361
3489875
4119100
4177456
4314883
4352906
4558254
4666942
4942390
4969036
5017074
5167425
5583838
5599153
5735183
5761424
5793406
5919526
5934817
6048835
6075342
6325337
6387038
6476734
6523021
6566199
6669314
6896998
6973264
7081624
7090770
7160511
7169457
8431966
8954947
9198240
9480095
9551226
10915309
11238818
11315047
11550600
11577897
11615559
11664727
11942809
12001741
12015307
12018635
12221208
12233586
12264421
12305162
12416527
12518811
12522805
12537005
12578570
12594683
12680336
12692868
12728870
12853501
12867465
12894821
12936440
12986275
12996836
13043929
13181956
13319707
13493768
14186318
14226594
14501929
15071450
15979510
16107886
16167699
16248430
16286734
16620618
16674737
16822701
16852625
16889587
17187182
17351628
17635467
17792581
18103710
18780153
18823007
18885539
18948569
19012600
19058483
19372443
19443376
19533721
19745831
19846520
19891190
19935822
19942509
20226851
20632212
20987857
22078894
22090437
22253393
22436638
22462754
22504893
22634071
22724502
23400415
23419191
24432731
24509312
24630210
25013322
25522237
25539248
25600815
25997790
26190381
26776184
26887772
27680018
28082240
28156886
28256755
28789988
29292482
29961666
30267129
30775240
30980858
31086949
31496286
31857926
32411894
32597801
33098868
33355209
33634530
33820143
33870679
34274763
35223214
35371567
35482423
35783455
35923523
35954687
36359575
36751825
36783919
37039078
37523432
37542735
37803276
39194028
39265123
39577506
39594623
40224758
40797821
40897490
41164328
42381022
43348762
43619843
44191030
44316285
44587988
44876030
45905792
46086843
46635154
46649529
46705427
47509030
48475771
48783674
48869596
49115992
49326332
49574921
49923877
50377344
50740163
50927523
51266826
51480383
51734976
52886954
53350887
53585806
54236455
55074681
56080874
56138183
56536713
57219892
58488662
59713999
60185044
60555606
60570836
60686548
60941570
61249844
61433725
61701913
61845535
61974977
62180034
62593335
63303476
63517589
63695409
63913620
64446527
64727703
65068721
65901485
67090002
67535995
68057834
68191385
68373040
68380018
68441024
68571734
68659183
68677347
68796509
68941421
69161063
69260727
69506259
69647006
69684176
69793408
69877315
69929423
69940642
70864153
71159722
71863446
72129296
72251997
72619840
72823725
72976460
73020739
73587732
73597270
73763055
74028827
74202488
74304204
74482371
75018354
75222441
75263673
75477466
75637840
75795573
76037186
76185142
76533823
76939526
77165898
77167088
77447543
77622791
77763121
77859112
77925061
78124914
78213083
78500387
78522137
79227407
79372851
79423247
79454999
79548706
79700113
79768012
80158536
80561280
80576432
80678922
81043066
81347087
81546589
81773554
81994749
82091202
82282032
82734733
83025885
83205495
83563066
83647295
83787243
83897107
83927624
83979176
84239617
86068680
86440708
86458363
86923327
87188927
87219248
88905333
88967073
89028125
89208805
89398273
89457951
89704210
90309047
90493448
90509946
90694249
90889336
90913370
91001846
91351190
91495494
91534224
91559428
92256167
92316076
92372728
92444107
92455219
92577248
92605694
92696566
92709548
92918304
93052192
93119462
93662590
93885627
94545050
94605662
94690329
94752025
94943102
95495235
95670619
95988957
96042085
96913491
97316503
97487228
97632113
97909798
98204176
98394369
98560119
99192590
100329631
100402778
100890860
100904814
100944499
100979355
101513510
102070667
102223370
102549493
103507144
103767498
104283696
104548919
104782503
105198993
105632229
105853710
106553779
106784337
107129169
107659128
108191452
108298046
108523853
108659700
108876247
109090254
109210105
109255150
109434920
109830574
109832400
109874628
110035948
110346387
110382793
110576881
110714782
111444111
111795316
111947500
112089366
112325430
112513902
112596953
112989909
113128654
113678778
114303868
114850745
115361677
115491404
115573000
115721535
115909464
115913694
116160333
116271403
116358934
116430591
116860026
117756152
117893810
118040733
118059186
118328234
118486023
118906483
118923047
118929795
119384989
119523305
119884547
119927083
120007543
120028066
120102728
120671577
120729000
120793870
120808120
120840307
121016779
121150190
121204525
121901485
121932753
122026108
122109923
122120899
122148490
122169422
122173091
122197518
122373779
122414126
122686221
122724468
123299324
123321946
123383596
123403220
123523369
123921436
123990693
123998053
124061361
124091112
124165403
124230642
124414252
124512308
124630399
124642388
124930868
125264778
125273425
125352850
125410222
125907509
125951152
126016068
126245214
126310373
126552239
126593269
126604048
126773303
126825011
126910897
127010578
127109616
127141041
127291153
127548607
127557256
127610284
128118075
128180286
128276959
128379117
128384689
128478295
128765713
129014545
129046399
129135381
129236782
129352043
129452984
129461744
129577842
130344080
130524784
130733357
130757102
130784990
131017586
131042522
131167161
131192401
131212207
131249612
131469486
131767755
131848135
131878521
131941405
132001595
132010509
132031413
132113337
132142105
132261048
132263468
132468979
132851117
133015242
133637138
133642963
133805452
133991561
134194377
134203798
134314381
134342866
134461067
134493323
134672344
134996965
135081201
135203316
135517968
135542874
135663833
135801397
135910567
135977192
136054646
136185426
136208539
136320150
136387588
136465178
136644356
136740309
136799720
136999830
137008341
137397320
137544295
137553207
137592186
137650387
137729629
137860665
138024726
138143632
138463327
138545618
138644075
138814750
138928779
139003107
139030720
139051184
139057806
139101729
139348588
139565078
139734602
139773769
139851753
139889445
139992804
140174088
140178233
140219512
140223943
140241496
140294366
140366119
140538991
140639944
140707245
140710311
140805928
140969769
141131525
141147202
141156712
141167764
141179397
141291511
141723669
141740447
141780158
141789750
141839636
141999478
142147273
142200602
142261814
142718557
142804824
142812403
142856539
143137383
143251261
143441112
143515934
143533577
143573114
143583078
143615435
143760035
143989259
144055893
144069856
144187033
144331152
144356774
144380924
144390539
144547046
144585419
144717030
144839269
144881641
145146075
145173080
145253130
145292246
145392111
145408802
145447837
145746737
145747054
145854939
145953527
145994938
146152022
146283529
146400840
146426553
146890139
146891945
146928368
146968626
146984590
147001454
147053985
147120926
147231856
147322083
147513760
147584651
147684781
147796962
148014833
148173338
148182981
148236431
148312946
148313709
148319392
148408382
148455397
148615460
148781968
148872815
148967921
149009937
149113807
149162509
149333845
149549286
149570667
149604531
149660511
149732869
149754964
149800443
150022674
150229281
150468636
150505643
150580153
150955184
151008740
151177282
151263516
151444965
151450516
151471899
151493439
151581842
151588044
151615290
151645868
151722065
151745857
151756865
151782995
151855851
151959051
151971249
151987323
151997703
152087057
152156212
152206228
152228755
152256766
152355179
152373907
152395497
152692799
152697427
152700927
152787642
152842529
152957125
153032564
153123328
153192706
153246321
153340846
153392504
153724042
153776160
153890257
154239053
154259251
154328755
154401947
154408150
154508874
154589398
154721261
154829246
154831510
154850374
154932767
155057563
155268184
155274538
155371202
155400722
155430665
155514003
155580898
155618533
155620133
155728253
155920856
155942737
155954608
156201390
156305557
156308459
156329383
156475487
156748297
157017844
157050449
157269431
157383699
157398382
157561212
157579060
157670045
157927212
157974313
158037794
158137524
158201047
158298942
158354256
158538190
158617520
158662289
158762727
158778147
159032577
159075201
159077142
159106242
159153685
159283776
159374003
159406298
159563681
159725168
159764703
159809767
159836496
159842775
160054375
160060592
160133045
160146836
160288838
160446737
160654157
160813152
160840501
160882074
160962959
161008523
161130453
161353201
161495630
161656756
161690737
161880139
162031931
162037241
162168557
162254536
162316151
162332791
162442456
162450508
162474001
162480079
162500604
162528294
162545554
162605849
162627976
163249167
163354000
163364903
163752311
163793296
164061732
164228167
164273410
164327876
164355598
164613126
164630513
164878454
165203498
165268313
165270604
165274994
165333019
165338533
165547549
165579500
165625482
165719829
165857320
166050890
166198376
166302950
166474433
166528880
166531747
166532784
166550422
166588103
166651399
166792867
166814079
166815988
166885630
167062945
167063673
167121988
167141678
167171210
167409932
167448435
167474515
167482197
167595039
167778432
167810702
167845834
167903505
167998219
168069355
168152572
168188569
168204274
168214492
168263838
168296820
168326353
168403700
168515282
168534307
168631818
168691725
168759158
169035042
169040515
169041176
169083536
169116254
169148266
169184089
169195780
169304758
169380985
169389992
169545498
169576209
169581353
169641455
169663893
169715954
169890521
169980736
170085409
170109524
170314505
170432219
170476512
170514903
170569268
170577124
170614014
170696228
170741413
170787090
170888490
170913470
170934024
170961902
171050850
171077545
171087987
171106906
171127043
171224579
171392026
171401104
171606194
171715956
171769651
171816658
171841227
171849173
171913591
171962959
172000332
172184653
172234894
172261983
172385398
172853919
172891469
172956960
173109951
173112249
173157708
173198279
173239816
173266140
173385736
173407436
173463405
173545730
173677043
173704354
173866924
173997023
173999774
174025957
174027642
174070841
174287415
174426393
174544554
174553663
174602228
174701958
174814166
174832297
174902831
174974993
175024686
175113384
175199076
175204001
175303882
175338205
175390342
175393194
175528163
175603861
175615364
175645936
175688253
175899550
175960523
176069039
176214509
176233627
176237002
176295662
176298513
176329604
176337206
176412758
176438880
176520951
176689692
176771581
176785109
177088628
177095149
177524074
177543543
177594232
177659461
177708930
177788098
177817270
177969693
178003982
178013255
178102915
178285658
178289335
178302968
178399270
178514789
178613190
178707429
178728799
178733699
178796505
178847824
178902077
178929697
178948792
178983337
179012414
179037193
179093117
179134504
179155410
179191283
179305853
179465097
179521240
179567806
179571176
179711811
179768380
180349852
180397952
180406024
180461891
180557126
180599139
180676538
180965187
181074499
181119469
181243279
181506393
181520537
181540913
181544931
181590912
181795478
181830451
181849639
181904738
181922157
182260888
182344138
182353773
182377561
182432456
182469249
182560104
182613590
182664231
182674833
182709118
182731514
182805998
182938247
183146425
183300086
183395959
183468127
183555319
183678566
183811858
183824839
183838470
183878298
183926800
184332399
184706690
184901845
184965077
185153358
185342298
185414203
185428914
185623965
185872270
185894142
185981020
186045104
186110170
186212863
186267518
186356070
186439635
186758022
186920788
187011391
187027104
187132665
187175434
187378338
187380884
187426686
187506283
187533084
187616313
187627739
187696257
187743030
187773686
187811617
187830675
187831587
187905736
187926278
187991706
188085182
188126146
188161762
188276722
188435131
188602120
188674755
188827514
188839368
189257410
189263873
189315741
189463617
189515972
189678021
189749951
189848613
189857667
189918713
190138812
190417082
190753897
190979492
191013151
191070356
191111453
191131489
191135320
191325764
191339301
191511327
191660100
191677963
191852164
191960725
192073502
192084163
192165544
192192258
192272969
192305887
192606563
192890688
192979936
193004833
193156887
193197944
193602632
194125567
194261863
194309119
194418267
194507466
194589785
194647810
194690239
194754854
195111383
195555871
195656314
195963228
196007897
196028996
196082241
196151040
196948826
196975555
197067872
197155776
197277892
197387265
197481495
197660963
197661893
197902174
198063266
198515491
198729509
198778790
198949920
198951746
198959234
199165988
199584291
200008130
200157736
200181152
200786373
200872666
200911257
200920646
201215591
201229350
201270116
201387047
201449125
201615261
202051171
202107073
202341445
202628158
202855679
203598886
204885562
205218148
206189473
206962460
207566269
207640034
207748670
208134463
208432355
208840253
209296031
209663615
210008284
210855137
210936735
211157441
212336191
212825536
