2954965
3234284
4060273
4119100
4142813
4177456
4352906
4969036
4993729
5031976
5562177
5606316
5934817
5994693
6048835
6179668
6242242
6324589
6325337
6387038
6523021
6551499
6584886
7203168
7216057
7571482
7663811
7919008
8167465
8299166
8431966
8495619
8717922
9551226
10915309
11119855
11238818
11313280
11315047
11430986
11438994
11572052
11577897
11664727
11694443
11804463
11910091
11942809
11943068
12015307
12106423
12233586
12247771
12283727
12309095
12360154
12578570
12845921
12950061
13104438
13696166
14501929
14734350
15088460
15624503
15973768
16248430
16406390
16536994
16852625
17051618
17187182
17351628
17484542
17635467
17701066
17703248
17792581
18024762
18199202
18448106
18607557
18780153
18885539
18889691
19254373
19443376
19846520
19935822
19942509
19999860
21080634
21623863
21636058
21867416
22003251
22078894
22188443
22201264
22349941
22634071
22713476
23400415
23935152
24432731
25134496
25193741
25340081
25390501
25483022
25539248
25600815
26375955
26908346
27031871
27162617
27172414
27239297
27660181
27855151
28033964
28156886
28960758
29292482
29332412
30342149
30423351
30470727
30562441
30980858
31086949
32188237
32202638
32374333
32457336
32491031
32597801
33408171
33614184
33634530
33870679
34089267
34291193
34370837
34439867
34653595
34861564
36359575
36751825
36783919
37161928
37528946
37542735
37607048
37798853
37803276
38334220
38441163
39194028
39214280
39594623
39960510
40305212
40863726
40897490
40934143
41345021
41757636
41948145
41984384
42318617
42356616
42381022
43057083
43468062
43528585
43619843
43657758
44110927
44191030
44960935
44974463
45114782
45363380
45597130
46705427
47044902
47957847
48783674
48843227
49574921
50158851
50239920
50443078
50450356
50740163
50927523
51311806
51336972
51832171
52328767
52886954
54236455
54598503
55335646
56138183
56536713
56556128
57051489
57219892
57457573
58488662
59778128
60178555
60185044
60442865
60917764
61524949
61887828
62219291
63344829
63619068
63661749
63751084
64053431
64294505
64664128
64727703
65769941
65782152
65833672
66120596
66748295
67536573
67662754
67774020
67973577
68327366
68441024
68571734
68677347
68709181
68784237
68944994
69260727
69280420
69433577
69793408
70021426
70045016
70342481
71321607
71434983
71537855
71863446
72129296
72184984
72823725
73078143
73587732
73652598
73986110
74356847
74583896
75018354
76533823
76760291
77124575
77165898
77219215
77252042
77354693
77427409
77870019
77899234
77925061
78522137
79722763
79740099
79768012
80616261
80678922
81300713
81324396
81347087
82509354
83205495
83574764
84018743
84923272
85035925
85072714
87144674
88025124
88101982
88113342
88967073
89002914
89373828
89740257
90057821
90334726
90889336
91443839
92897770
92918304
93052192
93602412
94399708
94690329
95670619
96429699
96582682
96820131
97445618
97909798
98569720
100484287
100692847
102038513
102070667
102223370
103012482
103153353
103300946
103675819
103985019
104095377
104097453
104283696
104782503
104816756
104986902
105198993
105632229
105816984
106553779
106578135
106698390
106784337
107363255
107659128
107900060
108191452
108371659
109629045
109745612
109832400
110346387
110382793
110619488
110775068
111079568
111311055
111640311
112064670
112188536
112485991
113211785
113239130
113597797
113678778
113705743
114303868
114593013
114906695
115361677
115383137
115470777
115491404
115573000
115721535
116199513
116271403
116315084
116654282
116919282
117076305
117081981
117184317
117473125
118171574
118906483
119095522
119242087
119339182
119384989
119666391
119824891
120028066
120294423
120729000
120793870
120840307
121150190
121204525
121288791
121901485
121914307
121932753
122109923
122155099
122169422
122197518
122286726
122373779
122414126
122522599
122724468
122730208
123202385
123321946
123328704
123383596
123403220
123857825
124165403
124230642
124368314
124414252
124512308
124630399
124642388
124653692
124692090
124930868
125208658
125264778
125352850
125410222
125550807
125907509
126118122
126315086
126593269
126604048
126753567
126773303
126825011
127058935
127141041
127291153
127484456
127557256
127796911
128156835
128241466
128276959
128384689
128522550
128765713
129014545
129046098
129046399
129135381
129140802
129236782
129352043
129452984
129461744
129577842
129756779
130194901
130344080
130524784
130707233
130733357
131212207
131249612
131525266
131767755
131848135
131878521
132010509
132022484
132031413
132113337
132142105
132261048
132468979
132732462
132732880
132764210
132851117
133015242
133161306
133637138
133642963
133685958
133805452
134194377
134203798
134287766
134342866
134461067
134493323
134661215
134672344
135081201
135801397
135910567
135977192
136054646
136185426
136217738
136320150
136387588
136427333
136539951
136644356
136782646
136799720
137397320
137490098
137544295
137553207
137592186
137650387
137701280
137729629
137860665
138143632
138463327
138644075
138814750
138860513
138928779
139003107
139030720
139051184
139101729
139348588
139454425
139535089
139565078
139740460
139851753
139889445
139992804
140032589
140219512
140229599
140294366
140538991
140639944
140707245
140710311
140920346
140969769
141150004
141167764
141179397
141291511
141528315
141723669
141740447
141780158
141839636
141944874
141986131
141999478
142804824
142812403
142856539
143137383
143251261
143441112
143459392
143515934
143533577
143573114
143583078
143615435
143760035
143989259
144069856
144187033
144356774
144547046
144585419
144839269
144881641
145253130
145392111
145408802
145746737
145747054
145854939
145941733
145953527
145994938
146152022
146256514
146283529
146400840
146402432
146862836
146968626
147095927
147120926
147231856
147322083
147684781
147796962
148014833
148182981
148210036
148312946
148313709
148319392
148408382
148455397
148872815
148967921
148977839
149162509
149549286
149570667
149604531
149660511
150022674
150212524
150468636
150580153
150955184
151008740
151263516
151444965
151471899
151475979
151493439
151615290
151645868
151745857
151756865
151959051
151971249
152087057
152176339
152228755
152256766
152307196
152373907
152395497
152700927
152787642
152842529
152957125
153032564
153123328
153192706
153246321
153340846
153724042
153776160
153890257
154239053
154259251
154408150
154508874
154670575
154721261
154829246
154831510
154850374
154932767
155057563
155119343
155268184
155274538
155371202
155400722
155514003
155620133
155728253
155954608
156305557
156308459
156329383
156371808
156475487
156748297
157050449
157291751
157383699
157398382
157670045
157927212
158037794
158298942
158354256
158574187
158617520
158713964
158762727
158778147
159035790
159075201
159077142
159106242
159153685
159283776
159374003
159406298
159497712
159653831
159725168
159764703
159809767
159836496
159842775
159901622
160133045
160146836
160213960
160446737
160491475
160654157
160813152
160840501
160882074
160962959
161130453
161495630
161656756
161693541
161772439
161880139
162031931
162246651
162254536
162316151
162332791
162450508
162480079
162500604
162528294
162545554
162627976
162973616
163752311
163793296
164011518
164131718
164228167
164273410
164287074
164327876
164355598
164613126
164878454
165198324
165203498
165270604
165274994
165338533
165570202
165579500
165625482
165683431
165743999
166198376
166200414
166302950
166474433
166531747
166532784
166550422
166588103
166651399
166792867
166814079
166815988
166885630
167063673
167141678
167448435
167474515
167595039
167778432
167789630
167845834
167903505
167998219
168204274
168263838
168296820
168321192
168515282
168534307
168631818
168759158
169035042
169083536
169116254
169184089
169195780
169380985
169389992
169526752
169545498
169581353
169663893
169715954
169890521
169980736
170432219
170514903
170577124
170696228
170741413
170787090
170888490
171077545
171106906
171127043
171224579
171392026
171401104
171606194
171715956
171841227
171849173
171945931
171962959
172184653
172234894
172261983
172801887
172853919
173073675
173112249
173198279
173232714
173239816
173266140
173385736
173407436
173493566
173545730
173628557
173997023
174027642
174553663
174602228
174701958
174814166
174902831
175113384
175204001
175338205
175393194
175528163
175645936
175688253
175899550
176027005
176069039
176214509
176233627
176237002
176298513
176412758
176438880
176552963
176575911
176785109
177088628
177487913
177524074
177543543
177565744
177636103
177659461
177708930
177788098
177969693
178013255
178102915
178285658
178289335
178302968
178399270
178514789
178613190
178728799
178733699
178796505
178902077
178929697
178948792
178983337
179012414
179013348
179093117
179134504
179155410
179191283
179305853
179521240
179567806
179571176
179824215
180349852
180397952
180461891
180557126
180676538
181142890
181506393
181520537
181590912
181795478
181830451
181849639
181922157
182366309
182377561
182469249
182613590
182664231
182674833
182731514
183146425
183300086
183395959
183678566
183811858
183824839
183838470
183926800
184069252
184330860
184332399
184706690
184940784
185342298
185414203
185872270
185894142
186045104
186110170
186212863
186267518
186356070
186439635
186758022
186920788
187011391
187027104
187380884
187426686
187506283
187533084
187616313
187696257
187811617
187853487
187905736
187991706
188060032
188085182
188126146
188161762
188276722
188299026
188435131
188602120
188674755
188827514
188839368
189098870
189257410
189265710
189315741
189463617
189515972
189848613
189857667
190138812
190417082
190799661
190853289
191135320
191511327
191960725
192073502
192084163
192165544
192305887
192979936
193522523
194125567
194690239
194754854
195656314
196053304
196057354
197067872
197207145
197613697
197660963
197902174
198063266
199165988
199584291
200008130
200181152
200786373
200872666
201215591
201449125
201615261
202051171
202107073
202341445
202483300
202855679
203598886
204196644
204885562
205218148
206189473
206962460
208134463
208432355
209296031
210008284
210855137
212825536
