3231054
3272081
3481361
4015470
4060273
4119100
4142813
4177456
4189506
4248627
4333549
4515402
4558254
4666942
4784344
4869639
4942390
5017074
5031976
5167425
5499965
5583838
5610982
5735183
5761424
5793406
5817267
5845558
5854954
5881511
5904085
5919526
5934817
5994693
6048835
6075342
6280045
6324589
6342852
6402035
6471760
6476734
6498182
6533342
6551499
6566199
6585669
6615387
6658002
6669314
6896998
6973264
7090770
7160511
7169457
7203168
7216057
7243123
7292821
7316091
7681765
7919008
7921308
7925317
8431966
8954947
9198240
9480095
9973042
10267338
10915309
11119855
11313280
11315047
11375907
11430986
11438994
11550600
11572052
11577897
11615559
11664727
11899791
11943068
12001741
12018635
12036342
12050768
12060971
12091495
12212555
12226888
12233586
12247771
12264421
12304195
12305162
12313631
12404975
12522805
12578570
12602090
12630591
12677635
12680336
12686408
12728870
12786500
12790165
12822098
12867465
12894821
12912516
12935204
12936440
12986275
12996836
13043929
13175744
13181956
13319707
13321756
13493768
13551769
13582661
14790866
15071450
15188435
15315570
15409451
15512180
15689229
15902286
15973768
15976137
15979510
16018192
16096246
16107886
16159299
16167699
16178049
16248430
16286734
16406390
16407958
16536994
16620618
16674737
16743040
16822701
16889587
17459667
17520535
17731217
17742252
18024762
18199202
18206895
18513516
18569762
18647831
18719667
18780153
18823007
18948569
19012600
19058483
19317128
19372443
19443376
19630019
19745831
19803725
19846520
19891190
20026539
20224274
20226851
20355380
20418067
20445465
20632212
20919682
20987857
21250788
21636058
21704545
21867416
22003251
22090437
22188443
22436638
22504893
22600407
22613446
22713476
22724502
22941746
23056424
23276315
23291009
23419191
23455114
23459764
23523130
23563606
23623275
24003613
24009201
24090430
24103011
24202239
24243150
24245197
24290617
24509312
24630210
24702709
24848406
25013322
25340081
25596459
25614456
25674153
25790770
25978048
25997790
26109405
26279145
26375955
26716049
26729507
26812834
26828974
26887772
26921329
27031871
27162617
27172414
27323681
27660181
27664050
27680018
27782066
27855151
27986636
28082240
28143289
28164793
28177555
28256755
28304471
28743803
28789988
28793752
28871938
28913753
28960758
29022846
29080827
29124134
29292482
29442402
29583966
29625917
29636566
29655602
29870087
29927951
29961666
29997373
30149051
30257732
30423351
30463422
30737103
30775240
30842687
30877847
30938968
31247195
31361408
31714603
31851778
31857926
32057479
32080355
32188237
32202638
32255494
32374333
32411894
32571490
32656151
33098868
33232219
33355209
33408171
33514504
33526683
33589671
33617508
33634530
33820143
33870679
34179898
34274763
34439867
34481809
34653595
34861564
35141213
35141415
35200147
35223214
35288041
35373553
35385514
35421904
35482423
35551264
35576259
35577771
35783455
35923523
36229878
36751825
36783919
37039078
37161928
37177070
37466521
37523432
37542735
37803276
37901054
37955579
38111923
38130530
38175889
38177453
38511833
38522201
38976254
39265123
39294711
39308920
39348619
39397188
39577506
39594623
39846471
39998198
40008630
40161881
40176181
40201077
40206932
40224758
40464608
40602946
40797821
40803718
40934143
41164328
41199846
41219680
41241373
41484489
41757636
41948145
41984384
42362851
42381022
42557397
42762229
42893095
42962221
43057083
43085425
43169313
43236270
43237798
43348762
43565156
43587437
43653760
43675094
43863265
43964182
44052891
44157996
44191030
44198584
44247331
44273328
44316285
44361069
44405506
44587988
44684913
44694066
44781920
44876030
44944705
44969746
44974463
45051473
45114782
45661797
45699096
45714038
45905792
46086843
46213243
46295899
46443034
46705427
47044902
47300041
47509030
47672391
47775161
47957847
47996675
48310089
48415570
48475771
48528668
48869596
48913920
48922316
49115992
49122695
49188847
49326332
49366408
49574921
49789695
49929731
49954988
50172440
50239920
50333979
50377344
50733496
50927523
51142427
51266826
51338587
51480383
51594345
51734976
51832171
51880450
51966157
52328767
52381706
52460349
52479359
52659560
52886954
53238040
53350887
53548114
53585806
53980391
54048910
54725107
54978869
55074681
55335646
55370510
55589273
55775921
55992044
56000123
56053595
56080874
56138183
56247299
56362118
56598246
56755051
56867372
56875405
57051489
57219892
57457573
57558200
57599613
58394111
58425320
58488662
58638366
58642718
58765741
58998106
59778128
60006332
60178555
60185044
60442865
60452741
60555606
60570836
60622939
60686548
60941570
61249844
61701913
61845535
61887828
61974977
62180034
62188805
62316789
62489510
62553218
62593335
63197554
63303476
63344829
63393780
63522558
63619068
63629529
63661749
63695409
63752969
63913620
64053431
64294505
64380264
64417768
64446527
64748178
64824799
65068721
65514107
65546835
65782152
65901485
65908977
65919227
66062788
66110426
66289703
66319808
66637319
66726598
66861514
67090002
67166780
67209611
67352317
67459073
67535995
67536573
67765586
67774020
67861958
68049934
68057834
68122839
68191385
68242027
68334827
68373040
68380018
68441024
68557518
68571734
68600741
68614449
68677347
68709181
68796509
68941421
68944994
69007918
69073479
69280420
69337479
69433577
69506259
69542222
69647006
69684176
69777772
69814950
69877315
69929423
69930873
69940642
70070652
70245092
70596728
70864153
70931056
71159722
71427544
71521922
71537182
71635863
71710897
71783526
71863446
72046759
72049052
72184984
72217287
72251997
72423963
72506051
72619840
72773690
72823725
72976460
73020739
73078143
73232836
73538013
73558410
73587732
73597270
73652598
73763055
73899819
73986110
74057588
74202488
74777938
74973083
75018354
75222441
75263673
75334649
75377484
75477466
75493042
75637840
75669445
75676253
75770107
75815065
76037186
76179014
76185142
76199436
76250342
76289284
76533823
76760291
76836125
77124575
77146329
77167088
77354693
77447543
77476422
77497740
77610286
77870019
77899234
78124914
78213083
78402657
78506217
78522137
78534354
78680675
79009617
79091507
79208540
79227407
79244190
79253871
79372851
79454999
79501682
79548706
79592786
79599836
79700113
79768012
79849318
80143615
80158536
80561280
80576432
80749888
81043066
81070342
81324396
81433762
81464079
81468876
81546589
81653440
81773554
81940518
81958035
81977431
81994749
82091202
82282032
82734733
82755993
82805271
82808979
83025885
83043928
83205495
83487345
83563066
83574764
83647295
83897107
83927624
83979176
84052750
84070489
84346302
84491895
84595837
84741096
85035925
85089262
85358298
85608309
85722826
86068680
86213352
86440708
86468534
86527715
86666424
86856618
87144674
87181989
87188927
87219248
87279624
87668828
87669596
88025124
88113342
88263316
88423586
88905333
88967073
89028125
89265368
89398273
89457951
89506922
89559881
89645157
89704210
89740257
89858357
90309047
90493448
90509946
90694249
90876140
90913370
91132961
91250432
91351190
91495494
91534224
91550622
91559428
91685010
91866622
92243254
92256167
92316076
92372728
92444107
92605694
92696566
92709548
92736121
92897770
92993670
93119462
93337054
93415084
93662590
93785955
93796990
93885627
93952886
94202921
94545050
94605662
94752025
94943102
95087171
95495235
95509763
95670619
95690729
95988957
96042085
96210737
96429699
96582682
96820131
96844799
96907479
96911175
96913491
97316503
97487228
97582348
97632113
97909798
98084688
98204176
98394369
98397714
98560119
98569720
98660689
98754846
99192590
99570011
99760413
99869412
100329631
100402778
100484287
100509210
100890860
100904814
100944499
101513510
101543357
102070667
102403502
102445581
102494574
102549493
102570628
102908781
103012482
103300946
103507144
103758702
103767498
103985019
104095377
104097453
104145783
104211966
104283696
104475859
104548919
104782503
104986902
105632229
105853710
105935482
106246545
106698390
106784337
106841964
106920241
107473770
107655892
107679141
107879892
107900060
108298046
108313928
108339796
108371659
108523853
108659700
108876247
109090254
109183275
109255150
109357661
109434920
109745612
109770098
109830574
109832400
109874628
110022864
110035948
110068929
110254105
110355798
110576881
110619488
110714782
110775068
110972126
110997829
111079568
111232743
111444111
111455685
111640311
111788969
111795316
111953961
112087747
112089366
112190954
112325430
112485991
112513902
112596953
112656836
112669081
112989909
113157894
113226812
113239130
113283100
113483754
113553242
113597797
113678778
113705743
114173418
114303868
114327390
114603207
114610052
114700668
114850745
115148389
115361677
115491404
115529751
115563900
115573000
115647703
115721535
115909464
115913694
115943529
116153179
116160333
116199513
116276857
116309209
116315084
116358934
116430591
116495735
116816856
116860026
116915288
117184317
117473125
117586723
117756152
117757051
117790820
118040733
118059186
118155491
118227253
118265651
118328234
118475020
118604649
118806108
118914222
118923047
118929795
119050685
119095522
119339182
119376182
119523305
119813699
119824891
119884547
119927083
119980746
120007543
120028066
120102728
120135718
120252715
120517192
120671577
120840307
120907463
121016779
121288791
121760200
122026108
122097571
122109923
122120899
122148490
122155099
122169422
122173091
122197518
122373779
122388701
122414126
122522599
122523591
122570873
122652002
122686221
122730208
122732740
122958945
123299324
123328704
123397726
123478865
123691421
123857825
123921436
123941284
123990693
123998053
124061361
124091112
124165403
124368314
124630399
124642388
124880757
125036095
125163032
125208658
125264778
125410222
125415927
125550807
125951152
126016068
126245214
126310373
126404924
126419759
126431001
126434138
126555361
126604048
126649865
126665569
126753567
126773303
126894771
126996161
127109616
127484456
127548607
127610284
127796911
128118075
128180286
128297671
128334563
128379117
128446406
128765713
129046098
129046399
129140802
129352043
129371140
129452984
129756779
129777947
129800069
130194901
130345689
130516818
130524784
130688305
130707233
130733357
130757102
130784990
131042522
131167161
131192401
131249612
131767755
131848135
131941405
132001595
132125362
132263468
132323820
132468979
132764210
132851117
133350503
133637138
133864718
133991561
134117248
134145518
134194377
134203798
134279843
134287766
134289045
134300446
134314381
134661215
134672344
134966646
134996965
135081201
135114314
135203316
135517968
135542874
135910567
136054646
136185426
136208539
136213275
136387588
136431997
136644356
136645753
136740309
136782646
136999830
137008341
137490098
137544295
137553207
137650387
137701280
137820048
138024726
138143632
138187136
138545618
138644075
138814750
138928779
139003107
139051184
139348588
139477780
139734602
139740460
139851753
139889445
139992804
140032589
140174088
140178233
140223943
140241496
140366119
140538991
140639944
140662891
140805928
140920346
140969769
141131525
141147202
141167764
141291511
141528315
141723669
141839636
141986131
142045575
142142717
142147273
142200602
142267105
142718557
142791293
142804824
142812403
142856539
143137383
143441112
143533577
143615435
144055893
144331152
144356774
144380924
144390539
144553893
144717030
144910347
145146075
145746737
145781452
145941733
145994938
146152022
146400840
146402432
146426553
146773830
146862836
146890139
146891945
146928368
146984590
147001454
147053985
147060397
147095927
147231856
147513760
147538179
148173338
148236431
148264270
148359823
148455397
148781968
148872815
149009937
149333845
149604531
149732869
149754964
150022674
150222302
150229281
150319925
150580153
150703109
151177282
151450516
151493439
151581842
151588044
151745857
151755975
151855851
151859700
151987323
152087057
152228755
152256766
152307196
152355179
152692799
152700927
153356177
154259251
154401947
154670575
154829246
155119343
155274538
155580898
155782431
155920856
156201390
156305557
156371808
157269431
157459570
158154123
158219689
158298942
158356509
158574187
158591028
158617520
158762727
158778147
159008586
159035790
159228457
159406298
159563681
159567507
159614453
159725168
159764703
159809767
159836496
159842775
160060592
160133045
160213960
160288838
160446737
160491475
161140607
161353201
161385354
161690737
161693541
162168557
162254536
162316151
162474001
162528294
162605849
162627976
162973616
163249167
164061732
164287074
164613126
164630513
165173312
165338533
165485335
165519676
165570202
165625482
165671564
165719829
166200414
166531747
166550422
166792867
166807860
166814079
166885630
167135240
167275652
167409932
167651009
167689799
167778432
167810702
167844983
168069355
168152572
168204274
168214492
168263838
168321192
168326353
168403700
168691725
168759158
169035042
169040515
169083536
169116254
169148266
169195780
169304758
169707237
169715954
169980736
170085409
170109524
170476512
170569268
170696228
170787090
170812222
170913470
171050850
171077545
171087987
171237221
171392026
171401104
171606194
171769651
171841227
172000332
172194756
172261983
172385398
172801887
173073675
173116972
173157708
173336761
173407436
173628557
173677043
173866924
173930907
173999774
174426393
174544554
174832297
174974993
175113384
175161488
175184090
175199076
175393194
175528163
175603861
175645936
175688253
175792459
176027005
176295662
176329604
176337206
176520951
176689692
176731635
177095149
177118754
177524074
177594232
177762924
177817270
178043126
178707429
178847824
178983337
179037193
179465097
179720819
179824215
180197119
180216092
180406024
180441421
180599139
181119469
181243279
181265365
181540913
181849639
181942474
182260888
182344138
182353773
182366309
182377561
182432456
182469249
182560104
182613590
182937521
182938247
183395959
183468127
183555319
183857608
183878298
184330860
184706690
184965077
185153358
185214273
185414203
185428914
185623965
185733363
185774836
185981020
186110170
186439635
186644885
187132665
187378338
187380884
187627739
187830675
187831587
187926278
187982677
187991706
188060032
188161762
188276722
188918725
189463617
189678021
189749951
189848613
190332020
190753897
190979492
191070356
191111453
191131489
191200628
191325764
191339301
191660100
191677963
192039158
192073502
192165544
192192258
192272969
192606563
192890688
192979936
193156887
193169660
193197944
193291997
193602632
194418267
194647810
194824150
194985704
195555871
196057354
196082241
196975555
197207145
197387265
197481495
197613697
197660963
197661893
197902174
198515491
198729509
198778790
198949920
198951746
198959234
199584291
200157736
200911257
201229350
201270116
202107073
202483300
202628158
204196644
206962460
207566269
207640034
207748670
208134463
208840253
208972160
209548577
210855137
211157441
212336191
