2969902
3070964
3101423
3204498
3209190
3222839
3234284
3367948
3388078
3626157
3742702
3965192
4010056
4104851
4177456
4203738
4320717
4360242
4366283
4510196
4620883
4623542
4625463
4759912
4779212
4828660
4846338
4870744
4905747
4934423
4937985
4950701
4969036
4987694
4993229
5173429
5178737
5186763
5210669
5223124
5232109
5321176
5382094
5401393
5415755
5525932
5600243
5735183
5735655
5819346
5828679
5849713
5853675
5898162
5992075
6073376
6100674
6190141
6195245
6228865
6257350
6308741
6324391
6337163
6420675
6442102
6453736
6476930
6579337
6580528
6659764
6703327
6757574
6785674
6825701
6840844
6850918
6854197
6890176
6996945
7013807
7050147
7080546
7093504
7104869
7240083
7364548
7401044
7437696
7471512
7472282
7497850
7569622
7573324
7612682
7616298
7635676
7716643
7727593
7934537
7938363
8034976
8088712
8116827
8147687
8164825
8177689
8247018
8253056
8261668
8284762
8595751
8653563
8681884
8688284
9198240
10717114
11036589
11088463
11134517
11195108
11238818
11353859
11368557
11372109
11401981
11487467
11555413
11573972
11575730
11656459
11664727
11703318
11719641
11814518
11825897
11878854
11944270
11965166
11975649
11984861
11985338
11986409
12042445
12085133
12184187
12191089
12237342
12248282
12250209
12255817
12264158
12305418
12323122
12332686
12340919
12347815
12356606
12367440
12371315
12396141
12401257
12431582
12432460
12438822
12467521
12486633
12513272
12518100
12558946
12572710
12577723
12578570
12583569
12630591
12661241
12671141
12692868
12728870
12739494
12765748
12823436
12853501
12874632
12874725
12890662
12894821
12920283
12922030
12978306
12981752
13080417
13081356
13152292
13172043
13178476
13229783
13238955
13249594
13309025
13551769
13642432
13684099
13734308
13756317
13820966
13878019
13973118
13977295
13980223
13995825
13996832
14262317
14309793
14406047
14471125
14498922
14573386
14585879
14689384
14729462
14749713
14776647
14787088
14835111
14846575
14895214
14895953
14946610
14960240
14980112
14992300
15026579
15052519
15086962
15088851
15098571
15099852
15120237
15137998
15173518
15186628
15193461
15203154
15238892
15267026
15268133
15279855
15283284
15319924
15423638
15435528
15475041
15483230
15509813
15509974
15514634
15543250
15554198
15590348
15640136
15721969
15742445
15759015
15794534
15809896
15858793
15869499
15885881
15899622
15952167
15962586
15972475
15984476
15987751
15988355
16003624
16010548
16047206
16049056
16064787
16083008
16095720
16111460
16122075
16127460
16145437
16157572
16168669
16178049
16194325
16194752
16196366
16196830
16198154
16204665
16208165
16209591
16232772
16269859
16275637
16299167
16316605
16329811
16341398
16369213
16377760
16384549
16428516
16441758
16469782
16483462
16497119
16508615
16526732
16571153
16583900
16593534
16627897
16642239
16643208
16695955
16714081
16715376
16716612
16723691
16798171
16810099
16844129
16918984
16972694
16979108
16981608
16989601
17133494
17169207
17172348
17203915
17233412
17238086
17275479
17323803
17354092
17572162
17585321
17662018
17771585
17788639
17856921
18077574
18086230
18095051
18106689
18137410
18187302
18213263
18216453
18302124
18316403
18322322
18362651
18463007
18537424
18574798
18593172
18607557
18639172
18749198
18861330
18923958
18929602
18937367
18954515
18966536
18972014
19065002
19171732
19213190
19215384
19229519
19249128
19264930
19267653
19273340
19284116
19353424
19374153
19453071
19498594
19500782
19525137
19616119
19667373
19677763
19692549
19763214
19769295
19769684
19791601
19808888
19849539
19858797
19860012
19864078
19869302
19929393
19935822
19959526
19995987
20121035
20172521
20237435
20281736
20339653
20345786
20367092
20402119
20454692
20487686
20535555
20545509
20604991
20618297
20637106
20749062
20779377
20811003
20886480
20889419
21029666
21172342
21194364
21217754
21257851
21278698
21306616
21400465
21523945
21528099
21561530
21564226
21685048
21693940
21713644
21755623
21774230
21785189
21882071
21922040
22031000
22088220
22102656
22124744
22138496
22140300
22172918
22218470
22222935
22324018
22349256
22363392
22470119
22505116
22545705
22571259
22622375
22628277
22664534
22673837
22676763
22689322
22709423
22760100
22768632
22835742
22923996
22985308
22985690
22989749
23061403
23067439
23145327
23157894
23263128
23264426
23286347
23306480
23368456
23372934
23392060
23396822
23400415
23462997
23501007
23536878
23562825
23615601
23684144
23693203
23935417
23964657
24237151
24242047
24299011
24316771
24327580
24328692
24377937
24378183
24381286
24402121
24432731
24463080
24519148
24552065
24564322
24654136
24696717
24718249
24719867
24762527
24901905
24993771
25011572
25282153
25348690
25380382
25413747
25431533
25446753
25479344
25605233
25643333
25660626
25732842
25783536
25787126
25802113
25833502
25846852
25875123
25879943
25894837
25904721
25934179
25997412
26060934
26067991
26139383
26216426
26254132
26425477
26499840
26504446
26554892
26595187
26614001
26620806
26646093
26655056
26697606
26713062
26776184
26796406
26908346
26912207
26949161
26974971
27016635
27018101
27031127
27055841
27058547
27094396
27118125
27137133
27193180
27212742
27285361
27364652
27424059
27468233
27497113
27712163
27738676
27763982
27793080
27837028
27852892
27945358
27950101
28061844
28150348
28156886
28196895
28203841
28235417
28252070
28253858
28260678
28303452
28326040
28385430
28590147
28614089
28690603
28707460
28808045
28890888
28906061
28914210
28945966
28947617
28963417
28986130
29016145
29070234
29125315
29126174
29169312
29190618
29233216
29245175
29403652
29461849
29497484
29549542
29569596
29587455
29592582
29616478
29653122
29661138
29737436
29793787
29836378
29845273
29872737
29885865
29917459
29938480
29942186
29964458
30044659
30168156
30189858
30197237
30224490
30225188
30281979
30412681
30432514
30462501
30464000
30472120
30472712
30637032
30727811
30749445
30757638
30839638
30914757
30928421
31000779
31005913
31032123
31069006
31105193
31120890
31168787
31322540
31361271
31509839
31617633
31638750
31656992
31729309
31757849
31787455
31789629
31798882
31852167
31867373
31938812
32003444
32056537
32112095
32113922
32255255
32374333
32435578
32455871
32500389
32506658
32573201
32590708
32606704
32614061
32618829
32621579
32721611
32793539
32960217
33011011
33140874
33201020
33457554
33497286
33521297
33617447
33676159
33880147
33895026
33928749
33932451
34143070
34253500
34255025
34308384
34472813
34796910
34830828
34868056
34879181
34910335
34925876
35095091
35216148
35321716
35363535
35369648
35371567
35426112
35535847
35536964
35551238
35728213
35783455
35804202
35901688
35923523
35960444
36006017
36115046
36135905
36142281
36152563
36276250
36286159
36290172
36314227
36354476
36360991
36402487
36624055
36626075
36697443
36749292
36845363
36890957
36911677
37060797
37374806
37444968
37453803
37474096
37631558
37638985
37741724
37754072
37787716
37796138
37801358
37821808
37892085
37951640
38022873
38032229
38123920
38206154
38246836
38374141
38472113
38512070
38588036
38628522
38665037
38771548
38926949
38953302
38992222
38998772
39032152
39060041
39096449
39119421
39145023
39149657
39187375
39206726
39243660
39312298
39335382
39344009
39453358
39457843
39565541
39617088
39819265
39840221
39938221
39962721
40094697
40119296
40123026
40176575
40224758
40227764
40273980
40318970
40387453
40396005
40506469
40573355
40595235
40767940
40841952
40853754
40897490
40924474
40981142
41004835
41054632
41126341
41159281
41273027
41455543
41521776
41573592
41586105
41603155
41672413
41708692
41716136
41782573
41797375
41878189
41916931
41948949
42034481
42176199
42262960
42282303
42290973
42422000
42448860
42572498
42573898
42609500
42649552
42665041
42697735
42702670
42797884
42913713
42974377
42978553
43061351
43139668
43172989
43252863
43254352
43270658
43278686
43345279
43353965
43398749
43548174
43619843
43646291
43647925
43694378
43711934
43750727
43839506
43888488
43989161
44036907
44090467
44095504
44102558
44138860
44303704
44322890
44416423
44417923
44572090
44698187
44963558
44999864
45005347
45036509
45076740
45116477
45237319
45266188
45354382
45367910
45423421
45435473
45635255
45672454
45792259
45854169
45855118
46131632
46173703
46258941
46333853
46515556
46635154
46787211
46855003
46930569
47087675
47100189
47174372
47229738
47289600
47362980
47431296
47465654
47622263
47622523
47654838
47797412
47801187
47972473
47976675
48005958
48038106
48061054
48159034
48202847
48416554
48477600
48478083
48495138
48500252
48607379
48653294
48684562
48769427
48887954
48958692
48968677
48997476
49201406
49295144
49301627
49397599
49420647
49421969
49469040
49506329
49549534
50125214
50141736
50403655
50421934
50445907
50485561
50547905
50585373
50610549
50687386
50757708
50815394
50843052
50927523
51266476
51408889
51451521
51489467
51493137
51628047
51639764
51655667
51840830
52170264
52198242
52250596
52275411
52432906
52445291
52511933
52706545
52760170
52813769
52889575
52894329
52928126
53083293
53286545
53292609
53315342
53470403
53582474
53585806
53625222
53670815
53735107
53846730
53944486
53980391
54494426
54507892
54890860
54893062
54950968
54959623
55028720
55082773
55390294
55396427
55545362
55783034
55886259
55894774
56069078
56131966
56228865
56233113
56279459
56405225
56414720
56544140
56564313
56570705
56676070
56821652
56901665
56905637
56929420
57146336
57429637
57486037
57582044
57584926
57913800
57989503
58018125
58094533
58296149
58397964
58538029
58641369
58726180
58863231
58921720
59237382
59247220
59385607
59517441
59608690
59835106
59932838
60185044
60246849
60529666
60546192
60610430
60881297
60901514
60914079
60941570
60947239
61059296
61158258
61179132
61191428
61499011
61530354
61565854
61599311
61816870
61899420
61926852
62033833
62139731
62238876
62305008
62336210
62392900
62400671
62466207
62593423
62624781
62667354
62692143
62694423
62771052
62842349
62918610
62925081
62981701
63148460
63484303
63512965
63517589
63599318
63757842
63914968
63942249
63985446
64100980
64168450
64272713
64377420
64480295
64496245
64671974
64709603
64762578
65096444
65159188
65261578
65446375
65455942
65576455
66152701
66340145
66504406
66912531
67000627
67019187
67024142
67444434
67530189
67531224
67694225
67805650
67835661
67936539
67946539
68043794
68150890
68387277
68441024
68521960
68555913
68599350
68604700
68614859
68638694
68659183
68776501
69039959
69263790
69270078
69324019
69632668
69635945
69672628
69770286
69773138
69793408
69933323
69977559
70095364
70444948
70599134
70715948
70750650
70881368
71101582
71126752
71251904
71367305
71458972
71506333
71551926
71638426
71903192
71912413
72088848
72094743
72109730
72129296
72372451
72516020
72574714
72591303
72679837
72712265
72929221
72929431
72933374
72942601
73032850
73266903
73466728
73477619
73492795
73569684
73837372
73840198
74018379
74062911
74105468
74109378
74257000
74464464
74535060
74638033
74883001
75009139
75197508
75228795
75702601
76107848
76133544
76257817
76447025
76554770
76611642
76846546
76861461
76939526
76989549
77019023
77208338
77368804
77452035
77746732
77870193
77925061
77941870
78168350
78206932
78218175
78609774
78639793
78868652
78903927
79027181
79030207
79056006
79196069
79297436
79367245
79413050
79666186
79742987
79758708
79858589
79949071
80065172
80066853
80203090
80352352
80371445
80487659
80616261
80878640
80971903
81122250
81263794
81347087
81400842
81453460
81575805
81593560
81631387
81659177
81698085
81772251
81813141
81832435
82078641
82099692
82388777
82392969
82404135
82432521
82435294
82526613
82546584
82577065
82614434
82627219
82768100
83264675
83299736
83467608
83504820
83526921
83787243
83990355
84008009
84035970
84242040
84353435
84784711
84936087
84940592
85136053
85191838
85232774
85377400
85448879
85459111
85529341
85824632
85876832
85910532
85938649
86004875
86046881
86426704
86506938
86551356
86636874
86660727
86805846
86835204
87030559
87105143
87222331
87240251
87361768
87368601
87541110
87581182
87799773
87935036
88031421
88308926
88417387
88453251
88465090
88594270
88613345
88761854
88768990
88820331
89069983
89207714
89307235
89457951
89544160
89618501
89736168
89806788
89820364
89969441
90219938
90285279
90470301
90526892
90545528
90648369
90654876
90746653
90859368
90889336
91001846
91019711
91036631
91057247
91200998
91471801
91503196
91706514
91777227
92003411
92210891
92265011
92593780
92685230
92852298
92940846
92974893
92977270
93013720
93035674
93109835
93138080
93389172
93486830
93519262
93655510
93794026
94473661
94593026
94631357
94802086
95070427
95096388
95321335
95600811
95835480
95963175
95974295
96494248
96774177
97042623
97100423
97180752
97188506
97348689
97427406
97473597
97489217
97630430
97710536
97909741
98415416
98637683
98652670
98743435
99122997
99201253
99376249
99384243
99443960
99810356
99978690
100082464
100382557
100540907
100860293
100909552
100979355
101091648
101135732
101161068
101255280
101761969
101820841
101928719
101966416
102142728
102168407
102444562
102507274
102600810
102624503
102682135
102740930
102862639
103114512
103124694
103302692
103416716
103499663
103745389
103767498
103963808
103985019
104063681
104162905
104231861
104283696
104334134
104445583
104537562
104603614
104663989
104802415
104811411
104856935
104921163
105112979
105120431
105387848
105441804
105527311
105587662
105701279
105764071
105776461
105816984
105838225
105906476
105924948
105976698
106317974
106492053
107164694
107198746
107223417
107371046
107489238
107604882
107659128
107853239
107940087
108088491
108097714
108316942
108344253
108350949
108542850
108556942
108583798
108822037
108876247
109069888
109255150
109364281
109434920
109450479
109520104
109692569
109874628
110035948
110097576
110247050
110303233
110319723
110355333
110374907
110382793
110415223
110621072
110722744
110728853
110765888
110797008
110843529
110883154
110923227
110998537
111070554
111209175
111260402
111345079
111383099
111464214
111553693
111560969
111667533
111804794
111855322
111918342
111927230
111948275
111949866
111956794
111970899
112096812
112127026
112152902
112183736
112325430
112513902
112539767
112596953
112665605
112723506
112805755
113026896
113058069
113167896
113398783
113508704
113509435
113608342
113678778
113705743
113781819
113835158
113889563
114033664
114070047
114132903
114236442
114303868
114326934
114501399
114713692
114826212
115082712
115117784
115121881
115171997
115273357
115312966
115360231
115405604
115430810
115492228
115503196
115540963
115548858
115573000
115610722
115690879
115721535
115869987
116194711
116208262
116257471
116340195
116351071
116358047
116391134
116456659
116564120
116644605
116661069
116741745
116860026
116871069
117065516
117070933
117099105
117161508
117264264
117419781
117444821
117452283
117511615
117576615
117586079
117586876
117650613
117838756
117868810
117893810
117961525
118050078
118059186
118286441
118421019
118436155
118473307
118484217
118520726
118639871
118657599
118705126
118750737
118785724
118856253
118904045
118956269
119252437
119467879
119569231
119656474
119733885
119798224
119859760
119865461
119878798
119891076
120008413
120071893
120097157
120101917
120102728
120125909
120378044
120428271
120473469
120714280
120729000
120808120
121078709
121085537
121351529
121378968
121414514
121418520
121419868
121746391
121790454
121829528
121869134
121901485
121907694
122025251
122071024
122148490
122152271
122173091
122197518
122233675
122258260
122269426
122373779
122414126
122660370
122686221
122724468
122732740
122792821
122978034
123046260
123114716
123194509
123231543
123380710
123383596
123403220
123448697
123461677
123544288
123819887
123990693
124010666
124034163
124034917
124061361
124091112
124178206
124230642
124512308
124630399
124642388
124718068
124737569
124999383
125109937
125180987
125264778
125266188
125352850
125365569
125759805
125805380
125882816
125907509
125951152
125979265
126016068
126019978
126036174
126045824
126076889
126138581
126163708
126178362
126206676
126444453
126604048
126634161
126773303
126839125
126847566
126851980
126910897
127109616
127142040
127187095
127291153
127443891
127450237
127455455
127558744
127610284
127709512
127785629
127802589
127813222
127842341
127930712
128013938
128077238
128144365
128276959
128379117
128385956
128570664
128760797
128765713
128855070
128980597
129004925
129014545
129046399
129048459
129079545
129135381
129236782
129352043
129385819
129452984
129472584
129482222
129487477
129577842
129793688
129822501
129976898
130058918
130250161
130324413
130344080
130396829
130423310
130477461
130688305
130733357
130757102
130784990
130956744
131042522
131249612
131294444
131340844
131477164
131525266
131655547
131767755
131824098
131878521
131941405
132031413
132084534
132113337
132127942
132142105
132261048
132263468
132302778
132308876
132310792
132432610
132531692
132619804
132787199
132909167
133009551
133015242
133199868
133280344
133326470
133332134
133908301
134153618
134194377
134203798
134336230
134493323
134646211
134672344
134739604
134763702
134884779
134898577
134902518
134905793
134945187
134996965
135146054
135203316
135211118
135611065
135711999
135888403
135910567
135963767
135977192
136047198
136354490
136465178
136513951
136644356
136713882
136740309
136771211
136854841
136949702
136999830
137008341
137203677
137233079
137242700
137247015
137289148
137397320
137544295
137592186
137729629
138015388
138024726
138123255
138150889
138228477
138253386
138268100
138422263
138480509
138524017
138545618
138620923
138814750
138893524
138928779
138946940
139003107
139030720
139159691
139432068
139477780
139565078
139605762
139726591
139763031
139847263
139889445
139960440
139992804
140114021
140178233
140253280
140267871
140282591
140294366
140322808
140366119
140459352
140478662
140567226
140661020
140707245
140710311
140884541
140919833
141131525
141216602
141280332
141359075
141381613
141437535
141493089
141740447
141780158
141839636
141999222
141999478
142171936
142573675
142641065
142692824
142718557
142747112
142905591
143137383
143251261
143290534
143457057
143461140
143515934
143573114
143583078
143760035
144069856
144135012
144331152
144356774
144380924
144432113
144450445
144529792
144547046
144618898
144828285
144954563
145121502
145132926
145173080
145186991
145392111
145613148
145631661
145746737
145747054
145766600
145832680
145994938
146036029
146056387
146243125
146274845
146328412
146400840
146861866
146890139
147001454
147024899
147053985
147120926
147432609
147452649
147557057
147580611
147584651
147864601
148014833
148173338
148236431
148347534
148408382
148416109
148455397
148456245
148615460
148632653
148667656
148687933
148729715
148751880
148781968
148814343
148967921
149009937
149069305
149103215
149113807
149162509
149172030
149333845
149388102
149427462
149496485
149570667
149592998
149602642
149732869
149754964
149796297
150022674
150188558
150267078
150623503
150633892
150876354
150955184
151008740
151069265
151200729
151444965
151450516
151581842
151645868
151747537
151959051
151987323
152031444
152087057
152206228
152228755
152335591
152390994
152431025
152457411
152541240
152598863
152725525
152842529
152881013
152957125
152978351
153007943
153032564
153130406
153340846
153392504
153393592
153451278
153524348
153533134
153776873
153890257
154059121
154259251
154289814
154295232
154328755
154508874
154850374
154957260
155129534
155198561
155277656
155400722
155475688
155514003
155620133
155674932
155728204
155728253
155817014
155920856
155942737
155954608
156051042
156125625
156158417
156605290
156748297
156753334
156785067
156940896
157017844
157071879
157254067
157339402
157349386
157383699
157398382
157428444
157579060
157670045
157732050
157817353
157870759
157906386
157931503
157954138
158137524
158507033
158545623
158617520
158748559
158762727
158784502
158800426
158832498
158888514
159032577
159075201
159106242
159115666
159153685
159283776
159374003
159522531
159528387
159530411
159539598
159567507
159668766
159725168
159770307
159809767
159928886
159965672
160054375
160060592
160146836
160244823
160293070
160369186
161008523
161061876
161321494
161353201
161590391
161651550
161690737
161824437
161880139
162031931
162278311
162360592
162405745
162441295
162450508
162480079
162500604
162528294
162538789
162608977
162712853
162752629
162830383
162831023
162886256
162945586
162956572
163162384
163171593
163249167
163354000
163374796
163402424
163403011
163404648
163625809
163649428
163701646
163793296
163795066
163881394
164061732
164144080
164204314
164228167
164236572
164327876
164587696
164630513
164675368
164766487
164813448
164878454
165048448
165163334
165236676
165270604
165333019
165352976
165413619
165547549
165579500
165629253
165694960
165725239
165929826
165993926
166034400
166038886
166050890
166102099
166302950
166446347
166474433
166527586
166528880
166532784
166651399
166740589
166765315
166815988
166963690
167009784
167141678
167215586
167317437
167379148
167448435
167474515
167480989
167507712
167616494
167636378
167642465
167806390
168204274
168214492
168256082
168296820
168323733
168326353
168384161
168515282
168517875
168631818
168759158
168862637
168863121
168867291
168882637
169035042
169040515
169083536
169148266
169184089
169195780
169283613
169304758
169389992
169408912
169453332
169539177
169545498
169578353
169592289
169629680
169641455
169653390
169715954
169758858
169890521
169897982
170109524
170176569
170229923
170365602
170514903
170569268
170614014
170693954
170696228
170787090
170812222
170888490
170913470
170934024
170971446
171077545
171087987
171127043
171216491
171264372
171400558
171534628
171606194
171769651
171795761
171841227
171849173
171852637
171913591
172000332
172025599
172063038
172127712
172184653
172209569
172216158
172261983
172366634
172385398
172385527
172452584
172506142
172692971
172828239
172891469
172956960
172983192
173060397
173109951
173112249
173123052
173157708
173198279
173232714
173239816
173311097
173407436
173429877
173502199
173545730
173553645
173677043
173704354
173858954
173933370
173999774
174025957
174027642
174068922
174070841
174111976
174148515
174224529
174306058
174327665
174407750
174493505
174498579
174553663
174570177
174574110
174605300
174789869
174832878
174893259
174902831
174974993
175024686
175110741
175138442
175199076
175239410
175248908
175338205
175393194
175528163
175534035
175599956
175645936
175685993
175688253
175705650
175764787
175823344
175880421
175908932
175971292
176069039
176106196
176175722
176237002
176295662
176298513
176299554
176313126
176337206
176438880
176460711
176520951
176553571
176578736
176689692
176720005
176785109
176790324
177088628
177095149
177098376
177190072
177280359
177510486
177543543
177594318
177659461
177708930
177814806
177999704
178003982
178006654
178013255
178059658
178102915
178145930
178206924
178285658
178289335
178296439
178404235
178514789
178541095
178592893
178613190
178697616
178733699
178814403
178819855
178821944
178847824
178929697
178948792
179012885
179093117
179101074
179111385
179142207
179191283
179216283
179230012
179277567
179301532
179377351
179427497
179504098
179521240
179522844
179571176
179608183
179711811
179768380
179884234
180035474
180148941
180192235
180349852
180406024
180461891
180577957
180599139
180767272
180859587
180965187
181033884
181037503
181103169
181115787
181119469
181243279
181280674
181297454
181506393
181529037
181540913
181544931
181571983
181590912
181693236
181711958
181748365
181765868
181849639
181904738
181922157
182016831
182083415
182260888
182344138
182353773
182432456
182469249
182488135
182505089
182599948
182613590
182664231
182674833
182716333
182756527
182769952
182937521
182990925
183112392
183194810
183204036
183300086
183330990
183374569
183479273
183658478
183678566
183724455
183811858
183838470
183843263
183878298
183886070
183894825
183926800
184217201
184258243
184264685
184278944
184289689
184332399
184456866
184469083
184570757
184662619
184706690
184792983
184821740
184901845
185072231
185277753
185414203
185464432
185586790
185631914
185632819
185721167
185785589
185787628
185833513
185852825
185872270
185981020
186020077
186110170
186127787
186146948
186206166
186356070
186427321
186439635
186500354
186511375
186528354
186566420
186570428
186573728
186732047
186758022
186861630
186920788
186927037
187027104
187029980
187132665
187223013
187229722
187234842
187365109
187378338
187380884
187395890
187426686
187457203
187506283
187533084
187639402
187658325
187690385
187823275
187824189
187831587
187926278
187991706
188074650
188134782
188261579
188276722
188335589
188372929
188417593
188486839
188496721
188580883
188602120
188674755
188801943
188807055
188832848
188884881
188982483
189051475
189098870
189167233
189257410
189269909
189374268
189450873
189463617
189584001
189657808
189665831
189678021
189694004
189722716
189749951
189848613
189857667
189938154
189956503
190152058
190273151
190417082
190507953
190572977
190580037
190637596
190752487
190753897
190855320
190882300
190911897
190913865
190944177
190979492
191013151
191048614
191070356
191111453
191135320
191200628
191217539
191265678
191268334
191290916
191325764
191332492
191339301
191398359
191511327
191582857
191660100
191851298
191852164
191877218
191881635
191974836
192073502
192084163
192084716
192192258
192201534
192204364
192272969
192305887
192440019
192577250
192600288
192601557
192635976
192653089
192693408
192890688
192909143
192963053
192979936
193022252
193092990
193156887
193173356
193207012
193394913
193488362
193687977
193696577
193785957
194046104
194079485
194125567
194190188
194211645
194261863
194309119
194337494
194386212
194392068
194507466
194553733
194589785
194608249
194638042
194652247
194775266
194938298
194988323
195104520
195405066
195489373
195555871
195656314
195688989
195911544
196007897
196028996
196060263
196371449
196698855
196718986
196783364
196811400
196929791
196948826
196975555
197042646
197067872
197108453
197155776
197249058
197266181
197277892
197481495
197660963
197830402
197902174
197942121
198063266
198084037
198231190
198277593
198419100
198499744
198515491
198527671
198778790
198877305
198949920
198951746
198964247
199422464
199435750
199512440
199538487
199562728
199568633
199605510
199753464
200008130
200155753
200157736
200181152
200184407
200228923
200434263
200485052
200591142
200629577
200686916
200728322
200736777
200763433
200763877
200872666
200899236
200911257
200920646
201147752
201229350
201270116
201296869
201387047
201461117
201476153
201577856
202107073
202341445
202415528
202424381
202557496
202628158
202662821
202680423
202742299
202855679
202912261
202919208
202931448
202981022
203155131
203272199
203529470
203598886
203940251
203975197
204184474
204245145
204250938
204283808
204306820
204380548
204389759
204451993
204563165
204704857
204843039
204885562
204923097
205018809
205209635
205411801
205436473
205623231
205634970
205842106
205949379
206376864
206582011
206610242
206856090
206962460
207026278
207058754
207163813
207221051
207306491
207461530
207566269
207577466
207640034
207644227
207701690
207748670
207830208
207848411
208134533
208306655
208366116
208432355
208475650
208693567
208840253
209065787
209163487
209221125
209497055
209512609
209663615
209900864
209923875
209937501
210053596
210211009
210514428
210593536
210605469
210855137
210934818
210936735
211160164
211466237
212332828
212336191
212825536
212829123
212857693
212893633
212960835
213029757
213272895
213368546
213790435
213946528
214304926
214359136
214729153
214819551
214970176
215683199
215750112
