3776428
3846994
4177456
4412305
4595117
5210669
5309098
5457389
5578076
5600243
5734979
5745849
6125075
6276610
6373284
6497962
7033180
7120604
7137008
7689925
8077408
8410579
9041655
10048734
11309564
11462283
11669199
11696237
11804463
11825897
11904458
11910091
11945798
11951216
11963444
11969444
12028522
12052837
12135944
12272620
12340919
12362155
12416527
12478131
12506524
12568258
12572704
12574334
12578570
12619860
12630591
12638092
12643734
12706722
12726655
12768529
12786500
12786915
12865998
12917445
12952932
13120485
13258584
13269825
13275801
13319707
13614629
13760609
14181988
14226594
15019119
15046476
15186524
15716343
15794534
15956668
16128672
16160457
16307614
16315550
16807872
17051618
17085215
17161173
17312627
17339545
17382453
17597749
17870405
17944531
18078183
18607557
18748482
19116415
19262179
19533721
19846520
20121035
20129672
20535092
21212320
22176807
22178174
22650324
22682128
23680542
23828194
24065474
24090430
24372246
24494887
24545200
24784697
25011572
25046607
25134496
25824207
25859639
26380209
26640585
26668473
26776184
26887772
27220959
27405145
27848197
28225809
28416175
28556779
28608090
28620967
28856461
28960758
29134897
29579429
29848293
30522300
30609176
30871744
30912214
31513735
31651177
31995506
32057479
32186292
32374333
32457336
32463074
32644887
32834404
32890254
33307529
34027236
34163393
34582686
35435748
35923523
36033698
36454775
36839976
37242620
37399431
37413978
37564917
37607048
38271099
38706716
39057241
39135802
39284912
39440686
39461039
39950442
39976070
40123026
40395489
40411417
40897490
40977494
40985024
41197034
41866051
42275437
42356616
42548568
42957557
43468062
43508766
43587208
43618690
44163158
45474401
45708487
45802588
46591245
46657575
46814954
46932121
47957847
48596201
48774113
48948834
49069422
49081496
49342408
49521144
50030955
50222209
50443078
50740163
50978700
51002510
51302863
51404287
51406583
51473216
51488381
51858226
52582912
54753990
55335646
55921485
56248206
56536713
56560228
56819526
57148765
57235253
57245024
57465374
57659328
57862593
57865979
58488662
59671730
59959886
60508609
60537465
61790687
62114225
63508931
63517589
64340455
64767830
64824799
64859365
65123208
65478173
66262433
66998933
67186255
67591376
67996924
69280420
69793408
69995758
70063216
70604725
71388462
71570746
71765637
72287867
72390446
72501111
73104584
73440532
73963372
74754123
75709705
75868559
75906498
75913447
76554840
77278216
77321748
77789302
77853489
78212472
78473620
78710486
78849939
79044351
79353548
79576021
79582225
79744021
79948212
80518401
80548155
80822125
80911310
81317231
81336652
81400842
81497416
81577462
81606063
82448342
82591036
83007037
83043928
83059944
83131419
83159693
83302536
83848312
83926343
84089349
84362055
84715367
84793771
85422382
86121099
86437952
86468534
86493398
86519707
86557992
86815878
87222331
87235868
87349037
87775663
88069434
88212743
88265052
88413599
88539068
88742681
89029365
89083945
89100614
89457951
89620254
89726211
90108735
90326783
90470301
90683168
90889336
91028923
91717730
92253923
92372192
92395101
92414308
92897770
93609514
93614758
93808909
94767798
94856439
97567319
97733126
99128703
100147630
100337156
100509210
100979355
101115140
101595727
101897396
102569347
103108003
103300946
103675819
103767498
104145783
104803449
106615695
107374294
108115849
109144200
109255150
109578785
109588432
109745612
109832400
110316135
110346387
111940104
111947500
112064670
112596953
112633304
112758995
113034896
113607114
113678778
113945500
114743606
114986699
115102684
115111330
115690879
115718219
116315084
116663314
117184317
117516334
118044364
119878798
119916240
121145317
121400807
121936439
121983176
122015099
122533608
123425909
124454236
124471668
125264778
125336333
125555429
125836944
126138581
126555361
126566611
126604048
126773303
126878821
126910897
126979668
126996161
127155805
127408526
128186948
128276176
128765713
129352043
130029039
130089857
130197589
130524784
130733357
131249612
131525266
131541458
131655547
132031413
132266387
132308876
132732462
133015242
133642963
133693589
133864718
133880526
134289045
134314381
134538130
134882703
135081201
135168073
135370228
135428676
135517968
135541133
135625178
135801397
136001683
136054646
136185426
136320150
136427333
136465178
136799720
137397320
137544295
137644915
137710252
137820048
138024726
138212217
138253386
138960511
139248680
139348588
139773769
139851753
140174088
140219512
140366119
140611780
140639944
140822921
140969769
141156712
142640315
142718557
143118205
143137383
143251261
143533577
143570099
143615435
143794241
144157770
144310607
144331152
144356774
144380924
144547046
144585419
144845774
144974064
145471078
145746737
145884151
145994938
146720904
146891945
147024899
147053985
147120926
147709166
147728214
147864601
147910935
148210036
148312946
148402868
148455397
148967921
149113807
149427462
149549286
149660511
149664276
150022674
150061604
150377926
150766782
150955184
151179850
151581842
151722065
151745857
151757150
151782995
151971249
151987323
152156212
152176339
152355179
152692799
152697427
152700927
152725525
152842529
153246321
153340846
153724042
153776160
153890257
154062204
154259251
154328755
154353015
154408150
154417644
154508874
154932767
154957260
155361244
155430665
155514003
155556949
155728253
155954608
156125625
156305557
156413900
156897916
157017844
157383699
157398382
157428444
157502543
157710285
157732050
157817353
157927212
157974313
158049048
158201047
158221351
158298942
158507033
158547878
158574187
158736171
158762727
158778147
158896816
158954158
158990131
159077142
159106242
159374003
159528387
159549666
159563681
159725168
160133045
160146836
160206007
160353061
160381875
161008523
161054685
161130453
161353201
161402337
161824437
162136900
162168557
162189813
162405745
162441295
162442456
162627976
162752629
162816112
163374796
163592434
163824334
163969016
164056112
164228167
164418411
164435295
164528599
164586417
164813448
165163334
165274994
165413619
165526201
165579500
165683431
165694960
165857320
166038886
166077891
166102099
166200414
166302950
166625257
166727301
166792867
166908601
166952932
166963690
167062945
167063673
167141678
167186030
167199654
167448435
167651009
167778432
167845834
167903505
167938321
167987026
168069355
168214492
168263838
168349294
168403700
168534307
168691725
168816551
168867291
168894095
169040515
169380985
169389992
169576209
169581353
169715954
169980736
170085409
170229923
170248223
170250672
170284630
170312623
170365602
170569268
170577124
170667568
170676785
170812222
170888490
170971446
171077545
171216491
171401104
171430642
171548852
171606194
171703403
171715956
171769651
171852637
171945931
172038863
172063038
172184653
172234894
172366634
172726898
172733727
172891469
173109951
173123052
173157708
173266140
173545730
173677043
173783630
173858954
173866924
173999774
174025957
174027642
174111976
174224529
174241833
174304501
174311297
174490217
174544554
174701958
174832878
174869964
174902831
175110741
175113384
175138442
175161488
175314725
175528163
175603861
175635641
175645936
175899550
175960523
176069039
176175722
176295662
176313126
176428192
176438880
176689692
176694016
176720005
176842396
176845948
176859635
177057376
177190072
177291722
177524074
177543543
177636103
177771687
177790938
177969693
177999704
178003982
178059658
178102915
178129988
178189578
178206924
178257553
178289335
178399270
178514789
178531030
178541095
178625470
178733699
178929697
178940224
179012414
179134504
179212143
179294423
179301532
179308601
179427497
179521240
179567806
179711811
179824215
180033840
180228639
180397952
180456676
180599139
180767272
180793097
181033884
181243279
181280674
181297454
181302710
181520537
181590912
181693236
181711958
181768781
182020655
182344138
182377561
182432456
182469249
182664231
182732438
182744003
182778196
182799109
182937521
183194810
183468127
183555319
183560520
183811858
183997204
184332399
184378283
184570757
184706690
185214273
185277753
185342298
185414203
185623965
185774836
185872270
185997444
186016025
186020077
186045104
186261293
186374523
186379771
186431591
186528354
186573728
186727611
186732047
186754556
187395890
187447824
187457203
187506283
187616313
187811617
187823275
187905736
187991706
188161762
188276722
188580883
188602120
188786733
188839368
188982483
189033580
189051475
189257410
189263873
189313346
189315741
189515972
189596728
189830551
189848613
189857667
189918713
189938154
190138812
190332020
190344470
190359658
190417082
190868547
190979492
191048614
191070356
191111453
191131489
191192095
191200628
191217539
191332492
191660100
191677963
191929768
191960725
192039158
192041922
192084163
192201534
192477351
192577250
192600288
192663749
192890688
192979936
193045917
193394913
193399781
193602632
193785957
193811866
193852634
193993609
194079485
194125567
194174888
194261863
194309119
194386212
194429542
194507466
194553733
194690239
194702373
194914875
195505878
196007897
196310592
196811400
196948826
196975555
197155776
197207145
197542270
197602335
197830402
198065790
198253244
198419100
198515491
199076293
199165988
199584291
199984088
200030013
200157736
200686916
200911257
201215591
201298873
201615261
202107073
202341445
202628158
203554499
203598886
204305510
205753541
206582011
206610242
207058754
207120161
207399773
207748670
207867553
208593859
209027488
209663615
209923875
209937501
210211009
210948064
