3234284
3425972
4060273
4177456
4510801
4669001
4969036
5457389
5600243
6024442
6125075
6260408
6505341
6739666
7083044
7160511
7212581
7245721
7369279
7897414
8960765
11462283
11540877
11669199
11696237
11965166
12126875
12135944
12229496
12233586
12245271
12250209
12270018
12340919
12393548
12416527
12432460
12578570
12630591
12768529
12836067
12894821
13130047
13319707
13562020
13727100
13756317
14143600
14181988
15074549
15186524
15223391
15324585
15418398
15644921
15794534
16632781
16708049
16758226
16920618
16951606
18775988
18797661
19116415
19883030
19933768
19973755
20599424
20716633
22178174
22407989
22671534
22687905
22757592
23024953
23145314
23987997
24699514
25267837
25824207
25952907
26209061
26640585
26921057
26968433
27220959
28505013
28538231
29798643
29917688
30236772
30700521
30859094
30871744
31224425
31287678
31651620
31756165
31895506
32844161
34409835
35006316
35240186
35241451
35712608
35783455
36052076
36360991
36368256
36939032
37032035
37582102
38004456
38175889
38582239
38981722
39284912
39310452
39976070
40123026
40224758
41092623
41161782
41219710
41304808
41866051
41959318
42312475
42356616
42862158
43409451
44230987
44445379
44591682
45281601
45802588
46048066
46181731
46737130
46914982
47342299
47622523
48052802
48213245
48948834
49020576
49142680
49526649
50206457
50972752
51404287
51488381
51513101
52348043
57088414
57245024
58006881
58167882
58504396
59009804
59178981
60314778
60547745
61855248
61899420
62667354
63508931
63629529
64268312
64664128
65441650
65480432
65546835
65711691
66998933
67186255
67688775
67844073
68677347
69161063
69816853
70199441
70914049
71181992
73019972
74489315
75462377
75896138
77124575
77278216
77869904
79257809
79576021
79826479
79948212
80283883
80504811
80795147
80822125
80911310
81013802
81981204
82099993
82600649
82675191
82679177
83059944
83131419
83159693
83310536
83311887
84089349
84246297
84270358
84450407
84471742
84715367
84839687
84923272
84979448
85429608
85590345
85924571
86261552
86378053
86519707
86651194
87183656
87246791
87454148
87775663
87814348
88103421
88254696
88413599
88725247
88742979
88765277
89309160
89779130
89782398
89834463
90214151
91103072
92253923
92897770
94772728
95690729
95995839
96429699
96812728
98341746
99128703
99239132
100147630
100337156
100616523
100891152
100979355
101152155
101897396
103300946
103554067
105866535
106561519
106866641
107659128
108191452
108562309
108611943
109255150
109679715
109745612
111039964
111667533
112053324
112325430
112596953
112715050
113047015
113600404
113678778
113732743
113762290
114697894
114771732
114949206
115111330
115220588
115690879
115721535
115931240
116460815
116583647
117065516
117184317
117467517
117893810
118484217
118920200
118929795
118956269
119162818
119720873
120729000
120793870
121901485
122015099
122176715
122179715
122373779
123231543
123972070
123998053
124230642
125264778
125432968
125761702
125985625
126163708
126383025
126523687
126565861
126773303
126910897
127116456
127141041
127557256
127796911
128186948
128478295
129014545
129175461
129330001
129660143
129976898
130004243
130199883
130250161
130784990
131310479
131470168
131925224
132022484
132266387
132432610
132513014
132764210
132918946
133195381
133637138
133642963
133803748
133805452
134243769
134289045
134672344
135385534
135517968
135541133
135625178
135711999
135801397
135972052
137397320
137729629
138024726
138422263
138627606
138814750
139003107
139773769
140223943
140366119
140567226
141131525
141156712
141291511
141335611
141493089
141723669
142261814
142412554
142610594
142687763
143831167
144187033
144356774
144547046
145049788
145186567
145408802
145471078
145741543
145987373
147268376
147465202
147584651
147796962
148408382
149113807
149720132
150061604
150229671
151689044
152700927
152842529
153007943
153130406
154829246
155261105
155334257
155371202
155828621
155920856
156605290
157383699
158221351
159075201
159563681
160087157
160250277
160349154
162816112
163249167
163374796
163729125
163752311
163784412
164307363
164528599
165312587
165526201
166727301
166952932
167121988
167676680
167736468
168816551
170082056
170229923
170365602
171548852
172851944
172888896
173109951
173266140
173708945
173907929
174426393
174610195
175110741
175138442
175688253
175741601
177543543
178013255
180115619
182224372
186016025
186229182
187332737
187696257
189269909
191415201
192600288
194029857
194782563
195541473
197207145
198407112
200674306
201123906
202337221
204662080
204894143
