3010607
3192365
3261235
3265125
3271145
3272081
3393362
3480100
3544179
3550307
3569079
3585904
3594251
3704441
3804210
3821390
3829039
3831851
3836666
3948571
4009433
4011593
4060273
4076431
4084603
4116174
4119100
4167718
4172764
4177456
4259457
4270771
4272882
4281447
4284140
4289133
4310857
4402566
4406099
4447193
4491351
4501122
4529613
4572341
4580550
4598861
4627270
4640241
4651397
4667281
4698155
4729551
4742481
4754465
4766270
4774017
4783896
4790024
4822893
4832937
4854975
4864169
4870744
4902325
4914413
4925749
4942390
4969036
5002403
5125882
5128494
5141010
5158569
5168669
5175642
5178038
5185004
5223124
5238387
5247855
5313106
5385564
5387857
5400126
5405484
5406783
5414707
5437259
5440650
5488994
5581937
5582285
5600243
5601470
5605791
5606316
5621080
5684822
5691181
5697311
5713580
5726601
5727846
5735279
5779196
5780340
5888298
5889617
5901469
5911521
5922404
5936486
5958572
5966703
6004450
6009805
6013696
6023018
6062110
6068296
6075622
6076194
6090773
6100786
6112406
6126110
6161696
6170362
6174541
6201801
6201853
6203425
6206112
6225813
6236172
6237302
6253679
6254807
6301617
6301739
6325337
6331094
6333162
6338240
6353311
6354403
6354825
6385791
6387038
6393744
6394171
6407368
6410901
6415733
6427583
6443348
6445604
6474025
6514106
6551499
6569552
6584886
6594000
6618121
6652517
6653929
6716328
6721952
6746364
6758123
6777157
6806652
6808389
6853481
6882167
6886906
6886999
6893781
6907258
6942412
6977840
6981692
7014275
7041858
7047769
7050664
7073509
7116697
7125202
7137008
7142374
7160511
7215015
7218060
7219523
7252228
7260860
7277918
7283215
7291601
7298374
7320506
7356742
7405150
7422162
7479240
7483508
7493891
7497421
7501479
7532266
7550700
7584588
7703669
7719113
7726470
7744671
7755519
7768832
7793824
7830759
7834103
7840541
7867389
7906071
7910691
7923970
7987287
7994406
8037218
8044059
8055606
8058534
8081150
8081277
8124519
8130873
8147363
8150813
8195145
8220279
8242652
8258051
8272222
8294534
8298853
8334663
8356388
8412858
8429629
8492639
8544677
8574120
8610841
8619034
8656090
8708957
8735676
8815973
8822713
8835323
8890079
8926812
8954947
8985566
9087647
9108164
9232991
9345529
9480095
9652059
10007647
10080685
10148140
10173268
10184340
10404426
10431575
10795705
11015738
11036589
11162058
11168372
11212768
11216604
11257391
11266241
11280620
11333074
11336304
11400404
11421729
11434157
11440371
11471248
11508367
11510101
11524299
11550600
11562608
11570862
11572015
11596653
11635694
11659373
11659696
11664727
11681642
11697167
11707918
11711656
11748882
11778052
11796115
11805827
11816330
11819061
11820021
11858809
11867788
11910851
11913017
11916055
11921298
11935440
11943225
11947284
11953007
11955132
11965166
11965184
11978637
11997472
11998986
11999253
12032466
12036342
12042985
12050768
12078071
12091495
12101382
12108675
12118255
12126152
12128613
12134217
12139697
12140682
12140778
12146009
12150613
12162913
12187964
12195768
12196461
12196554
12221208
12223366
12227034
12230862
12233586
12256711
12305162
12309095
12316542
12348754
12352010
12356040
12370264
12378288
12380295
12401570
12410061
12413383
12415880
12416095
12416527
12419978
12432460
12439036
12469171
12476423
12476783
12478086
12483611
12485268
12492069
12494945
12524187
12542396
12560142
12560494
12578570
12589744
12593730
12594683
12598145
12598550
12602965
12606646
12615223
12621891
12625052
12638092
12641950
12678270
12678909
12680336
12685672
12685701
12712544
12723509
12728870
12738416
12739381
12748747
12759433
12762265
12763808
12771541
12776891
12784435
12785114
12786133
12786472
12793038
12794058
12797833
12809424
12819872
12830814
12836783
12842100
12860899
12867465
12874937
12895241
12899964
12916315
12917445
12920288
12922754
12956062
12958082
12960697
12989885
12990560
13020780
13034532
13043337
13047075
13050806
13058172
13067974
13072737
13075137
13075435
13104477
13127555
13136679
13143036
13156420
13167393
13178209
13253397
13286659
13312862
13315870
13340382
13341527
13346714
13361349
13361371
13396859
13414275
13420097
13442042
13490918
13570078
13663528
13721501
13727100
13763206
13768386
13780000
13830303
13854845
13869599
13899362
14006853
14015521
14019729
14146068
14190706
14222668
14226397
14226493
14253747
14354666
14382998
14410773
14447861
14524693
14651209
14664088
14686734
14689384
14727954
14776399
14788753
14845714
14870553
14872942
14925454
14925971
14942182
14967213
14976590
15048390
15089358
15120237
15125134
15125296
15147460
15158769
15167379
15181151
15182886
15187988
15188435
15193170
15196142
15228404
15244939
15246109
15261549
15266947
15294845
15306513
15339795
15354968
15378955
15382549
15396727
15423552
15432721
15437191
15447265
15461550
15485131
15488279
15511407
15516777
15523168
15527411
15543955
15564243
15565575
15567833
15596245
15605100
15619096
15619160
15657608
15663240
15674134
15683347
15703033
15707184
15736018
15745574
15754906
15787961
15793109
15803079
15820520
15824751
15826570
15844805
15872763
15874583
15880108
15915695
15944421
15962036
15970968
15989707
15994692
16036451
16044235
16062088
16065810
16069256
16094902
16106046
16107886
16112347
16134812
16138093
16150208
16167699
16175439
16178049
16197386
16208928
16217213
16238249
16256685
16260204
16264393
16268993
16273503
16275637
16319935
16341154
16341368
16345700
16402984
16417714
16430480
16438991
16458342
16467880
16469434
16472750
16483552
16502832
16517413
16518275
16545247
16559014
16562516
16570265
16570347
16572866
16573511
16580857
16599185
16599814
16608218
16613337
16613548
16615685
16622249
16633187
16636784
16646386
16655473
16674737
16681482
16683405
16699809
16709585
16719390
16723150
16759551
16773567
16775395
16798455
16799448
16814015
16824150
16834141
16843370
16851808
16854817
16874487
16912033
16920618
16951587
16951606
16960964
16989173
16995834
17017108
17047842
17064291
17068191
17068575
17129437
17134592
17139712
17160544
17167863
17170562
17183403
17187182
17187255
17201528
17231046
17241180
17244619
17273441
17275170
17279304
17279460
17279517
17285361
17286103
17295163
17314479
17348579
17377322
17453414
17455130
17455242
17458355
17465395
17473370
17501101
17502110
17532661
17533546
17573944
17575559
17579265
17605121
17621340
17633620
17644748
17648391
17652603
17662968
17681161
17721377
17738731
17743443
17756278
17760213
17770242
17776237
17786531
17837860
17839814
17849136
17861772
17878456
17889018
17895710
17929139
17949769
17956034
17965945
17975272
17984439
17989524
17990167
17994498
17999168
18035580
18041181
18075254
18076658
18105755
18114078
18128353
18148575
18152420
18167129
18168415
18185918
18187172
18211180
18227720
18250734
18265660
18271015
18286124
18287459
18295906
18303811
18331376
18334310
18335822
18336906
18351906
18363425
18370554
18394478
18412479
18429899
18455906
18469183
18477752
18478035
18479435
18480265
18488210
18496696
18497857
18516031
18526807
18529380
18545404
18556090
18562328
18573547
18587768
18600784
18606118
18607493
18618145
18670702
18711566
18712215
18733373
18738965
18757139
18759579
18780153
18784866
18818726
18834296
18859690
18871509
18872480
18881901
18888278
18891161
18951215
18951244
18965377
18977556
18991697
19012600
19033953
19042076
19047110
19061659
19068263
19078235
19082578
19130092
19131275
19168670
19168724
19203211
19208716
19246986
19252470
19268051
19286141
19319504
19330197
19335174
19424848
19428473
19433313
19459966
19495596
19540602
19549411
19577387
19612380
19634254
19671131
19685270
19733394
19748347
19748899
19755316
19755614
19785488
19820027
19828981
19843031
19846520
19876338
19890821
19949264
19960289
19974296
19993424
20043512
20059341
20072799
20083113
20088186
20152066
20153920
20165832
20175799
20221955
20247566
20254722
20264994
20299783
20329524
20341765
20345758
20381078
20388979
20405982
20415014
20426361
20462801
20478093
20478106
20499352
20514223
20518796
20529343
20540917
20555358
20573359
20583778
20588951
20591894
20611844
20629474
20651443
20667569
20669859
20710533
20719318
20772634
20775473
20780384
20796431
20852161
20878079
20993059
20993153
20997274
21009246
21071432
21080634
21120871
21127843
21149204
21185953
21215141
21226144
21262269
21272131
21298187
21302567
21344869
21373049
21405823
21407850
21433639
21442165
21486223
21493941
21517669
21523492
21535334
21540285
21541040
21564386
21586129
21595059
21602574
21635992
21644491
21672744
21717744
21755623
21758628
21792787
21814896
21832003
21844479
21847483
21859891
21889398
21919739
21944099
21971034
21988184
21999788
22001517
22025987
22082621
22115755
22123844
22138764
22140084
22175121
22184971
22208518
22210600
22245946
22253393
22255262
22263398
22267836
22270412
22311060
22312645
22343659
22384394
22388665
22392221
22417101
22441526
22462027
22470056
22493950
22515734
22522052
22539728
22550771
22614239
22644695
22673801
22703767
22718992
22721395
22724502
22761796
22764343
22793422
22875517
22924100
22930095
22979438
22983541
22983818
22992309
23008884
23030909
23062166
23063854
23069042
23077276
23088114
23109697
23193567
23225775
23250172
23253865
23269177
23283902
23336909
23359981
23369354
23376342
23386040
23412617
23442670
23463026
23468852
23516122
23518585
23520556
23528017
23537510
23611066
23611294
23624938
23628968
23691051
23721253
23795121
23831481
23843278
23851350
23855110
23857084
23878342
23879190
23899240
23906830
23921743
23936635
23944328
23957604
23975195
23976624
24018597
24029139
24065206
24103898
24133776
24180924
24207553
24215511
24229720
24240136
24240291
24311743
24313314
24341555
24397324
24406184
24417808
24453055
24462351
24466502
24468728
24474644
24490499
24496305
24512856
24518617
24580853
24588542
24591840
24604856
24648629
24652355
24666172
24713878
24719986
24722545
24753564
24758851
24760249
24764613
24766191
24774713
24776551
24778886
24782390
24808291
24825917
24829921
24836406
24849639
24905002
24918813
24928487
24943511
24975487
24978420
25039666
25064822
25083702
25116356
25135774
25140087
25141513
25166733
25176233
25183337
25185783
25194506
25217150
25256393
25263724
25285227
25313459
25316254
25344611
25351241
25424216
25427703
25431446
25451322
25455704
25461505
25495812
25515119
25523480
25524408
25562709
25563381
25563644
25572784
25591338
25597738
25600815
25607939
25631562
25643333
25644344
25654799
25663265
25664041
25674373
25695080
25698403
25704011
25713599
25715952
25716548
25722971
25737937
25741746
25745651
25756898
25777301
25785997
25790446
25809436
25814726
25829945
25836016
25836267
25847539
25848072
25860098
25899208
25928985
25934452
25958502
25973109
25988542
25998376
26007744
26016930
26042429
26045926
26049536
26070539
26093228
26105228
26112016
26129439
26131953
26161230
26167379
26182893
26190381
26199465
26206426
26213754
26229495
26243150
26243689
26247968
26302161
26305748
26307473
26320217
26330502
26385928
26391656
26395082
26433819
26445770
26467948
26474599
26483305
26497264
26498329
26507376
26519417
26523481
26543539
26550776
26563021
26573069
26596845
26621672
26625756
26645304
26672312
26704175
26716101
26749097
26762269
26763834
26776184
26778463
26794748
26829103
26837564
26841655
26844832
26845604
26873118
26873501
26873823
26880711
26886475
26890976
26904817
26911689
26921057
26944658
26945163
26952537
26972696
26982126
26998501
26998979
27020576
27022048
27024955
27025908
27026839
27031127
27054377
27068947
27071234
27072272
27102185
27132718
27169568
27171977
27173982
27183353
27257824
27280945
27294222
27342347
27359336
27386024
27424753
27471871
27524157
27578459
27594187
27595980
27601938
27606168
27607786
27623155
27638158
27644001
27654325
27663552
27690129
27699860
27700411
27703043
27752770
27766887
27853135
27911759
27918710
27941800
27945020
27962421
27978488
28000223
28002339
28009547
28053319
28063472
28064081
28073180
28076625
28085585
28091602
28104980
28108133
28122844
28141604
28158765
28164793
28194915
28205196
28267438
28285529
28294515
28336830
28359482
28376953
28393101
28400424
28402587
28406541
28452033
28467206
28468205
28558114
28566679
28571057
28586664
28621504
28634489
28636208
28653390
28728336
28736784
28752546
28763066
28767370
28806680
28809823
28864138
28864619
28896295
28900917
28903924
28904012
28925914
28935147
28943275
28948257
28987595
28995683
29060172
29061494
29064847
29080207
29091515
29110358
29120335
29120812
29141654
29143160
29158938
29162015
29168089
29172064
29172150
29172871
29178602
29190652
29213762
29214977
29223670
29227028
29228569
29237142
29238680
29247146
29248798
29260917
29261468
29267847
29270109
29271145
29284787
29285961
29296928
29298442
29300412
29317282
29344418
29372901
29398987
29400166
29406087
29455633
29460194
29468564
29471148
29474982
29508379
29514175
29515057
29516508
29550867
29572752
29593245
29626810
29673669
29675253
29692818
29719241
29732310
29741613
29763332
29769402
29770333
29772177
29775795
29790797
29801777
29830121
29843856
29860940
29878622
29879613
29892895
29927316
29934556
29935898
29947519
29949185
29961977
29967269
29977026
29978627
29987872
30031551
30052511
30075276
30113083
30149974
30155496
30218107
30220739
30264699
30273877
30286893
30305485
30320934
30322639
30344041
30349588
30382091
30385567
30404983
30411761
30420083
30425795
30428824
30432227
30440140
30470727
30486397
30501017
30512609
30516156
30522300
30533849
30546698
30556654
30644963
30656347
30656911
30707957
30711006
30723618
30727140
30758848
30787639
30789301
30794460
30813830
30823573
30837007
30837254
30844693
30846482
30870963
30885838
30888463
30889647
30924016
30949548
30953330
30964289
30987662
30990106
30991602
30997946
30999177
31001319
31012634
31020472
31047965
31048197
31059807
31064900
31083649
31087831
31093025
31096371
31118054
31126485
31158463
31168750
31169594
31175713
31204749
31255457
31279610
31292645
31297209
31308448
31341977
31344000
31360686
31380965
31381672
31396221
31411000
31423429
31433181
31458501
31459048
31466750
31482286
31483284
31502350
31521442
31524379
31533182
31534381
31568180
31600378
31608081
31617444
31633112
31662825
31670328
31688808
31701913
31704115
31727624
31757852
31759623
31766479
31810011
31811872
31815101
31815793
31831559
31836971
31841416
31867477
31876259
31898753
31911579
31922357
31943345
31973272
32000771
32029355
32076917
32081085
32099115
32154943
32163357
32164918
32188237
32212194
32231125
32270854
32279867
32304253
32323966
32342298
32352376
32413470
32414762
32424090
32452754
32457336
32470423
32481846
32541100
32571280
32613545
32618829
32622732
32644869
32660993
32686498
32693062
32721611
32736859
32743060
32774943
32775204
32785918
32806582
32812041
32814971
32873740
32945237
32950264
32956482
32977193
32985352
32986976
33015718
33017473
33034138
33048607
33081595
33084069
33104817
33123204
33162223
33193858
33215178
33234055
33245124
33269828
33291095
33309892
33343554
33345592
33355260
33359452
33360279
33377759
33404273
33404704
33418371
33433475
33448926
33452952
33453309
33459105
33522072
33533455
33627767
33634941
33646215
33664391
33680444
33728007
33729063
33744973
33759143
33764957
33767489
33774983
33788159
33804333
33808480
33808772
33817714
33818111
33838616
33903072
33918845
33927392
33931965
33984418
33989734
33996974
34024880
34033686
34040991
34050531
34064225
34068699
34078685
34104321
34160741
34189872
34194018
34195937
34219349
34224334
34236897
34247633
34254566
34271614
34288718
34338248
34339866
34345649
34363297
34370837
34371475
34444044
34449359
34466933
34521972
34537511
34573706
34576717
34609424
34619278
34626287
34638780
34687164
34699634
34739919
34758843
34767652
34775577
34777692
34799021
34811864
34838700
34839644
34840025
34857840
34858236
34907267
34922848
34955489
34967261
35006151
35021725
35037954
35060948
35077955
35079653
35096246
35104894
35109923
35111349
35119815
35141069
35153047
35174197
35181177
35184460
35205246
35208820
35215602
35242624
35294082
35332161
35353485
35370469
35372453
35425379
35429306
35432427
35451939
35462916
35480674
35500732
35500897
35513656
35535614
35574025
35590703
35592624
35654575
35666321
35683245
35763504
35774811
35783455
35794488
35804184
35806051
35829605
35833304
35838146
35839325
35876968
35888897
35909643
35909778
35914432
35921238
35938097
35954687
35990980
36078434
36111388
36119796
36149128
36194708
36233364
36289466
36307632
36332256
36338222
36347731
36355367
36407375
36459446
36464962
36523673
36536756
36598719
36615392
36631906
36643481
36655209
36679884
36691602
36727789
36736784
36758789
36765352
36783919
36788145
36793105
36822078
36852302
36869483
36872968
36892005
36893137
36915537
36932666
36937521
36969030
36999894
37024038
37028017
37056815
37113230
37124018
37151151
37194289
37215845
37218418
37230066
37240870
37255932
37310695
37386309
37399355
37415382
37419593
37466521
37467385
37511602
37517660
37518343
37528826
37561020
37594149
37596275
37667257
37672099
37681964
37691828
37713475
37719773
37723449
37723666
37796643
37804442
37815397
37819791
37829044
37829804
37836867
37846109
37847587
37867107
37870010
37877494
37888406
37898119
37914350
37914646
37922259
37931678
37958170
37984348
38025021
38031282
38054020
38063946
38070587
38079326
38091230
38107650
38127896
38131181
38149778
38165621
38181043
38184775
38225952
38238611
38272934
38305496
38318182
38407140
38419986
38421033
38431007
38441805
38455163
38492868
38518440
38526795
38561567
38580615
38635543
38649630
38655562
38672856
38689817
38759825
38762797
38776275
38791905
38831361
38843954
38861937
38873180
38889560
38893100
38895542
38907362
38942207
38954982
38977847
38978447
39010568
39014706
39019220
39057827
39060058
39073173
39101212
39135005
39148332
39172952
39216155
39247301
39248838
39254649
39262966
39276458
39294421
39302618
39305383
39321364
39325901
39341535
39363621
39394558
39404389
39417634
39418146
39461314
39469952
39497651
39520056
39527690
39530039
39538527
39541630
39570531
39584563
39621595
39643876
39702149
39708024
39758278
39810008
39837957
39842814
39844993
39853625
39905502
39952990
39967275
40001302
40014366
40023862
40028841
40035606
40074436
40099943
40112584
40121430
40174444
40206435
40215874
40224758
40259450
40277240
40323874
40352754
40371539
40404446
40417991
40443306
40452934
40470555
40472355
40481359
40485434
40487695
40510716
40530667
40552482
40573787
40580573
40597320
40598701
40599563
40656323
40681558
40700434
40721507
40725128
40737864
40751012
40776680
40777991
40797821
40804614
40822349
40824248
40833764
40897624
40903257
40974260
41016983
41017507
41026479
41053780
41083436
41124465
41125639
41128872
41152679
41252718
41268099
41287139
41289885
41290567
41307355
41321679
41331480
41337076
41345094
41356227
41360701
41374345
41403262
41412095
41437373
41465373
41494126
41499911
41514241
41543781
41547560
41559716
41568463
41603038
41625332
41641148
41654398
41680392
41719002
41729108
41738897
41753605
41757937
41761864
41790236
41791422
41799432
41844379
41846702
41848045
41880814
41882374
41905102
41910622
41913083
41918827
41933331
41939359
41978338
41984627
42014725
42022574
42023899
42027775
42032223
42052184
42056305
42057414
42142617
42145048
42152423
42186759
42187658
42191679
42196146
42197754
42216490
42238138
42299004
42304583
42305597
42307270
42332766
42338047
42341095
42344384
42346396
42381254
42383989
42398054
42409742
42416410
42440474
42459629
42461989
42486946
42508779
42510341
42513611
42521986
42522473
42526827
42580656
42594506
42601858
42607430
42642115
42683722
42685871
42721156
42729164
42748390
42756020
42773881
42779084
42797024
42799429
42809929
42837558
42861741
42863735
42865778
42897423
42904778
42905802
42967062
42992541
43016834
43036274
43040525
43049254
43114080
43142982
43160811
43172989
43174002
43189813
43226128
43233950
43258743
43266343
43272152
43315958
43331621
43338999
43368406
43389102
43410427
43414112
43468636
43472923
43492306
43555314
43571870
43585663
43615991
43622256
43636049
43652054
43693925
43696355
43697268
43702624
43705071
43721364
43765537
43768740
43786160
43788156
43806112
43819648
43830230
43852090
43882300
43886418
43934174
43951693
43958359
43958396
43962975
43979151
44011145
44012722
44028705
44072694
44099647
44108268
44111279
44143606
44154679
44179262
44199664
44228618
44275968
44276251
44327824
44334657
44343965
44377746
44391025
44401594
44436496
44439392
44506603
44508720
44517470
44523202
44533277
44541748
44542670
44554746
44555518
44589783
44589977
44613338
44617127
44622085
44637678
44667519
44689571
44732678
44743713
44746150
44754240
44765486
44771616
44781515
44783550
44786170
44798649
44826105
44826420
44858002
44877292
44888523
44918164
44944677
44956322
44957483
44959157
44977872
45000743
45004768
45017413
45033791
45041061
45060366
45064999
45100506
45137610
45157774
45158028
45162978
45164090
45193870
45199637
45200141
45205264
45254354
45293711
45294000
45343627
45350070
45372405
45388111
45393805
45401887
45406952
45435204
45467072
45469460
45469773
45478859
45487105
45514829
45517821
45524299
45529106
45537256
45554549
45604884
45657296
45662474
45672427
45725975
45736586
45752101
45760750
45767122
45812107
45819222
45827159
45863089
45888173
45893212
45899227
45902634
45906026
45917187
45922814
45927532
45938047
45946581
46012617
46027408
46030651
46036986
46049558
46057984
46079432
46086843
46121789
46172070
46174054
46177437
46180389
46201304
46222904
46273114
46296253
46308592
46311907
46348624
46351201
46363262
46381068
46427873
46475783
46500084
46518219
46520501
46544638
46553458
46582846
46609177
46616576
46619145
46629044
46701068
46762097
46789065
46835385
46835693
46838211
46878285
46923889
46931773
46954135
46987815
47007138
47025090
47030281
47032233
47053771
47077805
47106026
47106850
47109730
47123587
47141401
47197293
47237995
47266690
47295702
47316825
47332704
47349918
47361752
47371271
47372929
47408408
47419688
47421555
47445373
47446283
47456891
47478201
47529909
47548682
47549309
47587897
47588440
47588923
47610166
47615870
47635516
47645020
47658199
47716295
47728584
47807479
47810971
47846091
47859838
47867519
47872504
47897029
47906558
47922648
47942016
48012151
48014659
48049319
48070457
48076552
48083745
48097760
48100450
48104446
48122275
48123951
48125131
48130912
48139728
48147011
48158082
48168322
48178010
48201874
48217099
48231010
48242428
48300186
48323579
48327905
48328206
48339750
48362277
48364277
48417737
48430147
48434106
48442833
48475675
48499453
48598178
48606911
48661893
48668123
48668307
48669401
48676280
48681249
48713479
48813432
48844773
48905864
48911619
48929408
48952676
48956920
48964086
48975195
48979702
48984101
49013763
49015229
49017371
49023070
49037755
49050593
49053299
49053540
49069366
49070712
49071618
49081095
49082648
49161636
49168073
49183815
49184440
49202515
49222533
49247156
49264775
49266807
49270459
49286778
49294514
49318077
49357337
49411592
49413933
49415643
49426722
49432007
49435287
49439525
49478516
49483649
49500828
49526651
49534266
49624344
49670868
49679616
49680756
49692962
49743971
49819351
49856200
49873854
49879204
49923877
49929731
49974781
49999773
50023813
50031724
50053019
50072312
50086277
50092606
50099093
50099879
50115614
50122891
50141163
50171585
50181153
50260476
50302310
50311889
50329500
50333709
50380837
50481836
50485820
50491045
50507720
50532412
50550863
50555235
50577038
50608366
50610426
50610560
50620630
50628866
50637820
50684775
50723219
50733496
50740163
50780018
50834038
50843814
50879505
50924882
50925292
50927523
50934349
50945925
50948190
50983793
51005308
51027420
51061585
51063952
51064429
51078208
51097392
51121807
51126466
51132350
51140601
51156157
51164969
51180865
51341293
51380754
51410706
51455568
51470507
51478775
51480383
51492287
51555044
51560246
51580058
51610923
51620654
51625335
51628099
51628555
51645697
51675328
51679552
51694148
51746036
51794721
51802624
51852120
51905057
51932829
51946399
51981219
51995624
52050625
52056149
52067123
52189987
52206741
52234749
52283159
52305942
52323269
52339002
52404915
52447713
52448957
52460047
52546166
52573385
52599449
52650466
52658719
52671591
52710978
52711424
52776017
52806319
52819524
52823138
52828636
52833426
52878186
52882615
52935838
52961121
53037518
53053279
53055783
53093123
53094889
53101069
53103952
53105046
53126701
53159497
53168808
53184624
53184713
53197184
53259603
53284750
53305272
53317385
53324536
53329043
53337026
53337805
53348905
53352296
53384757
53422834
53441919
53460233
53487961
53527293
53555046
53570176
53579133
53586785
53604871
53668416
53674910
53688069
53691616
53720071
53746541
53796829
53864647
53882248
53927254
53971589
54015903
54026107
54045078
54079115
54088409
54141810
54151895
54188564
54204423
54211431
54232690
54268281
54302298
54324338
54331672
54438074
54440105
54513638
54588149
54729523
54757779
54759021
54814458
54885462
54889367
54940618
54993676
55040630
55049962
55076036
55139310
55161189
55259050
55287996
55337565
55355192
55355576
55380168
55402137
55424515
55439534
55441627
55450822
55498866
55516538
55545149
55547897
55562009
55599005
55608086
55611751
55626508
55648369
55669526
55670829
55685756
55706275
55706794
55735267
55748900
55762414
55772577
55776151
55780882
55799697
55822811
55826510
55829452
55843777
55852876
55880308
55880551
55955187
55986305
55990261
56010609
56013267
56029057
56030867
56059179
56064417
56072170
56080208
56120270
56138183
56174171
56180992
56211618
56227869
56267961
56276153
56301578
56324095
56356758
56367641
56462619
56538794
56553798
56555804
56561069
56573596
56599347
56656460
56676289
56677084
56883937
56893402
56940658
56954238
56985488
57006571
57015256
57035319
57051489
57056474
57069354
57069972
57103334
57125104
57129835
57134853
57139812
57171456
57184291
57219892
57248354
57256930
57282847
57311857
57325074
57352253
57353746
57356701
57434717
57492915
57518430
57531289
57570525
57584926
57591599
57622993
57628496
57750376
57758460
57763928
57792919
57815781
57821152
57847333
57862384
57878440
57892265
57915965
57958481
57998266
58015114
58026643
58038030
58042732
58051639
58114498
58155836
58210224
58293006
58333187
58378079
58382204
58405825
58448991
58471657
58488662
58518783
58581128
58612205
58631655
58647375
58663906
58674727
58705318
58712872
58729855
58744527
58745699
58784186
58787585
58877906
58887096
58940097
58973959
59054635
59080686
59129273
59137703
59189558
59255382
59259053
59276169
59317700
59331729
59393337
59419288
59423045
59426699
59437385
59445304
59497840
59532768
59593711
59617787
59624432
59624571
59644523
59652188
59674445
59688071
59713999
59721255
59728853
59759891
59761337
59763931
59777799
59852403
59862963
59971278
59975438
59975581
60010695
60074641
60121035
60140696
60148029
60153576
60162782
60184766
60237372
60248410
60260184
60328232
60337274
60351067
60358498
60365680
60420331
60452467
60461226
60573387
60618100
60631937
60648841
60747709
60757197
60843119
60850960
60860227
60875643
60876130
60920939
60941081
60941570
60948907
60971193
61075211
61135565
61143965
61160506
61177450
61235645
61260832
61317478
61402989
61560407
61581894
61634383
61694687
61707532
61770618
61773452
61781146
61805156
61859641
61865338
61899420
61906551
61908369
61929454
61948759
61953879
61972367
61993153
62007701
62015258
62041581
62056353
62057864
62077516
62102127
62111475
62152946
62156548
62181059
62187672
62204375
62213484
62241826
62253535
62286190
62332709
62336253
62340871
62384157
62405305
62424559
62441635
62445478
62488000
62493101
62549801
62559432
62637125
62688104
62700970
62701195
62701266
62727216
62741136
62807460
62834258
62835772
62856317
62857803
62916540
63011310
63018146
63079699
63112894
63127999
63166066
63176302
63275873
63300736
63318252
63330567
63415173
63452822
63459078
63494743
63498449
63501149
63511056
63515564
63517589
63552449
63612848
63623150
63631344
63633239
63634910
63641272
63650904
63704794
63710208
63771631
63799039
63801954
63822780
63857728
63885500
63960255
63967065
63989570
64018970
64032125
64054728
64085823
64098472
64144316
64148405
64152635
64170530
64174270
64221985
64262379
64279213
64321733
64364297
64413131
64457693
64478988
64492305
64510965
64530394
64567435
64664128
64682311
64770000
64809240
64859050
64863374
64882155
64891864
64907108
64914016
64914072
64917110
64917597
64937685
64957397
65021163
65039717
65098430
65154652
65155606
65156267
65186079
65244232
65247334
65260811
65263872
65267075
65291337
65315661
65321705
65331609
65333541
65357513
65407446
65421395
65428145
65436842
65486237
65525979
65526268
65558797
65559340
65603181
65627538
65628654
65647996
65684430
65687377
65711691
65718902
65748984
65750168
65751588
65758161
65795734
65895323
65953953
65975408
66008955
66016832
66031295
66042776
66062788
66065718
66092118
66114123
66126950
66189955
66235025
66237995
66254532
66262266
66330945
66344937
66357773
66365698
66385189
66389279
66416887
66431490
66523773
66558349
66559004
66560014
66564438
66593398
66594629
66630201
66654413
66662065
66693782
66698248
66704712
66814105
66835782
66861970
66875078
66901459
66953880
67029383
67042609
67056165
67056689
67108836
67119607
67124544
67145319
67186096
67186633
67191541
67193508
67260825
67268469
67271496
67303921
67310448
67311883
67443726
67535995
67537639
67556228
67604957
67707352
67723253
67813396
67833248
67888146
67914417
67924431
67960534
67969540
67974897
68011417
68047706
68054589
68191385
68201465
68229673
68242867
68277237
68372922
68373803
68419277
68472825
68503566
68506994
68512685
68564702
68565810
68586802
68599398
68612184
68614378
68639225
68646321
68660943
68663245
68677347
68691340
68702636
68748874
68755103
68773029
68776324
68778609
68787023
68790257
68796509
68840881
68871774
68883135
68887501
68902879
68917620
68935299
68944994
68954831
68963070
69004950
69083511
69093139
69113138
69117693
69121347
69161063
69238501
69245132
69279799
69286006
69289895
69324076
69407867
69526208
69554400
69562320
69600969
69623278
69685695
69712758
69754570
69757969
69792388
69798014
69819027
69864802
69871546
69933992
69958970
69965201
69974509
70024611
70194611
70238761
70244385
70259850
70271743
70278109
70283970
70287199
70317974
70382721
70419019
70428816
70509901
70544862
70575002
70575770
70577749
70582822
70605780
70636885
70646524
70662118
70676633
70683196
70740077
70758290
70819238
70825892
70846426
70852609
70868439
70881368
70922996
70951976
70994652
71002182
71021201
71144439
71182409
71201467
71207881
71238733
71249031
71272947
71294893
71345353
71410924
71460928
71472976
71480490
71488940
71492823
71527053
71623775
71690038
71696692
71729678
71739333
71751665
71843611
71846870
71849674
71863446
71867224
71900455
71933046
71957887
71978482
71983482
72018370
72031375
72032600
72042752
72049962
72066906
72129296
72260094
72277722
72384342
72388683
72442445
72452696
72518001
72526171
72552498
72563840
72580640
72583899
72588225
72606051
72690602
72693154
72705624
72708818
72747153
72757830
72760916
72788438
72820046
72863006
72868275
72894330
72935841
72976460
72988663
72990491
72991202
73015491
73043896
73044839
73083573
73131049
73146448
73146663
73297900
73307916
73355129
73357490
73407289
73436134
73492305
73503248
73551781
73556889
73616117
73668524
73716687
73718111
73744817
73762538
73790088
73796441
73814232
74001206
74030641
74186472
74204496
74309599
74351483
74382419
74389062
74462548
74502685
74504468
74506263
74515139
74540935
74564890
74584724
74618806
74621528
74638033
74691798
74697272
74813361
74836631
74862838
74896714
74921558
74953338
74973789
74988396
74995897
75000505
75012513
75046513
75074601
75082233
75169281
75222441
75226865
75263673
75289965
75356591
75379334
75390143
75390411
75433242
75505909
75513814
75524993
75540824
75558206
75566662
75601099
75613154
75634592
75647327
75653567
75702737
75739398
75780449
75780642
75783521
75823833
75856365
75872026
75918201
75963319
76012667
76100967
76128058
76145983
76157273
76201188
76233118
76293242
76385261
76401323
76429298
76435178
76512083
76525242
76538138
76554840
76564156
76567610
76569365
76581258
76604178
76625012
76633852
76642927
76669471
76673400
76716494
76797609
76807779
76851032
76861316
76895664
76937396
76939526
76943556
76950098
76967101
76968068
76985614
77031484
77183035
77189453
77196481
77218357
77221956
77226426
77232874
77234462
77278216
77279671
77291772
77311150
77364224
77370595
77379533
77443576
77508597
77514883
77543913
77592467
77615170
77663414
77692068
77694161
77710339
77791954
77793441
77920100
77925061
78019284
78026173
78041467
78054586
78080777
78097516
78185797
78218439
78237898
78238383
78256316
78284163
78295428
78317773
78327790
78378799
78386900
78397912
78402657
78477089
78492825
78512278
78519143
78520470
78531196
78542204
78596146
78614158
78625732
78649523
78668843
78670382
78672053
78697574
78707063
78716268
78781545
78957635
79029211
79035957
79037949
79045639
79079185
79080681
79131746
79164060
79219289
79289131
79297220
79326899
79339568
79358900
79363763
79365666
79376797
79391503
79456127
79477316
79595088
79599836
79681473
79714666
79722763
79768012
79786851
79830655
79839197
79852396
79873161
79911677
79924498
79961260
80001048
80029776
80038965
80040862
80048448
80050426
80066853
80068063
80078444
80127535
80141761
80150859
80155386
80195040
80201904
80232029
80272461
80289524
80296165
80403214
80416982
80447144
80487744
80496303
80549613
80558463
80561280
80576432
80581713
80582340
80649371
80652940
80657211
80666637
80691963
80730557
80750355
80828808
80841034
80923880
80933689
80938598
81033703
81070342
81100158
81104610
81109126
81145194
81154887
81162778
81196674
81225686
81244204
81322349
81339162
81456853
81462941
81464079
81480817
81491139
81497529
81628600
81657872
81672248
81773554
81810395
81868524
81875845
81994749
81999254
82016484
82024443
82028728
82034390
82048905
82058745
82091202
82122632
82147254
82164874
82211574
82227574
82231255
82259324
82285846
82320981
82339958
82396016
82444526
82490938
82525277
82557191
82612819
82636748
82706542
82708058
82731552
82744133
82772374
82773152
82867560
82877435
82878531
82892708
82928381
82936540
82945045
82957341
82971598
82990822
83035627
83036196
83042234
83064419
83133508
83169676
83191098
83203777
83205744
83256667
83312407
83364710
83373514
83518449
83520718
83524679
83563066
83565814
83603007
83626769
83644220
83695688
83704151
83723230
83729416
83730281
83735532
83787243
83812680
83868045
83889855
83897107
83897281
83905851
83931638
83950582
83977488
84026123
84064811
84096423
84150711
84152024
84224790
84240908
84266416
84375741
84397592
84408386
84410404
84454240
84512900
84597897
84637767
84686111
84775485
85058194
85072329
85075460
85105846
85160455
85197028
85217610
85219236
85251353
85288678
85343312
85351046
85362835
85362848
85380215
85429888
85444472
85455423
85527865
85543134
85551829
85599397
85608309
85686889
85771488
85779171
85821016
85849097
85861936
85886525
85887694
85947215
85978369
85982235
86012765
86038161
86068538
86068680
86127925
86152255
86194393
86220794
86266194
86270005
86325430
86326340
86352775
86426079
86508800
86515629
86533782
86562035
86588750
86644922
86663790
86666424
86841656
86843798
86852605
86864367
86865327
86952707
86988679
86998949
86999653
87015693
87028764
87090136
87168010
87173142
87181989
87197275
87219248
87222150
87252070
87253202
87320302
87403184
87500054
87523089
87571451
87579089
87595481
87663434
87683432
87740562
87760252
87761710
87766122
87773524
87791431
87808185
87824110
87890610
87974509
88009828
88032884
88071773
88176384
88211500
88220736
88263011
88270148
88271468
88353219
88410777
88450750
88538356
88544702
88590067
88717728
88810878
88857131
88876587
88885224
88900376
88920948
88975704
89016733
89021936
89028504
89029109
89140144
89208805
89210087
89218942
89231176
89243745
89245937
89252238
89359310
89410745
89425470
89453454
89457951
89467975
89480755
89493562
89553932
89554158
89558591
89567689
89570758
89593355
89607072
89609366
89620283
89623709
89626879
89644937
89704210
89724445
89739183
89739838
89766235
89827616
89928785
89934131
90063326
90090369
90126107
90225863
90284506
90455485
90470301
90509946
90602493
90612896
90692446
90746760
90833521
90858343
90894018
91067825
91144621
91186262
91268993
91290435
91330215
91351190
91352356
91443839
91484974
91495494
91513293
91604866
91626133
91667608
91777901
91818779
91933016
91934653
91955905
91963410
92003721
92042722
92044840
92061990
92106439
92232343
92239091
92252071
92256085
92268742
92302452
92319484
92319605
92372728
92609834
92696566
92744029
92876256
92886871
92938746
92939901
93038929
93079936
93119462
93169660
93191327
93235839
93292656
93351308
93399782
93442607
93476444
93515416
93554587
93654690
93674375
93794026
93944447
94120954
94172353
94172693
94179500
94209011
94257000
94295199
94463819
94545050
94575007
94593259
94668718
94680215
94732415
94767798
94810594
94924278
94964608
94992669
95034658
95087171
95160202
95372903
95441954
95461217
95499167
95530384
95584313
95670619
95675232
95720603
95746527
95849185
95994237
96006422
96072209
96095384
96125891
96164090
96215425
96238784
96255210
96343966
96358945
96379652
96567360
96588407
96604353
96664933
96674012
96689665
96715413
96817085
96827554
96867199
96890433
96913491
96919506
97080450
97190054
97210495
97247867
97259431
97316503
97320066
97334909
97408800
97460073
97482556
97487228
97507876
97532959
97670951
97741151
97763195
97846366
97909798
97949668
97983653
98027674
98044937
98129812
98142522
98190498
98204176
98218739
98339527
98381797
98450805
98560119
98570820
98596959
98605484
98731481
98929747
98931353
98990365
99042557
99100018
99153378
99192590
99239132
99271687
99327660
99358288
99445540
99456498
99579330
99580455
99599270
99608440
99637483
99658991
99676367
99705771
99731633
99767579
99796637
99909646
99959982
100191664
100194547
100237805
100292789
100319579
100335571
100396602
100402778
100509210
100602384
100669457
100677904
100699888
100739086
100891565
100906745
100944499
100956963
100979355
100994684
101031398
101039417
101116618
101128624
101129369
101152155
101187937
101213711
101336037
101364997
101456401
101460517
101480451
101491585
101513510
101532689
101553168
101591219
101603162
101621041
101786832
101828668
101842933
101920367
101929535
102022322
102178552
102190564
102225853
102290709
102300367
102311313
102401921
102422632
102513354
102568612
102684724
102733843
102780360
102781070
102801571
102803224
102819852
102850678
102919529
102960466
102963958
103042446
103110060
103135907
103150252
103181517
103198708
103211203
103289695
103372042
103373676
103374219
103375788
103396534
103455694
103462209
103535886
103540660
103633907
103684868
103767151
103902642
104000500
104005678
104022856
104087955
104143092
104178167
104283696
104288236
104289363
104335376
104421385
104489314
104548919
104562936
104691800
104747541
104769549
104917312
104924848
104983027
104998408
105117583
105136084
105276881
105386987
105391763
105398347
105437897
105485257
105485870
105486324
105494380
105561458
105587662
105699891
105816984
105849599
105852923
105896900
105927709
105950737
105961071
106014322
106024628
106047408
106084019
106086319
106227117
106245935
106359977
106362843
106379314
106384615
106402135
106416504
106439950
106467662
106489518
106523499
106524335
106555916
106565399
106568779
106570151
106577733
106592490
106602541
106631527
106736721
106749903
106765327
106799261
106823087
106860686
106888554
106910803
106915411
106917390
106941832
107005589
107006729
107154158
107155602
107164242
107164484
107223417
107238063
107303687
107303857
107329779
107335375
107345895
107365582
107382442
107437962
107445231
107445667
107517657
107535987
107536024
107591960
107602264
107626108
107683571
107750439
107813207
107904563
107986210
108065606
108143657
108145961
108148359
108171084
108184584
108237255
108242933
108264135
108286924
108298046
108345845
108379045
108398714
108463524
108480186
108486059
108523853
108535703
108590956
108610807
108682449
108727180
108763763
108764834
108806800
108822037
108861014
108868905
108887444
108897250
108935955
108988999
109045629
109056272
109080693
109124667
109133271
109253803
109255150
109323898
109333707
109382827
109398982
109436846
109444650
109456523
109487477
109488731
109523855
109579919
109611465
109662386
109671513
109712691
109719528
109722473
109816950
109825825
109832913
109844011
109868026
109870605
109874628
109924716
109938250
110029529
110060650
110065497
110074354
110085774
110112880
110182503
110251075
110297502
110303099
110314112
110338455
110346387
110382793
110385651
110393548
110400889
110420341
110425212
110523734
110524881
110576881
110612153
110618356
110638934
110650114
110798324
110840300
110863140
110908845
110915532
110961677
110998537
111043510
111052100
111055193
111080731
111128750
111129057
111145804
111156886
111251801
111303197
111310298
111343111
111344090
111364187
111383925
111420486
111437308
111444111
111455685
111482358
111554626
111571331
111600010
111622962
111628870
111632494
111673407
111697485
111702311
111724012
111737770
111762893
111770147
111795316
111839707
111860150
111900199
111906348
111939446
111952519
111952801
111959164
112000388
112028837
112043985
112044752
112069525
112098376
112123009
112152671
112155216
112156431
112170132
112183736
112198570
112222281
112250305
112298112
112305840
112316708
112365609
112415335
112454534
112473588
112481359
112511287
112513902
112534458
112547202
112596953
112606995
112611071
112615888
112637210
112638080
112676844
112690733
112693406
112713292
112733363
112743787
112749594
112794087
112843922
112851664
112854117
112873226
112913030
112937876
113017080
113037047
113069988
113078369
113094470
113115893
113154538
113162647
113168696
113221377
113242537
113278710
113289487
113296889
113440937
113473655
113497031
113502570
113511645
113540866
113544288
113597797
113610885
113626283
113645371
113666504
113678778
113722760
113738160
113739142
113761732
113781819
113795765
113837609
113844793
113875400
113878843
113960166
113964632
114040368
114043114
114047323
114097834
114099092
114101797
114150479
114167803
114171071
114202725
114230129
114265334
114270125
114278275
114291067
114302606
114303868
114309837
114352386
114377352
114397593
114404221
114427783
114441062
114453666
114489624
114513378
114549753
114576879
114582839
114609331
114668637
114696137
114700761
114748167
114771732
114838773
114864515
114888607
114889707
114915181
114944311
114976069
114980686
115021669
115028613
115044228
115054477
115092575
115111607
115124798
115144541
115268134
115288137
115311225
115343734
115464221
115483605
115498399
115506359
115540963
115573000
115618275
115639614
115684199
115702876
115706691
115713099
115721535
115755962
115817987
115834860
115853251
115857047
115868488
115879238
115904497
115913694
115943529
115952920
115965082
116004419
116124356
116141280
116142598
116169156
116172535
116199513
116209432
116226465
116232671
116240122
116259420
116264520
116276480
116290052
116300871
116302976
116350641
116359326
116368915
116370292
116448598
116490535
116498495
116502594
116523430
116687523
116738106
116761244
116767105
116789642
116932442
116934869
116989665
117011595
117061941
117065113
117065516
117067514
117125079
117188512
117224739
117227647
117239440
117245113
117247474
117247686
117329222
117335452
117338518
117381982
117422983
117434818
117452283
117473125
117483876
117497326
117521496
117570074
117586079
117594920
117599364
117674677
117704820
117751738
117785789
117788438
117790820
117804839
117815813
117890213
117945931
117954335
117986713
117990135
117996282
118029177
118108905
118172323
118227253
118234110
118242715
118243431
118279831
118292220
118341802
118389470
118410840
118528704
118659652
118665099
118712869
118727780
118737445
118808063
118827909
118835853
118842556
118878115
118899716
118904045
118974681
118998049
118998843
119013191
119088988
119112314
119115111
119143912
119157852
119252370
119252437
119289781
119318569
119341877
119345644
119377818
119384989
119399591
119415945
119444867
119458944
119533312
119556996
119593785
119594312
119597530
119603194
119635904
119640413
119646418
119664852
119705047
119761157
119775900
119797724
119824891
119826846
119866853
119927083
119933058
119933686
119936898
119957733
119996035
119998045
119998469
120023703
120043477
120087849
120093387
120127130
120172473
120198786
120202101
120214394
120243809
120245637
120285936
120294423
120307744
120324487
120339943
120387537
120437660
120486439
120496199
120501005
120528857
120538879
120596494
120686025
120729000
120729703
120764972
120942794
120952830
121035342
121054673
121070310
121085537
121112669
121127650
121141709
121170220
121178946
121251058
121260504
121278254
121303332
121314391
121326975
121411654
121521169
121539018
121548653
121552954
121564236
121594782
121608633
121656904
121681987
121721763
121758655
121829648
121862167
121914372
121929766
121941959
122000442
122047996
122109923
122148490
122155099
122169422
122173091
122175939
122241837
122260971
122287576
122297858
122301193
122334027
122347168
122402593
122414126
122418524
122467852
122476740
122478654
122520026
122525524
122567478
122595385
122606750
122638796
122730371
122731223
122785528
122802042
122899669
122925651
122958945
122996038
123016488
123061760
123114360
123129437
123137640
123172690
123174938
123189057
123197603
123299324
123383596
123384219
123403220
123403999
123409345
123445499
123523369
123523640
123612835
123715834
123722906
123731297
123739303
123750151
123752343
123833771
123869119
123891225
123896606
123925978
123927645
123942081
124049142
124061361
124091112
124159677
124165403
124222483
124358784
124496442
124505059
124512308
124539044
124558928
124561777
124591780
124601360
124611040
124627726
124681668
124693475
124719619
124723430
124728003
124781380
124781705
124832987
124845148
124869412
124908123
124911898
124925086
124993486
124999383
125012709
125016655
125107739
125264778
125267386
125281408
125282649
125315618
125359879
125372792
125452378
125470563
125583277
125599524
125606659
125627346
125637696
125671992
125697916
125708737
125714457
125740752
125741651
125761702
125775485
125856726
125883296
125897478
125922175
125946743
125967642
126036174
126177620
126183917
126204734
126208426
126210597
126245214
126310373
126333345
126381178
126546057
126552239
126566611
126573377
126604048
126637314
126716139
126773303
126910897
126955530
126965922
126980536
126981652
127020467
127117405
127195875
127215937
127261126
127424054
127449793
127478673
127496066
127502429
127523294
127554847
127635208
127680072
127709512
127739297
127747454
127800410
127805309
127821658
127885006
127937090
127946123
128006778
128040961
128043551
128180286
128202280
128264452
128276959
128284607
128297671
128302657
128355827
128379117
128385920
128422415
128464972
128573017
128575613
128607627
128611167
128643442
128697465
128707658
128709598
128847017
128851263
128890940
128960731
128962947
128969603
129044028
129046142
129046399
129048459
129059766
129085150
129140802
129171485
129173603
129192318
129323705
129334048
129370460
129377094
129406412
129418556
129659584
129669119
129917766
129976898
129984419
130172924
130179584
130258689
130318252
130324413
130385278
130396829
130491534
130611639
130658859
130697841
130757102
130784990
130811953
130824521
130852735
130893121
130918567
130956744
131042522
131052813
131114167
131192401
131249612
131253591
131410972
131427124
131433282
131525266
131558399
131568353
131608690
131704637
131767755
131777571
131837393
131878521
132102515
132120705
132127942
132168265
132196978
132255693
132261048
132263468
132276767
132308876
132374289
132508962
132619804
132622833
132956111
133027859
133035978
133050162
133198911
133323206
133349356
133368208
133379662
133555684
133727866
133794771
133802668
133803748
133896827
133924625
133951303
133955508
133976381
134019933
134156214
134194377
134203798
134209498
134250108
134260386
134263304
134268481
134279966
134289045
134314381
134349993
134364552
134450568
134493323
134506404
134554399
134609649
134619983
134666326
134779612
134801711
134817103
134882703
134884779
134891007
134996965
135081133
135114314
135117576
135142701
135207105
135265469
135671917
135711999
135801397
135849594
135944881
136026967
136041418
136185426
136211144
136274278
136320150
136401654
136431997
136465178
136479186
136513951
136544810
136575522
136595213
136611898
136644356
136740309
136891502
136999830
137069813
137178737
137210691
137293444
137328049
137354418
137361783
137369686
137402053
137435516
137525850
137527965
137540177
137545210
137562116
137575457
137600280
137617467
137693740
137717775
137767889
137860665
137925616
138039128
138099429
138143632
138228477
138250091
138262039
138349456
138463327
138545618
138546347
138644847
138696951
138814750
138928779
138930224
138935487
139003107
139015990
139030720
139051184
139057806
139088690
139103952
139145304
139146487
139209622
139232062
139234142
139319591
139348588
139385108
139417853
139437827
139488916
139535089
139580691
139634734
139659081
139773769
139830068
139847263
139880070
139955073
140086662
140136274
140172107
140187842
140241496
140254070
140294366
140322808
140343420
140366119
140380273
140385093
140515174
140634575
140683782
140726838
140791681
140815366
140854961
140969769
140991791
141022354
141050373
141052107
141098455
141107699
141145702
141147202
141148131
141167764
141180162
141280332
141337288
141363141
141461424
141553752
141733224
141739308
141740447
141789750
141839636
142012884
142076394
142135532
142200602
142207827
142340101
142473452
142577841
142598230
142640315
142716402
142718557
142786331
142813488
142849028
142945347
143020647
143063664
143077162
143096253
143136191
143137383
143144752
143155205
143245753
143337242
143355473
143377696
143423551
143441112
143480291
143480870
143499792
143533577
143547323
143583078
143615435
143671099
143684799
143743320
143774054
143785041
143929463
143991264
144000465
144008602
144065655
144250985
144331152
144356774
144411620
144432113
144593110
144597376
144758561
144765756
144839269
144909661
144927459
144931147
144968498
144971245
145056357
145173080
145253130
145392111
145408802
145631661
145640740
145646118
145738990
145747054
145918387
145941733
145964036
146008633
146063291
146111390
146111427
146152022
146252190
146400840
146454380
146480733
146546274
146670876
146795626
146862836
146877540
146883725
146890484
146891945
146907763
146907807
146995076
147121538
147149076
147168672
147173538
147202458
147268376
147381150
147515981
147538179
147684781
147793829
147796962
147910935
148014833
148062075
148067372
148103999
148124000
148167106
148173338
148180195
148184653
148230680
148236431
148244646
148280675
148347534
148434850
148448839
148480416
148508097
148530691
148553815
148560229
148610657
148708551
148818555
148830076
148855897
148859764
148920834
148967921
149001788
149081189
149113807
149250219
149252613
149277530
149333845
149388102
149484829
149527036
149540705
149547059
149569906
149646688
149664276
149688995
149754964
149800443
149883789
150022929
150040043
150088296
150094042
150135008
150229671
150256698
150274537
150278704
150343222
150358926
150395661
150430254
150435328
150558339
150583899
150627619
150683219
150835288
150955184
151143633
151168389
151217275
151232718
151247868
151263516
151357095
151444965
151460291
151484602
151490874
151581842
151689044
151730378
151757825
151807505
151890436
151959051
151987323
151988590
152206228
152390994
152486236
152561205
152607035
152610052
152694786
152725525
152759528
152869941
152948601
153246321
153340846
153403113
153405388
153445909
153500502
153507508
153629022
153651628
153727445
153733197
153733421
153769355
153790067
153808284
153819654
153831952
153850242
153857602
153903893
153971480
154037761
154125547
154215004
154226420
154239053
154243074
154256442
154289814
154302076
154328755
154341183
154353015
154408150
154526433
154589398
154600805
154674602
154708567
154831510
154875187
154912730
154932767
154942805
154989864
155006586
155061881
155104521
155217098
155222879
155268184
155274538
155332064
155371202
155400722
155452420
155460542
155537790
155598456
155620133
155728253
155783171
155861406
155878818
156051042
156137381
156158417
156308459
156348569
156366536
156494008
156519807
156586346
156785067
156818812
156823264
157063070
157065258
157089475
157090167
157095404
157117101
157126739
157398382
157428444
157459570
157540697
157562290
157579060
157720118
157721998
157817353
157819535
157954138
157974313
158004017
158018209
158051204
158137524
158182052
158216154
158228114
158236554
158240148
158243977
158356509
158458783
158461357
158469659
158471274
158507033
158538190
158574187
158703612
158784502
158838879
158896816
159329374
159374003
159531930
159567507
159668766
159678929
159725168
159818065
159901622
159930337
159965672
159983405
159994992
160087157
160213960
160250833
160615663
160681436
160943466
161004168
161058539
161106674
161111880
161132271
161156377
161183343
161269207
161277250
161377384
161477893
161605889
161638210
161680804
161690737
161819443
161824437
161880139
161922148
162168557
162237499
162242280
162278311
162332791
162405745
162407524
162450508
162475812
162480079
162497167
162528294
162560756
162602807
162627976
162700172
162702542
162752629
162870055
162877779
162877832
162938800
163019107
163192201
163211291
163249167
163354000
163356354
163374236
163374796
163402424
163442131
163534479
163534563
163574929
163592434
163629399
163752311
163806820
163843579
163969016
163969390
164061732
164096000
164131718
164196287
164220518
164242370
164273410
164287074
164355598
164395793
164410213
164571064
164587696
164613126
164630513
164763746
164772292
164878454
165088734
165127651
165163334
165180617
165203498
165225829
165308496
165333019
165338533
165371421
165413619
165526201
165625482
165654308
165685510
165701042
165743999
165857320
165914332
166158981
166253464
166327544
166330143
166331902
166332226
166466881
166474433
166506602
166512474
166791607
166792867
166885630
166908601
166935389
166938320
167057597
167121988
167124526
167137309
167175632
167230278
167370338
167418440
167448435
167474515
167589595
167625441
167662170
167776045
167810702
167814658
167845834
167850367
168005661
168069355
168074506
168142314
168214492
168265677
168321192
168326353
168332101
168403700
168437605
168545403
168590782
168634279
168691725
168759158
168816551
168844055
168860935
168867291
169035042
169083536
169116254
169148266
169195780
169219565
169263855
169283613
169288911
169403417
169457316
169539177
169543571
169576209
169581353
169588392
169618214
169629680
169641455
169653390
169663893
169752923
169857834
169890521
169897982
170109524
170198742
170229923
170238180
170312623
170314505
170316541
170525341
170554306
170576265
170614014
170651728
170676868
170693954
170696228
170702028
170741413
170804490
170847886
170890049
170970600
171050850
171224579
171224621
171264372
171295725
171298768
171329206
171351550
171356489
171375368
171405759
171474692
171548852
171674059
171678712
171715956
171760799
171769651
171820751
171841227
171852439
171945931
172063038
172104525
172236144
172366634
172371611
172385527
172387999
172389917
172506142
172638229
172680636
172740843
172772089
172793728
172828239
172882602
172895613
172911568
172956960
172983192
173020887
173056914
173057528
173112249
173123052
173241814
173256753
173322869
173337794
173401455
173407436
173409468
173424533
173486911
173493566
173532172
173536214
173541358
173553645
173572838
173693330
173738446
173866924
173886435
173897252
173925130
173930907
173954510
174025957
174068922
174090680
174111976
174241833
174306058
174380026
174380467
174406798
174490217
174536166
174553663
174578533
174585554
174602228
174605300
174612273
174640169
174689885
174743602
174832557
174889055
174890936
174911310
174938487
174949773
175239410
175248908
175253370
175253826
175369182
175385240
175391443
175393194
175454532
175481284
175502774
175528163
175547179
175594053
175603861
175635641
175685993
175763075
175764787
175820337
175823344
175839073
175880421
175888547
175928190
175987848
176027005
176106196
176175722
176214509
176233627
176237002
176268548
176284673
176298513
176326318
176374558
176424723
176572256
176736842
176768285
176785109
176790324
176859635
176870602
176936497
177088628
177090236
177095149
177118754
177157232
177160742
177162444
177202120
177258998
177265965
177291722
177300625
177342443
177385267
177397300
177438128
177470878
177524074
177530188
177655453
177706758
177739828
177751135
177771687
177927072
177931853
178003982
178006654
178015608
178059658
178138289
178141005
178168861
178193785
178206924
178229589
178270901
178281478
178289335
178302968
178322152
178350804
178373525
178404235
178428773
178524474
178530753
178531030
178543122
178585386
178613190
178625470
178695085
178697616
178707429
178721261
178728799
178752459
178819855
178847824
178870871
178886719
178929697
178957490
178983337
179012885
179013348
179019277
179037193
179093117
179097025
179160579
179167100
179191283
179212143
179249341
179294423
179377351
179522844
179571176
179670891
179827445
179908386
179963149
180034840
180036094
180073862
180216092
180242470
180281818
180348244
180397952
180416141
180449925
180477369
180494146
180522826
180668271
180671809
180672489
180965187
181005070
181032600
181103169
181119469
181120238
181171539
181172111
181211776
181217287
181225901
181237909
181243279
181258002
181280674
181297454
181348095
181522557
181631789
181708109
181765868
181768781
181922157
181995536
182083415
182117887
182149264
182260888
182294149
182344138
182353773
182370307
182428648
182432456
182499362
182547829
182550466
182613590
182664231
182709118
182716333
182737906
182756527
182799109
182826252
182903209
182932462
182933338
182937521
182938247
182990925
183148515
183159371
183166129
183194810
183204036
183300086
183330990
183333370
183474194
183481683
183555319
183559503
183627352
183678566
183732960
183768678
183801478
183809291
183811858
183847923
183878298
183892669
183921427
183997204
184017369
184040309
184053948
184062938
184085940
184133576
184192329
184217201
184352068
184378283
184381998
184457003
184500821
184543653
184570757
184706690
184727639
184846282
184912317
185062547
185119541
185174845
185275905
185277753
185342298
185454470
185464432
185482223
185586790
185632819
185833513
185923238
185945715
185958534
185970583
186110170
186166070
186261976
186267518
186318049
186386067
186449627
186511375
186549514
186550691
186569656
186570428
186637543
186639140
186754556
186814116
186845863
186927037
187011391
187126924
187171351
187223013
187229843
187251146
187341494
187395890
187416435
187457203
187487644
187501726
187532876
187559399
187596190
187626111
187666397
187690385
187712384
187743030
187785364
187824189
187831587
187875000
187926278
187930142
187956482
187991706
188060032
188074650
188110293
188126146
188261579
188276722
188435131
188471692
188496721
188580883
188594406
188597954
188653350
188674755
188716063
188786733
188801943
188802716
188817041
188841360
188877671
188889783
188982483
189051475
189092712
189098870
189167233
189188752
189224109
189313346
189450873
189463617
189465904
189584001
189596728
189598094
189665831
189675848
189694004
189830551
189842005
189848613
189850968
189881323
189917102
189938154
189981404
190013146
190065099
190100685
190173098
190211414
190243277
190385809
190463107
190494215
190502173
190504908
190637596
190681324
190718438
190752487
190753279
190855320
190862711
190868547
190913865
190976728
190979492
191024345
191135320
191217539
191233153
191325764
191338313
191390771
191398359
191508217
191684069
191694894
191753652
191851298
191877218
191885762
191943152
191953171
191960725
192017970
192019985
192039158
192041922
192073502
192110739
192192258
192201534
192269362
192415861
192548517
192577250
192581395
192601557
192607054
192611104
192758004
192781583
192933591
192968528
192979936
193004833
193013592
193022252
193045992
193114134
193127561
193131090
193141886
193156887
193173356
193186703
193221147
193261426
193291405
193304218
193365658
193394913
193452390
193488362
193574286
193645438
193811866
193813773
193839080
193867037
193901241
193918224
193933320
194036115
194040237
194079485
194102387
194125410
194133938
194258877
194261863
194304787
194309119
194337494
194360053
194367986
194384813
194429542
194507355
194544467
194583537
194652247
194661776
194689840
194722892
194728448
194744781
194754854
194772610
194885500
194914875
194916531
195017515
195036824
195098611
195104520
195111383
195127128
195144429
195271117
195271960
195290319
195292329
195320759
195405066
195437943
195504451
195533291
195536077
195541473
195543484
195555871
195631825
195641778
195656314
195658223
195707999
195747622
195826900
195861807
195866014
195867314
195911544
195929616
196007897
196028996
196042909
196071377
196082241
196082457
196086670
196118193
196130489
196180868
196253746
196304840
196341743
196387476
196439697
196468780
196526676
196532367
196539372
196578403
196606557
196609566
196699825
196714902
196718986
196861054
196913373
196929791
196948826
196975555
196977834
197078974
197085219
197108453
197117397
197123284
197138613
197186012
197246960
197257892
197266181
197284236
197288920
197293426
197387265
197388422
197393835
197403474
197406150
197413964
197535853
197602335
197660963
197661893
197751402
197792277
197902174
197938213
197974643
198020876
198028629
198041362
198063266
198065790
198084037
198231190
198306673
198330092
198334705
198375024
198431754
198440375
198499744
198501665
198515491
198584834
198588991
198619239
198635992
198693161
198778790
198806396
198813519
198862362
198877305
198938484
198949920
198950289
198951746
198964247
199114355
199128556
199133856
199148340
199165988
199360878
199410802
199420689
199435598
199435750
199482943
199512440
199538487
199557722
199617079
199618902
199658797
199662000
199671449
199711510
199729787
199748280
199753464
199762729
199767695
199779888
199807885
199813835
199882577
199934032
199937310
199962735
199983345
200084273
200145007
200297817
200346955
200363156
200375306
200386802
200394860
200433483
200434000
200552395
200570462
200604078
200605571
200644529
200703877
200736777
200765821
200837341
200864437
200886504
200919309
200945052
200978645
201014835
201090434
201149998
201229350
201296869
201332185
201387047
201461117
201476153
201483891
201498186
201510124
201577856
201635972
201642101
201696212
201734680
201766504
201834941
201877811
201914284
201915073
201939128
201953549
201990358
202064779
202107073
202143566
202151868
202154964
202202481
202361043
202402996
202424381
202436630
202457491
202521174
202529021
202566731
202628158
202662821
202745550
202815566
202852502
202855679
202856088
202912261
202937977
202987572
203052904
203060224
203067002
203078682
203082729
203155131
203199827
203213902
203218100
203237299
203240600
203269242
203292794
203354441
203495114
203495269
203576352
203634019
203680278
203688371
203821750
203860168
203910406
203940251
203947116
203975197
204039053
204072023
204078783
204102890
204114058
204123817
204165239
204173643
204184474
204203977
204209036
204280265
204282509
204299492
204306820
204372535
204401887
204443626
204559399
204563165
204631076
204645668
204654661
204725549
204754570
204802901
204842532
204874774
204885562
204959607
205029781
205060809
205161019
205268770
205356008
205421442
205515348
205515685
205520695
205562072
205609610
205668661
205681833
205708683
205899700
205923157
205990058
206033699
206071958
206073061
206126856
206143520
206153095
206155112
206161175
206321593
206376864
206415353
206418326
206651413
206691455
206813447
206845562
206901474
206957147
206962460
207066408
207091655
207135894
207145432
207328694
207340362
207346590
207364150
207365561
207390038
207461530
207470434
207538040
207554919
207586360
207609653
207614566
207637336
207640034
207641468
207644227
207686296
207701690
207748670
207798463
207834537
207893718
207899285
207983861
207984779
208134533
208138112
208172807
208182790
208192885
208272260
208281046
208306655
208372106
208408136
208418376
208475650
208577078
208645751
208657880
208693567
208731096
208743520
208806210
208807136
209001882
209027488
209163487
209168226
209205211
209221125
209332760
209367161
209450719
209456165
209465705
209486648
209520550
209610948
209623778
209661992
209697878
209900864
209923875
209926758
209937501
210053596
210156032
210211009
210237638
210279719
210516837
210530009
210534504
210536343
210603911
210629061
210718088
210797915
210838871
210890277
211054039
211286392
211310680
211319780
211336356
211466237
211510173
211601189
211632441
211687097
211716701
211948280
211968284
212178983
212186500
212195752
212238329
212244507
212298057
212374392
212385056
212455812
212567160
212738683
212859684
212871708
212872345
212893633
213097159
213189413
213224864
213248350
213350652
213496153
213646277
213648923
213706755
213721692
213734682
213786631
213823397
213823740
213864417
213892133
213971448
213975868
214012738
214206683
214258760
214304926
214357028
214360060
214416316
214678041
214854016
214968645
215019875
215049281
215081123
215093765
215209251
215226718
215254789
215405799
215415842
215513251
215516642
215678777
215723330
216062146
216080699
216135268
216183363
216247685
216277948
216329506
216351906
216357956
216363652
216429342
216439298
216485852
216562020
216627838
216683291
216739262
216893603
217019838
217060513
217061158
217085054
217141154
217187132
217195452
217252733
217321794
217394333
217470202
217506239
217524443
217628033
217628061
217667773
217691846
217703168
217877573
217883329
218118588
218266246
218266592
218289982
218300902
218367747
218412963
218945894
218960062
219054243
219083162
219279968
219377893
219527842
219902845
219925504
219940802
220027900
220044769
220095549
220221474
220242364
220329277
220367294
220444733
220555650
220564450
220569053
220780481
220851907
221072002
221137789
221182370
221182812
221193820
221303996
221429312
221443650
221470624
221479485
221551132
221601057
221792475
221880670
221911806
222071650
222102652
222209792
222389764
222819809
222899553
223088800
223214625
223330237
223354276
223374079
223431871
223520835
223537730
223705724
223842561
223977280
224183042
224254371
224956002
225295391
225343998
225489407
225645631
225678431
225874430
225888896
227024736
