2769172
2848779
2954965
2989013
3102383
3222839
3234284
3425972
3534910
3535172
3591113
3618305
3620447
3659250
3743566
3743864
3776428
3846994
3869973
3958641
3967911
4048056
4060273
4153257
4171211
4177456
4201812
4226131
4272882
4337619
4412305
4430422
4510801
4595117
4669001
4680339
4767521
4773585
4842037
4870744
4894694
4956681
4969036
4981094
4985362
5016874
5060596
5081715
5109175
5173517
5210669
5223124
5226698
5275835
5280407
5309098
5315404
5347722
5428539
5453577
5457389
5578076
5581248
5583838
5600243
5607494
5615330
5620769
5670472
5684822
5698712
5717464
5723377
5734979
5735183
5745849
5767844
5768015
5796849
5828679
5849463
5851289
5956311
5971624
6024442
6025126
6077394
6100674
6125075
6128631
6143151
6164101
6230044
6236077
6242242
6260408
6268715
6276610
6295914
6317199
6336119
6337163
6349997
6357815
6360795
6368976
6373284
6387090
6440625
6445604
6474633
6486695
6492872
6497962
6505341
6512084
6515257
6549309
6551499
6553484
6583789
6615387
6621248
6674813
6695368
6712172
6739666
6752963
6761571
6777894
6811387
6820727
6828387
6870812
6871256
6891754
6976174
6997697
7014524
7022805
7022825
7033180
7082856
7083044
7120604
7137008
7142590
7159288
7160511
7177726
7179254
7192513
7198239
7212581
7245721
7250622
7291601
7292959
7324793
7350459
7369279
7401044
7489579
7493891
7538404
7544908
7565954
7606210
7608380
7640611
7657245
7663811
7689925
7755519
7784192
7811136
7897414
7907134
7945504
8055329
8077408
8109411
8178632
8282752
8284762
8347494
8410579
8458363
8477913
8574120
8699148
8864833
8960765
9041655
9181567
9198240
9351237
9470401
9480095
9600858
9665315
9702750
9954788
10006126
10023551
10048734
10255902
10884368
11036589
11038418
11212557
11233150
11238818
11309564
11334611
11348756
11357907
11456786
11462283
11540877
11548077
11562642
11572052
11578864
11593232
11628976
11655148
11664727
11669199
11691146
11696237
11707918
11719512
11748818
11804463
11823576
11825897
11840403
11876211
11881237
11899791
11904458
11907668
11910091
11924048
11929395
11933779
11936779
11945798
11946391
11951216
11954795
11962161
11962551
11963444
11965166
11969444
11980938
12008890
12008913
12013396
12018262
12023635
12028522
12039145
12052837
12057735
12066796
12074067
12074209
12078071
12114668
12126875
12127051
12128280
12130857
12135944
12142580
12153034
12157143
12169006
12213933
12221640
12229496
12233586
12245271
12250209
12263152
12270018
12272620
12279077
12283960
12288297
12291066
12291592
12296413
12301285
12301894
12304195
12340919
12348728
12357881
12362155
12375484
12378715
12393092
12393548
12407355
12411102
12416527
12432460
12450398
12468436
12478131
12494723
12504670
12506524
12510901
12512131
12517132
12532824
12543302
12559842
12560472
12568258
12572704
12574334
12576095
12578570
12589142
12593705
12597159
12602838
12614112
12619860
12625992
12630147
12630591
12638092
12643734
12650667
12652954
12653924
12679902
12688940
12706722
12709726
12726655
12728870
12746844
12762544
12766617
12768529
12782661
12786500
12786915
12804893
12806278
12807493
12823579
12826780
12829406
12833761
12836067
12850746
12865998
12867465
12888983
12894821
12917445
12952932
12969445
12986173
13009279
13015871
13040722
13043929
13047006
13047208
13052226
13072737
13075435
13093410
13096283
13104438
13120485
13130047
13147766
13158778
13162232
13192935
13221002
13251638
13253345
13258584
13269825
13275801
13285980
13319707
13333284
13361349
13361371
13379463
13396859
13416035
13421343
13449088
13493768
13532482
13551769
13562020
13614629
13631653
13639450
13689021
13696166
13727100
13740316
13751010
13756317
13760609
13795355
13804644
13820966
13864030
13882212
13973118
14059278
14139501
14143600
14152834
14181988
14186207
14226397
14226594
14244223
14253026
14316085
14331778
14350667
14501929
14598185
14689384
14734350
14749713
14880111
14921747
14939091
15015249
15015376
15019119
15046476
15048780
15068564
15074549
15089901
15111629
15122350
15158769
15179217
15186524
15208250
15221398
15223391
15235724
15273168
15273668
15315570
15324585
15361917
15383371
15410045
15418398
15418934
15452124
15461421
15514634
15593714
15609839
15624180
15627564
15644921
15704408
15708807
15716343
15717832
15721884
15736174
15738063
15754379
15763920
15794534
15846704
15874583
15881127
15885881
15935236
15952167
15956668
15973322
15979510
15997768
16047278
16068582
16069980
16088075
16107886
16128672
16135569
16136896
16148477
16150208
16157572
16160457
16161659
16167699
16170286
16176486
16178049
16208959
16307614
16315550
16519192
16571153
16622249
16632781
16655799
16674737
16698686
16708049
16731515
16740844
16748818
16758226
16774886
16780986
16807872
16833090
16886589
16920618
16951606
16959959
16967264
16975115
16979108
17015216
17019092
17037873
17051618
17078821
17085215
17133494
17153097
17160544
17161173
17236213
17311801
17312627
17330573
17331001
17334364
17334848
17339545
17351628
17355323
17365199
17382453
17416122
17417792
17419956
17423605
17468025
17478297
17531821
17548295
17549821
17597749
17608424
17618646
17686829
17706497
17724814
17738731
17742252
17787862
17814233
17816395
17870405
17894983
17944531
18056110
18078183
18078429
18080561
18087120
18102067
18132813
18160158
18186390
18192765
18206463
18247676
18355342
18362075
18362651
18382306
18382373
18441486
18473871
18525788
18542250
18542877
18596287
18607557
18690866
18735075
18748482
18775988
18797661
18885539
18894694
18926131
18963114
18995310
19042339
19071761
19075186
19116415
19150820
19262179
19282660
19312758
19313027
19323456
19339955
19352855
19383042
19460442
19468805
19500625
19519504
19533721
19667373
19712420
19800726
19803018
19804267
19846520
19870007
19883030
19922342
19927366
19933768
19973755
19994009
20086227
20105618
20121035
20129672
20170685
20304864
20316112
20329943
20333373
20344303
20355250
20355380
20445434
20535092
20550235
20553308
20557049
20599424
20630221
20716633
20744336
20850931
20889419
20902171
20934980
20938010
20959691
20973019
21060825
21090379
21106009
21159598
21183870
21212320
21261908
21287613
21301616
21329079
21394074
21465400
21595059
21603164
21628563
21709868
21725423
21728149
21973823
22003251
22160653
22176807
22178174
22187482
22245094
22253393
22328711
22339072
22407989
22451513
22484626
22544277
22567724
22650324
22658235
22671534
22682128
22686120
22687905
22724502
22738888
22738999
22742372
22757592
22848200
22924409
23024953
23100641
23142335
23145314
23193646
23284711
23287118
23295051
23297498
23359981
23380220
23394293
23400415
23408475
23463059
23498742
23510370
23522771
23523250
23528017
23561970
23639227
23668544
23680542
23761232
23828194
23829904
23831174
23894794
23964657
23987997
24065474
24071905
24090430
24143442
24146373
24149173
24188518
24372246
24432330
24432731
24494887
24498840
24545200
24582874
24594007
24606785
24672777
24699514
24755326
24768955
24784697
24812794
24832663
24880680
24894613
24948032
25011572
25021870
25046607
25120758
25134496
25148378
25172415
25186682
25267837
25322051
25340081
25407637
25421687
25431598
25466428
25467633
25513515
25559465
25598650
25600644
25641059
25651501
25674516
25707794
25756898
25814726
25824207
25859019
25859639
25874704
25952907
25968720
26162185
26181350
26181553
26209061
26209185
26215981
26219192
26251728
26314129
26359526
26375955
26380209
26437287
26454863
26477671
26512577
26513360
26584573
26585512
26598435
26632868
26640585
26668473
26716388
26756373
26775965
26776184
26786939
26828974
26875528
26887772
26890976
26895440
26921057
26966822
26968433
27032519
27141130
27214563
27218188
27220959
27297606
27311788
27319671
27405145
27405437
27448369
27524974
27528592
27531245
27536792
27597826
27735465
27741144
27848197
27944117
27954802
28156886
28164793
28168759
28185158
28205898
28225809
28248836
28274311
28309682
28314624
28320062
28346585
28416175
28457080
28462577
28474084
28474676
28505013
28538231
28540152
28556779
28571728
28571969
28584208
28588404
28608090
28620967
28636233
28652056
28664334
28756811
28811582
28825621
28856461
28858039
28891709
28911232
28932580
28932794
28933846
28960758
29008081
29114401
29134897
29210636
29231402
29247267
29267945
29301736
29362295
29417150
29471724
29480902
29579429
29618521
29729912
29748992
29767634
29798643
29842749
29848293
29852802
29917688
29954365
29991172
30004348
30014571
30070589
30177673
30197940
30236772
30252534
30318826
30380392
30393019
30434022
30473508
30522300
30531884
30548184
30609176
30698441
30700521
30768678
30843669
30859094
30871744
30912214
30955125
31000965
31060441
31128237
31224425
31250215
31287678
31307764
31353727
31385008
31436269
31488962
31513735
31538251
31548930
31575753
31600394
31613451
31644420
31648090
31651177
31651620
31656992
31672132
31672508
31686632
31700837
31753790
31756165
31796547
31802503
31826274
31857926
31895506
31995506
32049194
32057479
32057710
32186292
32294587
32307665
32337504
32374333
32402977
32421305
32421604
32431613
32434239
32457336
32463074
32588413
32598105
32630837
32644887
32721611
32793177
32834404
32844161
32848966
32890254
33025667
33140637
33214274
33307529
33325479
33333211
33391774
33414974
33433763
33618260
33636058
33685790
33776147
33891711
33956099
34027236
34144961
34163393
34193454
34224582
34227869
34256035
34325113
34404322
34409835
34579122
34582686
34588018
34635682
34691371
34707715
34784017
34875967
34930050
34933045
34960394
35001858
35006316
35011911
35018501
35111234
35150750
35156681
35159610
35240186
35241451
35241522
35257134
35261331
35346321
35372961
35379618
35435748
35462384
35476111
35658546
35712608
35783455
35897281
35912730
35923523
36033698
36050955
36052076
36152563
36183439
36360991
36368256
36454775
36463665
36545069
36563414
36705881
36760272
36774097
36783919
36839976
36861643
36939032
36940132
36956589
37031765
37032035
37089558
37153792
37233226
37237061
37242620
37242830
37258859
37279506
37297539
37325912
37381766
37399431
37413978
37417914
37497242
37525242
37537777
37539921
37562568
37563379
37564917
37582102
37598399
37607048
37705109
37789043
37795437
37886384
37898960
37933848
38004456
38011189
38025021
38048270
38123920
38175889
38246869
38271099
38281074
38374909
38412294
38450157
38473141
38476960
38492960
38582239
38586541
38621585
38706716
38749405
38775969
38789534
38793697
38876166
38919377
38921434
38940256
38981722
39029598
39057241
39060041
39135802
39152781
39169051
39170310
39178422
39182371
39190554
39205129
39206547
39247589
39256516
39284912
39308176
39308920
39310452
39382319
39440686
39461039
39543748
39551968
39577506
39598260
39617254
39674697
39677093
39773339
39781175
39784859
39826659
39903572
39934498
39950442
39976070
39997177
40015606
40082598
40111152
40123026
40163380
40224758
40298019
40326616
40392089
40395489
40396005
40411417
40422087
40493278
40499167
40671729
40715951
40737864
40739624
40747053
40765890
40797355
40802798
40849002
40850557
40858792
40897490
40924340
40977494
40979810
40985024
41013822
41018584
41070594
41078512
41092623
41106529
41116164
41121919
41161782
41192200
41197034
41219710
41241373
41256510
41304808
41345021
41424290
41511763
41529565
41603444
41638491
41656504
41668237
41670239
41750843
41787561
41850016
41866051
41891111
41959318
41978338
42001197
42078626
42102028
42275437
42286171
42288925
42312475
42320421
42344384
42356616
42375343
42439586
42446359
42511807
42548568
42557397
42585316
42664014
42822981
42861741
42862158
42957557
43057083
43086294
43139507
43295820
43297139
43301997
43343157
43384983
43409451
43468062
43508766
43522812
43587208
43618690
43619055
43622903
43693596
43700011
43821130
43842252
43891341
44058673
44083928
44108744
44131435
44157996
44160640
44163158
44172431
44230987
44324363
44328881
44332647
44333137
44341608
44401348
44437553
44439347
44442580
44445379
44579216
44591682
44630997
44797974
44899513
45124642
45215567
45232301
45239794
45265712
45281601
45333330
45382641
45437997
45443373
45474401
45649590
45688997
45698968
45708487
45724595
45780439
45802588
45829953
45880593
45890808
45924794
45940381
45965556
46048066
46114215
46128227
46181731
46242560
46301386
46329221
46377995
46387041
46453364
46453584
46457111
46457688
46525181
46578817
46591245
46616576
46656761
46657575
46663156
46737130
46743824
46753516
46801250
46814954
46830933
46835385
46854004
46914982
46932121
46950822
47058295
47073010
47199867
47202650
47221625
47318935
47342299
47362313
47428478
47436276
47558782
47570787
47588440
47622523
47638441
47670792
47679381
47706920
47743868
47769474
47938907
47957847
48011989
48052802
48060092
48092596
48110528
48140280
48187756
48213245
48251656
48297072
48310089
48324483
48331435
48394848
48424865
48425889
48471768
48475771
48487741
48501047
48596201
48692965
48714769
48774113
48828365
48889041
48948834
48960697
48971922
49020576
49069422
49081496
49113946
49142680
49205997
49209824
49251569
49283117
49342408
49386153
49483649
49521144
49526649
49579651
49695540
49919758
49939963
49996206
50020739
50024805
50030955
50079605
50206457
50222209
50443078
50491697
50525601
50531969
50672312
50682949
50712015
50723219
50733496
50740163
50813155
50879505
50925062
50972752
50978700
50995844
51002510
51037477
51064217
51111565
51196621
51276793
51302863
51404287
51406583
51446843
51473216
51488381
51513101
51580058
51585451
51658526
51667748
51687226
51832171
51843924
51858226
51878775
51887684
52088118
52170264
52194816
52275411
52284024
52292869
52348043
52426882
52428753
52432367
52530185
52582912
52637963
52813831
52886954
53101821
53117745
53174371
53249057
53298705
53460686
53465386
53548114
53647824
53691616
53772490
53786455
53916374
53980391
54101281
54122491
54192597
54445815
54506384
54638351
54665102
54680011
54707989
54753990
54863943
54941893
54950968
54982347
55124083
55127700
55261368
55264746
55326382
55335646
55377164
55400139
55563947
55589273
55626508
55755404
55921485
55960423
56157367
56247299
56248206
56452160
56457054
56536713
56560228
56561846
56596638
56819526
56860802
57024041
57031256
57080265
57088414
57091051
57124660
57148765
57219892
57235253
57245024
57345062
57436914
57465374
57472454
57562425
57596831
57659328
57789429
57862593
57865979
57897810
57917838
57963377
57986115
58006881
58018125
58138706
58167882
58177286
58184246
58218257
58357406
58379868
58388333
58488662
58504396
58522891
58587936
58717120
58732770
58753209
59009804
59042589
59118083
59178981
59291526
59349383
59434349
59517441
59593951
59598908
59612775
59671730
59799591
59819462
59959886
59984474
59985780
60057734
60072856
60185044
60314778
60508609
60536834
60537465
60547745
60717297
60782421
60791545
60872589
60926266
60947767
61032363
61033601
61118427
61235645
61316502
61339616
61387857
61596914
61640797
61685344
61709507
61723929
61790687
61838685
61855248
61899420
61999988
62099520
62114225
62172051
62175401
62175548
62363444
62395958
62401725
62408816
62529208
62552604
62575351
62667354
62699708
62987399
63026977
63044729
63100098
63231930
63272148
63342996
63364028
63466546
63492018
63508931
63512017
63517589
63580530
63629529
63665804
63757842
63857586
63928871
63944136
64177774
64192517
64268312
64340455
64478412
64566009
64664128
64744281
64767830
64824799
64859365
64918331
65077378
65084269
65092929
65123208
65155161
65268841
65397000
65441650
65446375
65446441
65447608
65452208
65478173
65480432
65496833
65546835
65609661
65685201
65702155
65711691
65782152
65916625
66013419
66062788
66130259
66262433
66392829
66550287
66633581
66654794
66669597
66766685
66883872
66998933
67042903
67057905
67078443
67124544
67157610
67186255
67376026
67436015
67461594
67591376
67688775
67698842
67773567
67844073
67959334
67996924
68087967
68140163
68150890
68191385
68271758
68334827
68584257
68657382
68677347
68703838
68748874
68773630
68796509
68939257
69004950
69007918
69050280
69073479
69125278
69161063
69280420
69314535
69320756
69368447
69378803
69510644
69560487
69793408
69816853
69987542
69995758
70026110
70063216
70083761
70105524
70169142
70199441
70229564
70266773
70309545
70419951
70477045
70500052
70604725
70688481
70752156
70776369
70850196
70852609
70914049
71068076
71077135
71181992
71182043
71321607
71327538
71361379
71388462
71426371
71428207
71525929
71570746
71652116
71672891
71765637
71866965
71959341
72000208
72145411
72257407
72287867
72390446
72406499
72501111
72507730
72557456
72708818
72847482
72909368
72976460
73016082
73019972
73044248
73104584
73232836
73335998
73347801
73440532
73569363
73587732
73660919
73763055
73765102
73779605
73963372
73983940
74033588
74055004
74057588
74062650
74342840
74456067
74489315
74653597
74687318
74693590
74754123
74926001
74946585
74963130
74969072
75046513
75092240
75222441
75263673
75275433
75336743
75365998
75462377
75709705
75746304
75756255
75833478
75833645
75868559
75896138
75906498
75913447
76116095
76213893
76263704
76296292
76479170
76547182
76554840
76568802
76653413
76692886
76868839
76896680
76973646
77061584
77112924
77124575
77136433
77147458
77256816
77278216
77319215
77321748
77363896
77415124
77492751
77508302
77523423
77540951
77543913
77610286
77642800
77643952
77682678
77691119
77720072
77770131
77789302
77811850
77848527
77853489
77869904
77905422
77925061
78096243
78098416
78118577
78124914
78154928
78187246
78212472
78213083
78227759
78327790
78345222
78347856
78370181
78444913
78448595
78473620
78483594
78486193
78588274
78631761
78697574
78710252
78710486
78818099
78849939
78863985
78885168
78912587
78919956
78928259
78941050
78967025
79028532
79044351
79085804
79099591
79164801
79166412
79207238
79220460
79257809
79268972
79278546
79301387
79302833
79353548
79384811
79438173
79518687
79568020
79575081
79576021
79582225
79599836
79625067
79690414
79700113
79715152
79717124
79722763
79726659
79744021
79750426
79768012
79826479
79883892
79916224
79947830
79948212
79973180
79975629
79989797
80066853
80079376
80150538
80169675
80211762
80232029
80283883
80333776
80396810
80448740
80459773
80504811
80518401
80532780
80548155
80554277
80561280
80616261
80626347
80652940
80667243
80720917
80733648
80755019
80765589
80795147
80810682
80822125
80830349
80863530
80878640
80878670
80901416
80908597
80911310
80950549
80954442
81013802
81024221
81044751
81076605
81136205
81165846
81221425
81227576
81240340
81241456
81317231
81322349
81327052
81336652
81339162
81392414
81400842
81404853
81413654
81497416
81500594
81506646
81523280
81551382
81577462
81593560
81606063
81606763
81617372
81621210
81644051
81727754
81752015
81769102
81773554
81825917
81920371
81944489
81951567
81981204
81994749
82006279
82073097
82091202
82099993
82151534
82192215
82208460
82244813
82252618
82263178
82271433
82364987
82388777
82392969
82394892
82403540
82440759
82448342
82528234
82530199
82578485
82591036
82600649
82628928
82641747
82675191
82679177
82688227
82701816
82728117
82782912
82978345
82982121
82994386
83007037
83035627
83043928
83059944
83068298
83131419
83159693
83162511
83169676
83227144
83239496
83285202
83290408
83299736
83302536
83310536
83311887
83356169
83398360
83454860
83525066
83563066
83598520
83610792
83647295
83652215
83706842
83727557
83786095
83787243
83793304
83806439
83815385
83816664
83848312
83897107
83922585
83926343
83950582
83978985
83979176
84010722
84018743
84027080
84071314
84089349
84101166
84163192
84198366
84224790
84246297
84270358
84272647
84305193
84324005
84362055
84450407
84453624
84454240
84462978
84471742
84473017
84476537
84488559
84518465
84543206
84608805
84662503
84683417
84687799
84715367
84791014
84792447
84793771
84801037
84820332
84839687
84898226
84914529
84917306
84923272
84937178
84958809
84971336
84979448
85034420
85039065
85114678
85138510
85146038
85251719
85266218
85413702
85422382
85429608
85450537
85456473
85506214
85590345
85650827
85686889
85739321
85841984
85846695
85924571
85929882
85941414
85957887
85976093
86064788
86068680
86109818
86113304
86121099
86121851
86181401
86194393
86209018
86237178
86261552
86284155
86321718
86352775
86363976
86378053
86407835
86409413
86437952
86440312
86458363
86468534
86491938
86493398
86519707
86540726
86557992
86598917
86623173
86651194
86653650
86668614
86685221
86812766
86815878
86835204
86837275
86887068
86915655
86944357
86955087
86994288
86998903
87064965
87073799
87090852
87180154
87181989
87183656
87211405
87219248
87220636
87222331
87235868
87241040
87246791
87286203
87309158
87349037
87362086
87376859
87410148
87454148
87466876
87504646
87530688
87549061
87579360
87601308
87609021
87626433
87669596
87683432
87697347
87747041
87761710
87774869
87775663
87814348
87818211
87832999
87861730
87881391
87889368
87917692
87934355
87980318
88005924
88041699
88069434
88079558
88103421
88113342
88140350
88191869
88195262
88212743
88235495
88250087
88254696
88255897
88262375
88265052
88338328
88343332
88403651
88413599
88418532
88418809
88438712
88449009
88539068
88541066
88556867
88558866
88592173
88594270
88606433
88657212
88711963
88725247
88742681
88742979
88758008
88760221
88765277
88836288
88846464
88848438
88905333
88957378
89029365
89031526
89043520
89083945
89100614
89128130
89204961
89240287
89243745
89261146
89263202
89287318
89309160
89321129
89329926
89389698
89393056
89400265
89411213
89447615
89457951
89559881
89567689
89571303
89596093
89609366
89620254
89696991
89699899
89713953
89718274
89726211
89746072
89749146
89779130
89782398
89834463
89875357
89886939
89972215
90049449
90102765
90108452
90108735
90113315
90140377
90174496
90177759
90206239
90214151
90236422
90236432
90280232
90293343
90303386
90321082
90326783
90400321
90430510
90439133
90455485
90470301
90493448
90509946
90512880
90633571
90683168
90727721
90745206
90855401
90859351
90876140
90886048
90889336
90903268
90913370
91028923
91103072
91107235
91184471
91471364
91495494
91503196
91559428
91717730
91743788
91747149
91747748
91768189
91816524
91820489
91884117
92013792
92028261
92037029
92084206
92161249
92253923
92256167
92313795
92316076
92372192
92372728
92395101
92414308
92444107
92444134
92481434
92496521
92571477
92577248
92605694
92611990
92655202
92709238
92709548
92726397
92774244
92838173
92886871
92897770
92938746
92993670
93024726
93119462
93202333
93206879
93244455
93246958
93324161
93325017
93368289
93472486
93557385
93609514
93614758
93619745
93662590
93679808
93785955
93808909
93885627
94032224
94053024
94246340
94297981
94420703
94454497
94519413
94545050
94680215
94690329
94752025
94767798
94772728
94816472
94856439
94943102
94996362
95106276
95152448
95216676
95238460
95318723
95495235
95501701
95520514
95584313
95618200
95670619
95690729
95835480
95988957
95995839
96042085
96122215
96212511
96372993
96429699
96517834
96787005
96812728
96860221
96890433
96911175
96961248
97066418
97222178
97316503
97357587
97365402
97445618
97487228
97501305
97510785
97567319
97640007
97733126
97761263
97763195
97909798
97934479
98285996
98341746
98447207
98473127
98552978
98560119
98567212
98569114
98637683
98743435
98931353
99009988
99128703
99192590
99239132
99244079
99271687
99380689
99449716
99453852
99570011
99613905
99769984
99839759
99940853
99978690
100072400
100135699
100147630
100228850
100270639
100319579
100337156
100396602
100402778
100477419
100509210
100598677
100616523
100765842
100790027
100801426
100879343
100890860
100891152
100906745
100928149
100944499
100979355
101016683
101076931
101099749
101114646
101115140
101122320
101152155
101156899
101336037
101463681
101513510
101595727
101848144
101897396
101997349
102038513
102126842
102131548
102156009
102356040
102400286
102414315
102464815
102549493
102569347
102570628
102685097
102801571
103015200
103074076
103105020
103108003
103110060
103131664
103153353
103265000
103300946
103396462
103396534
103414472
103414476
103474099
103507144
103554067
103579282
103675819
103745389
103767498
103824502
103861447
103892943
103915350
103930984
104068591
104145783
104158912
104193892
104262484
104283696
104284694
104337976
104343290
104346165
104370844
104583117
104612519
104769549
104802415
104803449
104847335
104904663
104944688
105117583
105151180
105277054
105285214
105437897
105460321
105535525
105544398
105587662
105632229
105723696
105816984
105833715
105834405
105866535
105913170
105925832
105931990
106043224
106191457
106199478
106236449
106436825
106561519
106615695
106668407
106672919
106717140
106779995
106823087
106838964
106866641
106951961
106960922
107007660
107024058
107187849
107192005
107223417
107304173
107371046
107374294
107377156
107489238
107607407
107624017
107628314
107659128
107680522
107695030
107807785
107857033
107882121
107905785
107964382
108100347
108104978
108115849
108131306
108160621
108191452
108298046
108321412
108396036
108410556
108463524
108493252
108513470
108545850
108562309
108562953
108595695
108611943
108740136
108758915
108876247
108884314
108918776
108974504
109056272
109083194
109133271
109144200
109165569
109255150
109280649
109530732
109550997
109578785
109588432
109669577
109679715
109695903
109745612
109830574
109832400
109874628
109909045
109925941
110130064
110207230
110223908
110313672
110316135
110318463
110332451
110346387
110355333
110382793
110448621
110465593
110519239
110555713
110556589
110576881
110619488
110653019
110698000
110775068
110793480
110856350
110856461
110939794
110956605
110971579
110998537
111037445
111039964
111049487
111107097
111112831
111117822
111146899
111192211
111348904
111441543
111499068
111543105
111574371
111584034
111628870
111667533
111709574
111737354
111747772
111795316
111809823
111820743
111940104
111947500
111955619
112053324
112064670
112107098
112175344
112190954
112211164
112231768
112237463
112298112
112325430
112355175
112405338
112435072
112441216
112508571
112513902
112596953
112633304
112656327
112658121
112665605
112669081
112678232
112708276
112715050
112758995
113017959
113034896
113047015
113055485
113157894
113283100
113289487
113440937
113452126
113458331
113472105
113489594
113527296
113540866
113600404
113607114
113637158
113645345
113658601
113673825
113678778
113686217
113687092
113705743
113718400
113732743
113738160
113752361
113762290
113867020
113945500
114006903
114014093
114105964
114130001
114169493
114175466
114241057
114290844
114303868
114326934
114337918
114401945
114448684
114612005
114697894
114700668
114728053
114743606
114750890
114771732
114785280
114800371
114825150
114854398
114903773
114944335
114949206
114950859
114980817
114986699
114988278
114990536
115032640
115087982
115100979
115102684
115111330
115145649
115151159
115171997
115184808
115220588
115283778
115358505
115361677
115470777
115491404
115522833
115533689
115540963
115567892
115573000
115602237
115647703
115690879
115718219
115721535
115726434
115729350
115759354
115763066
115826166
115845061
115864325
115887767
115913694
115931240
116108229
116236184
116315084
116358934
116405007
116460815
116535669
116580877
116583647
116613600
116642761
116661069
116663314
116741745
116766025
116810963
116849933
116860026
116877609
116906232
116953852
117034876
117065516
117070933
117125079
117184317
117327559
117452283
117467517
117516334
117553711
117555165
117608910
117643456
117724404
117804027
117829977
117893810
118044364
118050078
118059186
118120484
118184430
118310902
118447363
118473307
118484217
118520726
118527389
118573898
118599843
118685568
118750737
118766337
118794288
118814170
118920200
118929795
118956269
118976162
119050685
119162818
119205398
119258166
119366396
119376182
119526165
119539518
119720873
119733885
119735610
119745642
119794326
119798224
119865461
119878798
119916240
119927083
119942269
120007543
120033099
120043477
120102728
120119111
120125909
120252715
120294423
120378044
120671577
120729000
120793870
120807707
120897912
121116000
121125782
121145317
121200001
121263852
121288791
121350329
121351529
121373507
121400807
121409401
121414514
121418294
121418520
121419868
121438331
121494001
121608633
121612731
121638534
121653029
121657841
121708592
121790454
121793599
121869134
121872194
121901485
121936439
121983176
121995327
122015099
122109923
122148490
122155099
122176715
122179715
122197518
122254239
122260971
122373779
122398749
122414126
122447844
122448529
122533608
122586629
122609383
122686221
122730208
122732740
122742250
122781864
122840393
122867832
122935122
122958945
123046260
123116467
123164147
123231543
123297934
123337394
123343034
123378541
123383596
123403220
123425909
123449958
123485178
123536144
123596371
123607299
123656902
123727242
123732536
123753954
123773386
123919343
123941284
123972070
123980630
123982334
123990693
123998053
124034163
124049142
124091112
124136558
124230642
124294929
124305529
124352111
124373823
124454236
124471668
124494628
124590304
124630399
124749156
124761258
124993486
125006445
125052804
125062012
125093124
125109937
125170140
125208658
125257754
125261332
125264778
125320969
125336333
125342562
125404539
125432968
125464911
125555429
125560811
125659654
125761702
125836944
125882816
125922175
125961849
125985625
126045824
126063577
126086435
126138581
126141157
126163708
126310373
126315086
126341206
126341419
126360808
126380032
126383025
126439289
126444453
126523687
126546057
126555361
126565861
126566611
126586104
126593269
126604048
126622506
126716271
126724674
126773303
126779294
126793894
126838904
126865109
126878821
126910897
126979668
126996161
127095464
127109616
127116456
127136699
127141041
127142040
127155805
127187095
127209853
127235382
127299830
127408526
127495872
127548607
127554847
127557256
127573103
127583286
127609985
127709512
127728796
127747454
127781852
127796541
127796911
127851944
127879395
127922696
127994720
128123902
128180286
128186948
128211198
128262569
128276176
128276959
128288215
128297671
128308770
128379117
128396517
128478295
128496496
128522550
128553853
128570664
128576081
128588585
128617765
128755825
128760797
128765713
128834059
129014545
129046399
129085728
129135381
129175461
129176857
129219681
129236782
129276096
129330001
129352043
129406412
129430788
129452984
129461744
129478159
129482222
129487129
129577842
129660143
129788807
129976898
129978231
130004243
130029039
130057794
130089857
130095264
130144917
130186378
130192222
130194901
130197589
130199883
130250161
130259556
130275883
130281356
130324413
130329329
130344080
130403627
130524784
130527425
130534125
130688305
130697841
130711529
130733357
130757102
130784990
130895077
130915372
130956744
131017586
131044865
131086986
131114167
131185120
131192401
131212207
131249612
131287297
131310479
131394800
131469486
131470168
131525266
131539668
131541458
131558399
131574345
131655547
131767755
131824098
131848135
131894726
131925224
131941405
131970801
132010509
132022484
132029367
132031413
132092904
132113337
132127942
132210952
132261048
132263468
132266387
132271369
132302778
132308876
132432610
132452982
132486396
132498119
132513014
132619804
132660442
132707113
132712562
132712704
132732462
132764210
132790208
132809049
132817161
132845748
132901458
132918946
133009551
133015242
133046359
133125462
133159075
133195381
133243515
133247686
133376968
133389259
133423971
133484434
133637138
133642963
133650033
133682164
133685958
133693589
133726803
133761208
133781919
133802668
133803748
133805452
133864718
133880526
133908301
133985498
134019933
134081630
134094702
134126133
134194377
134237643
134243769
134289045
134314381
134342866
134461067
134468021
134489679
134493323
134538130
134664898
134672344
134801711
134810401
134867023
134882011
134882703
134896352
134949243
134996965
135063341
135081201
135168073
135173204
135211118
135233304
135287333
135370228
135385534
135428676
135452953
135517968
135536062
135541133
135579783
135611065
135623302
135625178
135663833
135705153
135711999
135801397
135851549
135900182
135902902
135910567
135932041
135934781
135972052
135977192
136001683
136047198
136054646
136185426
136208539
136243364
136275237
136320150
136369514
136377860
136387588
136427333
136431997
136465178
136493092
136539951
136544810
136576859
136644356
136697604
136723980
136756431
136799720
136897494
137014952
137015474
137020164
137070919
137083869
137109938
137173504
137203677
137242700
137247015
137253933
137311621
137342961
137397320
137402053
137409155
137435516
137490098
137502775
137523642
137539300
137540177
137544295
137570360
137644915
137650387
137695168
137701280
137710252
137729629
137820048
137890143
138024726
138053828
138075646
138099429
138126751
138143632
138173488
138173918
138177616
138203535
138212217
138215969
138228477
138253386
138254565
138274759
138277048
138324216
138406934
138422263
138445656
138535336
138545618
138583056
138613718
138626403
138627606
138644075
138696951
138697680
138814750
138828476
138850019
138928779
138953647
138960511
138980738
138986723
139003107
139030720
139050111
139057210
139111986
139132867
139198929
139232524
139248680
139304692
139309858
139348588
139368354
139379637
139428924
139433721
139477780
139536677
139565078
139597736
139602054
139605762
139648490
139659081
139675903
139700730
139734602
139758781
139773769
139851336
139851753
139867238
139889445
139932467
139982084
140072378
140174088
140178233
140196100
140219512
140223943
140254070
140294366
140322808
140357060
140357670
140366119
140385093
140394800
140414307
140449708
140465093
140548407
140567226
140586556
140611780
140639944
140707245
140710311
140754346
140793172
140795939
140822921
140946401
140952384
140961935
140969769
141031679
141131525
141142521
141145702
141147202
141156712
141167764
141179397
141248866
141291511
141310046
141335611
141381613
141391671
141450398
141491652
141493089
141528315
141701449
141723669
141739308
141752297
141778690
141789750
141804066
141839636
141917234
141996478
141998689
141999222
141999478
142012801
142130534
142147273
142159813
142180969
142200602
142222356
142244376
142261814
142267105
142272261
142315133
142412554
142484413
142506164
142610594
142612605
142614103
142640315
142661024
142683457
142687763
142718557
142804824
142812403
142856539
142857843
142915036
142926140
143046947
143118205
143137383
143251261
143265305
143283176
143339138
143423947
143446635
143459392
143509660
143533577
143570099
143573114
143583078
143615435
143760035
143767745
143793598
143794241
143806226
143831167
143864473
143897863
143938984
143989259
144000465
144055893
144069856
144157770
144178575
144185242
144187033
144188961
144225658
144242601
144262363
144310607
144318815
144331152
144342115
144356774
144380924
144391375
144411584
144432113
144508070
144525110
144547046
144561870
144579743
144585419
144609950
144638120
144686873
144717030
144839269
144845774
144881641
144894736
144909661
144974064
145006251
145049788
145132926
145186567
145186991
145223226
145253130
145260902
145286569
145305463
145392674
145408802
145447837
145471078
145476455
145593792
145631661
145647744
145738990
145741543
145746737
145884151
145941733
145949120
145953527
145987373
145994938
146092493
146133943
146152022
146270110
146274845
146283529
146302167
146328960
146400840
146402432
146433501
146440965
146473090
146562676
146603134
146625280
146720904
146767490
146778224
146891945
146928368
146968626
147024899
147026501
147053985
147095927
147120926
147202458
147231856
147268376
147310891
147322083
147362078
147410523
147465202
147496131
147513760
147538179
147584651
147607406
147621275
147674149
147684781
147686070
147709166
147728214
147732436
147796962
147844415
147864601
147873837
147910935
148029661
148138494
148173338
148180195
148210036
148280675
148298085
148312946
148313709
148319392
148346638
148347534
148402868
148408382
148451361
148455397
148483047
148525767
148615460
148644353
148652373
148733658
148742199
148849365
148852320
148859230
148872815
148967086
148967921
149038921
149062978
149069305
149074694
149103215
149113807
149162509
149252613
149333845
149388102
149427462
149549286
149549857
149570667
149604531
149660511
149664276
149688995
149720132
149732869
149754964
149800443
149836592
150016662
150022674
150028056
150040043
150061604
150188558
150229281
150229671
150272446
150296584
150357230
150358926
150377926
150412876
150415770
150461007
150468636
150531493
150540674
150580153
150712673
150766782
150820372
150876354
150930120
150955184
150986460
151091723
151143633
151165130
151179850
151266363
151322084
151422047
151450516
151490874
151581842
151689044
151722065
151735515
151745857
151756865
151757150
151782995
151855851
151923691
151959051
151971249
151973107
151987323
151997703
152023538
152031444
152037570
152069020
152156212
152176339
152206228
152215361
152228755
152256766
152335591
152355179
152451009
152565866
152692799
152697427
152700927
152725525
152787642
152805885
152842529
152957125
152978351
153007943
153032564
153057008
153123328
153124692
153130406
153179428
153192706
153246321
153248845
153270846
153335083
153340846
153392504
153405388
153419046
153421982
153423981
153497185
153724042
153768193
153776160
153890257
153903893
153908727
154062204
154073408
154163561
154219799
154254901
154259251
154289814
154323228
154328755
154353015
154408150
154417644
154508874
154555342
154589398
154600805
154625066
154674602
154727522
154759205
154759764
154829246
154831510
154850374
154879488
154881764
154927912
154932767
154957260
155057563
155062953
155123927
155153184
155198561
155205164
155261105
155274532
155274538
155334257
155361244
155371202
155400722
155430665
155438483
155457944
155475688
155514003
155515597
155531868
155556949
155572310
155721613
155728204
155728253
155748626
155806312
155828621
155920856
155954608
155989255
156014872
156050946
156051042
156079010
156107954
156125625
156132446
156235829
156305557
156413900
156443667
156475487
156541755
156605290
156748297
156760240
156824892
156888598
156897916
156980600
157017844
157058392
157063844
157196919
157207725
157269431
157291751
157328113
157383699
157389123
157398382
157407081
157428444
157464380
157485885
157502543
157540283
157547691
157561212
157643455
157670045
157683384
157710285
157732050
157817353
157899836
157927212
157963787
157974313
158031707
158049048
158137524
158149230
158182052
158201047
158216154
158221351
158227413
158228114
158298942
158354256
158466217
158471274
158473338
158507033
158538190
158547878
158574187
158579027
158635552
158638426
158686757
158703612
158736171
158762727
158778147
158807313
158896816
158913288
158954158
158990131
159032577
159035790
159075201
159077142
159096280
159106242
159283776
159367643
159374003
159406298
159506522
159515268
159527865
159528387
159530411
159539598
159549666
159561293
159563681
159626783
159725168
159760998
159770307
159777798
159780140
159800197
159809767
159836496
159842775
159901622
159965672
160087157
160124408
160133045
160146836
160206007
160250277
160285336
160349154
160353061
160365657
160375781
160381875
160415422
160451978
160468969
160519397
160594926
160601340
160700855
160809642
160815124
160836488
160882074
160953066
160958250
160989561
161002759
161008523
161054685
161091782
161111880
161130453
161183343
161353201
161377384
161402337
161479173
161495630
161518213
161605889
161673948
161750044
161798402
161824437
161837403
161892775
162036295
162037241
162136900
162168557
162178173
162189813
162237499
162247896
162278311
162316151
162332791
162334950
162360592
162405745
162407524
162421680
162441295
162442456
162474001
162475812
162480079
162538218
162545554
162627976
162689997
162752629
162765278
162770164
162816112
163019107
163059695
163196108
163249167
163374796
163402424
163534563
163592434
163597629
163625809
163729125
163752311
163784412
163793296
163802287
163824334
163825573
163843579
163942885
163969016
164056112
164061732
164131718
164144080
164167652
164184173
164196287
164204314
164214676
164228167
164273410
164287074
164307363
164327876
164395793
164410213
164418411
164435295
164507177
164528599
164586417
164607977
164762093
164772292
164813448
164842118
164867017
164919528
164948238
164953949
165025784
165031454
165068166
165085016
165134509
165135453
165163334
165172710
165173312
165270604
165274994
165303806
165312587
165333019
165338533
165413619
165437538
165522784
165526201
165547549
165579500
165630944
165683431
165694960
165719829
165724003
165790470
165811601
165857320
165888381
165959615
165959934
165974718
165993926
166004795
166036508
166038886
166050890
166077891
166079230
166096026
166102099
166110812
166133386
166177216
166198376
166200414
166202418
166302950
166330143
166331902
166446074
166474433
166527586
166528880
166531747
166532784
166573987
166588957
166625257
166651399
166652205
166727301
166735352
166792867
166814079
166819844
166844895
166885630
166904481
166908601
166938320
166950492
166952932
166963690
167042436
167062945
167063673
167121988
167135240
167141678
167175632
167186030
167199654
167439495
167448435
167590941
167595039
167606979
167651009
167658265
167676680
167736468
167747441
167773629
167778432
167789630
167806390
167833377
167845834
167855773
167903505
167938321
167958404
167987026
167997050
167998219
168069355
168090158
168093311
168105475
168188569
168204274
168212758
168214492
168263838
168296820
168310437
168326353
168349294
168403700
168418280
168472514
168503762
168534307
168539536
168674450
168691725
168758333
168816551
168862637
168863121
168867291
168894095
169035042
169040515
169041176
169083536
169085895
169116254
169148266
169184089
169194705
169195780
169231858
169252482
169283613
169288911
169354660
169380985
169389992
169539177
169545498
169576209
169581353
169629680
169635608
169641455
169653390
169707237
169715954
169823329
169861876
169890521
169897982
169901730
169925291
169980736
169998936
170082056
170085409
170109524
170226985
170229923
170248223
170250672
170284630
170305870
170312623
170314505
170316541
170359853
170365602
170432219
170514648
170569268
170577124
170587237
170614014
170667568
170676785
170676868
170696228
170741413
170761411
170787090
170804490
170812222
170871135
170888490
170934024
170961902
170971446
171001421
171007335
171077545
171081683
171106906
171127043
171152189
171188809
171216491
171264372
171281258
171298768
171328863
171334939
171359104
171372788
171375368
171392026
171401104
171430642
171548852
171606194
171670687
171703403
171715956
171769651
171816658
171841227
171849173
171852637
171945931
172000332
172021047
172038863
172063038
172142957
172184653
172210875
172234894
172261983
172334653
172366634
172377949
172385398
172385963
172389917
172395186
172462242
172469860
172551423
172571692
172680636
172698435
172726898
172733727
172778655
172828239
172833855
172851043
172851944
172888896
172891469
172891873
172983192
173109951
173112249
173116972
173123052
173157708
173170558
173232714
173242846
173256753
173266140
173296769
173337794
173385736
173463405
173493566
173528833
173545730
173553645
173584570
173646637
173667935
173677043
173708945
173783630
173858954
173866924
173868899
173875351
173877195
173907929
173919617
173997023
173999774
174025957
174027642
174068922
174070841
174111976
174114848
174145091
174224529
174241833
174287415
174289962
174304501
174306058
174311297
174380026
174380467
174397751
174426393
174490217
174498579
174544554
174553663
174570177
174586238
174602228
174605300
174610195
174617608
174684673
174701958
174756959
174789869
174832297
174832878
174869964
174902831
174938487
174974993
175021150
175024686
175110741
175113384
175132876
175138442
175161488
175204001
175239410
175290256
175314725
175393194
175420514
175454532
175528163
175534035
175602554
175603861
175635641
175645936
175658936
175688253
175741601
175764787
175823344
175865313
175899550
175937729
175960523
176027005
176056236
176061346
176069039
176077486
176175722
176295662
176298513
176301064
176313126
176412758
176428192
176433626
176438880
176462653
176475558
176529181
176610956
176689692
176694016
176704450
176720005
176785109
176842396
176843364
176845948
176859635
177002460
177057376
177088628
177095580
177160742
177190072
177274660
177278270
177291722
177342443
177386749
177470878
177494337
177524074
177543543
177636103
177659461
177680672
177747516
177771687
177790938
177792544
177817270
177969693
177999704
178003982
178006654
178013255
178059658
178102915
178129988
178141005
178145930
178189578
178193174
178206924
178218150
178257553
178281478
178289335
178302968
178399270
178404235
178429287
178497694
178514789
178524474
178531030
178541095
178625470
178697616
178707429
178733699
178752459
178847824
178886719
178916223
178929697
178940224
178950432
178983337
178984266
179012414
179098575
179134504
179142207
179155410
179191283
179196896
179212143
179294423
179301532
179308601
179427497
179504098
179506110
179521240
179524508
179567806
179571176
179608183
179711811
179824215
179827445
180033840
180115619
180148941
180192235
180194653
180216092
180228639
180297732
180349852
180397952
180406024
180441421
180456676
180477369
180582138
180599139
180668271
180681922
180759471
180767272
180793097
181033884
181103169
181119469
181243279
181280674
181297454
181302710
181520537
181522557
181539351
181571983
181590912
181693236
181708109
181711958
181720885
181748365
181768781
181819162
181830451
181842687
181922157
182020655
182149264
182224372
182344138
182351213
182353773
182370307
182377561
182432456
182469249
182480769
182488135
182560104
182613590
182664231
182698144
182716333
182732438
182744003
182756527
182767752
182778196
182799109
182805998
182826252
182881302
182932462
182937521
183112392
183194810
183204036
183244363
183300086
183395959
183406679
183468127
183555319
183560520
183627352
183724455
183771517
183811858
183824839
183926800
183997204
184017369
184111101
184228165
184242661
184332399
184356130
184378283
184457003
184570757
184706690
184810559
184874704
184901845
184970318
185062547
185214273
185277753
185330043
185342298
185414203
185428914
185454470
185623965
185733363
185774836
185833513
185872270
185908485
185981020
185997444
186016025
186020077
186045104
186110170
186110463
186146948
186229182
186261293
186310269
186356070
186374523
186379771
186431591
186528354
186569656
186570428
186571969
186573728
186659530
186727611
186732047
186754556
186758022
186797267
186838821
186927037
187108351
187132665
187148873
187223013
187224285
187229843
187234842
187251146
187332737
187354614
187365109
187370000
187380884
187385438
187395890
187447824
187457203
187487644
187506283
187532876
187533084
187616313
187658325
187696257
187743030
187773686
187777334
187797628
187811617
187823275
187824189
187831587
187843868
187905736
187926278
187943235
187991706
188074650
188085182
188110293
188134782
188161762
188276722
188309344
188486839
188556321
188580883
188601037
188602120
188674755
188679067
188786733
188839368
188881708
188982483
189027020
189033580
189051475
189167233
189233473
189257410
189263873
189269909
189313346
189315741
189450873
189463617
189515972
189584001
189596728
189665831
189668576
189678021
189694004
189749951
189830551
189848613
189857667
189918713
189938154
189956503
190069444
190138812
190152058
190175490
190321371
190332020
190344470
190359658
190368867
190417082
190494215
190624229
190681324
190702404
190752487
190868547
190979492
191013151
191048614
191070356
191111453
191131489
191135320
191192095
191200628
191217539
191233153
191325764
191332492
191339301
191398359
191415201
191511327
191659423
191660100
191671735
191677963
191851298
191852164
191877218
191929768
191960725
192039158
192039555
192041922
192084163
192165544
192192258
192201534
192313353
192339489
192477351
192577250
192600288
192601557
192606563
192663749
192693408
192890688
192933591
192979936
193004833
193035548
193045917
193045992
193108095
193141886
193156887
193197944
193394913
193399781
193573821
193602632
193687977
193785957
193811866
193816585
193852634
193870112
193993609
194029857
194079485
194125567
194174888
194183400
194211645
194261863
194287945
194309119
194386212
194429542
194507466
194553733
194589785
194647810
194690239
194702373
194782563
194797438
194797793
194834757
194914875
195005993
195111383
195244097
195405066
195489373
195505878
195520546
195541473
195555871
195656314
195697281
195797093
195837092
195866014
195963228
196007897
196082457
196246697
196310592
196698855
196783364
196811400
196929791
196948826
196975555
197067872
197097920
197155776
197159680
197207145
197269049
197433624
197542270
197546949
197602335
197630857
197660963
197664676
197796485
197816320
197830402
197853856
197902174
197986569
198063266
198065790
198084037
198164414
198253244
198407112
198419100
198499744
198515491
198729509
198778790
198862362
198877305
198949920
198951746
198959234
199076293
199165988
199435750
199512440
199562728
199568633
199584291
199605510
199729787
199984088
200008130
200030013
200157736
200529062
200591142
200674306
200686916
200899236
200911257
200920646
201123906
201215591
201298873
201387047
201444773
201577856
201615261
201635972
201878015
202051171
202107073
202337221
202341445
202628158
202662821
202830265
202968230
202981022
203554499
203598886
203945627
203975197
203999069
204078783
204105500
204175205
204305510
204306820
204563165
204631076
204662080
204885562
204894143
205161019
205268770
205421442
205515685
205753541
206189473
206376864
206395074
206445246
206582011
206610242
206744384
206962460
207058754
207120161
207163813
207399773
207566269
207644227
207748670
207811811
207867553
208372255
208432355
208593859
208840253
209027488
209221502
209512609
209514594
209663615
209900864
209923875
209937501
210195488
210211009
210559613
210566301
210855137
210934818
210948064
212385056
