3234284
4842037
5600243
6100674
6368976
9470401
9600858
11036589
11038418
11309564
11719512
11825897
12128280
12270018
12506524
13009279
14749713
15089901
15179217
15186524
15738063
15997768
16740844
16951606
17816395
18102067
18362075
18473871
18963114
19313027
20329943
20344303
20902171
22160653
23284711
23287118
24090430
24594007
25467633
26181350
26921057
27220959
28274311
28932794
29618521
29748992
29848293
29954365
30014571
30252534
30843669
31000965
31436269
32186292
34163393
34691371
34930050
35111234
35658546
36033698
36183439
36563414
37582102
38374909
38492960
38793697
39440686
39781175
40326616
40422087
40850557
41304808
41638491
41656504
42275437
43821130
44058673
44157996
44230987
44442580
45880593
45890808
46048066
46114215
46657575
46743824
46801250
46950822
47199867
47570787
48596201
48714769
48948834
49342408
50030955
50682949
51404287
51488381
51858226
51887684
52292869
53548114
56157367
57245024
57862593
58522891
58717120
59819462
60717297
60791545
62175401
62175548
62401725
63044729
63100098
63629529
65452208
65496833
65546835
65609661
65782152
65916625
66262433
66392829
66633581
67376026
67688775
69125278
69378803
70063216
70477045
71068076
71525929
71672891
74055004
75365998
75756255
76547182
77853489
77869904
78863985
78885168
78967025
79099591
79164801
79438173
79518687
79576021
79582225
79722763
79726659
79826479
80616261
80810682
80863530
81165846
81400842
81944489
82244813
82263178
82271433
82388777
82641747
83043928
83059944
83302536
83525066
83706842
83793304
83815385
83978985
84305193
84462978
84471742
84662503
84917306
84979448
85422382
85456473
85841984
86113304
86352775
86440312
86493398
86540726
86651194
86653650
87220636
87362086
87410148
87454148
87530688
87601308
88195262
88265052
88760221
89043520
90177759
90455485
90633571
90727721
91103072
92395101
92481434
92709238
92774244
92897770
93206879
93244455
93324161
93614758
94519413
94816472
97365402
97510785
99128703
99940853
100270639
100765842
100801426
101099749
101897396
102156009
102464815
103675819
104262484
105151180
105460321
105833715
106191457
106668407
106960922
107223417
107857033
108100347
108562309
108884314
109695903
109745612
110223908
110971579
111049487
111499068
111543105
111947500
113658601
114175466
114303868
114903773
114990536
115151159
115171997
115602237
117467517
117555165
118120484
118447363
119258166
119878798
120043477
120252715
120897912
121116000
121288791
121608633
121983176
122448529
122586629
123337394
123403220
126724674
126996161
127495872
127747454
127994720
130915372
131470168
131525266
131539668
131767755
132029367
132660442
132707113
132732462
133682164
133726803
134237643
134289045
134867023
135385534
136427333
137402053
137539300
137695168
137701280
138075646
138177616
138324216
138445656
138613718
138627606
138697680
139050111
139428924
139477780
139659081
139932467
140322808
140548407
140586556
140611780
141142521
141778690
142614103
142857843
143283176
143446635
143794241
144157770
144318815
144579743
145049788
145286569
145471078
145738990
145994938
146302167
146720904
147095927
147465202
147873837
148180195
148210036
148402868
148451361
148644353
148652373
148859230
150229671
150412876
150820372
150986460
151091723
151165130
151322084
152023538
152069020
152176339
152725525
153007943
153124692
153179428
154323228
154879488
154927912
155274532
155361244
155515597
155531868
155572310
156748297
156760240
157196919
157207725
157485885
157540283
158149230
158227413
158473338
158547878
158574187
158579027
158686757
158703612
158807313
158913288
159035790
159367643
159515268
159549666
159561293
159626783
159760998
159777798
159901622
160124408
160285336
160349154
160353061
160451978
160519397
160809642
161183343
161402337
161798402
162178173
162247896
162334950
162765278
162770164
162816112
163019107
163249167
163784412
163802287
163824334
163942885
164131718
164435295
164528599
164607977
164772292
164842118
165134509
165135453
165172710
165173312
165630944
165683431
165724003
165888381
165959615
165959934
165974718
166004795
166036508
166079230
166096026
166110812
166200414
166331902
166573987
166844895
166952932
167042436
167175632
167651009
167658265
167789630
167833377
167997050
168310437
168674450
169231858
169354660
169707237
170226985
170316541
170359853
170514648
170676785
170761411
170812222
170871135
170961902
171188809
171334939
171548852
171670687
172334653
172385398
172462242
172698435
172778655
172888896
172891469
172891873
173232714
173256753
173337794
173493566
173553645
173646637
173783630
174380026
174498579
174617608
174684673
174832297
175113384
175132876
175290256
175314725
175454532
175602554
175741601
175865313
176027005
176061346
176428192
176433626
176475558
177002460
177160742
177494337
177636103
177747516
178006654
178281478
178404235
178429287
178886719
178984266
179824215
180192235
180216092
180477369
180582138
180681922
181522557
182370307
185214273
185454470
185908485
186016025
186110463
186431591
186838821
187108351
187487644
187797628
187943235
188556321
188679067
188982483
189233473
189263873
190368867
190702404
191415201
191659423
191960725
192039555
192041922
192201534
192600288
193035548
193045917
193108095
193573821
194029857
194079485
194702373
194782563
194797438
194797793
195520546
195555871
195837092
195866014
197207145
197542270
197830402
197853856
197986569
198951746
200920646
