6682535
7784192
12166205
12956194
15359780
21421127
23102575
25120111
26199465
41197034
50113412
59349777
71383707
72390446
81747511
87497131
90470301
92253923
92993670
99492712
103985019
120033099
126996161
130886345
131325106
132317017
159035790
169231858
181297454
182805998
183658478
183997204
185464432
185721167
186020077
186045104
186127787
186488532
187365109
187575874
187823275
187853487
188299026
188580883
188798639
189033580
189051475
189694004
191332492
191645133
191960725
193173356
193186703
193687977
194028210
194029857
194174888
194589785
196246697
196698855
196718986
196948826
197138613
197986569
199753464
200375706
200544567
200872666
201476153
201633991
202919208
203249466
203272199
203598886
204289305
204451993
204558842
204704857
204885562
205196026
206075297
206327005
206376864
206856090
207058754
207701690
208593859
209497055
210211009
210720539
210934818
212341886
212408320
213089920
213272895
213580002
213643522
214970176
216062146
