5583838
6486695
6739666
11696237
12135944
12630591
12768529
12826780
13158778
13253345
13449088
15315570
17236213
17355323
17608424
19116415
21973823
22178174
22924409
23359981
23668544
24090430
24812794
25134496
26359526
36774097
37153792
38175889
38921434
38981722
39205129
41116164
44328881
45649590
46128227
46242560
47957847
49113946
51404287
52813831
53548114
54982347
55264746
55335646
55563947
56560228
57245024
57596831
57986115
58488662
58732770
60057734
63231930
63364028
65084269
66130259
66262433
67157610
68748874
71182043
75913447
77124575
78631761
78818099
79301387
79302833
79715152
80911310
82208460
82628928
82701816
83302536
84979448
85422382
86194393
86321718
86519707
87626433
88254696
88449009
88556867
89043520
89128130
89321129
89559881
89746072
90321082
90633571
90745206
90859351
90876140
91503196
91743788
91816524
92084206
92611990
92897770
92993670
94767798
95216676
95618200
95690729
96860221
96911175
97445618
97640007
98341746
98552978
98567212
98637683
99128703
99449716
99570011
99769984
99978690
100337156
100598677
100979355
101114646
101595727
102038513
103105020
103110060
103265000
103474099
103554067
103579282
103892943
103915350
104193892
104904663
105535525
105833715
105925832
106236449
106561519
106672919
106779995
106823087
107192005
107223417
107377156
107680522
107807785
107964382
108396036
108410556
108562953
108595695
108740136
108758915
108974504
109056272
109133271
109669577
110130064
110313672
110465593
110519239
110555713
110775068
110793480
110971579
111037445
111441543
111499068
111667533
111709574
111747772
111809823
111820743
112053324
112190954
112355175
112405338
112658121
112669081
112708276
113017959
113047015
113452126
113458331
113472105
113489594
113527296
113637158
113658601
113678778
113705743
113718400
113752361
114241057
114290844
114303868
114401945
114612005
114700668
114728053
114771732
114785280
114800371
114944335
114980817
114988278
115087982
115100979
115151159
115171997
115184808
115283778
115358505
115470777
115491404
115533689
115567892
115647703
115759354
115864325
116108229
116236184
116315084
116642761
116906232
117034876
117070933
117125079
117184317
117327559
117467517
117553711
118059186
118184430
118527389
118573898
118685568
118766337
118956269
118976162
119205398
119376182
119720873
119735610
119794326
119942269
120043477
120119111
120378044
120729000
120807707
120897912
121125782
121200001
121288791
121418294
121419868
121494001
121608633
121612731
121638534
121653029
121708592
121983176
121995327
122015099
122179715
122197518
122254239
122414126
122609383
122732740
122742250
122781864
122840393
122935122
123046260
123116467
123164147
123337394
123343034
123378541
123449958
123536144
123656902
123753954
123773386
123972070
123982334
124136558
124230642
124294929
124305529
124352111
124373823
124494628
124590304
124630399
124749156
124761258
125052804
125093124
125170140
125208658
125257754
125261332
125264778
125342562
125404539
125560811
125659654
125761702
125922175
125961849
126063577
126141157
126310373
126315086
126341206
126380032
126439289
126444453
126523687
126555361
126716271
126779294
126793894
126865109
127116456
127209853
127235382
127583286
127747454
127796541
127851944
127879395
127922696
128123902
128211198
128262569
128288215
128297671
128308770
128522550
128553853
128755825
128834059
129176857
129219681
129276096
129430788
129452984
129461744
129478159
129788807
129978231
130095264
130144917
130192222
130194901
130281356
130329329
130527425
130534125
130688305
130711529
130757102
131086986
131185120
131287297
131310479
131470168
131767755
131824098
131848135
131894726
131925224
131941405
132022484
132031413
132092904
132113337
132210952
132261048
132266387
132308876
132486396
132498119
132712704
132732462
132764210
132809049
132817161
133046359
133159075
133195381
133247686
133376968
133389259
133484434
133650033
133685958
133781919
133805452
133985498
134126133
134289045
134461067
134468021
134882011
134896352
134949243
135063341
135173204
135233304
135287333
135452953
135536062
135579783
135623302
135625178
135705153
135711999
135851549
135900182
135902902
135932041
135934781
136243364
136369514
136377860
136427333
136431997
136544810
136576859
136644356
136723980
136897494
137015474
137083869
137203677
137409155
137435516
137490098
137544295
137570360
137701280
137710252
137729629
137890143
138099429
138126751
138173918
138215969
138445656
138535336
138626403
138627606
138828476
138850019
138986723
139030720
139057210
139111986
139232524
139368354
139433721
139597736
139602054
139605762
139675903
139700730
139851336
139867238
139982084
140072378
140178233
140196100
140357060
140385093
140414307
140465093
140567226
140611780
140754346
140793172
140795939
140946401
140952384
141031679
141145702
141147202
141450398
141491652
141528315
141752297
141778690
141998689
141999222
142012801
142130534
142180969
142244376
142267105
142272261
142506164
142610594
142612605
142640315
142683457
142915036
142926140
143265305
143339138
143423947
143459392
143509660
143767745
143793598
143864473
143897863
143938984
144000465
144069856
144185242
144225658
144262363
144342115
144356774
144380924
144391375
144411584
144508070
144525110
144547046
144561870
144609950
144638120
144839269
144894736
144909661
145132926
145186567
145392674
145471078
145476455
145647744
145741543
145884151
145941733
145949120
146270110
146328960
146402432
146440965
146603134
146767490
147053985
147095927
147202458
147268376
147310891
147465202
147496131
147538179
147621275
147686070
147732436
148173338
148180195
148280675
148298085
148346638
148525767
148615460
148644353
148742199
148852320
149038921
149252613
149549857
149570667
149720132
149800443
149836592
150040043
150229671
150461007
150712673
150820372
151165130
151490874
151735515
152023538
152037570
152215361
152700927
152805885
152978351
153007943
153057008
153248845
153497185
153768193
153776160
154073408
154163561
154254901
154625066
154759205
154881764
155062953
155153184
155205164
155334257
155361244
155400722
155438483
155457944
155531868
155721613
155828621
156107954
156132446
156235829
156541755
157063844
157196919
157291751
157540283
157547691
157643455
157683384
157963787
158031707
158137524
158182052
158201047
158216154
158227413
158228114
158471274
158547878
158574187
158686757
159035790
159515268
159549666
159626783
159760998
159777798
159800197
160124408
160285336
160353061
160375781
160451978
160468969
160519397
160700855
160809642
160989561
161111880
161605889
161673948
161750044
162036295
162178173
162334950
162407524
162475812
162538218
162765278
162770164
162816112
163019107
163402424
163534563
164131718
164196287
164435295
164507177
164528599
164772292
164842118
165025784
165031454
165068166
165085016
165135453
165173312
165303806
165437538
165522784
165683431
165724003
165888381
165959615
165959934
165974718
166036508
166079230
166110812
166133386
166177216
166198376
166200414
166202418
166302950
166330143
166331902
166446074
166588957
166652205
166727301
166819844
166844895
166904481
166950492
166952932
167042436
167135240
167439495
167590941
167606979
167658265
167676680
167736468
167789630
167833377
167958404
167997050
168093311
168188569
168310437
168418280
168758333
168816551
169085895
169354660
169635608
169707237
169823329
170316541
170514648
170587237
170614014
170676868
170812222
171007335
171152189
171188809
171328863
171334939
171359104
171372788
171670687
172469860
172680636
172698435
172778655
172833855
172851043
172891873
173116972
173242846
173296769
173337794
173493566
173584570
173667935
173868899
173907929
174114848
174397751
174570177
174586238
174684673
174756959
174938487
175110741
175113384
175314725
175420514
175741601
176027005
176061346
176428192
176462653
176475558
176704450
177002460
177095580
177160742
177274660
177278270
177470878
177494337
177636103
177792544
178497694
178916223
178950432
179506110
179524508
180216092
181522557
181842687
182744003
184242661
185214273
185342298
185454470
186571969
187234842
187332737
187487644
188309344
188679067
188881708
191415201
192041922
194782563
197207145
198407112
201123906
204662080
