2848779
2954965
2989013
3203912
3234284
3302516
3317834
3367345
3586581
3590675
3591113
3620447
3776428
3967911
3993105
4144941
4164206
4177456
4287211
4329865
4368047
4474571
4485812
4595117
4606516
4610438
4616593
4624252
4677422
4747249
4772777
4773427
4806100
4809998
4812463
4851152
4858770
4884139
4894694
4918605
4927921
4950701
4959896
4969036
4985362
5058305
5081715
5084823
5089070
5109175
5173517
5210669
5223124
5275835
5302731
5309098
5328107
5337391
5340410
5355629
5370325
5381774
5382094
5397599
5402634
5415755
5454357
5457389
5464647
5490974
5528662
5539117
5556792
5564611
5583838
5590387
5600243
5607494
5615605
5623956
5656547
5663671
5670472
5684822
5725351
5735183
5735655
5816162
5824358
5834736
5838055
5861393
5904613
5913608
5934180
5971624
6048665
6052455
6075622
6087630
6100674
6112573
6125075
6139468
6158251
6190141
6200146
6208077
6224649
6248281
6268369
6268715
6276610
6282581
6293842
6295914
6325337
6331030
6336119
6354120
6369244
6373284
6410294
6461979
6465107
6472223
6491575
6492872
6497962
6512448
6551874
6612577
6624543
6638648
6650046
6682535
6695368
6705988
6713683
6738203
6752963
6757574
6790791
6806652
6809045
6811387
6819642
6828387
6849464
6880715
6898884
6918281
6956157
7014842
7036793
7050590
7051605
7056250
7062243
7082856
7087076
7093504
7104562
7137008
7138066
7138352
7149221
7172313
7231405
7287346
7357297
7396945
7443590
7458988
7493891
7536284
7571482
7612682
7642165
7657245
7726470
7765984
7837476
7856766
7871621
7897414
7921560
8024584
8055329
8069989
8074375
8077408
8088438
8152672
8165001
8179766
8212639
8338628
8347494
8477913
8483546
8631330
8652378
8727429
8835488
8906717
8933374
9099229
9114944
9240861
9551226
9702750
9853604
9954788
10138517
10275380
10590008
10597705
11036589
11044274
11107666
11234923
11238818
11337652
11345437
11357907
11375907
11378289
11431145
11434352
11436977
11438287
11449737
11455564
11472116
11479503
11485842
11487467
11542159
11549813
11555413
11562642
11592303
11602584
11619953
11628976
11638316
11656459
11664727
11697711
11702119
11707277
11748852
11779578
11827915
11835227
11840754
11854251
11878760
11889929
11900120
11908338
11909582
11917900
11922481
11923632
11924048
11943068
11945798
11950774
11960943
11962161
11984861
11993613
12005287
12009329
12014925
12028522
12043263
12046503
12056742
12057735
12064294
12085133
12096235
12114581
12141316
12142830
12149645
12150007
12166205
12168160
12168392
12170244
12192819
12206542
12219932
12223058
12257784
12263152
12270018
12283960
12291066
12296645
12320760
12340919
12351376
12356552
12362155
12394282
12396715
12403844
12407355
12416527
12420385
12429308
12432665
12440952
12456992
12464660
12478984
12485118
12492069
12508035
12512131
12544498
12549790
12570399
12578570
12589142
12593705
12599458
12603578
12625992
12636062
12638092
12663252
12678909
12680336
12686792
12696142
12706722
12707532
12709726
12713945
12717253
12733212
12761539
12807493
12810437
12828251
12833761
12853596
12857956
12867744
12875170
12888983
12889373
12894821
12896895
12898654
12901117
12912437
12919877
12933294
12938596
12940906
12943901
12944741
12947190
12956194
12957283
12968385
12984638
12998838
13069567
13072737
13075435
13079276
13096283
13120485
13132805
13145182
13145246
13147766
13152292
13158778
13162232
13180067
13192935
13207686
13208799
13238786
13251638
13258584
13262052
13263555
13319707
13357689
13371463
13379463
13384455
13412347
13420890
13421343
13457353
13490238
13493768
13508866
13513057
13527974
13554916
13605254
13614629
13632744
13655400
13689021
13727517
13740316
13754876
13756317
13804644
13807237
13820966
13854845
14046593
14226594
14295229
14310443
14384811
14477354
14573386
14585162
14598185
14601129
14662199
14736467
14742006
14743128
14787088
14795080
14873488
14878418
14887249
14888239
14921747
14927185
14965105
15006511
15011835
15019419
15022347
15034644
15036583
15048780
15094283
15114740
15122350
15142929
15147185
15158769
15171750
15176020
15188369
15221364
15235724
15241386
15245546
15246486
15254546
15267435
15273668
15276726
15295050
15310871
15319739
15323158
15326756
15335619
15340575
15346326
15349719
15355732
15359780
15368448
15375017
15385486
15393003
15396788
15436580
15438358
15456108
15469708
15535159
15560366
15594329
15597065
15609839
15611764
15612600
15613226
15640136
15644921
15652326
15653304
15661544
15666505
15698664
15717832
15728262
15729901
15757098
15763444
15763815
15779831
15780313
15794186
15794534
15830200
15836213
15842777
15870521
15916741
15928949
15933579
15935236
15952167
15956668
15979510
15988828
16021003
16045195
16062577
16069980
16069987
16072997
16079559
16083008
16084902
16088075
16107886
16112774
16117477
16118207
16123093
16124830
16125156
16127007
16128571
16128588
16136896
16147934
16148477
16153022
16157572
16157604
16161659
16167699
16176486
16178049
16179899
16182903
16189442
16203108
16208959
16224333
16251037
16252392
16277500
16291991
16293986
16301388
16302878
16307614
16308227
16309029
16310881
16312308
16313086
16340036
16363035
16377709
16382130
16388231
16409013
16410833
16421966
16444537
16459730
16473219
16502946
16506702
16517597
16541843
16565286
16571153
16581968
16608183
16619201
16622249
16643208
16645211
16651657
16655356
16655799
16687103
16726889
16731515
16749361
16786621
16807872
16809020
16814167
16843342
16849008
16874487
16914371
16970532
16972346
16975115
17015216
17037873
17133494
17160544
17176197
17204670
17259165
17260519
17274401
17277112
17310423
17311866
17345215
17356511
17418598
17443238
17478617
17494237
17516571
17547531
17551224
17558315
17605183
17608424
17617528
17618646
17640500
17640633
17705312
17715190
17715381
17748996
17771525
17793102
17835274
17860899
17870405
17906799
17944531
17964534
17966372
17991937
18000523
18012958
18018621
18047390
18078183
18087120
18106618
18126117
18144892
18156015
18192765
18276731
18282994
18316403
18332381
18374151
18379657
18396068
18403289
18421312
18463007
18477166
18501823
18521592
18542877
18559869
18572144
18582236
18603785
18690866
18832059
18896701
18930851
19035738
19038678
19071761
19080969
19085489
19100492
19131190
19150820
19186781
19197972
19249700
19254069
19297757
19305921
19333196
19352855
19427160
19481385
19500625
19533721
19535432
19591250
19662314
19667373
19694571
19703920
19754659
19773211
19818230
19844829
19846520
19856676
19881614
19893176
19978003
19997908
20001455
20018147
20018182
20024633
20024907
20084808
20141925
20148802
20211038
20280270
20284582
20373760
20415675
20466194
20491752
20494938
20508208
20556889
20557049
20571982
20599424
20630221
20632212
20648382
20653597
20670930
20680192
20680354
20711058
20763642
20818435
20819157
20826204
20861904
20896771
20905476
20921688
20929190
20952644
20955668
20980815
20994336
21009653
21013166
21017728
21037739
21060825
21121948
21188758
21212579
21292878
21314645
21334316
21339809
21343028
21347655
21389447
21394074
21415529
21421127
21455141
21480625
21545561
21584926
21613658
21621644
21628563
21631817
21709868
21725423
21728149
21740166
21755623
21777625
21817847
21827077
21865796
21908949
21926730
21935064
21944590
21946839
22067481
22095925
22105157
22121186
22124629
22127781
22133097
22176807
22221327
22253393
22257531
22262555
22279634
22282537
22332204
22356360
22363388
22395640
22396838
22476897
22508154
22518553
22530957
22609834
22651000
22682128
22686153
22773654
22779071
22826136
22869703
22903820
22931969
22948159
22950686
22951540
22982409
23011656
23050142
23070764
23100641
23102575
23134970
23149007
23172153
23181538
23273067
23283167
23283902
23295556
23306472
23365581
23380220
23387944
23400415
23408475
23455108
23471681
23522771
23538287
23564436
23639227
23662758
23677118
23684224
23718799
23728228
23732503
23740964
23858386
23861111
23872901
23924234
23975606
24065474
24233445
24259323
24326773
24328752
24348267
24432731
24468919
24481912
24553448
24601743
24606785
24615332
24638168
24650294
24658056
24676216
24679533
24686167
24723900
24736007
24748295
24813929
24835513
24837500
24838087
24884541
24893418
24898687
24928003
25011572
25042631
25046607
25102970
25120111
25120758
25164813
25186682
25187979
25193741
25234439
25238910
25280203
25283780
25316804
25364435
25412647
25429414
25434112
25483022
25488706
25538823
25544253
25586825
25596121
25598650
25710859
25728252
25784046
25787754
25824207
25835298
25859639
25892390
25896400
25995777
26002436
26007995
26048109
26077155
26091221
26126480
26132443
26136465
26170265
26199465
26215981
26228556
26279145
26341851
26375955
26391268
26443420
26454815
26537517
26551467
26608723
26640585
26668473
26676664
26729880
26772855
26776184
26796814
26810606
26887772
26913525
26966822
26971606
26986328
27022780
27071827
27160735
27220959
27283349
27283692
27363216
27396621
27418922
27448369
27455262
27539793
27551788
27597826
27739407
27782027
27824497
27828739
27997508
28133881
28156886
28178289
28208080
28248836
28277689
28278965
28294248
28304243
28326360
28403880
28441996
28454892
28513431
28537080
28562297
28638552
28708857
28827576
28870263
28873469
28922867
28935395
28947789
28988564
29004525
29008081
29013380
29016502
29017583
29108690
29127475
29178057
29232778
29235507
29259223
29327018
29411391
29437753
29457668
29482548
29484514
29499804
29514815
29516851
29535873
29554110
29569596
29579429
29587696
29738937
29793318
29796392
29842749
29858337
29866790
29909639
29957900
29991172
30057705
30061072
30061183
30073017
30079050
30083576
30175235
30213444
30224490
30236502
30243880
30265859
30318587
30338544
30379591
30390188
30427675
30436196
30449216
30464000
30466586
30486292
30522300
30559320
30562441
30602329
30624657
30638318
30719757
30720210
30768678
30859094
30885090
30886622
30900856
30912214
30939270
30996262
30998380
31038144
31098025
31104035
31108316
31128237
31143608
31168571
31192115
31218503
31314701
31331181
31356960
31385008
31496286
31499893
31614932
31651108
31702346
31805292
31863993
31916762
31995506
31999728
32033994
32062751
32089443
32122268
32132900
32173104
32192618
32194752
32272773
32362670
32396903
32402977
32415506
32434239
32529118
32721611
32721795
32723423
32753961
32793539
32812175
32845014
32863808
32866509
32878269
32939815
32972321
32975266
33086520
33125441
33287171
33307529
33446692
33576834
33611417
33817857
33850937
33875627
33931443
33961263
33966489
33977534
33999644
34116336
34221276
34224318
34262804
34264127
34406786
34424180
34467219
34508446
34539635
34544839
34550244
34582686
34603541
34656353
34689066
34802017
34819435
34974254
35001858
35036288
35069470
35108852
35119338
35159340
35199187
35241451
35246310
35261331
35416118
35481914
35500897
35680487
35682383
35687389
35780673
35783455
35800269
35829681
35855054
35902910
35905684
35923523
35929550
35982803
35989186
36024687
36047397
36050955
36129748
36161909
36164926
36189929
36228149
36244720
36286302
36287829
36360991
36414919
36463665
36545069
36569070
36660486
36765059
36801355
36824407
36869771
37000930
37001791
37024038
37047374
37067103
37233226
37242620
37269253
37277883
37315086
37331189
37429383
37470223
37497242
37654822
37685275
37878548
37964179
38094192
38105149
38123920
38146311
38152387
38341688
38379117
38385295
38465583
38471978
38476960
38506000
38621585
38638829
38708341
38756749
38954729
38980833
38981722
39060041
39096449
39118920
39213536
39233017
39269128
39270233
39284912
39301691
39347577
39359470
39369054
39382319
39415442
39426380
39437505
39454657
39461314
39654688
39661865
39677093
39702010
39718715
39722239
39752318
39802939
39811238
39815915
39922890
39950442
39995671
40123026
40171677
40193584
40224758
40250583
40253026
40283704
40326616
40408230
40427322
40488411
40504099
40552888
40563848
40690973
40761823
40851806
40897490
40904946
40932321
40977494
40979810
40985024
41029225
41135196
41196458
41197034
41288484
41360304
41361197
41375569
41433501
41436660
41479693
41510660
41536730
41554920
41593388
41662509
41776064
41866044
41866051
41964205
41969964
41986824
42063854
42068180
42117131
42143970
42172894
42174410
42197640
42198481
42245402
42262960
42275437
42303025
42342142
42427710
42436142
42454592
42485108
42489279
42496743
42531648
42562101
42576315
42588912
42598561
42654730
42703587
42733347
42838646
43028708
43079113
43119301
43134516
43170862
43300279
43301997
43386327
43405528
43472691
43508766
43603649
43632483
43659778
43711934
43871657
44005188
44058584
44088263
44202206
44273281
44312240
44332647
44336153
44341608
44429737
44429758
44466798
44636594
44652600
44657623
44797974
44908926
44989439
45042846
45081617
45084322
45100416
45129253
45135655
45173629
45262013
45377097
45441158
45443373
45482119
45503265
45585541
45613823
45616646
45629908
45630663
45655884
45657115
45696583
45758916
45802588
45894525
45929936
45961019
45992549
45992569
46169346
46202057
46206932
46267083
46285569
46386526
46392127
46453584
46460682
46531158
46584165
46616576
46619430
46635154
46637809
46810305
46860895
46914982
46932121
47012380
47035776
47058295
47067069
47073010
47077805
47088535
47150142
47170782
47205764
47221325
47229030
47500225
47530036
47545821
47572844
47609178
47613228
47616697
47622523
47636445
47669143
47796829
47831416
47898400
47917856
47955561
47979290
48011989
48083905
48194773
48216094
48229913
48270597
48279343
48296169
48405623
48531044
48668223
48668307
48677565
48723256
48725960
48770394
48783674
48862983
48886014
49043496
49069422
49081496
49125665
49149615
49237599
49251569
49278753
49295144
49345950
49349115
49422488
49443117
49459479
49483649
49521144
49643527
49673607
49733934
49799264
49880628
50015597
50040068
50061091
50095949
50113412
50120331
50128160
50151908
50158108
50277324
50293603
50363074
50452689
50525601
50528452
50535830
50548248
50573142
50630748
50672517
50698385
50740163
50810474
50826539
50838942
50866963
50879505
50884245
50927523
50978700
50999411
51082422
51111565
51160378
51189797
51266993
51315452
51323250
51366199
51406583
51601088
51684621
51687226
51766389
51766625
51812478
51844348
51857110
51905469
51933111
52031657
52048354
52140707
52194454
52275411
52314569
52396588
52473011
52510688
52575714
52583458
52680744
52696363
52731143
52803669
52886954
53102857
53117745
53143648
53256291
53280009
53298705
53299814
53458507
53459307
53460686
53585806
53677782
53740430
53754776
53779432
53786455
53856983
54204117
54207896
54322400
54401588
54478185
54478795
54488672
54571981
54579575
54629606
54665102
54679673
54738803
54815468
54817211
54863943
54877394
54950968
54964951
54974378
55045518
55093958
55124083
55127510
55318254
55335646
55374957
55604027
55626508
55628114
55634080
55681462
55682667
55705359
55834959
56037759
56040802
56061274
56234100
56337666
56426053
56513585
56536713
56616091
56653985
56658001
56659592
56679171
56732247
56796251
56819526
56940824
56955199
57048618
57091051
57094908
57124660
57148765
57268301
57299194
57302922
57303520
57318121
57453384
57476373
57562425
57577375
57659328
57659682
57679152
57826030
57862593
57865979
57890476
57948894
58026029
58056860
58070022
58076065
58079748
58118054
58177286
58218257
58228986
58268227
58279827
58488662
58602921
58603910
58724557
58784369
58851345
58976334
59189096
59218301
59249506
59301040
59475292
59624004
59671730
59750976
59941973
59959886
59986272
60010695
60135165
60171765
60218100
60314500
60331185
60337657
60350874
60503077
60526507
60596180
60655997
60824151
60838162
60890845
60980941
60989381
61033601
61058338
61100014
61167666
61235645
61270417
61309082
61317788
61356167
61572166
61610159
61695842
61717355
61718507
61731962
61790687
61857863
61869755
61925209
61987733
62065833
62180034
62575460
62593423
62597096
62626294
62720472
62767061
62876226
62920593
62956944
63081029
63120514
63133329
63147898
63148460
63466546
63517589
63600771
63684464
63699732
63719380
63723408
63884408
63894251
63943510
63944136
63997708
64009301
64120760
64177774
64182048
64190645
64192517
64226201
64271329
64343322
64374024
64374249
64488712
64497102
64721172
64747533
64859365
64889741
64912204
65079423
65123208
65142392
65156942
65235886
65443762
65447608
65457771
65503395
65602709
65609661
65625396
65739434
65861028
65892354
65901540
65976524
65986354
66119749
66175541
66274252
66311350
66332059
66375787
66443859
66557390
66711668
66748295
66864509
66867242
66969642
66986598
66998933
67037666
67053324
67066577
67124544
67183789
67255743
67260947
67282772
67283901
67285360
67467926
67514430
67550383
67583618
67598786
67611462
67615900
67694225
67698842
67718120
67855939
67959380
67973577
68058787
68085683
68191385
68241024
68273171
68312769
68343506
68366319
68441024
68534511
68627742
68659183
68722267
68735079
68785491
68796509
68923347
68941724
68944994
68950445
68991904
69277371
69292602
69312413
69312888
69333284
69387163
69523122
69555644
69560487
69666184
69706571
69793408
69909161
69924365
69929423
69981387
70022819
70041731
70229564
70230260
70266773
70276604
70349327
70394511
70477045
70534234
70570750
70580629
70619131
70655440
70777333
70798403
70798978
70851668
70853623
70898059
71031951
71036033
71048266
71176836
71224711
71231934
71234131
71238519
71318357
71327538
71383707
71427841
71448058
71474832
71480675
71517883
71561943
71598919
71622070
71652116
71768752
71808137
71863446
71916076
71939785
71947826
72000208
72129296
72204846
72237344
72257569
72271300
72287867
72318857
72373675
72387640
72390446
72501111
72507730
72513001
72557456
72632543
72633367
72804129
72856861
72935841
72967817
72983141
73016082
73061972
73078143
73090648
73104584
73142965
73515774
73545524
73779605
73953243
74033588
74062650
74099590
74169299
74194630
74291835
74298431
74315605
74379879
74386373
74449079
74449622
74566527
74567207
74687318
74693590
74879581
74882555
74902909
74924478
74926001
74946585
75046513
75047276
75051429
75161272
75192515
75251302
75320666
75326408
75335674
75351900
75413581
75604952
75633119
75833645
75913447
75926567
76036473
76133255
76148063
76162432
76263704
76267307
76279993
76292855
76332102
76335397
76343384
76401323
76466683
76479170
76523131
76554840
76642700
76692886
76868839
76894897
76908018
76994056
77140944
77143373
77165961
77182364
77243833
77261809
77273803
77278216
77283418
77321748
77332633
77344402
77362102
77413199
77472848
77501174
77593522
77607506
77642800
77648358
77660754
77664632
77711921
77715698
77739921
77744227
77748331
77789302
77797745
77811850
77863819
77872794
77925061
77972751
77989120
78032014
78038443
78079538
78096243
78118223
78164037
78182513
78243628
78263474
78286851
78322769
78389199
78406528
78407708
78426972
78429140
78444913
78446317
78486193
78497971
78560716
78614962
78626289
78697574
78705742
78803585
78810202
78824975
78840159
78849939
78850016
78872943
78932385
78961012
79009332
79044351
79047084
79059554
79070337
79087341
79198256
79255654
79301387
79320916
79353548
79392523
79411892
79419923
79436064
79466015
79511779
79573205
79581397
79687084
79694766
79698517
79700113
79764779
79788681
79790339
79803758
79819210
79849068
79864981
79865070
79872697
79885118
79916224
79990775
80014315
80082460
80096510
80106776
80150639
80217526
80257883
80304844
80306243
80325358
80361375
80385771
80390516
80393162
80431698
80446665
80448175
80454110
80477840
80479370
80500939
80548155
80554277
80591194
80605301
80609935
80626347
80652940
80701173
80722298
80729840
80744004
80779243
80802122
80950549
80954442
80960556
81044751
81150998
81169354
81206006
81220934
81245483
81253302
81257265
81284214
81297488
81322349
81339162
81359893
81382846
81400842
81404853
81423383
81488043
81495052
81500594
81531734
81585738
81593560
81594016
81663502
81679879
81747511
81750816
81773554
81825917
81829044
81866282
81875362
81892967
81951567
81972202
82065257
82067991
82099993
82161433
82169175
82242077
82246306
82252618
82271433
82288696
82364987
82530199
82536631
82560951
82620075
82657025
82679177
82734733
82768676
82782912
82811449
82833240
82836764
82838544
82873282
82943047
82961448
82965401
83011418
83035627
83149640
83159693
83169676
83172768
83221016
83259071
83324286
83342750
83356169
83386219
83445471
83489085
83499981
83513064
83563066
83630680
83631063
83651335
83662965
83666680
83718978
83752107
83787243
83787337
83807207
83883459
83890486
83897107
83922585
83966912
83979176
83994652
84071314
84163192
84201409
84311606
84324121
84337113
84365587
84396451
84501209
84547190
84578871
84592965
84688510
84715367
84793771
84820332
84898226
84914529
84953787
84979448
85001355
85146038
85147897
85205016
85282042
85313913
85323773
85329146
85418502
85524718
85535753
85539098
85539241
85554020
85583354
85613765
85707354
85710022
85808614
85904712
85910583
85938649
85986013
85986458
86001715
86028601
86068680
86121099
86249125
86294373
86338405
86368731
86401659
86411046
86421860
86426079
86437952
86566067
86668614
86692860
86705385
86709179
86803612
86835204
86918757
86946285
86970020
86989112
87001436
87063420
87077252
87122213
87182865
87229220
87232827
87235868
87250722
87342780
87360661
87449768
87477882
87497131
87533514
87680497
87683432
87754339
87761710
87774869
87787485
87791580
87858647
87870307
87874531
87878621
87895236
87939139
87947005
87947670
87972835
88005924
88056129
88071958
88082109
88086429
88103421
88111503
88170173
88213179
88235421
88409027
88431455
88465985
88478111
88488093
88501020
88505885
88524861
88539068
88576419
88601153
88635074
88758008
88773986
88788827
88807842
88843871
88846464
88847486
88868863
88875550
88879679
88901346
88949393
88957378
88980447
88991169
89031526
89083945
89091936
89113057
89132383
89216441
89243649
89277501
89297377
89396318
89420519
89422463
89443286
89456987
89457951
89472378
89506008
89580705
89616605
89622206
89664737
89715925
89766678
89787771
89834463
89886145
89886939
89915551
89989510
90050949
90084734
90114876
90144539
90208467
90283661
90335615
90344483
90345089
90422209
90432217
90463844
90470301
90531198
90536044
90640764
90643823
90795989
90845108
90889336
90987227
91146316
91300100
91302748
91314145
91443839
91479268
91494435
91559428
91717730
91747748
91762624
91774827
91778461
91875165
91917697
92020532
92037029
92191259
92204321
92316076
92372192
92414308
92567900
92576212
92605694
92672638
92743617
92749855
92762137
92766429
92777184
92779902
92893864
93017162
93081674
93263906
93325017
93373057
93427070
93456160
93458443
93486830
93522658
93554561
93575846
93609514
93662590
93745377
93808909
93885627
93947876
94004958
94297981
94340633
94420703
94422823
94560573
94767798
94772728
94823656
94917529
94925184
94943102
95106276
95294563
95399838
95405378
95513732
95642409
95670619
95835480
95968320
95988957
96122215
96260787
96579567
96664933
96765491
96877256
96890433
97050562
97267005
97407935
97448844
97597128
97689197
97733044
97741710
97789733
97909798
97934479
97986635
98055460
98134028
98172941
98242909
98375119
98415789
98543369
98560119
98568709
98637683
98727381
98743435
98808968
99046415
99092336
99186768
99192590
99239132
99334528
99492712
99773828
99791892
99887738
99892977
100176508
100208767
100328013
100493092
100673983
100904814
100906745
100944499
100979355
101054070
101064110
101115140
101152155
101154068
101174142
101304822
101507950
101830344
101981856
102087831
102126842
102414284
102445581
102509879
102549493
102568612
102685097
102740930
102769969
102801571
102855198
102958639
102964802
102979798
103102911
103108003
103168371
103200801
103239596
103249747
103253051
103293839
103396462
103414829
103554067
103734766
103745389
103767498
103959882
103985019
104003359
104008065
104085197
104143954
104193971
104212587
104220093
104227849
104283696
104284694
104338495
104371786
104769549
104803449
104919882
105104280
105117583
105209202
105251994
105285214
105340468
105411911
105437880
105587662
105669842
105756369
105831798
105848243
105930298
105950737
105987161
106098093
106224936
106236449
106343947
106423142
106687948
106706172
106933759
106995541
107002037
107023209
107024058
107124114
107583708
107604882
107607407
107648202
107739068
107878745
107988911
108029268
108191452
108247799
108298046
108301213
108370006
108528775
108822037
108867568
108869324
108910628
109131673
109255150
109395651
109513728
109514520
109734188
109767188
109780069
109830574
109832400
109847710
109874628
109909045
109962787
110002391
110035948
110326841
110331018
110346387
110382793
110424889
110448621
110576881
110616315
110647844
110683527
110698000
110761665
110793480
110870853
111008345
111065244
111121726
111182814
111187588
111312545
111383925
111455685
111574371
111667533
111695146
111707901
111795316
111823141
111848895
111894659
112029574
112050181
112067255
112108098
112175344
112231768
112325430
112343289
112357141
112502749
112513902
112596953
112638080
112665605
112678232
112693406
112721800
112758995
112788959
112833436
112913030
113052797
113066447
113148281
113169403
113211785
113233127
113260859
113287783
113289487
113321305
113348834
113605790
113678778
113705743
113718400
113802953
113804772
113867020
113880325
114303868
114315462
114326934
114401945
114539580
114545138
114627454
114727594
114743606
114799807
114831006
114948255
114986699
115087076
115100979
115111330
115184808
115186285
115220588
115223155
115332820
115361677
115366493
115491404
115492228
115522833
115540963
115573000
115628902
115690879
115721535
115759354
115785354
115825186
115855615
115887767
115976674
116115656
116170581
116191269
116236184
116313173
116322680
116358934
116371667
116394147
116405007
116564885
116589213
116661069
116726063
116741745
116773809
116860026
116877609
116918378
117065516
117099782
117107927
117143455
117264169
117278826
117452283
117516334
117529286
117608910
117709850
117741256
117756152
117788438
117789478
117840356
117868810
117893810
117919519
117946921
118050078
118288673
118320950
118484217
118512233
118520726
118582659
118750737
118816258
118904045
118920200
118929795
118956269
119010917
119081235
119271778
119526165
119702914
119706365
119733885
119798224
119826020
119911357
119927083
119948407
120033099
120063488
120102728
120245412
120294423
120311838
120428271
120671577
120676762
120729000
120908615
121000956
121077733
121141911
121145317
121263852
121350329
121351529
121414514
121418520
121485113
121486490
121657841
121709904
121861886
121869134
121965367
122047996
122109923
122148490
122173091
122176715
122197518
122373779
122604773
122686221
122706322
122744049
122850805
122867832
123231543
123299324
123337394
123679453
123732536
123740917
123784875
123906725
123917669
123990271
123990693
124034163
124076890
124091112
124136558
124219692
124230642
124292493
124295521
124454236
124505551
124608899
124630399
124993486
124999383
125078460
125188357
125205755
125243268
125264778
125308379
125426834
125484492
125828314
125836944
125838644
125882816
125951152
125985625
126094964
126138581
126163708
126206676
126289741
126360808
126546057
126559616
126566611
126586104
126604048
126664041
126724674
126773303
126824516
126851980
126910897
126941253
127010578
127011699
127020467
127141041
127152751
127408020
127548607
127557256
127578486
127697896
127709512
127720224
127728796
127747454
127846850
127851944
127860491
127922696
127929998
128012576
128085741
128118075
128180286
128186948
128208995
128225044
128303356
128379117
128396517
128473322
128540033
128573110
128576081
128667831
128760797
128765713
128874998
128901870
129014545
129044209
129046306
129046399
129048459
129172727
129236782
129317656
129352043
129385819
129452984
129461744
129482222
129502357
129541129
129640648
129660143
129697386
129976898
130001249
130004243
130029039
130071391
130089857
130199883
130223380
130259556
130283384
130324413
130344080
130479153
130488391
130524784
130542848
130552661
130634428
130697841
130733357
130757102
130784990
130810609
130886345
130956744
131114167
131192401
131212207
131249612
131340844
131423513
131525266
131541458
131558399
131560016
131623752
131635217
131638085
131655547
131710267
131767755
131846331
131848135
131941405
131980039
132010509
132031413
132037575
132043927
132098662
132127942
132167986
132228991
132261048
132263468
132302778
132308876
132316883
132317017
132396945
132432610
132619804
132707496
132732880
132874007
132901458
132934893
133015242
133208367
133358116
133423971
133637138
133642963
133664360
133693589
133761208
133802668
133805452
133814466
133880526
133908301
133993995
134072849
134081630
134083597
134094702
134139194
134194377
134263304
134314381
134342866
134493323
134527496
134672344
134801711
134810401
134882703
134936727
134996965
135081201
135089989
135262405
135370228
135517968
135801397
135843252
136046870
136047198
136054646
136185426
136191318
136208539
136320150
136387588
136455524
136465178
136527235
136577676
136644356
136750022
136776740
136799720
136857880
136934068
137008341
137015474
137034348
137140367
137203677
137242700
137252263
137342961
137345196
137347868
137397320
137463001
137502775
137543505
137544295
137570360
137644915
137666467
137710252
137720349
137729629
137747853
138022214
138024726
138044491
138067774
138147110
138173488
138228477
138228997
138230699
138253386
138349456
138396070
138406934
138545618
138620923
138643600
138696951
138869751
138928779
139003107
139128455
139132867
139254006
139340213
139348588
139373794
139536677
139565078
139580691
139659081
139734602
139742721
139773769
139782792
139851753
140172107
140174088
140178233
140178654
140219512
140223943
140241496
140266078
140285040
140294366
140366119
140534895
140565310
140567226
140639944
140710311
140731455
140822921
140854317
140969769
141131525
141147202
141148131
141156712
141167764
141216446
141216602
141291511
141388381
141493089
141527151
141701449
141739308
141789750
141839636
141978789
141998689
141999478
142044161
142056098
142161848
142200602
142250820
142261814
142324533
142609306
142645256
142718557
142804824
142856539
142863234
142877746
142905591
142959351
142978080
143074831
143118205
143137383
143251261
143533577
143573114
143583078
143587427
143615435
143670582
143737407
143760035
143831167
143885486
143989259
144069856
144166687
144310607
144331152
144356774
144366717
144373052
144380924
144547046
144561870
144585419
144626992
144644099
144662992
144717030
144771559
144831955
144894944
145049788
145132926
145186567
145200384
145205379
145253130
145292246
145392674
145408802
145417444
145447837
145631661
145741543
145746737
145747054
145953527
145994938
146013379
146133943
146145080
146152022
146274845
146283529
146292792
146378677
146422399
146473090
146625280
146891945
146928368
146968626
147001454
147024899
147053985
147061526
147061916
147120926
147138950
147231856
147322083
147346134
147362078
147430185
147513760
147684781
147709166
147723172
147796962
147897109
147952899
148149745
148173338
148236431
148238099
148312946
148313709
148319392
148347534
148408382
148448839
148455397
148531792
148615460
148717274
148746117
148849365
148872815
148967921
149069305
149074694
149103215
149113807
149210193
149218136
149333845
149382684
149388102
149408236
149427462
149453013
149459738
149469805
149478447
149549286
149592998
149602642
149604531
149660511
149664276
149688995
149720132
149754964
150016662
150022674
150061604
150188558
150229281
150272446
150468636
150531493
150646600
150728101
150820372
150876354
150921249
150930120
150955184
150965526
151039065
151159974
151179850
151422047
151450516
151581842
151685886
151722065
151745857
151756865
151782995
151890436
151971249
151987323
151997703
152016087
152031444
152126013
152156212
152206228
152228755
152256766
152300487
152335591
152349389
152355179
152373907
152395497
152565866
152652257
152692799
152697427
152700927
152787642
152797694
152842529
152957125
152978351
152990366
153032564
153053905
153123328
153130406
153192706
153246321
153340846
153392504
153393592
153444494
153724042
153776160
153823679
153890257
153903893
154125547
154174042
154239053
154259251
154289814
154302076
154328755
154341183
154353015
154378931
154408150
154409669
154508874
154577136
154589398
154824007
154829246
154850374
154932767
154957260
155057563
155198561
155221181
155277656
155332575
155334257
155371202
155400722
155410604
155430665
155472769
155514003
155556949
155603021
155618533
155620133
155728253
155828621
155838123
155847833
155851103
155904504
155954608
156040650
156123380
156125625
156305557
156413900
156443667
156475487
156510683
156541755
156589299
156605290
156684306
156748297
156897916
156901704
157017844
157032788
157269431
157383699
157398382
157407081
157428444
157529777
157561212
157579060
157592517
157647410
157670045
157732050
157817353
157861636
157902577
157927212
157954138
157974313
158037794
158049048
158168419
158201047
158221351
158275346
158298942
158354256
158468546
158507033
158593293
158666943
158736171
158762727
158778147
158954158
158955802
158990131
159032577
159055119
159075201
159077142
159106242
159160786
159180930
159282063
159283776
159374003
159403544
159404931
159486959
159527865
159528387
159530411
159563681
159641064
159725168
159759769
159770307
159809767
159817962
159818065
159836496
159842775
159910714
159919374
159973390
160036567
160049575
160124408
160133045
160146836
160213960
160293070
160381875
160815124
160882074
160918024
161002759
161008523
161013034
161054685
161130453
161353201
161377384
161479173
161673948
161824437
161837403
161886786
161921911
162037241
162062742
162168557
162189813
162237499
162246651
162269436
162332791
162360592
162405745
162421680
162441295
162442456
162450508
162480079
162536935
162538789
162545554
162627976
162752629
162839095
162886256
162902290
163041322
163080899
163196108
163249167
163374796
163464240
163534479
163556600
163592434
163639960
163701646
163752311
163793296
163867510
163881394
163969016
164056112
164061732
164131718
164136593
164144080
164204314
164220991
164228167
164273410
164327876
164346132
164395793
164429570
164508616
164586417
164782540
164809095
164813448
164867017
164944350
164948238
164953949
165028098
165091804
165127651
165163334
165170695
165270604
165274994
165315850
165333019
165413619
165432744
165526201
165548730
165579500
165694960
165857320
165949195
165993926
166038886
166050890
166059768
166077891
166102099
166302950
166474433
166527586
166531747
166625257
166644647
166651399
166652205
166699393
166728196
166792867
166814079
166815988
166906845
166963690
167062945
167063673
167121988
167141678
167171210
167186030
167199654
167448435
167494125
167595039
167655748
167676680
167730346
167736468
167778432
167845834
167903505
167938321
167987026
167998219
168069355
168090158
168105475
168188569
168204274
168214492
168263838
168296820
168326178
168326353
168365927
168403700
168472514
168503762
168534307
168623837
168642087
168648175
168691725
168780834
168816551
168862637
168863121
168867291
168894095
168920469
168934522
169035042
169040515
169041176
169116254
169152932
169184089
169195780
169244835
169251302
169283613
169288911
169380985
169389992
169539177
169545498
169576209
169581353
169590589
169641455
169653390
169715954
169890521
169897982
169925291
169980736
170085409
170109524
170229923
170248223
170250672
170255248
170284630
170312623
170314505
170365602
170432219
170447914
170569268
170577124
170614014
170658306
170667568
170693954
170696228
170741413
170888490
170913470
170934024
170961902
170971446
170986712
171033007
171050850
171077545
171087987
171106906
171216491
171281258
171298768
171375368
171392026
171401104
171405772
171430642
171606194
171715956
171769651
171841227
171849173
171852637
171962820
172000332
172025599
172038863
172063038
172127712
172142957
172184653
172234894
172254989
172261983
172366634
172385398
172555227
172571626
172726898
172772089
172828239
172851944
172856731
172891469
172983192
173109951
173112249
173123052
173157708
173170558
173266140
173385736
173463405
173528833
173545730
173564542
173677043
173767508
173783630
173858954
173866924
173997023
173999774
174025957
174027642
174068922
174111976
174145091
174224529
174241833
174287415
174304501
174306058
174311297
174426393
174445131
174490217
174498579
174505962
174544554
174553663
174605300
174701958
174746709
174832878
174869964
174893259
174902831
174974993
174989057
175021150
175057848
175110741
175113384
175138442
175204001
175239410
175338205
175342801
175369308
175528163
175534035
175603861
175635641
175645936
175685993
175741601
175764787
175823344
175839073
175899550
175928190
175960523
176056236
176061346
176069039
176077486
176106196
176175149
176175722
176200269
176231618
176284571
176295662
176298513
176313126
176412758
176438880
176507715
176520951
176591237
176610956
176689692
176720005
176740756
176785109
176818785
176842396
176845948
176859635
176989716
177057376
177088628
177095149
177123722
177190072
177280359
177291722
177342443
177355453
177390435
177470878
177524074
177543543
177683124
177721290
177771687
177862631
177920344
177964683
177969693
177983634
177999704
178003982
178006654
178011098
178013255
178059658
178102915
178186841
178189578
178206924
178229589
178257553
178289335
178296439
178302968
178350804
178399270
178514789
178530753
178531030
178541095
178615458
178625470
178695085
178697616
178709141
178733699
178819855
178929697
178940224
178983337
179012414
179013348
179093579
179134504
179155410
179167100
179191283
179294423
179301532
179308601
179385816
179427497
179521240
179567806
179571176
179647835
179711811
180033840
180036094
180148941
180228639
180349852
180397952
180406024
180456676
180461891
180533279
180599139
180759471
180767272
180791535
180793097
180951301
181033884
181103169
181119469
181243279
181280674
181297454
181302710
181371018
181489332
181506393
181520537
181540913
181571983
181590912
181646732
181689945
181693236
181711958
181765868
181768781
181904738
181922157
181995006
182020655
182027361
182083415
182168427
182260888
182344138
182353773
182377561
182432456
182469249
182488135
182550466
182560104
182613590
182664231
182674833
182716333
182732438
182767752
182778196
182787304
182799109
182805998
182826252
182831799
182903714
182937521
183112392
183194810
183204036
183300086
183319582
183330990
183395959
183406679
183468127
183555319
183560520
183585031
183627352
183658478
183702510
183724455
183802551
183811858
183815115
183876295
183997204
184017369
184096932
184217201
184228165
184332399
184378283
184570757
184706690
184740429
184792983
184810559
184965077
184970318
185244793
185277164
185277753
185342298
185414203
185464432
185623965
185631914
185721167
185872270
185981020
185997444
186016025
186020077
186045104
186110170
186127787
186146948
186229182
186261293
186310269
186356070
186374523
186379771
186431591
186466248
186488532
186511375
186526361
186528354
186566420
186570428
186573728
186727611
186732047
186754556
186758022
186797267
186996993
187132665
187148873
187171351
187223013
187224285
187229843
187234842
187332737
187354614
187365109
187370000
187378338
187381203
187385438
187395890
187447824
187457203
187487644
187506283
187533084
187575874
187616313
187627739
187649824
187658325
187688482
187696257
187743030
187811617
187823275
187853487
187905736
187926278
187943235
187982677
187991706
188074650
188085182
188110293
188134782
188161762
188276722
188299026
188580883
188601037
188602120
188786733
188798639
188801943
188807055
188827514
188832848
188839368
188881708
188884881
188982483
188996428
189027020
189033580
189051475
189167233
189257410
189263873
189265710
189313346
189315741
189515972
189596728
189647893
189665831
189694004
189749951
189830551
189848613
189857667
189857685
189918713
189938154
189956503
190076382
190138812
190152058
190162581
190175490
190244568
190309807
190321371
190332020
190344470
190359658
190417082
190446417
190494215
190624229
190778547
190853289
190868547
190908596
190913865
190976728
190979492
191013151
191048614
191070356
191111453
191131489
191192095
191200628
191217539
191233153
191268334
191332492
191339301
191398359
191415201
191645133
191651082
191659684
191660100
191669630
191671735
191677963
191723841
191851298
191852164
191877218
191929768
191960725
192039555
192041922
192084163
192201534
192272969
192477351
192577250
192600288
192601557
192606563
192663749
192693408
192890688
192913300
192979936
193004833
193035548
193045917
193045992
193108095
193130301
193156887
193173356
193197944
193260440
193394913
193399781
193602632
193687977
193696577
193785957
193811866
193816585
193852634
193867037
193993609
194029857
194079485
194125567
194174888
194205013
194211645
194261863
194287945
194309119
194386212
194429542
194507466
194553733
194589785
194678978
194690239
194702373
194782563
194824150
194914875
195005993
195111383
195288553
195405066
195489373
195505878
195555871
195656314
195797093
195866014
195963228
195984379
196007897
196028996
196082457
196151040
196246697
196310592
196609566
196698855
196714902
196718986
196783364
196811400
196929791
196948826
196975555
197155776
197275560
197387265
197507013
197523559
197542270
197545472
197566105
197602335
197660963
197751402
197796485
197830402
197902174
197986569
198065790
198164414
198253244
198407112
198419100
198515491
198673504
198729509
198778790
198949920
199076293
199149961
199165988
199304614
199481825
199512440
199536983
199584291
199729787
199753464
199762729
199984088
200030013
200079624
200157736
200375706
200529062
200591142
200686916
200728322
200736777
200763877
200872666
200911257
200945052
201123906
201215591
201270116
201298873
201387047
201476153
201598808
201615261
201633991
201635972
201878015
201939976
202055331
202107073
202180702
202217440
202233722
202304228
202341445
202628158
202662821
202680423
202705209
202804891
202912261
202919208
202931448
202981022
203052904
203155131
203249466
203272199
203554499
203598886
204105500
204268505
204289305
204305510
204451993
204558842
204631076
204694847
204704857
204885562
204894143
205196026
205421442
205529916
205556382
205753541
205949379
206075297
206189473
206327005
206376864
206445246
206582011
206610242
206856090
207058754
207120161
207163813
207221051
207367076
207399773
207423074
207461530
207644227
207701690
207748670
207811811
207867553
208086566
208432355
208593859
209027488
209065787
209163487
209221125
209221502
209497055
209663615
209900864
209923875
209937501
210008284
210062267
210211009
210514428
210520388
210593536
210781955
210934818
210936735
210948064
211466237
212341886
212385056
212408320
212519233
212804962
212825536
212893633
213089920
213124896
213224864
213248350
213272895
213368546
213580002
213643522
213834878
214012738
214819551
214883202
214970176
