2833998
3119215
3222839
3422123
3574742
3721951
4048548
4048658
4054892
4140794
4171211
4177456
4283700
4305173
4333549
4464788
4523057
4531820
4539477
4561362
4567025
4678958
4705715
4728176
4729588
4773585
4775917
5109175
5174859
5205030
5223124
5234958
5243511
5299122
5307540
5309098
5351579
5384821
5437543
5449702
5457389
5464494
5498900
5570924
5578076
5580591
5589546
5600243
5618052
5620769
5648492
5656257
5668581
5698712
5717464
5735183
5735655
5736321
5767980
5772006
5909655
5934180
5935465
5988915
5996096
6002606
6016258
6075317
6078654
6081405
6099923
6120632
6154971
6163315
6239938
6251485
6254095
6268715
6269861
6295914
6337163
6361830
6436630
6473158
6477792
6486695
6497962
6498182
6505641
6551020
6551499
6623272
6636544
6668933
6682535
6732188
6736225
6753371
6761571
6769376
6773782
6777894
6784202
6828387
6832419
6871256
6891754
6991593
7022345
7061074
7074050
7082856
7087076
7125202
7137008
7143690
7159368
7200218
7291601
7407579
7649950
7657403
7667240
7671806
7801352
7872869
7881481
7924060
7946199
7954726
7972610
7986779
8253056
8284762
8324033
8410579
8423920
8532039
8574120
8678612
8809302
8864833
8927010
8950276
8958107
9480095
9600858
10149505
10206156
10221514
10233388
10501865
10674040
10691800
10715288
10757560
11036589
11134705
11163245
11195247
11210669
11260126
11261173
11300276
11310492
11320050
11409697
11455308
11456786
11491691
11511249
11574302
11616338
11664727
11696237
11719512
11752529
11767633
11783183
11784690
11786578
11802447
11803433
11803666
11804463
11820944
11825897
11843735
11881237
11904016
11908980
11911864
11914632
11925861
11932727
11936051
11947164
11964948
11965365
11969961
12028522
12036342
12073355
12075732
12078071
12085133
12095029
12109388
12124314
12135944
12142580
12142705
12176561
12184201
12198122
12203073
12256041
12268194
12270018
12285486
12288297
12291066
12304195
12320338
12416527
12468436
12469053
12476586
12476783
12482066
12492069
12499765
12504670
12505010
12506524
12525510
12543302
12544154
12561608
12567478
12572198
12574334
12578570
12594683
12618090
12619860
12624229
12630591
12640584
12673178
12676088
12680336
12683335
12684126
12705566
12713764
12726655
12741409
12766617
12768529
12803357
12811772
12833761
12836067
12850746
12860545
12872863
12878513
12888983
12894821
12924454
12952932
12975850
12986173
12994408
12997341
13047509
13066680
13091584
13158778
13173865
13178476
13182528
13188315
13218310
13242531
13253345
13269825
13319707
13387402
13396922
13405271
13419016
13439067
13456965
13470471
13493768
13562020
13693096
13696166
13727100
13740316
13760609
13783001
13795355
13847907
13943056
13999549
14002159
14014495
14044638
14181988
14253026
14322805
14359584
14808210
14835111
14939091
14975148
14976590
15134900
15158769
15221398
15285136
15288555
15306723
15315753
15351346
15412947
15418398
15455714
15466191
15506769
15506929
15508045
15513711
15529744
15538792
15579982
15615348
15641651
15648984
15656107
15683347
15699180
15704616
15717832
15725516
15752853
15778162
15794534
15841355
15847979
15878730
15885881
15896280
15903921
15947849
15956668
15990519
15997768
16028730
16029848
16047716
16058818
16087063
16089069
16100298
16112774
16123319
16128631
16131498
16157048
16170428
16220957
16265422
16266460
16305231
16323143
16351278
16402617
16404959
16409935
16416167
16420197
16432680
16446457
16471598
16479435
16481002
16514455
16518413
16545658
16560854
16561658
16564037
16606525
16622249
16628859
16640592
16640698
16654843
16663675
16675435
16684668
16739772
16751991
16789372
16799411
16867876
16874487
16886589
16908422
16920618
16936479
16939398
16951606
16957408
16960192
16966069
16977828
16981703
16987356
17037873
17038402
17053570
17059622
17074603
17078821
17081363
17133494
17152451
17162311
17185123
17185723
17210642
17228097
17251157
17263259
17263676
17300824
17353964
17355323
17364922
17372706
17436209
17437717
17440051
17443238
17448110
17468518
17504765
17531564
17608424
17626400
17629315
17640253
17640633
17652171
17667801
17689182
17701066
17894593
17911174
17939490
17976971
18012704
18032687
18041181
18045131
18098551
18099490
18107509
18144510
18198088
18274985
18275867
18299097
18355342
18393264
18399191
18431265
18474302
18520217
18524973
18530834
18571057
18593172
18607557
18708431
18731339
18775988
18781005
18789237
18794084
18880883
18885539
18932993
18965833
18973288
19037088
19072470
19090192
19116415
19118227
19135534
19156330
19164006
19170816
19301650
19327117
19352496
19372443
19375645
19475358
19593332
19628783
19678090
19736126
19822789
19841964
19846520
19854313
19857673
19900101
19912732
19934470
19942509
20020622
20051362
20059488
20062959
20129672
20177513
20241199
20305917
20309484
20321096
20344303
20369458
20388244
20431569
20553358
20599424
20662030
20674753
20701902
20753199
20793458
20795186
20827470
20866700
20881498
20902171
20982138
21027186
21038372
21082727
21139029
21159598
21230776
21236373
21255784
21313612
21319820
21355675
21357521
21378890
21421558
21453281
21467634
21608762
21626563
21628563
21635665
21647024
21653752
21661508
21725423
21727229
21780634
21829826
21834471
21861135
21916356
21942602
21949102
21974868
22023602
22066352
22088146
22117128
22225925
22277649
22289537
22307575
22336108
22345661
22353172
22375745
22407989
22511915
22541201
22567276
22592239
22599903
22643269
22711770
22724502
22887429
22957273
22978815
23011029
23030741
23032838
23035949
23059186
23256288
23266501
23283902
23284711
23294155
23295051
23301223
23308142
23354343
23359922
23367693
23380220
23417519
23437591
23437847
23446451
23464235
23466310
23483869
23487676
23488539
23517326
23544121
23556224
23568099
23573433
23594550
23603836
23623275
23688546
23716610
23746007
23764118
23774304
23774351
23799070
23806546
23857899
23891870
23900288
23956038
24045247
24065474
24090430
24106683
24132507
24149044
24156019
24163147
24164994
24170881
24180306
24262033
24293912
24303029
24306343
24327451
24367615
24377397
24424150
24455702
24457293
24497708
24502432
24508386
24534048
24545200
24551129
24584838
24608344
24616623
24639825
24673325
24699514
24704174
24709658
24744133
24744521
24776121
24784697
24789124
24812794
24833202
24852260
24866476
24886894
24926193
24929337
24946444
24981474
24990204
24994002
25001083
25136562
25148378
25157544
25178299
25193741
25229385
25259646
25281414
25290906
25295690
25334362
25340081
25376170
25420397
25447276
25499290
25507878
25561258
25563264
25583426
25584144
25600815
25628222
25638494
25651239
25687437
25691355
25706005
25756898
25790168
25814726
25847482
25911717
25921478
25926785
25973195
26048437
26063828
26066870
26096797
26099908
26139104
26155201
26161782
26162185
26194900
26215981
26279261
26299107
26322467
26340078
26351910
26372113
26375955
26382731
26410786
26431863
26452782
26478665
26479460
26503708
26509598
26548992
26617505
26628656
26640585
26701265
26728122
26744883
26759592
26765017
26776184
26803034
26856160
26877277
26895788
26900570
26908346
26911833
26921057
26954836
26981747
27021108
27071920
27085572
27090612
27131886
27220959
27252769
27267545
27313864
27396621
27414286
27475974
27528830
27572578
27649956
27660916
27764870
27844831
27889327
27900128
27920371
28027085
28054293
28090072
28095557
28147998
28185489
28210948
28218013
28246889
28305503
28313021
28317658
28319906
28348139
28350496
28351156
28360008
28462577
28483702
28495061
28505444
28540152
28585423
28597979
28606342
28636233
28698816
28712330
28727350
28732713
28749307
28755408
28771453
28911232
28930764
28975691
28977682
28989923
29037735
29050705
29076815
29166655
29177971
29215114
29244302
29395442
29407691
29517883
29534725
29553932
29570527
29637706
29671185
29756274
29767634
29775675
29816358
29817770
29848293
29974981
30011228
30078569
30134157
30145947
30159850
30162951
30199108
30218288
30236772
30278577
30290275
30295160
30316941
30335510
30340272
30351247
30358821
30434022
30473508
30476007
30476442
30486397
30487084
30516133
30517817
30560357
30609176
30652982
30698441
30705876
30760387
30822472
30871744
30892463
30931777
30955125
31000667
31060955
31185319
31188288
31194121
31225725
31248898
31256209
31364227
31414144
31436269
31445861
31492952
31496517
31508204
31613451
31623580
31637211
31648388
31649524
31651177
31671562
31723757
31727440
31786939
31808230
31808512
31820751
31822281
31826439
31851248
31870339
31879322
31881896
31894256
31986453
31994548
31998029
32039874
32079765
32184058
32192834
32209793
32374333
32381404
32581206
32581300
32631355
32647200
32686669
32710856
32721611
32742071
32785823
32793177
32809628
32834404
32977524
33015321
33020604
33027808
33037058
33044024
33103307
33175464
33227140
33270379
33298392
33304130
33304565
33404205
33414974
33456258
33493231
33568277
33589662
33633253
33640447
33641796
33652049
33748415
33868128
33885987
33891711
33969526
34011078
34026833
34031052
34047698
34091158
34153518
34183828
34241814
34368042
34381760
34431612
34437650
34507921
34579122
34589843
34689718
34689844
34701714
34728158
34758897
34827714
34845568
34872653
34899837
34923681
34967567
34990258
35031914
35063204
35090192
35178515
35182003
35212157
35219492
35229625
35236717
35244110
35248368
35300828
35331748
35345806
35360833
35372474
35400887
35455573
35528640
35541747
35543616
35565557
35632011
35658546
35783455
35951204
36052076
36060622
36060714
36068635
36105416
36109065
36159287
36170946
36180845
36183439
36242538
36294696
36296652
36339851
36351670
36354476
36419905
36442032
36453491
36456459
36487636
36551801
36581621
36593394
36607541
36629806
36642882
36689062
36719442
36766192
36773207
36790001
36821834
36850803
36879714
36906643
36945764
37007884
37014859
37031765
37110190
37116185
37127531
37138485
37162314
37183700
37197588
37204247
37230729
37233446
37242830
37286264
37338953
37364694
37371083
37416163
37497934
37500010
37526017
37530431
37533566
37539921
37582102
37587004
37678003
37678364
37691447
37691955
37734411
37735032
37743410
37789043
37825581
37863656
37867805
37953245
38004840
38023106
38025021
38034769
38069693
38088096
38123264
38135063
38143203
38145527
38161612
38175889
38184892
38249920
38276654
38347303
38422643
38428791
38437124
38472229
38478949
38490865
38514196
38540758
38556976
38614092
38693940
38707346
38718687
38743342
38753039
38775846
38781812
38792717
38817809
38822773
38833831
38868075
38939686
38943317
38948455
39010390
39010996
39106857
39115968
39133146
39190024
39284912
39310769
39332611
39382113
39397631
39402982
39459521
39465537
39503233
39518580
39532318
39571658
39600115
39636790
39677093
39677861
39781175
39823337
39829784
39849115
39917083
39920995
39923261
39934010
39936198
39966524
40000538
40132049
40139768
40167620
40226312
40233456
40258661
40304992
40326616
40342836
40408230
40463664
40517205
40563848
40618250
40737864
40755023
40790943
40800566
40810248
40826117
40887103
40902183
40920642
40959095
40963678
40985200
41019205
41090297
41097889
41102983
41162495
41175792
41176319
41192200
41197034
41197972
41226348
41241373
41241917
41246095
41272862
41289113
41328961
41356097
41418606
41435004
41531007
41553097
41571752
41593007
41688149
41781408
41823644
41853767
41859499
41866051
41868571
41886366
41907001
41909515
41949014
41966238
41972641
41978338
42032479
42044399
42047643
42051200
42059038
42094635
42101916
42102028
42152743
42284527
42339850
42345814
42352614
42356616
42367372
42384156
42386314
42426011
42471359
42495728
42498154
42512000
42542995
42543789
42561599
42582613
42641686
42664014
42688141
42703040
42730737
42768063
42776109
42806517
42838234
42878431
42928341
42972706
42994455
43057083
43068273
43097757
43139507
43240647
43262307
43266814
43303362
43378122
43393723
43528062
43531332
43538182
43547799
43553118
43559700
43575028
43590098
43617171
43662827
43692634
43693596
43695181
43721848
43802079
43814512
43826773
43839180
43898774
43901065
43944203
43996579
44009560
44022094
44035832
44068693
44074101
44078123
44098016
44157996
44162601
44167328
44195020
44206351
44273328
44283273
44305025
44341608
44365640
44407510
44439347
44507659
44507679
44523904
44536435
44542995
44549695
44566534
44619513
44621588
44626399
44650006
44700511
44899513
44926150
44930410
45021893
45099581
45137497
45186089
45207774
45222308
45224013
45224711
45230710
45237446
45313273
45376233
45388111
45388927
45443373
45541559
45608449
45670351
45680857
45700248
45740651
45768251
45826188
45826856
45831978
45890808
45912860
45913462
45929031
45956440
45987733
45997724
46029875
46035323
46037099
46078650
46104638
46222487
46273819
46512281
46532809
46571226
46578428
46619369
46625256
46667458
46678543
46770784
46772891
46841499
46842593
46851568
46900550
46938907
46976434
46983621
47015380
47034589
47058295
47077805
47080835
47088535
47179802
47199867
47202678
47218885
47273526
47287144
47318935
47320997
47404291
47430890
47435872
47439687
47581752
47690618
47772378
47792323
47797468
47802848
47848994
47857828
47876091
47895553
47906248
47912027
47928170
47957847
47958106
47962337
48031396
48093065
48099290
48144923
48160037
48186071
48237411
48271970
48300636
48324483
48346280
48387528
48399106
48727837
48755741
48780093
48847871
48862762
48867301
48948834
49037331
49190547
49213412
49262907
49264777
49283117
49288408
49342408
49403761
49484869
49507693
49522560
49554880
49605605
49639433
49681908
49832321
49901534
49944878
49996206
50008236
50081041
50095490
50095832
50163258
50180380
50206457
50222209
50364524
50411987
50437572
50438707
50481298
50580382
50639618
50650590
50701699
50733496
50752692
50785516
50875548
50913327
50914283
50991648
51024930
51037477
51052609
51127099
51182130
51210263
51267407
51370371
51404287
51423022
51426176
51431343
51504479
51542707
51549488
51573582
51590121
51667748
51760133
51762402
51796979
51844425
51903329
51903812
51912949
51963395
52013879
52090548
52148988
52151629
52245050
52319465
52367340
52428612
52530185
52546478
52617601
52715220
52724348
52834674
52886954
52930205
53031298
53099690
53114984
53116213
53146015
53174371
53220834
53223431
53257327
53310794
53363827
53405240
53413400
53440480
53548114
53580022
53623318
53641944
53688042
53778847
53810127
53859551
53977966
54026038
54031686
54192597
54250149
54317242
54545295
54597752
54666864
54693764
54716904
54731111
54753990
54779399
54873221
54893712
54915356
54950968
54969897
55099698
55175623
55207030
55207364
55319128
55335082
55380334
55400139
55405551
55467935
55495986
55497745
55589172
55667495
55734595
55779818
55785323
55807359
55828902
55947896
55964838
55966245
56087615
56168929
56247299
56267078
56304481
56309890
56414720
56612616
56652029
56701459
56727403
56750656
56819526
56901919
56923514
56929883
56930203
57215931
57222239
57245024
57318491
57352253
57516498
57519611
57545453
57574976
57691178
57696169
57758889
57778411
57814692
57897810
57907073
57962101
57963377
57982941
57999148
57999412
58217889
58226273
58238705
58258065
58488662
58514975
58551626
58625984
58717120
58743075
58769065
58869193
58889676
58924483
58955654
59005855
59009454
59154787
59233548
59241769
59260616
59346604
59349383
59468069
59559542
59568863
59704878
59737784
59783673
59823338
59842694
59854074
59855087
59861048
59900914
59959886
60002792
60011612
60043875
60175294
60244749
60284878
60334285
60384444
60480751
60641359
60706982
60724545
60766700
60820810
60853156
60917073
61018549
61032363
61136688
61139769
61150807
61173604
61235645
61329691
61422470
61470090
61503041
61589804
61599514
61653734
61718379
61720788
61721336
61772635
61777320
61789615
61841371
61853595
61899420
61909619
62078807
62180034
62335882
62371478
62387753
62403356
62450192
62547455
62577559
62628550
62673801
62683830
62692649
62699708
62727216
62747827
62863295
62890654
62919630
63042643
63044729
63074621
63187646
63236396
63308905
63355313
63382705
63417724
63466546
63487315
63492018
63522275
63543433
63604413
63665804
63668617
63689383
63708566
63718105
63726254
63736242
63865102
63894369
63910877
64063745
64101266
64129763
64150732
64262379
64347547
64408860
64500568
64624436
64658124
64670122
64695596
64698497
64707341
64748952
64797516
64821137
64824810
64882539
64975604
64990092
65003570
65010553
65032566
65053644
65133387
65154478
65155161
65188476
65368540
65409316
65422677
65441709
65454881
65456427
65482678
65483949
65490385
65539424
65546835
65588591
65606979
65629276
65681366
65699885
65723089
65737525
65737992
65782152
65834874
65861367
65965904
66017138
66018603
66087095
66131441
66139012
66188713
66216265
66262433
66422020
66453666
66559828
66597700
66597844
66640212
66696049
66741710
66890918
66998933
67023205
67115538
67116135
67124544
67179327
67261202
67310448
67367216
67436015
67459298
67506527
67534814
67615272
67688775
67694654
67702791
67743255
67750620
67797311
67830761
67834309
67880522
67930253
67970053
68005101
68191385
68207088
68218544
68257782
68386846
68392142
68392678
68406723
68521794
68606689
68659183
68677347
68698804
68796509
68799712
68814016
68862515
68893508
68991097
69004950
69049289
69073479
69130210
69149396
69172505
69174903
69199674
69210504
69230051
69236914
69249852
69280420
69340088
69340244
69344030
69370996
69392402
69395712
69418415
69434802
69502057
69510693
69546297
69553878
69556288
69592115
69709548
69788100
69829253
69850107
69959997
69977326
69993264
69995758
70041731
70063216
70070652
70099386
70139426
70143263
70261807
70317974
70542554
70561563
70567977
70653190
70695758
70778580
70781851
70790194
70860991
70949697
70961689
71027029
71068076
71189019
71209390
71224711
71306267
71321607
71383707
71401095
71423271
71448034
71487180
71525929
71539410
71539786
71547221
71559316
71584603
71638516
71659278
71667016
71702393
71728958
71863446
71958934
72033984
72119996
72164978
72179622
72249376
72257569
72293696
72350911
72390446
72406499
72419806
72468624
72487473
72651396
72661851
72746342
72759202
73016082
73054872
73078143
73084195
73099331
73099575
73104584
73188422
73212840
73236140
73237085
73251784
73358764
73435992
73443607
73635614
73638109
73691616
73703042
73721678
73732086
73774923
73879115
73887115
73967014
73976724
73979084
73998788
74045337
74057588
74073120
74094905
74163452
74241626
74262233
74327896
74330065
74356847
74413340
74449079
74498172
74515529
74683783
74694737
74902658
74902909
74938892
75046513
75049416
75085227
75222441
75242110
75316593
75328239
75334400
75389011
75434849
75475934
75493042
75525950
75537018
75539426
75577963
75581164
75727919
75820446
75899527
75906277
75995421
76014993
76021280
76091447
76100319
76100967
76103199
76109894
76147673
76172175
76298464
76310428
76330596
76453026
76480905
76567429
76679130
76761104
76794455
76854544
76860591
76863326
76873680
76952818
77021498
77033382
77041299
77061584
77067728
77113777
77124575
77130800
77159919
77167815
77187922
77217737
77220879
77244230
77249135
77274033
77286930
77345616
77359287
77361840
77366407
77370098
77370447
77372303
77404499
77428561
77435567
77451536
77475920
77488389
77508302
77515535
77562620
77567314
77567794
77568273
77569231
77591696
77601264
77603411
77636720
77647282
77667917
77672555
77704389
77740015
77749806
77751856
77753955
77762980
77797709
77843183
77863951
77869904
77871621
77881811
77905422
77920494
77927112
77932706
77943123
77971309
77973045
77977262
77979064
77982290
77994862
78009165
78045537
78047089
78047762
78056626
78070514
78081934
78082253
78098416
78102321
78103539
78117779
78117857
78118577
78159085
78164653
78174799
78176239
78189443
78199540
78209904
78213083
78251565
78274220
78300435
78304691
78317170
78334015
78337346
78341175
78356819
78421726
78444869
78469808
78471757
78487244
78494923
78510543
78535085
78568307
78570517
78591966
78593420
78602701
78605740
78628977
78633972
78644351
78672147
78725074
78738478
78743321
78745240
78748750
78779315
78791060
78801036
78818099
78819468
78903251
78911596
78917553
78941050
78944755
78998867
79002420
79003252
79018861
79034765
79057609
79064079
79067083
79077396
79114130
79128628
79131428
79134700
79143629
79185137
79189762
79199667
79217262
79226532
79239892
79240802
79253588
79281878
79301387
79302833
79306006
79366836
79376686
79382667
79405523
79406132
79442930
79456340
79463699
79477316
79486633
79487189
79542769
79558427
79576021
79582225
79589643
79594268
79598357
79604984
79615445
79620715
79657170
79675925
79694063
79710822
79711467
79722763
79729861
79748843
79752405
79764277
79764779
79787405
79808269
79857428
79858677
79860100
79876661
79882891
79898347
79901779
79903980
79906475
79923182
79948212
79954705
79967858
79968298
79969188
80017420
80027891
80033805
80052853
80085579
80086983
80116444
80126642
80169675
80193962
80241162
80315726
80328173
80328394
80364523
80404703
80419382
80425690
80446665
80450859
80461066
80479344
80487723
80508347
80532367
80546058
80550582
80561280
80561635
80615082
80616261
80627578
80669800
80676019
80678922
80689504
80704673
80720917
80728160
80765589
80778890
80798934
80812982
80830349
80842677
80878640
80878670
80881854
80943225
81057741
81060772
81083205
81113994
81117558
81121546
81143318
81184402
81222986
81284106
81284214
81303799
81312425
81314659
81322349
81328500
81338679
81347087
81362006
81378967
81391338
81440554
81500594
81502159
81516330
81516714
81604394
81618602
81640768
81693207
81705622
81717400
81752015
81769102
81773554
81800288
81809079
81811435
81814647
81890569
81913981
81914038
81932459
81946804
81994749
82018313
82052311
82059561
82060841
82079510
82091202
82099993
82107748
82128741
82143753
82145852
82147817
82182039
82186922
82218134
82231201
82249297
82275507
82289321
82292343
82296649
82305921
82317591
82331233
82353219
82358967
82359445
82359840
82371031
82394419
82409175
82427566
82431695
82471472
82510036
82545205
82557833
82565999
82590097
82592724
82614434
82638900
82661857
82761080
82777800
82782912
82825832
82834328
82846008
82871671
82891113
82893432
82914633
82918135
82931499
82952680
82978345
82981080
83018729
83043928
83059944
83067432
83101257
83131419
83148600
83175161
83211202
83254487
83277261
83339099
83356169
83398360
83399928
83407512
83419784
83427572
83433033
83435144
83456456
83478755
83483159
83498136
83518025
83548567
83558744
83563066
83574764
83632628
83693561
83761639
83772010
83787243
83810585
83830808
83848305
83861377
83863462
83864501
83917479
83925415
83933703
83935047
83962779
83964825
83971655
83978792
83978985
83995463
84007655
84065127
84071314
84158600
84175384
84192808
84214297
84219591
84224790
84255303
84269511
84276953
84286317
84298939
84304859
84307641
84312249
84349897
84362451
84421247
84430873
84459593
84474743
84480391
84490001
84525159
84543206
84592537
84593799
84635577
84636121
84664184
84668842
84687799
84733261
84746442
84762265
84798521
84807192
84814206
84820332
84837094
84864678
84866840
84876421
84916680
84922809
84923272
84924083
84927334
84979448
85021094
85040954
85184348
85195782
85297094
85308385
85334889
85367417
85422382
85454854
85546525
85599015
85676612
85686889
85727457
85744645
85746470
85757957
85811993
85848026
85849402
85857847
85899333
85932152
85946811
85950171
86001120
86005157
86007877
86032240
86035713
86056595
86068680
86072741
86074759
86087610
86125113
86198096
86205191
86208699
86221893
86261552
86294681
86298423
86324951
86327717
86355077
86359771
86371749
86381978
86432315
86508393
86519707
86597247
86623782
86627672
86653650
86655973
86679077
86708740
86711241
86809061
86822793
86862204
86875607
86901084
86915655
86925668
86945124
86966967
86992324
86996485
87044258
87049468
87052005
87073147
87086331
87090852
87093410
87103609
87145220
87153595
87169540
87181989
87195559
87211405
87220636
87222331
87249388
87254204
87268551
87274886
87282607
87294091
87296887
87362086
87421532
87422751
87428860
87441180
87454148
87455225
87465724
87481089
87512763
87513412
87565469
87609021
87613023
87614682
87620932
87626433
87648189
87657190
87680387
87695804
87744448
87783228
87788185
87799484
87800965
87803133
87809605
87814348
87832508
87892029
87919171
87942141
87946727
87970811
87980169
87980318
87980766
87983427
87989188
87994972
88005924
88012960
88094722
88097214
88111812
88144387
88190714
88198848
88208611
88214820
88218627
88220892
88235495
88246179
88272705
88296996
88304643
88316442
88338328
88346930
88347966
88350429
88362911
88370109
88371165
88383522
88396355
88431907
88433859
88437274
88452824
88455939
88476532
88477507
88478749
88530719
88552195
88554014
88558530
88569667
88601731
88624483
88644449
88649442
88663860
88688991
88691521
88711963
88716578
88718400
88718977
88719104
88720162
88728222
88735298
88742048
88742979
88749856
88750879
88769665
88804348
88806718
88843431
88863965
88905333
88932607
88935038
88955331
88960897
88996253
88997585
89002914
89011167
89021603
89029533
89031526
89043520
89072737
89079489
89082786
89085430
89116511
89155614
89173409
89204961
89205570
89207714
89225186
89251322
89254274
89274210
89281305
89318338
89338943
89359999
89373828
89393253
89402115
89414526
89427527
89452976
89485186
89489341
89498688
89524704
89567689
89571198
89571359
89577442
89595039
89618271
89622398
89629863
89638272
89655046
89665922
89673527
89698272
89698784
89715925
89745762
89765701
89770009
89797861
89803229
89866623
89870336
89886939
89946600
89978585
90024190
90073334
90136966
90165440
90193251
90236432
90264541
90329307
90344483
90362593
90406497
90422721
90423607
90428669
90445709
90459141
90469793
90470301
90484024
90519263
90531978
90532659
90579170
90582626
90596060
90626107
90629411
90633571
90638306
90654285
90749023
90805818
90812642
90815513
90873394
90895441
90913370
90988195
91004920
91023914
91026141
91030397
91082752
91084088
91136800
91152144
91242072
91272719
91406702
91480022
91497859
91531213
91570996
91592895
91644366
91674524
91697870
91716977
91717730
91747149
91774356
91816066
92013792
92037029
92050329
92124032
92167490
92185795
92269759
92395101
92426298
92468757
92488451
92498253
92511813
92578916
92600675
92643136
92692046
92709548
92740196
92741004
92760638
92773326
92779355
92830524
92835163
92836910
92848387
92870465
92897770
92934941
92957954
92997902
93038568
93068177
93075534
93133265
93253731
93273631
93311607
93383485
93452062
93474083
93486830
93491220
93500414
93557385
93586272
93613436
93614758
93763917
93794026
94068896
94116633
94161304
94179018
94251001
94484734
94498941
94554781
94586854
94664609
94678348
94703296
94767798
94795235
94838011
94904906
95001786
95014335
95073792
95141529
95445943
95584313
95613028
95619177
95639134
95670619
95835480
95995839
96136534
96170869
96550978
96569880
96735775
96736102
96815675
96961248
96996382
97034761
97066418
97103040
97146417
97262329
97276381
97298097
97372436
97459119
97501305
97505761
97523472
97660983
97668018
97691372
97708424
97729809
97786074
97859424
97865927
98090702
98122609
98138925
98150962
98158510
98181234
98204176
98209296
98277264
98310736
98315271
98386638
98442214
98670036
98743435
98797169
98935380
99127976
99128703
99192590
99199724
99261722
99308250
99443644
99492712
99562767
99588914
99632277
99637483
99659876
99666687
99718565
99746800
99756132
99770168
99773828
99783499
99809928
99964557
99996530
100002124
100136830
100147630
100314797
100318357
100396602
100402778
100407201
100443457
100485298
100504141
100509210
100643259
100668101
100684346
100773119
100781570
100890860
100944499
100955146
100979355
101072807
101084822
101380379
101409734
101437270
101491585
101499360
101531620
101586677
101675861
101889050
101945420
101952317
102006900
102299561
102381886
102419299
102444116
102524479
102549493
102640148
102685097
102790174
102801571
102867724
102990241
103105020
103265000
103272639
103360969
103399712
103494760
103554067
103675819
103745389
103783190
103796836
103936108
103961924
103962809
103985019
103992148
104110566
104236417
104283696
104427532
104427668
104608936
104692302
104743111
104759371
104802415
104803861
104845319
104869545
104900747
104904663
104998467
105024139
105060201
105176203
105184376
105198993
105255335
105339997
105381432
105437897
105440199
105444336
105512866
105537230
105587662
105634767
105688082
105833715
105863545
105892241
105979635
106051834
106080534
106112614
106123060
106148193
106184582
106189239
106463744
106528553
106617399
106698532
106738298
106775044
106850588
107017518
107117543
107198217
107255643
107304173
107328438
107361168
107406332
107591079
107645584
107686169
107695030
107741385
107745414
107761468
108022422
108327018
108332582
108401257
108463524
108486806
108560277
108562309
108822037
108825829
108828624
108876247
109009889
109056272
109083668
109088454
109095132
109168298
109255150
109330055
109413465
109434920
109699903
109725147
109725886
109732760
109745612
109763791
109830574
109849129
109874628
109909045
110035948
110043448
110086349
110097735
110113252
110158934
110168698
110184220
110333630
110451161
110456025
110458475
110634146
110649346
110688759
110762917
110775068
110792839
110797008
110807141
110837601
110837890
110898810
110922441
110949006
110954334
110958228
110986881
110993024
111038638
111119395
111323204
111348904
111377730
111383925
111455685
111499068
111519489
111543105
111547119
111574371
111614006
111621258
111667533
111747772
111803318
111809823
111883747
111998292
112072746
112080915
112089821
112136612
112138495
112149304
112175344
112231768
112251341
112325430
112343289
112344699
112355175
112357949
112389451
112441216
112596953
112611456
112628783
112665605
112715050
112745251
112913030
112947755
112952758
113034896
113044139
113077399
113083825
113195942
113215965
113447106
113611495
113658601
113673825
113678778
113705743
113819613
113933757
113939036
113943538
113959526
114096852
114187454
114202725
114239126
114250895
114303868
114385217
114397048
114401945
114469132
114486257
114578059
114627454
114632610
114697894
114754629
114799807
114825150
114895606
114949206
115051293
115092575
115173679
115220588
115393284
115470777
115540963
115573000
115575231
115595379
115599633
115602237
115675415
115690879
115721535
115741077
115826166
115855326
115855615
115941580
115943529
116075871
116114707
116178331
116206830
116234114
116250699
116264134
116392077
116430591
116497380
116577092
116661069
116688767
116697930
116741745
116824360
116849933
116853498
116860026
116877609
117076305
117133256
117184317
117248677
117467517
117608910
117646791
117726503
117882169
117893810
118153135
118181880
118189861
118246328
118362128
118481247
118520726
118524500
118566364
118629261
118688294
118727031
118728586
118750737
118794288
118813603
118821768
118838240
118904045
118956269
119061634
119137822
119162818
119190393
119203062
119350497
119376182
119654047
119679816
119794785
119847474
119878798
119917159
119927083
119958080
119963007
120023406
120065406
120125909
120153085
120218505
120252715
120378044
120450353
120602371
120671577
120729000
120897912
120945543
120981047
120991161
121016779
121085537
121104581
121217959
121250000
121288791
121350329
121351529
121414514
121608633
121653029
121793471
121869134
121983176
122048371
122109923
122148490
122173091
122176715
122260971
122302815
122367387
122385336
122589657
122673721
122686221
122730208
122735151
122747783
122858578
122871523
122925651
123101875
123135111
123231543
123315799
123337394
123343790
123403220
123593680
123620344
123689185
123714266
123749532
123754967
123878553
123917669
123942194
123972070
123998053
124049142
124061361
124062052
124185090
124208652
124230642
124240012
124260130
124367250
124411247
124443825
124630399
124712275
124750067
124761258
124960366
125087486
125109937
125205755
125208658
125233609
125264778
125306767
125369570
125576239
125761702
125859796
125860165
125922175
125985625
125985872
126016068
126045824
126138581
126155484
126163708
126328097
126360808
126368348
126397880
126523687
126566611
126593269
126634161
126649865
126682860
126700663
126773303
126910897
126979668
126994694
126996161
127063521
127095464
127109616
127141041
127142040
127187095
127272926
127281178
127357314
127492393
127554847
127557256
127574041
127697896
127702624
127747454
127832159
127851944
127998678
128180286
128276176
128379117
128396517
128452878
128504586
128570664
128730491
128760797
128765713
128780447
128886735
129013040
129014545
129114884
129255201
129352043
129385325
129385819
129406412
129484501
129488475
129506699
129577842
129581716
129660143
129754431
129755781
129761278
129795251
129946583
129956744
130187863
130194901
130199883
130245495
130338099
130516488
130548898
130618709
130757102
130784990
130822791
130844781
130847981
131042522
131063139
131296287
131454885
131525266
131635720
131664079
131767755
131785460
131845617
131925224
131941405
131948876
132003870
132010509
132022484
132127942
132137504
132167986
132210952
132261365
132263468
132266387
132302778
132317017
132432610
132452982
132459320
132463353
132568975
132615930
132707113
132732462
132752120
132763976
132844999
132902470
132919562
132933258
132946353
132967876
133015242
133195381
133304709
133307245
133536432
133544076
133567770
133612428
133617841
133637138
133655590
133682164
133714836
133762563
133772108
133803748
133826415
133942243
133985498
133991561
134081630
134194377
134217780
134274364
134285273
134289045
134312313
134484999
134493323
134563667
134579494
134638585
134672344
134680582
134681653
134698118
134801711
134807356
134810401
134826275
134996965
135034667
135259386
135407651
135489664
135496616
135601210
135675152
135711999
135817923
135916037
135977192
136001683
136007626
136035558
136097002
136129335
136134140
136185426
136194940
136198478
136320150
136384388
136465178
136539951
136596626
136598783
136611898
136698378
136799720
137203550
137203677
137224790
137243374
137269165
137307105
137397019
137397320
137402053
137435516
137502775
137544295
137570360
137644915
137650387
137664795
137826592
137880709
137897418
137944563
137947522
138109087
138228477
138253386
138459149
138468661
138696951
138715062
138758641
138814750
138857890
138859588
138985318
139003107
139057806
139097357
139330587
139454425
139520837
139524803
139562203
139847263
139851336
139889445
139938064
139955073
139961941
140114021
140135490
140172486
140219512
140223943
140262141
140294366
140380097
140385093
140396516
140489418
140523217
140603088
140640939
140707245
140710311
140740064
140823852
140869924
140969769
141016758
141131525
141140507
141143069
141167764
141341854
141438822
141536782
141778690
141789750
141839636
142029660
142089152
142099550
142109331
142120242
142124851
142139977
142173815
142200602
142211775
142212847
142267105
142291745
142364895
142391059
142406487
142454661
142506164
142529582
142550784
142610594
142612605
142718557
142856539
142867948
143116456
143129122
143309969
143377310
143414519
143423947
143459392
143488897
143527648
143573114
143577919
143615435
143760035
143763142
143831167
143844234
143913874
143918136
143926423
143947485
143989259
144000465
144055893
144069856
144313958
144318815
144356774
144547046
144561870
144585419
144638120
144730853
144809532
144830792
144952206
144962374
144990893
145006251
145057641
145121502
145132926
145186567
145215650
145230710
145253130
145274401
145292246
145392111
145408802
145476455
145508763
145515470
145582842
145593792
145722600
145738990
145741543
145855288
145858746
145892783
145899401
145916265
145994938
146383235
146519421
146613311
146620242
146678192
146689893
146841050
146891945
146909052
147024899
147057040
147095927
147231856
147256799
147268376
147304924
147513760
147537867
147562404
147584676
147726679
147817580
147864601
148014833
148173338
148180195
148210036
148298085
148312946
148347534
148562190
148644353
148648492
148733658
148745336
148849365
148852320
148891201
148956583
148967921
149074694
149078143
149103215
149106882
149125357
149133779
149296365
149331829
149333845
149369355
149427462
149458941
149549286
149604531
149623748
149720132
149754964
149837203
149839058
149916996
150061604
150165740
150200051
150229281
150229671
150365035
150395661
150412876
150479261
150552968
150580153
150766782
150820372
150876354
150904139
150916789
150955184
151003717
151179850
151431222
151450516
151614991
151645868
151668279
151735515
151795744
151851850
151855851
151959051
151982061
151997703
152115418
152204244
152349389
152404555
152508368
152699973
152708718
152738703
152850830
153007943
153139612
153151325
153154603
153233363
153270846
153388021
153392504
153393592
153419073
153819654
153918415
154076929
154085574
154219161
154226420
154244351
154247127
154289737
154289814
154302076
154353015
154382871
154408150
154409669
154552421
154555342
154582338
154589398
154596470
154674602
154703019
154708567
154753272
154785759
154881764
154919454
154932767
155198561
155334257
155348907
155371202
155457944
155514003
155599480
155599872
155618533
155639107
155699715
155805312
155912327
155920856
155925879
155954608
156014872
156079010
156092264
156148511
156158417
156313898
156410750
156540735
156541755
156579954
156625223
156629236
156760240
156810196
156818426
157032788
157133783
157168535
157187542
157204447
157269431
157315500
157398382
157411225
157428444
157561212
157579060
157813923
157817353
157954138
157963787
158037794
158038503
158216154
158221351
158298942
158529097
158538190
158547878
158553677
158580870
158617520
158716735
158793462
159032577
159035790
159039752
159153685
159180930
159254398
159289863
159367643
159373939
159393271
159486959
159506522
159527865
159539598
159628468
159647992
159784622
159820707
160035713
160054375
160282030
160332356
160369186
160381875
160429069
160730887
160871933
160901857
161111077
161175088
161260161
161336646
161353201
161568747
161616850
161708316
161722489
161837403
161914759
162037241
162107034
162178173
162189813
162391674
162403460
162421680
162437563
162474001
162480079
162528294
162689997
162817792
162867382
162886256
163012786
163041322
163095794
163098395
163249167
163305131
163374796
163402424
163526021
163534563
163602449
163625809
163701646
163717588
163729125
163743607
163752311
163793296
163881394
163969390
164056112
164061732
164144080
164196287
164217570
164282113
164287074
164410213
164528599
164539408
164587696
164630513
164867017
164878454
164883562
165173312
165228148
165274994
165373541
165413619
165579500
165630944
165685510
165743999
165949195
165987624
166034400
166038886
166056052
166099949
166100975
166200414
166528880
166531747
166532784
166536737
166566650
166625257
166651399
166652205
166740800
166815988
166817468
166831596
167167358
167240946
167262167
167271974
167379148
167419028
167448435
167552732
167659186
167676680
167713878
167736468
167810702
167896839
167987026
168276276
168326353
168336125
168395651
168414563
168534307
168652059
168691725
168693852
168894095
169035042
169041176
169069674
169083536
169104094
169105693
169116254
169148266
169195780
169196844
169214494
169283613
169288911
169354660
169373960
169426541
169545498
169576209
169586168
169641455
169663893
169715954
169857834
169897982
169907960
169924224
170022640
170109524
170151236
170176144
170250672
170314505
170365602
170510871
170514544
170514903
170569268
170579775
170693954
170787090
170799394
170804490
170812222
170818276
170847886
170849060
170970689
170971446
171010161
171015093
171043036
171077545
171127043
171216491
171264372
171329206
171430642
171769651
171806691
172054755
172157811
172296684
172339761
172469860
172708173
172719900
172772089
172778655
172828239
172851944
172891469
172956960
172983192
173037180
173123052
173131871
173305793
173424533
173449051
173463405
173517072
173558960
173646637
173681251
173866924
173956647
173965086
174025957
174036775
174068922
174070841
174304501
174390695
174397751
174544554
174570177
174602228
174605300
174669505
174832878
174893259
174893546
174902831
174938487
174955721
175110741
175168546
175209389
175239410
175314725
175393194
175559631
175561124
175594053
175615364
175637217
175645936
175675570
175688253
175741601
175839073
175897441
176077486
176106196
176175722
176214509
176268548
176295662
176313126
176398406
176420290
176438880
176451885
176475558
176520951
176785109
176809318
176818785
176885037
176954689
177126854
177190072
177361593
177386749
177397300
177438128
177524074
177659461
177663076
177692515
177713419
177907368
178003982
178141005
178185949
178186841
178189481
178257553
178285658
178321114
178399270
178429287
178473946
178514789
178530753
178531030
178613190
178625470
178642369
178713769
178733699
178847824
178886719
178935344
178983337
179013348
179061276
179111385
179116084
179155410
179191283
179294423
179308601
179377351
179427497
179504162
179521240
179571176
179608183
179633184
179711811
179788088
180115619
180133862
180242470
180252270
180297732
180347606
180406024
180417655
180456676
180461891
180767272
180859587
180864141
181033884
181119469
181147439
181243279
181280674
181297454
181394388
181489332
181520537
181544931
181590912
181631789
181713706
181768781
181790294
182083415
182149264
182224372
182344138
182353773
182377561
182401920
182488135
182613590
182664231
182703239
182716333
182756527
182767752
182805998
182932462
182937521
183000944
183034933
183204036
183294333
183300086
183330990
183386641
183395959
183406679
183470701
183532429
183627352
183658478
183771517
183811858
183970220
183997204
184017215
184133576
184146302
184217201
184228165
184242661
184378283
184428665
184445034
184457003
184792983
184822598
184857146
184874704
184901845
185057725
185153358
185214273
185277164
185277753
185337824
185342298
185428914
185464432
185482223
185565287
185721167
185792361
185798902
185828409
185846268
185872270
185981020
185997444
186043826
186127787
186146948
186163306
186267518
186396874
186413169
186414985
186431591
186488532
186511375
186526361
186554039
186566420
186598693
186611618
186751718
186754556
186758022
186927037
186966787
187027148
187148873
187224285
187229843
187251146
187332737
187354614
187364525
187378338
187380884
187395890
187457203
187487644
187506283
187532876
187533084
187616313
187658325
187666397
187696257
187743030
187769714
187777334
187778768
187785364
187797628
187824189
187831587
187853487
187905736
187926278
188074650
188110293
188126146
188134782
188161762
188261579
188276722
188292707
188299026
188321774
188435131
188471692
188486839
188580883
188631198
188665823
188674755
188679067
188715413
188798639
188802716
188807055
188817041
188839368
188884881
188982483
189027020
189033580
189051475
189060893
189098870
189257410
189263873
189315741
189450873
189463617
189584001
189598094
189668576
189830551
189857667
189881323
189918713
190138812
190152058
190162581
190211414
190332020
190504908
190573549
190664428
190668384
190681324
190698342
190778547
190856409
190868547
190913865
190979492
191013151
191033485
191048614
191058108
191070254
191070356
191110759
191187619
191217539
191325764
191338313
191339301
191345871
191358383
191398359
191415201
191511327
191531545
191550574
191579945
191582857
191645133
191852164
191885762
191916627
191929768
191943152
191960725
192039158
192039555
192084163
192192258
192243530
192313353
192349323
192477351
192479664
192538834
192586423
192606563
192653089
192659539
192765496
192781583
192807252
192890688
192933591
192971185
192979936
193004833
193013577
193022252
193045992
193131090
193143504
193156887
193173356
193186703
193197944
193207012
193259065
193277028
193329944
193394913
193759172
193813773
193852634
193993609
194003539
194029857
194036115
194102387
194132410
194183400
194261863
194304787
194309119
194313486
194337494
194360053
194367986
194384813
194494226
194507466
194647810
194661776
194690239
194702373
194705390
194722892
194744781
194755759
194782563
194860045
194956655
195005993
195017515
195082037
195098611
195104520
195111383
195144429
195200659
195271117
195471439
195505878
195520546
195555871
195641778
195797093
195826900
195867314
195922769
195926791
195963228
196007897
196028996
196082241
196086670
196120335
196246697
196310592
196396076
196458132
196526676
196539372
196718986
196837870
196929791
196938414
196975555
196977834
197042646
197076214
197088478
197117397
197138613
197228321
197288920
197293426
197312495
197393835
197467721
197546949
197630857
197664676
197751402
197792277
197798510
197902174
197929643
197974643
198028629
198041362
198065790
198084037
198099751
198252498
198314316
198375024
198417780
198515491
198579852
198598996
198692393
198693161
198729509
198778790
198788010
198854152
198877305
198925074
198949920
198951460
198951746
199046102
199055366
199149961
199184453
199340395
199435598
199435750
199441439
199512440
199532912
199538487
199568633
199592131
199649455
199662000
199722809
199779888
199934032
200155136
200157736
200373010
200394860
200434000
200534702
200544567
200546031
200552395
200554333
200604078
200686916
200736777
200763877
200864437
200886504
200917453
200918960
200919309
200920646
200981196
201090434
201099366
201123906
201147752
201210504
201215591
201229350
201260050
201322385
201347575
201387047
201476153
201483891
201498186
201582556
201615261
201635972
201685200
201696212
201877811
201878015
201924916
201939976
201974510
202051466
202202481
202233722
202257610
202304228
202341445
202474601
202557496
202597079
202628158
202642381
202661555
202680423
202705209
202742299
202750469
202852502
202856088
202912261
202968230
202987572
203143463
203155131
203218100
203269242
203272199
203292794
203325843
203354441
203406989
203452522
203491697
203576352
203598886
203688371
203688712
203726452
203860168
203910406
203945627
203975197
204000579
204039053
204050025
204097318
204102890
204123817
204184474
204203977
204209036
204250938
204273546
204280265
204305510
204377680
204447364
204451993
204488633
204500996
204631076
204704857
204754570
204801388
204802901
204843039
204894143
204961432
205161019
205196026
205268770
205361643
205421442
205515348
205515685
205529916
205562072
205585905
205634970
205668661
205688488
205708683
205753541
205824372
205881480
205990058
206051280
206071958
206106660
206126856
206155112
206197799
206227672
206326674
206376864
206404169
206445246
206470378
206517424
206552600
206582011
206651413
206744384
206751116
206910347
206918933
206941908
206962460
207026278
207088129
207091655
207092244
207145432
207163813
207221051
207300808
207306491
207328694
207341987
207346590
207365561
207379143
207390038
207399773
207408912
207465388
207586360
207595258
207609653
207644227
207701690
207811811
207814254
207834537
207848411
207867553
207962171
207991797
208122485
208188359
208192885
208231852
208263551
208372106
208432355
208475650
208584562
208606186
208665851
208685619
208693567
208731096
208806210
208996950
209001882
209027488
209065787
209163487
209168226
209189168
209205211
209221125
209251184
209332760
209367161
209370866
209456165
209457825
209486648
209506225
209512609
209520550
209565788
209578250
209612555
209623778
209661992
209900864
209920530
209923875
209926758
209931800
209937501
210008284
210062267
210142585
210211009
210236461
210237638
210242149
210265808
210514428
210516837
210536343
210646630
210718088
210720539
210758797
210797915
210873629
210934818
210938471
210948017
210987949
211089573
211121483
211157441
211220524
211310680
211319780
211447855
211466237
211512116
211601189
211696848
211711289
211716701
211717555
211740576
211759737
211820486
211867625
211948280
211953819
211969969
212007207
212013074
212128720
212162726
212165202
212178983
212205526
212298057
212341886
212376175
212385056
212408320
212519233
212567160
212567624
212572320
212738683
212781651
212801901
212825536
212854725
212859684
212871708
213089920
213124896
213179088
213189413
213208801
213224864
213252600
213272895
213298028
213324781
213350652
213352639
213369477
213447922
213457123
213613874
213643522
213648923
213679383
213721692
213749147
213816561
213823740
213843852
213851522
213921171
213968075
213971448
213975868
214025779
214032325
214263076
214292251
214357028
214360060
214411790
214416316
214438040
214493665
214565883
214568140
214693983
214773713
214789745
214794344
214819551
214832650
214916415
214968645
214970176
215093765
215209251
215240811
215254789
215287374
215369932
215415842
215513251
215516639
215678777
215688732
215712272
215723330
215729315
215819964
215864244
215887297
216062146
216086603
216135268
216183363
216247685
216324954
216329506
216351906
216444363
216483177
216627838
216735577
216745897
216769903
216826474
216872372
216893603
216908883
216938036
216944320
216983111
216994307
217019838
217085054
217141154
217211766
217225425
217272896
217475836
217506239
217527054
217628033
217628061
217667773
217691846
217703168
217791471
217883329
218002353
218079128
218152644
218153201
218267419
218285209
218514274
218566023
218603950
218607011
218810938
218835913
218945894
219113358
219352749
219464424
219489989
219500996
219691135
219698877
219724841
219818826
220079287
220137305
220149670
220276831
220329277
220431140
220444733
220497609
220502792
220522373
220641496
220673944
220733055
220738172
220767445
220943867
221130251
221204199
221271264
221285154
221303996
221334057
221364541
221387608
221429312
221469592
221497841
221547636
221601057
221726962
221759228
221817140
221931519
221989980
222021475
222123196
222145913
222238497
222270267
222270840
222320629
222407059
222430901
222456933
222584384
222660281
222711887
222716558
222769270
222864379
222944748
222995342
223024237
223100543
223159899
223270602
223400355
223412728
223453316
223537730
223697432
223917868
224012389
224045955
224057530
224078220
224100284
224116900
224277868
224322395
224373767
224396159
224447482
224623806
224732830
224765316
225040271
225062397
225126893
225167707
225185826
225201058
225295391
225322084
225331905
225410898
225489616
225495713
225678431
225778925
225874430
225934342
226270543
226349377
226785061
226791654
226905827
227050302
227087752
227161651
227174495
227203603
227286781
227329972
227390667
227461946
227618370
227641590
227741202
228007731
228023807
228068849
228170344
228184279
228494527
228569056
228572899
228589085
228678082
229314479
229318753
229568156
229591036
229636132
229749422
229816875
230087844
230163082
230241087
230386592
230421113
230602991
230755295
230974915
230993444
231128811
231129180
231169168
231177858
231214912
231268783
231290476
231521858
231776772
231781134
231890645
232033608
232046366
232175635
232193091
232369783
232370459
232370992
232440047
232521951
232599724
232648177
232649155
232684411
232703930
232857951
232940306
233088193
233118629
233219207
233240602
233241967
233371897
233427593
233529620
233573908
233583291
233594974
233598736
233625295
233703739
234066021
234200916
234332702
234378191
234410803
234476867
234499019
234514049
234632358
234696785
234953421
235035759
235055185
235441081
235464225
235541179
235549810
235557407
235586501
235595409
235613184
235654493
235666338
235810575
235916980
236005094
236044076
236077265
236082827
236103313
236119759
236162279
236257676
236358886
236445067
236450926
236559683
236579570
236606581
236653785
236890323
237038864
237049519
237462210
237604150
237609345
237914640
237929437
237935460
237971731
238037961
238132487
238229177
238259349
238267720
238326340
238411532
238519875
238654505
239143445
239337751
239517425
239573092
239987627
240180983
240186460
240223257
240319868
240366068
240377815
240533830
240897756
241048370
241094893
241257006
241310901
241457767
241582808
241625013
241829092
241831947
241903583
241961932
242065919
242351774
242396969
242553446
242704497
242739215
242828281
242848783
242994450
243101618
243282210
243377202
243427966
243469910
243592838
243687127
243713407
243781732
243799721
243907206
243950593
244091474
244182578
244354497
244392350
244442217
244588055
244774473
244884776
245063045
245127277
245147878
245276577
245434912
245560651
245602104
245624249
245634361
245870497
245927845
245950361
246280666
246326490
246368021
246488710
246520084
246607252
246701177
246718508
246784056
246966173
247572517
247634395
247661672
247859642
247925577
248484776
248500088
248922777
249047067
249141577
249303713
249307177
249330683
249525571
249609370
249641637
249696743
249749380
249935100
250053478
250104006
250478360
250547510
250610467
250650845
250651237
250707556
250812709
251375741
251512200
251614528
251708870
251738716
251799130
251900255
251911425
251983772
252129916
252311815
252412959
252441116
252911584
252994976
253078279
253127898
253138115
253155357
253365212
253681755
253775142
254054883
254170079
254308126
254592249
254737437
255064251
255137926
255167997
255319002
255437857
255483068
255576006
255892766
256157416
256195556
256454424
256866559
256977886
257528670
257580228
257864511
257895420
257988477
257993087
258000258
258139811
258256127
258647966
258776193
259104090
259420763
259575263
259800729
259817177
259829596
259974587
260614976
260996505
262139937
262448123
262914304
263235644
263401439
263524486
263930555
264167042
265214460
265468892
265589888
266242555
266787876
266988060
267708098
267711427
269184542
270443711
270593696
270829634
273511136
