2948460
3057459
3142192
3181911
3407810
3497635
3791506
4043213
4048056
4054892
4060273
4115857
4119917
4148655
4170205
4177456
4258776
4271344
4272882
4279788
4412305
4423509
4434069
4464697
4492721
4511731
4529613
4543980
4588266
4898331
5071046
5153184
5223124
5262841
5291131
5309098
5315527
5330095
5367298
5374323
5384860
5409038
5456593
5502132
5520942
5560370
5577286
5607478
5621330
5665985
5707081
5775964
5889512
5891406
5891765
5893318
5906774
5939817
6100674
6105691
6119311
6121848
6133715
6184526
6185203
6188559
6238453
6239374
6322996
6351354
6373284
6442297
6445604
6508712
6549834
6563175
6570905
6581644
6598149
6605682
6645550
6650417
6731720
6799805
6805495
6826217
6835820
6915610
6918281
6925821
6927014
6944255
6974723
6988079
6995359
7013538
7081468
7093504
7111152
7137008
7137390
7199031
7268610
7322296
7343764
7405722
7413586
7422162
7472282
7474843
7489579
7491299
7524413
7643132
7681475
7716781
7750875
7815779
7876064
7961150
7969548
8109411
8129864
8136161
8152227
8178825
8197083
8209000
8316573
8325200
8371406
8404541
8410579
8471198
8506015
8835745
9052641
9172996
9198240
10123230
10574646
11036589
11111244
11127810
11255644
11290466
11350092
11375907
11406840
11411539
11472245
11499371
11517679
11545362
11548910
11592303
11664727
11719512
11765586
11797558
11798225
11804463
11815379
11832596
11838280
11875192
11878632
11962324
11962551
11968660
11971565
11980273
11981206
11981844
11988108
11993329
11996747
12021455
12023756
12041029
12053489
12061622
12078071
12139414
12148678
12149957
12162090
12175735
12193079
12220794
12225455
12258384
12272620
12288297
12291536
12317080
12317178
12328748
12335718
12339079
12346868
12350413
12362223
12391586
12401089
12406724
12409981
12419084
12427503
12432164
12440952
12467195
12485048
12490694
12492069
12530878
12543302
12554029
12562878
12563682
12578050
12578570
12592854
12600066
12605409
12606618
12615699
12620997
12624354
12638092
12638593
12671574
12681800
12692486
12700486
12705350
12725016
12742374
12742797
12761535
12766617
12779237
12779332
12783214
12794478
12805979
12816929
12818547
12820349
12825266
12848482
12870394
12882588
12894821
12924009
12926558
13009347
13024070
13037786
13043846
13048105
13079636
13139041
13142571
13164565
13176422
13178476
13180067
13180152
13183004
13186837
13207844
13212997
13221642
13253699
13254659
13324586
13331679
13343200
13352792
13369379
13392862
13402270
13443422
13480863
13481737
13493768
13496872
13551769
13607878
13621018
13667481
13676328
13963970
13968319
13981220
13994981
14058382
14073051
14081632
14100159
14100719
14131731
14162626
14168320
14199102
14219236
14244349
14245472
14277651
14300451
14392565
14511574
14570857
14665736
14765768
14856206
14877400
14955353
14986233
14993965
15008250
15026959
15028782
15045900
15046476
15074549
15113990
15145717
15163924
15182886
15227850
15235651
15257365
15260395
15270252
15302090
15381855
15390882
15399388
15453522
15456355
15462152
15476798
15483005
15485335
15498409
15501409
15509726
15534357
15537064
15538191
15566133
15589620
15599247
15610255
15620898
15625208
15666190
15669086
15683602
15703247
15721397
15721884
15759112
15759352
15792057
15805132
15806200
15847729
15888988
15956668
15964571
15995771
16010398
16010936
16019549
16038380
16050576
16050614
16072894
16078276
16084432
16109740
16128280
16145716
16174894
16183475
16194074
16198085
16221078
16222976
16226467
16244292
16354252
16355498
16357698
16358778
16361174
16401734
16451487
16473637
16476514
16492758
16508404
16520735
16564163
16567807
16579514
16605884
16631118
16634333
16640244
16642549
16646173
16657084
16688953
16710718
16719442
16722121
16727505
16750881
16754297
16783685
16786621
16819931
16821746
16880227
16958564
16959350
17008163
17008373
17009908
17016772
17057496
17103036
17173535
17179419
17191620
17222560
17236213
17245401
17296760
17315538
17381078
17386192
17405957
17412601
17413662
17431901
17461094
17462125
17508017
17531107
17557463
17577670
17593541
17603288
17605086
17640633
17723585
17771926
17799082
17821311
17844585
17872353
17898383
18018833
18023345
18033635
18088254
18107757
18117187
18163912
18172160
18201537
18263801
18352651
18363853
18387078
18390746
18402177
18419189
18424659
18435770
18473871
18499036
18509641
18512272
18538496
18606118
18635774
18643215
18644785
18662344
18707347
18721305
18787354
18794863
18795460
18825747
18868686
18869365
18873828
18885079
18899780
18975647
19050731
19053314
19066766
19076654
19112225
19116415
19141119
19147245
19150692
19199190
19228475
19267953
19283763
19327117
19338800
19360577
19410563
19428110
19435633
19474748
19486250
19498423
19515602
19538281
19573997
19606255
19642753
19662363
19667373
19687239
19687912
19722626
19744118
19774831
19785993
19884569
19897290
19959979
19972198
19998170
20039617
20044333
20061580
20062959
20086068
20119799
20120651
20183411
20190789
20217960
20244868
20257307
20262085
20271020
20321612
20335714
20349047
20376438
20379218
20383035
20385325
20391063
20402119
20405627
20446096
20480383
20512851
20552268
20556582
20561627
20568407
20608733
20630111
20650029
20661169
20677435
20714944
20743212
20747737
20749691
20772897
20809775
20813977
20814335
20853639
20854135
20900055
20956232
21013166
21098133
21180888
21200346
21250701
21302175
21305627
21315278
21351278
21362124
21402490
21455141
21509922
21514426
21517238
21594330
21598596
21608394
21625682
21627000
21667445
21673163
21675884
21690892
21725208
21745993
21746036
21755623
21809949
21816848
21817003
21842263
21852042
21859766
21911346
21918747
21942186
21952401
21986064
21992274
22008093
22008595
22018933
22040885
22074033
22076706
22083024
22095961
22118410
22128359
22167351
22186536
22192055
22201723
22238327
22240143
22261965
22267015
22269428
22311071
22323326
22333154
22333648
22338922
22360526
22364137
22387707
22390415
22393927
22440974
22456562
22458542
22460683
22466986
22470412
22477774
22484401
22489320
22489773
22490831
22510172
22533166
22539026
22548764
22563255
22572952
22585092
22613896
22615107
22625333
22636558
22661042
22670613
22680301
22684188
22684322
22693841
22699116
22711770
22775517
22795868
22800238
22811121
22831266
22832883
22847221
22850061
22909217
22909724
22913519
22918135
22921791
22950986
22956419
23002990
23006587
23009106
23015596
23049370
23068614
23090964
23091448
23092036
23125033
23166704
23168092
23173004
23178178
23178903
23205220
23205990
23219031
23230082
23241098
23251067
23285147
23305358
23309206
23318829
23319968
23324312
23335413
23363678
23425371
23460160
23463435
23482904
23488831
23512901
23522184
23548426
23571275
23615048
23624338
23630718
23637610
23652569
23683549
23756623
23762644
23765373
23767424
23814122
23831903
23840845
23853131
23895386
23900514
23905270
23931095
23964923
23975293
23987252
23997802
24003574
24007016
24007980
24018401
24036834
24066880
24090430
24097242
24109907
24123221
24130783
24143157
24185757
24211090
24246694
24262320
24306890
24312888
24329136
24340036
24350407
24354056
24395877
24425088
24467183
24467963
24468538
24500851
24534362
24555723
24573145
24573267
24574330
24580585
24605362
24623219
24626558
24638168
24645052
24647831
24659439
24667213
24675615
24698010
24704370
24715155
24723321
24724443
24731455
24772005
24783050
24813856
24823193
24832348
24839520
24855362
24865732
24873030
24896990
24939308
24968561
25003019
25005986
25017412
25022593
25030112
25033298
25040063
25046607
25083118
25084770
25089814
25096996
25102561
25127346
25139027
25147392
25174413
25177927
25194525
25196922
25199759
25200893
25202692
25230465
25268597
25268854
25271602
25274004
25292675
25308095
25316522
25318293
25340081
25342338
25359255
25374588
25386017
25388785
25393832
25401162
25405575
25415148
25446284
25447262
25452727
25469229
25495933
25539509
25556366
25581608
25588204
25588721
25618167
25623089
25638494
25655266
25655879
25664427
25691355
25765835
25778673
25785464
25791380
25804974
25811487
25813406
25813768
25821364
25824207
25847332
25851146
25856850
25890104
25904133
25992627
26027964
26037238
26065133
26069722
26127325
26135829
26147548
26163548
26172678
26173031
26178490
26230059
26306142
26320442
26369855
26378321
26391656
26429181
26437651
26454497
26496465
26524794
26527745
26535089
26540190
26542067
26558301
26567808
26612509
26618578
26628643
26643461
26649261
26700905
26713100
26749847
26756348
26776184
26799418
26805976
26838303
26858507
26863233
26875795
26879156
26892631
26899528
26907555
26921057
26953820
26988999
26992848
27008298
27026557
27032097
27037737
27044101
27054266
27059287
27063128
27113688
27118626
27121039
27130667
27145292
27180379
27197164
27201076
27289000
27368573
27369866
27377816
27380848
27506802
27568629
27572170
27612779
27618631
27639101
27679387
27695791
27707808
27760835
27766304
27780156
27785054
27809719
27821034
27835712
27837833
27858692
27861634
27880102
27926878
27942823
27952437
27993135
27999914
28013965
28035985
28054843
28138462
28183598
28207980
28230325
28252794
28254230
28267438
28272203
28308982
28309513
28336843
28410838
28413066
28429285
28471259
28473178
28496501
28602073
28633175
28678699
28729606
28732253
28755876
28759437
28762125
28768256
28824372
28873587
28919518
28942332
28960758
28971619
28999588
29028381
29049890
29068083
29087824
29095688
29110502
29145420
29162820
29166234
29174105
29175916
29184711
29217515
29241301
29248379
29263529
29275938
29279107
29311408
29326232
29384868
29385324
29402578
29407279
29413335
29430492
29443465
29460982
29498664
29503798
29526576
29560335
29576417
29602146
29624122
29635504
29655640
29713598
29743503
29745168
29747902
29761921
29764525
29826744
29835398
29855567
29871868
29871911
29908324
29927237
29936248
29978233
29989390
30015762
30054275
30079519
30083860
30119750
30120524
30120896
30133930
30134425
30137797
30170362
30187094
30197091
30243880
30294685
30312570
30313441
30343633
30355364
30361245
30382091
30382742
30401531
30430887
30436731
30448612
30491105
30531034
30562441
30588564
30600733
30613241
30619757
30629376
30682278
30682975
30704358
30707619
30807679
30816666
30818383
30818532
30823775
30932650
31009575
31078818
31090216
31102121
31158463
31235998
31249754
31259201
31305404
31336270
31338854
31376239
31398231
31405697
31409622
31418169
31448664
31456068
31463147
31467993
31483241
31530459
31545037
31583557
31635608
31648355
31667896
31697274
31732506
31736448
31739972
31807690
31844255
31862491
31877543
31901182
31927869
31930601
31994678
31995398
32033994
32059676
32061637
32107427
32117357
32214329
32247835
32310075
32320452
32324627
32330172
32416802
32453244
32538009
32601511
32710591
32710674
32715040
32721611
32747692
32759388
32766087
32787238
32793177
32890965
32904476
32911097
32990845
33101214
33116315
33171781
33197603
33202110
33216621
33236988
33325578
33357018
33361624
33363466
33368828
33383084
33405183
33405214
33425186
33506672
33519648
33636755
33711778
33769792
33802915
33848655
33861130
33880730
33891711
33916626
33917732
33948289
34025951
34053424
34059747
34081119
34089267
34126042
34137955
34229108
34300907
34331646
34560769
34609670
34636488
34644171
34659957
34663090
34685753
34701681
34706799
34826677
34892645
34906203
34936993
34960704
35000269
35025151
35045818
35106330
35121268
35142363
35149779
35150096
35239096
35264854
35268043
35296483
35308841
35324806
35338624
35362326
35426112
35444949
35523411
35542076
35558119
35616297
35701044
35756020
35783914
35787659
35799758
35820055
35830161
35832579
35905806
35923523
35982939
36008880
36044366
36108827
36133275
36206386
36222238
36261325
36292163
36293124
36340686
36356651
36425551
36463665
36508920
36545069
36561360
36619634
36651591
36713967
36819029
36854115
36862422
36946020
36990927
37016723
37017237
37048752
37054832
37081941
37141578
37162169
37171412
37181386
37199671
37222521
37230292
37242830
37255070
37275515
37300474
37312949
37324347
37341081
37411723
37437056
37618107
37620048
37632443
37654822
37656874
37682417
37702633
37762036
37765344
37805096
37806254
37898206
37928468
37938333
37955690
38019541
38020091
38051128
38147107
38183373
38216450
38235385
38295393
38321695
38330143
38352883
38395793
38415679
38465070
38478755
38501710
38522762
38591988
38753847
38799581
38821548
38836430
38884609
38907932
38916345
38927523
38930811
38976671
39049265
39050752
39067542
39098711
39109937
39136929
39148020
39182372
39283741
39294711
39305498
39340413
39341859
39381297
39396623
39404374
39481505
39487143
39530397
39578052
39625187
39648189
39660894
39817697
39819169
39844285
39902328
39911547
39946928
39972484
39993753
40007621
40015145
40074937
40099140
40123026
40224758
40291169
40312892
40410856
40413250
40549507
40551632
40553645
40582094
40628778
40650702
40695867
40701919
40717426
40728565
40786229
40797257
40816432
40880347
40949787
40964049
41074159
41087758
41190173
41201776
41258559
41348557
41353632
41359124
41394509
41447330
41457514
41468084
41485680
41497877
41509735
41512292
41568108
41568463
41589026
41596709
41700787
41772356
41829891
41831554
41873732
41915742
41922089
41948204
41955916
41968664
41970301
41976196
41984629
42036542
42053826
42068798
42077006
42141395
42147559
42161978
42168393
42168857
42169828
42190240
42208290
42236171
42264770
42320458
42328448
42368045
42458488
42502005
42532078
42559606
42604334
42781162
42794629
42807827
42816816
42822981
42841638
42944700
42948539
43007204
43009592
43029259
43057083
43108288
43123799
43259822
43370781
43575211
43578952
43600982
43646540
43651046
43736062
43736473
43740112
43772520
43811715
43826597
43878387
43937042
43952859
44108268
44170109
44174500
44190668
44237169
44279347
44284585
44320725
44412504
44439347
44548681
44621844
44632408
44681567
44685752
44699186
44708855
44793884
44793942
44803031
44829624
44837318
44917522
45087786
45145397
45159335
45171298
45222062
45253803
45334486
45378326
45443373
45460529
45462824
45475711
45478847
45588272
45739449
45791834
45837063
45858578
45865717
45901073
45918774
45976990
46162708
46180996
46235761
46331900
46362047
46405127
46406618
46415470
46427839
46460736
46485037
46489890
46506779
46573309
46612740
46662180
46686043
46715873
46718437
46805689
46876081
46935452
47012115
47170438
47186547
47272503
47277444
47332740
47357461
47391242
47402797
47535543
47541220
47589345
47607415
47616008
47618585
47635657
47639974
47700203
47715672
47801187
47824222
47911684
48087926
48273768
48394848
48482113
48534519
48668223
48783238
48822654
48948834
49016240
49029171
49052702
49058173
49111502
49113300
49121661
49228639
49481766
49499203
49689934
49712775
49762727
49763342
49803724
49811653
49844990
49846818
49919758
49940520
49996206
50012020
50017630
50075698
50131432
50155893
50165894
50196658
50244813
50331950
50340894
50579300
50664820
50723219
50830180
50851615
50882626
50971301
50994789
50997717
51033158
51166124
51229551
51321207
51384938
51417437
51459207
51472681
51487419
51570957
51615355
51637246
51713455
51889140
51905469
52022779
52056131
52112245
52115523
52144105
52228342
52237782
52248965
52462751
52500246
52624469
52641192
52672416
52674572
52684951
52773711
52813923
52858727
52930976
52972894
53034895
53113313
53230514
53404833
53479636
53538115
53548114
53585806
53589090
53734015
53834471
54107774
54171026
54324236
54365904
54430260
54544409
54610929
54693829
54737542
54753990
54837052
54894683
55088324
55198361
55299308
55380915
55552546
55840357
55880308
55948547
55958757
55985685
55993273
56172075
56230239
56303469
56345721
56371717
56432933
56661363
56691765
56752946
56819526
56914754
56985919
57088414
57193980
57245024
57281962
57405395
57491999
57587528
57653314
57682504
57694014
57783653
57824961
57827306
57833820
57960246
57983775
58057921
58097819
58133199
58234999
58285007
58420921
58458223
58502890
58511427
58626463
58656567
58732770
58772748
58936697
58978263
59068033
59077171
59176953
59504321
59512806
59543475
59643308
59787761
59871314
59932983
59959886
60139437
60139526
60274189
60324043
60352893
60400590
60455239
60460114
60477722
60510787
60580592
60641509
60710422
60712688
61049749
61117806
61225947
61262308
61297072
61341946
61395773
61805560
61860318
61884723
61919941
61938816
61978797
62044962
62116823
62123364
62130996
62200805
62324111
62353403
62365456
62513943
62546380
62553357
62626488
62676287
62680892
62828420
62858955
62928107
63010883
63020336
63030172
63100743
63323698
63396108
63400966
63441407
63467435
63517589
63549295
63553959
63624026
63663480
63721533
63757622
63972049
64002169
64173301
64191502
64305495
64417065
64516414
64570623
64582192
64650124
64721172
64772574
64841521
64885117
64972485
65027526
65052624
65185289
65211814
65355355
65382527
65464881
65489838
65602709
65633807
65701413
65716598
65734376
65752791
65782152
65809751
65820975
65827485
65827907
65866267
65868088
65975408
66053795
66055107
66115427
66141752
66194780
66291239
66428272
66584017
66604793
66675684
66717201
66912338
67026482
67124544
67182501
67263404
67345963
67420642
67439439
67616143
67672491
67674062
67689013
67753215
67791192
67872213
67897985
67968660
67988375
68081558
68150890
68162084
68162793
68175079
68191385
68223520
68267376
68305821
68418735
68420198
68522296
68602853
68677347
68742159
68793755
68796509
68848620
68913052
68952259
68957107
69041885
69139342
69152338
69221742
69280420
69375400
69425735
69482119
69570444
69571043
69607990
69747044
69787463
69860481
69868693
69879449
69903511
69919727
70041731
70118145
70350109
70398383
70512709
70577025
70595715
70598843
70626491
70627224
70646246
70650309
70716140
70746677
70786877
70802323
70806925
70852609
70866798
70933932
70948930
70965188
71031031
71097747
71101812
71122769
71242749
71259271
71275381
71349186
71380694
71388462
71532789
71582159
71752011
71773896
71841026
71849386
71853713
71863446
71869937
71958179
71984471
72025879
72068733
72109110
72120394
72233034
72237398
72243457
72332229
72595668
72708818
72715738
72944805
72994981
73085338
73122283
73235165
73441100
73463892
73489949
73586827
73594216
73713334
73776872
73866345
73873436
73909474
73965620
74001598
74030279
74055527
74062650
74119237
74199161
74202488
74279271
74344028
74349252
74379658
74831080
74885072
74979092
75038026
75038462
75042639
75051429
75181998
75198310
75275298
75283246
75303339
75393099
75442730
75446884
75451313
75493042
75514371
75542409
75558550
75583655
75635996
75700065
75810985
75815632
75945659
75967813
75977484
76071769
76100967
76113960
76137778
76182311
76188607
76213893
76255410
76280779
76335397
76360200
76373768
76380921
76412221
76534438
76547364
76567910
76622383
76682348
76815548
76833624
76872624
76873967
76913178
76934799
76939526
76942544
76952987
76983727
77085999
77140134
77150036
77162756
77213967
77217935
77226928
77248218
77253245
77264524
77272018
77337170
77340078
77368624
77372021
77373583
77375986
77381286
77411953
77428849
77458834
77461137
77500657
77523791
77542190
77555441
77571583
77634141
77668388
77684279
77684593
77703889
77711921
77713150
77731154
77732589
77734116
77735919
77752334
77772560
77784368
77807566
77814043
77834866
77863720
77872430
77880494
77883281
77938030
77940499
77972850
77979507
78022727
78025332
78043186
78051792
78054125
78072847
78090641
78096243
78199667
78204167
78248594
78259483
78266477
78369452
78387520
78394866
78432716
78438809
78444077
78499053
78505391
78543309
78547775
78630812
78644997
78721236
78756210
78771612
78837291
78839954
78845478
78863309
78872814
78895519
78902733
78917537
78935537
78975651
78986717
78995660
79005343
79062108
79066244
79069139
79140978
79145827
79151284
79163117
79208149
79247217
79298506
79307939
79308500
79391427
79418732
79477316
79501227
79512029
79513892
79546622
79574279
79583019
79599836
79602092
79620533
79664031
79673128
79678253
79699499
79731499
79794104
79806013
79873291
79892586
79919125
79926772
79931137
79949338
79995810
80082401
80119596
80155925
80162400
80164767
80258468
80286251
80288438
80428578
80433750
80441473
80462488
80466742
80491487
80509099
80550043
80595765
80627370
80635915
80681184
80712778
80775135
80810230
80878640
80892180
80903405
80921566
80926160
81008875
81014811
81095395
81106059
81125302
81158306
81183766
81197802
81221404
81246178
81276624
81308777
81324523
81327126
81358730
81391690
81464937
81475722
81500594
81535830
81547720
81576032
81604917
81616265
81632692
81641383
81663062
81693463
81764488
81794039
81799026
81810313
81909373
81941207
81955511
81972486
81986734
82000141
82025097
82064508
82091836
82099497
82099993
82103782
82124439
82147452
82169873
82176769
82189705
82217969
82260105
82278941
82304646
82376898
82417341
82431721
82435711
82515608
82516393
82525416
82561110
82577462
82578903
82592724
82592982
82595304
82690824
82701816
82709463
82745102
82768040
82806871
82885550
82936920
82939240
82970435
82997848
83024361
83094096
83154808
83183072
83249811
83259071
83315749
83341768
83342897
83352696
83356169
83385968
83391801
83398360
83422049
83446520
83454860
83574764
83605041
83605465
83613031
83628488
83634920
83661288
83691144
83702535
83706842
83722045
83749607
83759210
83790697
83796960
83822476
83886055
83897107
83942543
83943349
83952633
83956848
83970206
83979176
84008589
84018743
84040376
84041960
84042681
84049625
84072007
84074389
84079786
84131481
84194984
84254471
84268089
84321049
84432564
84514759
84530248
84557177
84604958
84613911
84619242
84741459
84821272
84881367
84923272
84924724
84928346
84941783
85032249
85061447
85121753
85158138
85227308
85228697
85278886
85339910
85357625
85424218
85427310
85439690
85533071
85537807
85557638
85569414
85625383
85646931
85649720
85676670
85698010
85718032
85745509
85796425
85824859
85869573
85922280
85925254
85945041
85957887
85986013
85996512
86025800
86150822
86193000
86245543
86257314
86275792
86290195
86318801
86326340
86343994
86348891
86351126
86384359
86454555
86458363
86504683
86531491
86564311
86565061
86576837
86587205
86609701
86664226
86666424
86702951
86725692
86737819
86771195
86831621
86843772
86857590
86883006
86923431
86929571
86984516
86995333
87024265
87076734
87092613
87109057
87123656
87129531
87145707
87166501
87180707
87181657
87182588
87213252
87232827
87238853
87249125
87296342
87303100
87347907
87381057
87387977
87400570
87404827
87464997
87489398
87497131
87530948
87542180
87575436
87583437
87595043
87595485
87618371
87628740
87646235
87652548
87707907
87712699
87724197
87763780
87829468
87863197
87887821
87894588
87927413
87976450
87985052
88020773
88054372
88073025
88075139
88086051
88107011
88135965
88204093
88235709
88262859
88276316
88289964
88314834
88317310
88352608
88389822
88417090
88434331
88444616
88462177
88463654
88491620
88547386
88553989
88560540
88582461
88589983
88592223
88596833
88637317
88651843
88681345
88689378
88711516
88732736
88745728
88759959
88767707
88777342
88793570
88832867
88841216
88873768
88899582
88905333
88907933
88988212
88994783
88997730
89000814
89003792
89061580
89091104
89119520
89146496
89153561
89171184
89172751
89189016
89193766
89226428
89266946
89300578
89353280
89365729
89417859
89479841
89492928
89522752
89559881
89570996
89571303
89584494
89590574
89607839
89710335
89710559
89738845
89777505
89818145
89824260
89840097
89858143
89881855
89910689
89947086
89996991
90010959
90098298
90121216
90281602
90300100
90313770
90455485
90470301
90475812
90512191
90516236
90524059
90613836
90683135
90714988
90773068
90791759
90929437
90952116
91030100
91082117
91104763
91110070
91129277
91134753
91168286
91178083
91193809
91441878
91471364
91486943
91561178
91669873
91701441
91717444
91740113
91816066
91824246
91855063
91882557
91901259
91931872
91999403
92013571
92048051
92079679
92166263
92327312
92430734
92455350
92462139
92496521
92581763
92594271
92606316
92628218
92708069
92714883
92732641
92738039
92755212
92760811
92762689
92766410
92873451
92910730
93030587
93052996
93068686
93081781
93102139
93119462
93195547
93244140
93325017
93346717
93394601
93394816
93450831
93475075
93526490
93530597
93592247
93593688
93609514
93618757
93736342
93804908
93835449
93904749
93948041
94058542
94254715
94298889
94301001
94392771
94532103
94538557
94545050
94682436
94767798
94943102
94962904
94973109
95009638
95032584
95036165
95060617
95083067
95277189
95452667
95474306
95670210
95735237
95817383
95943189
95994817
96027870
96173349
96220050
96268324
96406895
96425821
96437916
96468817
96582242
96623131
96754982
96765278
96800316
96809784
96836672
96850225
96871440
97079832
97137422
97138813
97193186
97219459
97237965
97273328
97322989
97341823
97381304
97425395
97448844
97482585
97631119
97634598
97660243
97664592
97737650
97754618
97764596
97792173
97807612
97889200
97896311
97906387
98020199
98200220
98202112
98213458
98221414
98233752
98293850
98402149
98445977
98483918
98513420
98554665
98560732
98595891
98622066
98624896
98654427
98730498
98742509
98743435
98779979
98859129
98863217
98865900
99008260
99056337
99108083
99112026
99132325
99196422
99222357
99257946
99262287
99411725
99501741
99601979
99613905
99680506
99709007
99759161
99762533
99762704
99856384
99865395
99874149
99944779
99978690
100000638
100009789
100076720
100093948
100094998
100097436
100107036
100110933
100166336
100304477
100462576
100467634
100509210
100644589
100735124
100887173
101088833
101123694
101156076
101192204
101192253
101205797
101268337
101319372
101405727
101407521
101428259
101514333
101515645
101533407
101607169
101614550
101643287
101732781
101779712
101798369
101828594
101842667
101860558
101918045
101929028
101956854
102034127
102171894
102211017
102221727
102223497
102243245
102295913
102303312
102312698
102357264
102464815
102582768
102620951
102685097
102758178
102839124
102870857
102895603
102918122
102926999
102979798
102996900
103003370
103031565
103033690
103105020
103111491
103149200
103201346
103223490
103228891
103249459
103264332
103295886
103300946
103303456
103316763
103326895
103329225
103359575
103381625
103390471
103486404
103513175
103548376
103616441
103625297
103924676
103954370
103970540
103994184
104015054
104130605
104162905
104266546
104282343
104283696
104306839
104352626
104369289
104386746
104398762
104435095
104512755
104556285
104690996
104759477
104769549
104783324
104839272
104840506
104899137
104906409
104978727
105243289
105251994
105352736
105440199
105459253
105480515
105590978
105686484
105747404
105835251
105867638
105970454
106055143
106066120
106203063
106218253
106234266
106236449
106240425
106378241
106431641
106516619
106560376
106637829
106638737
106814993
106849644
106850393
106860921
106970725
107044789
107062071
107084058
107086907
107154160
107165607
107223417
107281136
107304694
107307514
107345648
107368778
107388258
107500814
107616698
107620373
107675430
107728358
107757692
107827460
107863642
107899719
107998487
108016202
108030446
108090754
108091222
108091578
108115996
108298046
108303305
108327588
108357373
108358311
108422283
108449764
108604932
108607259
108633896
108981543
108982496
109008639
109010099
109030755
109125516
109127366
109255150
109281137
109282683
109375823
109466476
109469426
109583070
109606122
109795344
109819739
109822946
109854948
109872803
109874628
109885446
109953174
110014422
110032098
110034689
110050656
110127325
110151610
110206459
110217601
110248453
110287778
110307519
110309511
110361567
110376306
110425625
110446849
110460690
110465640
110560144
110619709
110623738
110690170
110733395
110765216
110797384
110912068
110968373
111002673
111031515
111065520
111312545
111315601
111494185
111497138
111527968
111658547
111794113
111877142
111890138
111914142
112016703
112040281
112053324
112141446
112182215
112190954
112196299
112293930
112325430
112400879
112415452
112509944
112542059
112552324
112596953
112638080
112678232
112721325
112914075
112920101
112955188
112975391
112985062
112994333
113018787
113034896
113091936
113097957
113116230
113178603
113287205
113365849
113400755
113416390
113436050
113441606
113509970
113549606
113596330
113603780
113637158
113678778
113680693
113705743
113738160
113759191
113764074
113858027
113920568
113925341
113965443
114077253
114092428
114098032
114171435
114211010
114226334
114244766
114250895
114257964
114303868
114465889
114488676
114497814
114520515
114540661
114689112
114728618
114819715
114870175
114957239
115092575
115134430
115171997
115247108
115307596
115312337
115340486
115352635
115363279
115470777
115481088
115494245
115498412
115537468
115567290
115573000
115599946
115635011
115644715
115661323
115875826
115887767
115889794
115943529
116031868
116046652
116053352
116121922
116143553
116166946
116244371
116297476
116403890
116481642
116642761
116643556
116747553
116877609
116927906
116981814
117153151
117166057
117172417
117195679
117257220
117332636
117352475
117366304
117467517
117549687
117601386
117645245
117779117
117893810
117935099
117942408
117952680
117959884
117960088
118032793
118146073
118175350
118237053
118294779
118296784
118358695
118444565
118480537
118573134
118574946
118997944
119205143
119271351
119275050
119486018
119536754
119596033
119613510
119649937
119687441
119741655
119753206
119783811
119813473
119916240
119926627
119954286
120059641
120121106
120176967
120252715
120354915
120378044
120413505
120428271
120575570
120729000
120731789
120773491
120890185
120897624
121054673
121077733
121144911
121324067
121479448
121486846
121490174
121512463
121579811
121584409
121845624
121901485
121934629
122041407
122109923
122131581
122148490
122155099
122215974
122281389
122304628
122441530
122441750
122448529
122457884
122500913
122571001
122589657
122631381
122651812
122671806
122770501
122782723
122902160
122958945
123039149
123107547
123114360
123190731
123231543
123321150
123337394
123347110
123423974
123445924
123547119
123781550
123845748
123852384
123932829
124127837
124136558
124193607
124359236
124477608
124533247
124535424
124642388
124709306
124885694
124993486
125018021
125085822
125289390
125380796
125404769
125487950
125559944
125563460
125761702
125784485
126169951
126274671
126274923
126410077
126552239
126566611
126623612
126710754
126773303
126819708
126971446
126979668
126995341
126996161
127048509
127077128
127115411
127124831
127142040
127191277
127557256
127664710
127738980
127761424
127913250
127922696
128001815
128225044
128237483
128276176
128308623
128558284
128599510
128687215
128758751
128782274
128789310
128845788
128895741
129048459
129111574
129140802
129146675
129315046
129452602
129452984
129560561
129660143
130199883
130284373
130290330
130303726
130355713
130376648
130377072
130687299
130697841
130775939
130784990
130798358
130852875
130896535
130956744
130978557
131017586
131090839
131145655
131344466
131469486
131470168
131494110
131525266
131637009
131655547
131658307
131703725
131848135
131855367
131941405
131987711
132010509
132030753
132045968
132060621
132125238
132127144
132127942
132263468
132302778
132449131
132576596
132707877
132795217
132901458
132909167
132913300
133041421
133256924
133292906
133634873
133637138
133706781
133706889
133708591
133886928
133898438
133911212
133940900
134126133
134206361
134231060
134260386
134267769
134331650
134342866
134419226
134421440
134646211
134657027
134667832
134790173
135233304
135249387
135265469
135318619
135522683
135697123
135711999
135843867
136092337
136185426
136185707
136252710
136274118
136347853
136427333
136465178
136493092
136513951
136520236
136564996
136677712
136734346
136894352
136951082
137020164
137178737
137216505
137293449
137435516
137650387
137652326
137713023
137729629
137768545
137782044
137803042
137841539
137963178
138146385
138161461
138262353
138270553
138409897
138418493
138459518
138475773
138534074
138545618
138659484
138696951
138758862
138814216
138911556
138920173
139030678
139132867
139140371
139334208
139355166
139535089
139625425
139672097
139734602
139774553
139815823
139846515
139945950
139955073
139987806
139996128
140061440
140065821
140172107
140182245
140223943
140288371
140384095
140409074
140409983
140451148
140651872
140767369
140901593
141031942
141131525
141147202
141179397
141216602
141255912
141291511
141373178
141381613
141384555
141388381
141398422
141422888
141493609
141710778
141735641
141789750
141792530
141795342
141856926
142049211
142226653
142238794
142349506
142387965
142472706
142516267
142699939
142804719
142875950
142905591
142997742
143026506
143144302
143586289
143626188
143716625
143776786
143778756
143831167
144000465
144050876
144155289
144262363
144331152
144334001
144356774
144404224
144464743
144470446
144572849
144638120
144639176
144675480
145186567
145190867
145231353
145253130
145270060
145280009
145428800
145443482
145738990
145741543
145965382
145990171
145994938
146000840
146426553
146540013
146609824
146668990
146720904
146759863
146787592
147001454
147015155
147024899
147072190
147142130
147202458
147368792
147796962
147850995
147865392
147974286
148074959
148173338
148230680
148231008
148354971
148380357
148417697
148461003
148548028
148582792
148608218
148671683
148852320
148890907
149113807
149273935
149458920
149461887
149475970
149478447
149720132
149955151
149958712
149960071
150119783
150200137
150213649
150467821
150534404
150616820
150626715
150629513
150766782
150794636
150940773
150951014
151089697
151121200
151143633
151345709
151471899
151490874
151594672
151619006
151722065
151855851
151856001
152044304
152141630
152199397
152229197
152265882
152501534
152541148
152616818
152676733
152700927
152939740
152956419
152977888
152990094
152997379
153340846
153392504
153828690
153903893
154045027
154164215
154239053
154243814
154353015
154375611
154407396
154408150
154409669
154413858
154544092
154753272
154791903
154831510
154876985
154881760
154958658
155063906
155068303
155205164
155261105
155314022
155334257
155400722
155515206
155549756
155603021
155765984
155827367
155888331
155938139
155942737
155954608
156035400
156067838
156308459
156329383
156413900
156443594
156475487
156520239
156603335
156748297
156762133
156764309
156790608
156924787
157168535
157207904
157300184
157306581
157374448
157398382
157579060
157592517
157651846
157732050
157809663
157817353
157841776
157942160
158035851
158049048
158137524
158240148
158351956
158485900
158486214
158487200
158507033
158653988
158896816
159005153
159035790
159039323
159106242
159267364
159283776
159299769
159406367
159437468
159490458
159546572
159619323
159725168
159879566
160054375
160163148
160271297
160560635
160580789
160840501
160855337
161032636
161142324
161183343
161353201
161451865
161495520
161495630
161509446
161568778
161673948
162214574
162332791
162415957
162416322
162421680
162572302
162590044
162807534
162877779
162925208
163171593
163374796
163402424
163534563
163625809
163627891
163658471
163717588
163742366
163793296
163852571
163859677
163960870
164037838
164061732
164287074
164395793
164410213
164528599
164586417
164630513
164679650
164804512
164849052
164878454
164881505
164974930
165031174
165091804
165252120
165268313
165274994
165333019
165338533
165350006
165413619
165543334
165579500
165643610
165660610
165976913
166102099
166206937
166409965
166437767
166528880
166651399
166699393
166740589
166788261
166813150
166816027
166868395
166963690
167021253
167203249
167317454
167419996
167676680
167682111
167683590
167736468
167768022
167834944
167903505
168069355
168212758
168285506
168293399
168326353
168505292
168691725
168740283
168758618
168820695
169041176
169083536
169158774
169383567
169403417
169539177
169641455
169702476
169715954
169823329
169890521
169897982
169966062
170004187
170184429
170203558
170300227
170314505
170614014
170693954
170741413
170787090
171033007
171077545
171105270
171359104
171401104
171606194
171703403
171849173
171880118
171945931
171986044
172127712
172139011
172184653
172302063
172339761
172366634
172387957
172462242
173056914
173109951
173123929
173170558
173239816
173256753
173360836
173442939
173463405
173502199
173538478
173999774
174068922
174111976
174287415
174380467
174475983
174544554
174586238
174602228
174688602
174809216
174827770
174832878
174902831
174968928
175481284
175566374
175590257
175685993
175703369
175764787
175839073
176074275
176175149
176233627
176268548
176284441
176284571
176295662
176313126
176326318
176382940
176428192
176462653
176575911
176671467
176691523
176740756
176768285
177300625
177386976
177397127
177397300
177524074
177592072
177636103
177733973
177771687
177964683
177983634
177998819
178059658
178102915
178141005
178186841
178189578
178206924
178285658
178514789
178531030
178543122
178634274
178697616
178707429
178709141
178733699
178745855
178886719
178950432
178983337
179111385
179180812
179308601
179332800
179388461
179427497
179584148
179608183
179670891
179720819
179768380
179824215
179963149
180192235
180281818
180397952
180633972
180676538
180965187
181180740
181243279
181302710
181305142
181477360
181590912
181922157
182259173
182326857
182353773
182432456
182469249
182709118
182716333
182756527
183027829
183198326
183627352
183775399
183831122
183997204
184040309
184228165
184406812
184706690
184846282
184874704
184965077
185057499
185062547
185211383
185214273
185326004
185342298
185631914
185683849
185696121
185733363
185774836
185785589
185872270
185894142
185981020
186127787
186212863
186356070
186431591
186451854
186488532
186511375
186528354
186549514
186566420
186573728
186919503
187023275
187108351
187229843
187251146
187332737
187381203
187487644
187506283
187533084
187608404
187690385
187696257
187777334
187785364
187831587
187905736
187930142
187982677
187991706
188161762
188261579
188276722
188299026
188471692
188486839
188496721
188600893
188679067
188786733
188801943
188817041
188839368
188884881
189098870
189257410
189296515
189313346
189450873
189598094
189657808
189694004
189842005
189881323
189918713
190152058
190211414
190332020
190446417
190504908
190636226
190681324
190723813
190753897
190979492
191016097
191021985
191111453
191290331
191338313
191345871
191358383
191528288
191550574
191845886
191852164
191885762
191929768
191943152
191960725
192084163
192577250
192601557
192663749
192906446
192979936
193114134
193131090
193173356
193291405
193399781
193687977
193811866
193811991
193901241
194079485
194102387
194174888
194367986
194386212
194443471
194494533
194553733
194643168
194647810
194652247
194661776
194722892
194860045
194916531
195044963
195098611
195104520
195111383
195244097
195320759
195405066
195497461
195504451
195656314
195826900
195943730
196028996
196053304
196348066
196449375
196526676
196698855
196975555
197076214
197097920
197100911
197138613
197141426
197246960
197277892
197282362
197288920
197290033
197413964
197459233
197467721
197602335
197792277
197866360
197902174
198020876
198028629
198041362
198084037
198099751
198375024
198431754
198481517
198515491
198579852
198682536
198693161
198778790
198819530
199000633
199117914
199288956
199340395
199380903
199562728
199568633
199599937
199729787
199934032
200084273
200157736
200192005
200336479
200369974
200375706
200433483
200529062
200544567
200552395
200686916
200697601
200856090
200886504
200919309
200945052
200981196
201147752
201229350
201270116
201296869
201298873
201483891
201834941
201914284
202029615
202107073
202153224
202597079
202602177
202680423
202705209
202841612
202874537
202912261
202981022
202995074
203096704
203143463
203218100
203240600
203261765
203269242
203354441
203452522
203488224
203568756
203598886
203804993
203940251
203975197
204203977
204250938
204280265
204306820
204372535
204639613
204654661
204754570
204961432
204974347
205060809
205161019
205196026
205268770
205361643
205421442
205520695
205634970
205688488
205959962
206089190
206155112
206278297
206418326
206552600
206582011
206856090
206962460
207066408
207091655
207145432
207302377
207328694
207346590
207364150
207365561
207390038
207399773
207446709
207461530
207554919
207586360
207640034
207641468
207644227
207744505
207811811
208134533
208220920
208475650
208693567
208806210
209163487
209205211
209221125
209261606
209373143
209465705
209486648
209497055
209512609
209520550
209623778
209656935
209695552
209923875
209926758
209937501
210001799
210062267
210237638
210268520
210279719
210514428
210536343
210629061
210797915
210873629
210934818
210936735
210938471
211160164
211211480
211288582
211319780
211363751
211614054
211716701
211948280
211953819
212341886
212385056
212408320
212567160
212584451
212817755
212893633
213089920
213120188
213189413
213352639
213489563
213642500
213646277
213823397
213823740
213851522
213975868
214012738
214032325
214304926
214357028
214360060
214470719
214565883
214819551
214916415
214968645
215019875
215049281
215192388
215209251
215254789
215316165
215397314
215443590
215513251
215723330
215887297
216037406
216080699
216135268
216143741
216351906
216562020
216627838
216985346
216993788
216994307
217038620
217085054
217141154
217187132
217272896
217470202
217502751
217520192
217877573
217879427
218266246
218289982
218412963
218451805
218514274
219527842
219875971
219940802
220299200
220358397
220780481
220790875
221271264
221358756
221429312
221479485
221911806
222102652
222483907
222501378
222899553
223439935
223705724
224732830
224956002
225138434
225238977
225343998
