172127712
170383833
170365602
164689221
159774438
154519582
148525767
142025929
140410789
138498525
136971904
135265963
134963042
132169239
131324120
130954998
129252324
127980159
126869673
126752601
125819506
121038197
119079144
117735773
117498699
115159130
114887586
111741848
111501822
111278687
109715195
107706022
107481171
104099966
103642045
101448348
99922654
96904485
92639258
92356688
91422306
90602812
89212478
88706942
88488684
87473957
87029754
86990012
85244229
84295541
83740786
83697015
83610019
82918868
82816645
82731908
82711281
82592420
82552084
82494057
82394867
82393053
82335644
82275082
82273868
82123817
81908875
81858507
81795122
81641340
81493301
81476133
81284722
81241892
80962117
80821626
80251755
80125362
80093835
79769683
79693346
79692038
79372435
79369684
78961465
78703629
78028266
78006709
77931203
77901873
77744024
77725017
77530962
77289872
77072922
77035815
76776093
76622552
76496147
76465109
76193783
76061734
75917477
75714990
75704566
75507041
75205707
75076341
75015773
74951046
74334720
74293988
73799781
73795256
73407110
73308544
73222098
73032179
72688718
72544718
72463567
72372537
71524358
71234538
71210355
70965071
69681972
69644522
69580595
68670588
67783755
67729462
67680872
67502617
67254899
67014246
66760055
66752676
66670112
66583384
66544640
66509427
66293636
66004494
65122601
64620671
64296213
63932018
63811239
63340640
63041671
62786145
62434600
62341749
61417090
61357809
60461217
60356661
59443622
57622492
57462248
57182484
56960742
56946574
56871423
56855201
56566490
55891647
55722439
55661522
55532854
54953881
54602456
54359137
51987734
51763322
51721252
51428561
50973181
50631458
50596090
50515517
50405180
50071729
49468674
49251024
48969655
48618457
48569502
47600076
47117687
46213762
46189493
46058526
46018366
45949021
45835643
45745127
45620077
45618517
45303784
45246270
45179007
45138330
44916678
44544360
44414634
44252035
44187539
43384048
43369370
43078652
43052906
42708149
42595962
42429674
42411041
42403868
42239130
42090056
42067908
42057620
41433101
41319006
41116654
41026651
41000519
40905760
40817344
40668887
40614714
40408246
40222757
40178454
40146508
40030346
40002809
39818742
39606157
39446428
39364531
39261987
39098574
39043395
39037244
38817809
38768052
38550508
38465837
38443557
38362237
38298636
38225784
38225722
38215664
38109055
37954754
37662733
37451730
37277643
37275188
37164296
37021735
36589199
36459254
36218518
36147831
36098152
35987893
35948094
35600739
35436402
35249556
34608075
34446402
34272279
34242450
34088894
33931906
33800107
33734839
33306453
33231969
33072911
32708283
32231523
32158400
31869043
31741376
31737911
31219037
31079832
31032466
30794583
30656951
30581160
30221566
29826448
29592038
29445132
29029463
28884750
28620285
28562861
28496564
28455215
28393165
28321761
28232846
28165475
28000927
27992514
27830535
27582585
27439260
27417552
27357187
27325237
27041730
26828416
26773232
26719181
26702096
26673207
26384627
26340270
26245072
25792922
25704509
25631228
25489313
25486349
25255751
25145051
24999565
24939034
24855362
24802586
24738354
24671047
24628311
24417881
24064739
24001065
23898371
23622862
23542565
23527308
23483074
23400288
23263551
23233265
22944033
22876499
22830002
22744546
22466277
22226762
22173891
22137059
22073552
21985120
21778297
21627011
21623298
21400883
21079486
21064657
21010295
21003139
20863130
20763938
20621118
20276498
20195609
19646713
19336712
19207328
19008323
19006050
18841752
18707340
18647139
18323089
18298826
18266789
18235066
18077162
17995846
17446729
16963869
16925647
16841467
16717927
16430959
16426859
16317820
16230308
16170036
15660902
15585173
15177910
12521224
12040187
11059888
8079397
7995068
7948323
7802983
7441024
7356026
6801101
6738412
6252474
6181011
6141776
5886907
5826993
5603217
5493451
5091895
3991556
