2879919
2969902
3793159
3895274
3962395
4060273
4170205
4183550
4257665
4271344
4348482
4511731
4550103
4772682
4946252
5169105
5190661
5223124
5270220
5388317
5454357
5497279
5556359
5600243
5607478
5643538
5658671
5665985
5670472
5684822
5707081
5771229
5881845
6060958
6066189
6075622
6075973
6100674
6202238
6260866
6317199
6337163
6373284
6388776
6445604
6588318
6693932
6830966
6858347
7013538
7056560
7087076
7137008
7142590
7149138
7170218
7172313
7188360
7232727
7253914
7340851
7347025
7423954
7485688
7511916
7606210
7625498
7667240
7714423
7755519
7806585
8160995
8176447
8210872
8228345
8234168
8410579
8420210
8612192
8856868
9108933
9600858
10139724
10170444
10233388
11178097
11218130
11274386
11375907
11384560
11429167
11485520
11501199
11577069
11592303
11648759
11684981
11719512
11726770
11729551
11804463
11822872
11835227
11862803
11893136
11899808
11916055
11962551
11983147
11985101
12026857
12036342
12036429
12071982
12078071
12092749
12111593
12131526
12144972
12173034
12190290
12219351
12233586
12237657
12239444
12258586
12272620
12277749
12288297
12291596
12304195
12324355
12335786
12355329
12369626
12413576
12432164
12432460
12441117
12477127
12492069
12506524
12513274
12543302
12571788
12599458
12607608
12619860
12638092
12657548
12739482
12741179
12766617
12786500
12796536
12799907
12803165
12821968
12824922
12825118
12839689
12866567
12882046
12888983
12910315
12924589
13055564
13079636
13085419
13127668
13129499
13148870
13176033
13180067
13183004
13190199
13198026
13308676
13312068
13354207
13370889
13406472
13479578
13481737
13581831
13588188
13593761
13625925
13668935
13690296
13696166
13749435
13760609
13820966
13845663
13862497
13902501
13909603
13910528
13954205
13983550
14044740
14045136
14064005
14078879
14118082
14139261
14168129
14192205
14195598
14287809
14291905
14307764
14308611
14501929
14805457
14956760
14976590
14996595
15018638
15046476
15052235
15053102
15074549
15076112
15111123
15195430
15206096
15208250
15225333
15272336
15284651
15299061
15309872
15354295
15369961
15385096
15441665
15465436
15482192
15536785
15553056
15558978
15565140
15590872
15607497
15621364
15625208
15675349
15677640
15683347
15691731
15721884
15799686
15806317
15878392
15885358
15888988
15964571
15971753
16058876
16079559
16115254
16125539
16141411
16153095
16156774
16181244
16188322
16224139
16245945
16248450
16253017
16276184
16283491
16291555
16341662
16361174
16364517
16379033
16397910
16479811
16496751
16500989
16561634
16576195
16602882
16629208
16640128
16661856
16695677
16719936
16780986
16790316
16818398
16871424
16874487
16892393
16920618
16959877
17009908
17070167
17092741
17133494
17260478
17292410
17297381
17305184
17394143
17529110
17529362
17530561
17581800
17593145
17650430
17701066
17724814
17855937
17870405
17916525
18008895
18041181
18134091
18184922
18215978
18476674
18477521
18489346
18524385
18540433
18593172
18607557
18703080
18853709
18886208
18925650
18950712
18978723
19051472
19116415
19141119
19148305
19361777
19404212
19429350
19434557
19463297
19473724
19533721
19535557
19707796
19725396
19846520
20025979
20101089
20132115
20169709
20277872
20355380
20385325
20389390
20477985
20500244
20522317
20721014
20721236
20747737
20749691
20827002
20888453
20927835
21121369
21142108
21343650
21360150
21362124
21389447
21415282
21514426
21627104
21715244
21780840
21985005
22018922
22030958
22096836
22134039
22167351
22178174
22422989
22544277
22561793
22586626
22696400
22724502
22903820
23006385
23011825
23043446
23050291
23130771
23247062
23318829
23335413
23413273
23443986
23463287
23502161
23554513
23599576
23704032
23742743
23759613
23765373
23812153
23844942
23853503
23880480
23918490
23933191
23937353
23941255
23948205
24003574
24003694
24060105
24090430
24098706
24126464
24131903
24146920
24158516
24186709
24223350
24233393
24372246
24414791
24444213
24455390
24634659
24641188
24658056
24698244
24715155
24781225
24855100
24935751
24987255
24992368
25095894
25143488
25162331
25167175
25189014
25193741
25194525
25212393
25219779
25255318
25268854
25296517
25352224
25456447
25480642
25488706
25497483
25544253
25565048
25616412
25624793
25628622
25638494
25691355
25748785
25814726
25824207
25832228
25876977
25897296
26056030
26160615
26209061
26242967
26341851
26418831
26517385
26525479
26535089
26622822
26632130
26661114
26843410
27072909
27107964
27113688
27120376
27171304
27214484
27229314
27236940
27237748
27325077
27422546
27469399
27521074
27582053
27669429
27733661
27735465
27778577
27778660
27805567
27899598
27956599
28048084
28074298
28114166
28159921
28170522
28267438
28304970
28324631
28602073
28603295
28740925
28759437
28800904
28856461
28875114
28960758
28982708
29087824
29114401
29173020
29247267
29506123
29516851
29569566
29598578
29704677
29806571
29922594
29989936
30012277
30057203
30120524
30227430
30246974
30279613
30299767
30355364
30436731
30485596
30560357
30637812
30674940
30900553
30912214
31158463
31168632
31225725
31340404
31360961
31651177
31702938
31733351
31784667
31826194
32003212
32212747
32222816
32306492
32310075
32397203
32500350
32587739
32793177
32845014
32862425
32982659
33024450
33305543
33323567
33357018
33405214
33635538
33763519
33832909
33891711
33922244
34056787
34167311
34294707
34450004
34474003
34651153
34691371
34973841
35057282
35246310
35364768
35423028
35556828
35567468
35654640
35810267
35850089
35927465
36008880
36052076
36070004
36108827
36180175
36360991
36396821
36420356
36545069
36601545
36611254
36737417
36810215
37024948
37067063
37093491
37199671
37275073
37275515
37367142
37506187
37566424
37583416
37597740
37607048
37656804
37767447
37803940
37895874
37929942
38144623
38160007
38295592
38343489
38354522
38395007
38409224
38582887
38661467
38704108
38795379
38805771
38865380
38885186
38899028
38908705
38993758
39166240
39186974
39210331
39263682
39287480
39294711
39308920
39409147
39437505
39459407
39487143
39515243
39568853
39716220
39776336
39779164
39888852
39965092
40006170
40076525
40123026
40132911
40143253
40354271
40408864
40410640
40478097
40636514
40666417
40717503
40797821
41111332
41129829
41165037
41169172
41236759
41382981
41395896
41550234
41603444
41688227
41825279
41856866
41934504
41960340
42051144
42318586
42393600
42446354
42567087
42643338
42654878
42730886
42822981
42944700
43008613
43057083
43161542
43354939
43682756
43722903
43800542
43807105
43958839
44059191
44101074
44157996
44265905
44312240
44385701
44477928
44851170
44995614
45087786
45120928
45121631
45196770
45262013
45475711
45567851
45756885
46048066
46244711
46288326
46483692
46519417
46547174
46564353
46582300
46584165
46653423
46686043
46867774
46977176
47147210
47199867
47210322
47391171
47678816
47687685
47692599
47710313
47715672
47827095
47877879
47957847
48156679
48187756
48242493
48252622
48296904
48439193
48556912
48560921
48596201
48668223
48948834
49121661
49218249
49459479
49493626
49741571
49931915
49996206
50012936
50045351
50056443
50082951
50213287
50231509
50466951
50576930
50611460
50687023
50723219
50734559
50748294
50830180
50999648
51320234
51410403
51718368
52118728
52129235
52188742
52349560
52496702
52606808
52756641
52761621
53034895
53159497
53176424
53315342
53548114
53564162
53685953
53732585
53767514
53797846
53979662
53980391
54002242
54203085
54241400
54597752
54753990
54830000
55007450
55127316
55151175
55262680
55359637
55371304
55398969
55542734
55844061
55880308
55883196
56819526
56820864
57088414
57279239
57352253
57406102
57429735
57543239
57599613
57609394
57670794
57714531
57917310
57941150
57986115
58316376
58324580
58378763
58565882
58580162
58617699
58825502
58843076
58978893
59005855
59077171
59245656
59301473
59349383
59499552
59653669
59664639
59784338
59844902
59959886
60121552
60139437
60251235
60372432
60574479
60794672
60870611
60873341
60879838
60903681
60951606
61023663
61049749
61118109
61520015
61632743
61893312
61899420
62092318
62165276
62358872
62382562
62684679
62865771
63038711
63156803
63285418
63338464
63364028
63427137
63589583
63845878
63884756
63972049
64235573
64294505
64455885
64650138
64664128
64824799
65146719
65315661
65449202
65602709
65643571
65706231
65724688
65782152
65874950
65982192
66072014
66128944
66262433
66539454
66621832
66726971
66752546
67124544
67229059
67688775
67794216
67832986
67998888
68085122
68090322
68411909
68493019
68561710
68615029
68631530
68695797
68789040
68941634
69034766
69149396
69320469
69398490
69713722
69760197
69797892
69880011
69889694
69900258
69982663
70041731
70105524
70317974
70424930
70452933
70467361
70546050
70593594
70669029
70789295
71388462
71556344
71863446
71871945
71899713
71931449
72219796
72339040
72543482
72564584
72575467
72840891
72844847
72949969
72994981
73212477
73375227
73568165
74062650
74199161
74503764
74677490
74966738
75051429
75133819
75262191
75314881
75403615
75631449
75815632
75870906
76066288
76100967
76547127
76582184
76949200
77124575
77252432
77287594
77348996
77354693
77501169
77511920
77540951
77551406
77561806
77600529
77651726
77660753
77678966
77711921
77728396
77806000
77826705
77836562
77856496
77870096
77893409
78035214
78038802
78040813
78054125
78081710
78090757
78098416
78170001
78176071
78277907
78284915
78345709
78429774
78546402
78577980
78626289
78631761
78775500
78818099
78831347
78849460
78863306
78864756
78962700
79020532
79050926
79058541
79080423
79229861
79266224
79409100
79418420
79420235
79436212
79477316
79498417
79506315
79691412
79699179
79768012
79770243
79880148
79916224
80030413
80116522
80164491
80199989
80214124
80310133
80477482
80482252
80580692
80601579
80616261
80707477
80775135
80784210
80798058
80822125
80878599
81138067
81292694
81367213
81400842
81416076
81420457
81447601
81491626
81492970
81534133
81550186
81640182
81986734
81990537
82006412
82068434
82078198
82092380
82169175
82208460
82256658
82280080
82339958
82417752
82433735
82436098
82460297
82460983
82527329
82586775
82678999
82701816
82708784
82720872
82806871
82914360
83007037
83021864
83033068
83078795
83153720
83164937
83204647
83278504
83280673
83376546
83414042
83451560
83454860
83540184
83551512
83574764
83706842
83774955
83792077
83889224
83896890
84018743
84083528
84097160
84131481
84139976
84168601
84172103
84175616
84188027
84379304
84434128
84463774
84491895
84494309
84522872
84555698
84673753
84717707
84741990
84745635
84783886
84786491
84793771
84819865
84923272
84979448
85035925
85186503
85208726
85236058
85317414
85398104
85518745
85565644
85575650
85651110
85689231
85818543
85868102
85888489
85893286
85986013
85986458
85994581
86016522
86121099
86340267
86461093
86468534
86503322
86533125
86740058
86803703
86838788
86850927
86897972
86980767
87058330
87120803
87308508
87497131
87560956
87626433
87648060
87669596
87814348
87892029
87907653
88031868
88043069
88068923
88149737
88157538
88216835
88281439
88449009
88462177
88475697
88511809
88572317
88648901
88676251
88698979
88712801
88714883
88750794
88776576
88792095
88814436
88831613
88848438
88937801
89002914
89006109
89043520
89119392
89128130
89307972
89313070
89349952
89420519
89469409
89559881
89616161
89616605
89619967
89637151
89647570
89680978
89808619
89971174
89976370
90065441
90108735
90249454
90299887
90328394
90455485
90470301
90647264
90714988
90829548
90875206
90889336
90976063
90987506
91025452
91110070
91200351
91237856
91272714
91281793
91401012
91471364
91502292
91560664
91683241
91897928
92008000
92096038
92129724
92209996
92228373
92395101
92496521
92611990
92777575
92814371
92847688
92885474
92897770
92990570
92993670
93045300
93046774
93105340
93269335
93557385
93609514
93691706
93715388
93726109
93853752
94248973
94254715
94313448
94616992
94744457
94757144
94767798
94960859
95017311
95183843
95412984
95530933
95658888
95690729
95843018
96188616
96365605
96517860
96582265
96652058
96822622
96849948
96851439
97039024
97118030
97269805
97279878
97325224
97360708
97381304
97448844
97567319
97717715
97740980
97764596
97984992
98124110
98233752
98236178
98242909
98415789
98418394
98531728
98734068
98842629
98975994
99009625
99056337
99059154
99287619
99412018
99501741
99541907
99852800
99978690
100134178
100147630
100336325
100346876
100522213
100836843
100918462
101472563
101521120
101572964
101595727
101595790
101771860
101819972
101860558
102092343
102661267
102685097
102979798
103059841
103105020
103111491
103183490
103249747
103264332
103285044
103409851
103534648
103629080
103671601
103736204
103966672
104009144
104015505
104077292
104165750
104369289
104481655
104522505
104967513
105251994
105255992
105275303
105315499
105377321
105525977
105751787
105758790
105867638
105925832
105987511
106193304
106234266
106244805
106378241
106404427
106637829
106717140
106828494
106909746
106927649
107051989
107377091
107525244
107878745
108019573
108099217
108131306
108294182
108464164
108562406
108638704
108763763
108893273
108943127
109018627
109107811
109255150
109474810
109550923
109624450
109734188
109846440
109943896
109988863
110219312
110313672
110369306
110409912
110492675
110768805
110774832
110775068
110775683
111052100
111235760
111312545
111383925
111497138
111705325
111794022
111809823
111820053
111999841
112052588
112107033
112190954
112204833
112343289
112346734
112442963
112478623
112490858
112551578
112552324
112669081
112694965
112779227
112808672
112843922
112844389
112913030
112990649
113018787
113352385
113452126
113541972
113658601
113666456
113673825
113705743
113718400
113738160
113753651
113998045
114098032
114107469
114163158
114250895
114295716
114303868
114558240
114635920
114689627
114771732
115130767
115145649
115151159
115171997
115174156
115207546
115249390
115374510
115567892
115727199
115943529
115960577
116031104
116114755
116164158
116190005
116350641
116371667
116416966
116744433
116907069
116916086
116944927
117076305
117091383
117099738
117195679
117211415
117338518
117467517
117489492
117788438
117908570
117927462
117935099
117946921
117996282
118046701
118172679
118197208
118227253
118479223
118508875
118878102
118902775
118948013
119091071
119114494
119129216
119162818
119178753
119244103
119269297
119318569
119335491
119362049
119391817
119405514
119444357
119809980
119916240
120015877
120033099
120063488
120252715
120254968
120308503
120378044
120547231
120575570
120729000
120972058
121059756
121220340
121224422
121290440
121395581
121508866
121875537
121983176
122155099
122254239
122260971
122273876
122402593
122448529
122457884
122541788
122589657
122671806
122675329
122706899
122730208
122802042
122958945
123114360
123164147
123288794
123337394
123386813
123430355
123448346
123620344
123722906
123740917
123752243
123870445
124086361
124218563
124294929
124325058
124378453
124746627
124827473
124874830
125001035
125028154
125537609
125610726
125719761
125761702
125981451
126052121
126477222
126555629
126563478
126573377
126722880
126897563
126979668
126996161
127149302
127215937
127554847
127611084
127702624
127922696
128171542
128174897
128276176
128297671
128328926
128487405
128901805
128905104
128962947
128969603
129014545
129140802
129171485
129173603
129334048
129463739
129501753
129512463
129523760
129600241
129665324
129861237
129879954
129943973
129958145
129984419
130194901
130250161
130485440
130556601
130563282
130603273
130688305
130697841
130707233
130903671
131186740
131212207
131310479
131363830
131525266
131655547
131802194
132003870
132263468
132392432
132563751
132576596
132732880
132764210
132817161
132909167
133370962
133642963
133967568
133985498
134012784
134126133
134225907
134255976
134258694
134289045
134530863
134681653
135093893
135176873
135196731
135233304
135313820
135355994
135450216
135631938
135746915
135801397
135883652
136001683
136185426
136240290
136243364
136433051
136518476
136560552
136631754
136684507
136891502
137016226
137020164
137180489
137216505
137274352
137435516
137515937
137546493
137588988
137705766
137782044
137860665
137976834
137982058
138274392
138306207
138365903
138402098
138440037
138446171
138573372
138590036
138620923
138697680
138719599
138720528
138928779
139057806
139064601
139138083
139303972
139535089
139634734
139649379
139688391
139730404
139734602
139773769
139775888
139955073
140061440
140095711
140223943
140254070
140262834
140305643
140469631
140710311
140721636
140786017
140793172
140931414
140952384
140969769
141012036
141031942
141147202
141154196
141365064
141381613
141395450
141431898
141489038
141557042
141580252
141663105
141778690
141849654
141861373
142034270
142412554
142506164
142640315
142704784
142845456
142991294
143362563
143461140
143533577
143586289
143737278
143822810
143909142
143947485
143989259
144187033
144276119
144331152
144350745
144638120
144673838
144714875
144894736
144926517
145006251
145032520
145146075
145186567
145186991
145253130
145317410
145738990
145994938
146167687
146410537
146785702
146878618
146891945
146939741
147119932
147517052
147531625
147865392
148108552
148211693
148312922
148347534
148664188
148755435
148852320
148872815
148890907
148908107
149000711
149069305
149074694
149197363
149233222
149277530
149333845
149423976
149478447
149570667
149754964
149787194
149867646
149971675
150021718
150129018
150292664
150334023
150361923
150616820
150766782
150850194
151074132
151106777
151121200
151165130
151183117
151185051
151266053
151439538
151455360
151460291
151490874
151735515
151889903
152228755
152331132
152453294
152565866
152583828
152587874
152700927
152713767
152725525
152738463
153123328
153135232
153285899
153360071
153474780
153483749
153661889
153966119
154032414
154254901
154289814
154353015
154567320
154589398
154803557
154831510
154850374
154854370
155075236
155205164
155261105
155457944
155477481
155542533
155603021
155746378
155793204
155847833
156191439
156363975
156413900
156536613
156586346
156605290
156748297
156924787
157056126
157090167
157531304
157579060
157670045
157817353
157902577
157954138
157987146
158216154
158221351
158228114
158471274
158486214
158529876
158824152
158896816
158980013
159032577
159035790
159406298
159471210
159527865
159528387
159539598
159577037
159668766
159836496
159928709
159948813
160135112
160201439
160216905
160290784
160375781
160415422
160561937
160844716
161183343
161516066
161690737
161830371
162040535
162189813
162327940
162407524
162528294
162672432
162701336
162843099
162877779
163019107
163381988
163402424
163534563
163845032
163969016
163969390
164061732
164287074
164528599
164630513
164667097
165127651
165315527
165338533
165413619
165457594
165517633
165543334
165694960
165914332
166034400
166102099
166112930
166144714
166528880
166531747
166583453
166625257
166699393
166814079
167067183
167239656
167448435
167487360
167530673
167683590
167736468
167763306
167789630
167826652
168142314
168212758
168402479
168539536
168554697
168658460
168820695
168947314
169035042
169042597
169083536
169195780
169306494
169354660
169494910
169539177
169857834
169966062
170178706
170365602
170514648
170702028
170812222
171033007
171050850
171105270
171264372
171290169
171359104
171392026
171405772
171703403
171769651
171816658
171913591
172025599
172038863
172383406
172385527
172551423
172585736
172891469
172940985
173085004
173109951
173424533
173858954
173933370
173958673
173965086
174111976
174415014
174617608
174902831
174968928
175110741
175121351
175385240
175393194
175528163
175731040
175741601
176117026
176298513
176389760
176520951
176785109
177086362
177169976
177285224
177386749
177386976
177524074
177622753
177683124
177713419
177999704
178206924
178302968
178429287
178448261
178483899
178514789
178697616
178752459
178908610
178983337
179013348
179308601
179582398
179608183
179902435
180268781
180406024
180856678
180951301
181904738
181978974
182353773
182478148
182664231
182716333
182799109
183028685
183194810
183330990
183588216
183627352
183724455
184054160
184217201
184242661
184332399
184381998
184420755
184696993
184740429
184965077
184979552
185174845
185277164
185342298
185460915
185721167
185774836
185782620
185835111
185981020
186020077
186394377
186488532
186528354
186566420
186751718
186754556
187223013
187229843
187381203
187395890
187416435
187487644
187533084
187600048
187688482
187690385
187696257
187708002
187785364
187853487
187982677
187991706
188636335
188679067
188807055
188832848
188996428
189265710
189450873
189652460
189665831
189749951
189779440
189918713
190138812
190152058
190636226
190979492
191033485
191111453
191192095
191200628
191325764
191339301
191345871
191511327
191677963
191877218
191943152
192017234
192201534
192269362
192440019
192601557
192606563
192781583
192807252
192913300
192963024
192979936
193013577
193035548
193131090
193143504
193394913
193574286
193827889
193832572
193839080
193867037
193918224
194029857
194079485
194096094
194102387
194159119
194216250
194304787
194367986
194428976
194576850
194661776
194702373
194705390
194722892
194782563
195005993
195044963
195098611
195288553
195795072
195826900
196086670
196396076
196718986
196826910
196938414
196997135
197138613
197207145
197413964
197467721
197590019
197630857
197792277
197902174
197916123
197929643
198099751
198276867
198277593
198407112
198444145
199114355
199353450
199536983
199557906
199658797
199729787
199762729
199779888
199802166
199962735
199963497
199983345
200010834
200160954
200336479
200373010
200502609
200544567
200644529
200728322
200736777
200919309
200981196
201055620
201123906
201147752
201224855
201296869
201379501
201483891
201696212
201914284
201919423
202064779
202143566
202153224
202154964
202402996
202457491
202474601
202557496
202597079
202658469
202705209
202812941
202841612
202981022
203269242
203272199
203354441
203804993
203940251
204123817
204203977
204273546
204280265
204488633
204662080
204694847
204704857
204754570
204838908
204974347
205029781
205361643
205421442
205688488
205744515
205753541
206075297
206126856
206153095
206582011
206744384
206813447
207091655
207135894
207221051
207302377
207306491
207310569
207328694
207379143
207390038
207427126
207446709
207555239
207637336
207701690
207724343
207744505
207834537
208408136
208693567
209205211
209258135
209332760
209486648
209520550
209623778
209656935
209661992
209786982
209900864
209926758
209931800
209937501
210008284
210030854
210053596
210534504
210629061
210720539
210797915
210838871
210873629
210922729
210938471
211125891
211601189
211632441
211867625
211901245
211946362
212178983
212341886
212489534
212519233
212584451
212738683
212859684
212872345
213003096
213089920
213124896
213189413
213224864
213272895
213368546
213721692
213734682
213946528
213975868
214012738
214156793
214968645
215019875
215049281
215093765
215254789
215415842
215513251
215678777
215723330
216062146
216329506
216472127
216562020
216627838
216907072
217272896
217417151
217628061
218020450
218528868
218960062
219282625
219489989
219800604
219933954
220329277
220535108
221137789
221358756
221660444
221759228
221812701
221911806
222102652
222209792
222236606
222238497
222501378
222584384
222899553
223196705
223197661
223321634
223537730
223977280
224732830
224956002
225042561
226978623
