2752209
2879919
3234284
3424779
3511314
3521685
3534910
3581471
3594251
3618305
3685176
3732414
3743864
3888378
4036460
4060273
4110682
4168497
4230008
4270999
4272882
4336949
4348895
4394475
4412305
4510801
4594405
4610438
4613706
4651397
4749659
4772682
4865688
4946252
4959896
5049776
5115986
5154631
5238443
5270220
5280372
5386870
5399138
5434142
5454357
5483156
5520754
5531829
5578076
5607478
5620769
5664915
5790006
5795136
5807996
5830251
5832380
5881646
5881845
5965849
5985452
6015248
6037180
6045078
6083655
6085412
6086876
6087630
6110075
6119311
6169517
6237502
6254624
6282581
6312819
6316880
6317199
6337163
6349997
6354120
6374523
6381100
6440625
6457011
6457997
6495415
6516596
6535536
6551499
6563175
6566694
6580938
6622708
6637715
6643892
6652352
6671029
6707518
6713683
6728391
6734165
6743267
6750008
6777894
6788586
6802990
6806652
6820727
6850853
6891754
6938143
6972364
7009368
7018468
7093106
7117227
7142590
7146538
7148374
7160410
7172313
7185953
7201370
7219866
7232727
7245721
7250622
7273962
7328873
7330733
7340851
7358907
7369944
7371352
7396945
7400364
7437850
7487173
7489579
7491596
7664508
7689925
7705150
7750875
7755519
7775445
7786614
7821693
7856224
7863874
7888352
7933758
7982752
7992220
8018760
8024254
8081883
8083426
8116636
8147305
8170722
8173276
8176447
8197083
8220159
8331140
8371406
8374212
8383586
8410579
8431261
8505146
8510618
8517566
8560094
8574120
8792095
9041655
9057890
9220355
9351237
9529383
9583558
9853604
9970558
10009150
10138517
10139724
10717114
11038418
11088463
11176850
11277451
11326761
11352287
11375907
11406352
11423122
11434462
11450061
11456786
11483823
11485842
11499371
11499761
11554317
11560051
11607145
11638316
11669199
11682958
11696179
11696237
11719512
11726770
11759819
11797622
11818008
11818253
11852399
11856881
11889929
11910091
11916055
11917900
11926151
11941668
11943068
11947284
11960408
11960615
11965166
11979213
12023756
12026857
12035256
12036342
12050768
12078071
12095961
12120079
12122984
12124522
12131014
12168392
12170434
12185222
12208553
12227734
12237657
12239332
12239416
12245271
12256523
12273208
12273781
12280813
12281459
12283727
12287226
12290809
12290818
12301285
12301798
12304195
12308811
12322380
12323659
12335723
12347394
12349374
12350650
12359399
12369391
12389205
12393564
12399081
12410493
12432164
12432460
12440338
12440732
12440952
12447813
12456992
12471215
12478131
12506524
12540224
12543302
12570544
12587316
12590392
12592022
12599155
12600410
12606587
12606844
12618833
12619860
12622463
12630147
12664772
12672217
12711852
12717253
12726655
12762544
12795197
12808899
12829406
12845921
12850746
12861048
12898909
12901117
12940867
12942124
12943615
12962568
13021984
13038125
13083303
13093951
13120547
13180067
13198395
13264725
13356938
13416035
13442853
13473257
13474167
13494696
13496872
13511101
13513057
13551769
13551779
13564867
13594073
13601831
13646882
13648762
13658690
13696166
13717373
13727100
13751010
13752581
13760609
13790176
13829764
13845663
13848388
13854845
13910528
13913119
13919266
13950159
13968319
13981856
14035682
14038639
14044709
14099951
14113021
14116268
14116320
14120611
14133585
14168113
14186318
14204338
14213122
14230574
14244223
14307764
14345180
14362718
14392395
14501929
14773009
14777224
14793288
14898136
14916177
14920376
14935982
14979985
15021297
15027947
15037260
15037420
15060839
15068564
15068655
15074549
15105428
15139877
15165221
15179217
15190922
15198524
15208250
15225164
15244346
15254724
15282015
15306346
15315570
15337183
15350047
15362379
15364846
15375792
15381855
15387872
15393193
15410045
15465436
15482895
15495038
15503955
15506697
15506929
15538191
15541200
15566133
15588662
15624622
15673701
15703033
15721884
15725676
15736174
15749380
15754379
15770448
15854053
15856325
15858422
15888988
15899225
15911418
15932496
15935992
15945233
15957223
15989047
15997768
16003674
16019549
16054926
16079559
16093113
16115254
16123093
16131740
16144186
16154936
16155206
16162012
16164342
16175530
16181244
16223195
16224139
16228617
16229045
16230218
16250650
16253017
16275637
16279163
16282433
16291555
16291935
16292011
16295101
16313086
16329607
16332510
16364517
16410713
16412231
16437920
16438618
16467730
16469611
16472701
16473943
16520735
16567130
16625443
16626001
16629208
16640621
16671869
16688918
16697081
16710718
16720355
16755696
16762965
16771398
16780986
16787548
16801509
16815726
16824733
16829382
16887879
16925076
16931585
16949074
16951606
16951873
16958564
16960795
16967264
16984639
17015052
17051618
17103036
17209033
17210123
17210338
17236213
17245320
17262876
17365199
17378650
17380784
17390198
17399539
17418627
17439921
17443291
17458355
17468025
17488361
17498994
17543944
17554105
17581800
17591133
17593145
17601757
17603302
17640500
17656324
17701066
17724814
17760789
17764122
17818791
17839053
17844544
17889621
17906799
17947810
17999878
18018621
18024762
18052788
18059111
18079178
18114921
18119161
18128936
18134984
18148965
18164427
18240657
18269535
18282593
18319614
18331376
18355342
18382306
18406444
18412505
18413542
18435962
18466784
18473871
18485779
18525788
18528957
18535779
18550439
18562179
18578414
18602029
18607557
18617999
18739305
18775988
18788248
18794863
18815186
18845853
18846057
18926131
18947725
18950712
18966536
19061449
19080969
19085671
19092387
19116415
19131369
19141119
19162213
19172213
19270572
19323456
19325282
19338800
19339504
19353596
19429350
19433026
19468712
19521769
19625161
19647818
19677431
19686660
19703214
19711264
19712420
19774442
19778107
19780913
19785616
19839629
19862670
19873353
19896763
19927998
19945829
19957832
19985497
20000647
20001104
20031068
20060970
20062959
20087032
20088648
20112244
20138690
20169709
20175161
20211038
20277872
20291734
20293194
20299872
20304864
20327282
20343387
20355380
20375739
20385325
20389390
20408412
20418591
20440748
20445434
20446407
20466194
20491297
20494938
20584043
20602996
20619675
20642625
20685667
20688380
20691341
20694845
20700970
20705074
20713697
20735646
20747737
20750166
20753806
20756763
20759853
20761151
20814347
20819331
20928214
20937823
20938010
20959691
20973019
20978302
20982101
21013166
21036812
21123544
21141193
21144913
21166535
21209932
21217768
21231368
21298668
21305627
21306156
21335162
21357735
21360150
21362124
21389447
21415282
21425644
21455141
21481059
21509922
21517238
21584394
21595059
21612999
21635992
21639635
21645468
21671605
21673163
21704152
21708839
21726899
21748318
21750342
21796505
21800955
21809949
21857493
21861245
21864623
21869260
21911346
21922557
21937683
21946151
21954336
21982786
22006724
22018542
22018922
22104473
22124629
22141011
22152330
22156674
22178174
22186536
22223143
22231390
22260504
22274761
22279338
22320072
22363388
22379901
22407989
22447971
22451513
22451570
22486470
22509096
22511886
22520012
22544277
22549497
22615422
22619895
22625333
22652778
22658235
22750915
22764563
22800238
22803026
22807916
22809665
22903820
22916784
22923329
22948382
22952553
22987729
23005321
23050142
23057364
23064534
23069102
23100641
23112634
23119090
23127830
23149232
23166704
23177271
23178903
23180782
23181445
23187104
23230370
23236019
23241098
23276315
23287118
23295368
23299444
23321438
23335212
23335413
23373659
23374908
23398116
23435511
23498742
23500589
23526913
23528017
23528999
23534727
23536107
23554513
23554795
23571275
23572993
23588522
23589511
23609085
23623634
23648571
23653440
23658062
23660976
23728053
23765373
23775677
23805223
23809737
23820126
23849953
23858386
23866458
23868506
23891870
23924234
23949506
23953707
23977237
23997356
24073183
24073259
24087740
24091602
24102641
24201983
24216473
24259059
24307905
24340036
24345491
24358515
24369478
24417185
24429738
24441561
24496305
24521658
24545200
24605362
24607250
24638168
24654294
24657388
24711877
24784697
24824383
24828837
24843991
24855100
24855362
24874442
24891893
24937227
24947454
24978420
25001551
25004985
25070136
25076050
25084770
25136320
25175524
25180583
25184816
25192308
25193741
25212393
25213686
25255989
25278711
25283852
25287910
25304585
25326169
25336699
25340081
25341540
25358167
25364435
25369586
25373378
25380278
25423279
25442735
25459434
25477319
25482648
25483022
25488706
25496993
25497483
25514287
25531781
25544018
25544253
25567133
25585268
25588204
25609614
25636899
25638494
25727494
25764291
25791114
25818002
25854108
25871831
25874704
25876977
25889996
25904133
25993269
26014288
26015494
26034039
26037238
26063828
26095880
26115531
26138741
26152744
26162185
26185436
26193945
26203707
26230704
26280831
26327392
26338600
26341045
26369855
26418133
26422757
26431872
26472051
26489889
26508998
26524794
26542903
26574415
26608281
26629966
26636288
26665133
26671579
26673643
26676664
26694382
26738176
26749847
26756224
26764238
26786939
26802473
26804991
26809009
26831870
26848806
26850202
26856412
26887772
26890976
26894231
26895440
26976412
27058445
27099508
27114756
27115928
27116906
27147880
27160567
27167852
27171977
27172414
27188407
27194253
27197942
27202077
27214579
27225788
27287601
27346881
27357121
27366011
27374474
27377816
27414347
27416362
27421727
27428749
27467413
27469399
27514464
27516726
27539924
27545385
27582609
27607159
27612819
27626190
27631559
27710605
27735465
27738127
27743139
27798963
27805567
27813361
27851520
27870735
27893873
27911788
27914703
27930544
27936548
27944117
28017749
28048084
28085445
28112186
28143289
28160299
28174020
28176969
28186271
28194389
28232839
28320062
28327102
28356001
28360800
28362024
28366697
28381291
28381572
28403195
28414310
28437133
28468526
28545291
28552393
28562297
28594209
28602073
28606099
28633175
28636233
28658675
28678682
28691857
28732713
28750165
28820262
28868597
28895607
28896399
28908714
28952001
28960758
28972478
28973061
28981378
28999588
29018671
29022041
29045689
29056167
29076666
29147386
29169690
29173020
29175373
29192288
29217370
29217515
29235507
29238680
29247267
29301736
29321442
29411391
29460374
29477090
29482548
29516851
29519657
29523394
29533283
29587829
29598578
29603954
29749198
29816666
29831942
29848293
29856104
29900012
29908324
29917391
29920262
30063513
30086790
30090530
30127612
30133930
30137257
30139427
30179936
30197100
30215074
30231469
30252534
30312000
30320914
30324283
30370264
30375385
30382091
30415167
30436731
30438006
30455111
30522756
30548184
30560357
30568209
30586089
30588564
30625019
30637812
30638318
30642075
30655457
30685853
30694144
30710275
30763545
30774836
30808419
30839975
30893038
30945226
30961568
30976806
31014777
31040939
31083885
31093751
31117293
31158463
31225725
31235998
31243559
31271073
31316980
31328465
31340404
31343208
31349618
31399228
31432172
31456068
31465334
31600242
31623580
31651177
31657813
31681373
31702938
31723104
31733351
31782656
31784667
31842912
31863817
31877805
31916279
31934533
31946136
31946487
31956379
31962073
32030565
32033994
32070590
32074738
32076773
32095875
32098686
32115586
32129890
32130593
32319836
32353439
32360317
32365894
32374074
32374333
32426879
32426986
32457336
32520070
32560776
32629090
32655375
32668260
32668566
32787673
32793177
32801761
32828942
32845014
32882921
32890254
32897244
32906124
32927483
32928988
33000482
33016987
33078287
33099166
33122749
33214753
33237954
33254632
33255373
33266750
33304964
33342484
33357018
33391774
33425186
33449783
33454649
33455355
33496021
33524690
33526683
33608505
33661411
33671634
33678792
33723075
33805070
33815780
33840368
33895720
33915480
33965017
33996966
34057360
34144243
34174687
34181416
34188227
34191270
34238404
34263770
34269900
34308721
34424098
34450004
34461265
34481117
34504191
34543285
34602141
34635682
34638016
34651153
34668035
34672397
34689066
34740575
34776838
34777278
34792917
34818252
34858544
34863942
34937656
34974258
34995976
35038224
35088714
35111010
35134186
35171755
35240186
35246310
35249936
35271951
35375015
35434796
35444034
35462196
35468756
35486023
35486720
35499102
35567468
35654161
35658546
35727312
35746998
35769317
35790605
35830161
35839924
35905806
35911992
35917203
35938030
36004174
36008880
36152563
36180175
36184487
36206386
36234029
36259500
36260092
36266345
36360991
36398728
36425309
36503783
36506490
36524115
36545069
36561360
36569070
36598863
36743318
36745225
36783919
36839976
36849880
36857750
36895251
36896061
36964888
37024948
37025741
37034952
37080306
37093491
37194332
37232381
37242830
37319923
37379053
37406363
37412507
37414697
37417914
37419672
37447367
37456141
37458052
37470843
37491082
37499111
37582102
37597319
37607048
37654822
37681964
37693169
37705523
37706748
37738552
37782415
37789043
37806652
37837721
37840338
37898960
37900915
37989281
37991703
38025272
38048270
38083684
38094192
38099092
38105084
38159358
38175889
38184892
38203412
38225890
38242135
38246869
38249385
38271085
38325034
38339403
38347701
38359035
38395589
38395793
38434350
38471727
38490695
38492507
38502307
38502910
38559449
38561078
38580429
38582887
38587925
38622869
38625565
38752770
38762797
38767567
38799581
38807713
38831361
38914922
38938496
39031804
39049178
39060041
39210331
39245403
39248363
39256516
39294711
39341843
39358663
39396623
39398008
39415016
39419756
39427226
39440686
39452523
39465422
39479750
39579297
39684576
39697397
39763551
39808212
39826659
39832051
39943532
39965092
39973476
39983494
40000652
40046662
40076525
40103386
40144884
40179109
40180335
40235311
40238870
40278832
40345653
40396005
40581809
40624112
40636514
40650702
40674074
40779072
40780275
40809334
40830149
40897208
40898671
40900881
41070594
41081562
41117261
41169172
41229136
41241373
41310842
41360304
41375569
41452200
41510911
41511354
41517667
41520781
41546049
41568463
41603444
41616613
41628117
41670239
41688227
41696544
41737701
41741172
41761678
41853304
41932982
41958815
41959318
41960340
42034023
42078900
42196146
42197627
42207275
42245402
42288925
42303025
42344384
42362749
42367557
42375343
42393600
42426692
42446359
42446534
42473610
42477028
42506974
42511807
42525979
42585316
42615533
42639021
42654878
42751138
42752044
42756444
42776398
42778892
42786391
42806860
42822981
42823135
42878314
42891772
42912957
42926341
42944700
43028708
43029259
43057083
43071356
43108389
43125194
43139507
43167612
43174976
43193809
43195599
43197432
43295217
43368334
43394294
43414442
43449407
43455049
43582048
43623831
43680094
43694549
43812488
43821130
43822434
43842252
43844573
43844899
43899127
43917061
43922212
43946541
43982681
44108268
44157996
44248590
44265905
44312240
44323632
44385701
44437364
44439347
44483955
44527061
44540665
44658272
44667135
44793884
44856710
44906228
44909515
44928981
45087786
45128101
45129781
45167767
45168319
45172593
45234135
45242287
45247473
45262013
45308422
45363380
45378326
45401887
45411544
45475426
45486692
45583700
45688997
45696583
45773900
45826188
45844026
45924794
45927148
45954873
45968845
45983394
46048066
46100327
46123432
46178899
46196166
46257826
46288879
46301386
46373367
46466274
46533751
46546240
46578817
46603546
46623534
46635142
46656761
46657575
46676697
46732203
46810305
46879890
46920870
46944358
46964599
46987103
47075488
47088535
47135990
47170945
47199867
47210322
47235623
47271228
47325342
47331004
47362313
47499720
47541220
47547560
47588440
47609272
47635576
47648340
47669369
47729476
47745984
47834889
47957847
48043617
48079768
48098293
48100618
48102810
48132392
48140280
48187756
48242428
48252622
48274184
48310089
48324483
48394848
48445305
48563576
48596201
48736510
48847871
48901656
48919384
48948834
48952463
49020022
49121661
49168210
49226692
49245614
49342408
49369152
49405670
49459479
49493626
49570804
49602132
49632689
49668339
49685320
49747621
49770181
49784184
49897237
49918661
49989908
50001574
50014907
50024805
50030955
50079605
50155386
50180353
50190133
50218421
50275857
50277604
50380468
50430264
50443078
50506599
50682949
50723219
50730682
50733496
50734350
50784863
50813155
50830180
50840665
50882020
50909899
50922195
51104083
51189797
51196621
51220897
51254787
51300398
51319916
51360021
51473216
51474986
51536058
51612645
51648738
51676686
51764950
51793214
51832171
51878775
52035455
52139108
52175210
52183488
52283650
52340603
52356144
52362518
52428753
52484995
52538608
52574223
52618635
52643870
52668544
52693283
52731143
52795199
52922425
52930205
53044498
53075975
53087720
53159497
53203055
53260553
53263584
53269352
53318534
53328193
53356868
53400797
53400868
53409740
53469315
53499665
53548114
53619532
53646035
53685953
53691616
53702592
53778174
53980391
54071024
54079085
54111992
54118946
54167450
54191944
54317071
54384175
54416585
54523088
54538836
54632456
54670309
54694376
54745873
54815240
55120277
55127316
55198361
55290388
55310575
55331508
55335646
55412423
55454064
55491717
55495986
55552546
55602057
55650425
55653605
55658997
55796566
55865499
55887641
55892927
55899603
55906034
55985058
56079429
56082015
56144350
56247299
56248206
56291908
56313956
56314171
56332293
56337666
56402507
56436523
56457054
56560228
56582115
56658001
56709992
56812289
56861636
56955354
56968030
56989868
57050330
57088414
57092759
57159774
57223065
57245024
57293465
57308938
57318121
57352253
57393931
57394771
57434717
57541833
57598357
57599612
57648891
57657831
57679152
57693383
57714531
57717762
57947143
58049878
58116498
58203478
58316376
58377849
58380328
58420921
58425807
58467139
58505263
58552975
58635336
58697616
58857740
58876873
58899244
58918090
58936697
58956182
58956247
59009804
59025062
59048838
59135734
59191205
59192928
59260616
59301473
59349383
59451663
59460160
59474671
59506869
59517441
59662723
59685250
59742984
59787451
59790924
59862859
59863827
59943471
59944247
60057734
60071306
60098883
60250277
60290674
60343438
60367165
60440121
60515419
60717297
60751167
60758791
60813131
60818684
60821241
60854446
60903681
60935329
61021730
61022561
61032363
61049749
61180219
61217822
61291133
61347908
61367840
61477747
61483707
61520015
61556433
61572166
61599274
61641814
61669955
61785577
61812971
62046709
62106641
62111696
62152587
62220223
62230199
62274853
62340849
62360078
62544383
62548618
62623838
62667354
62768819
62805538
62896712
62940117
62954952
63003277
63027203
63029548
63079217
63100662
63184030
63235918
63272148
63313239
63338464
63364028
63372056
63486746
63537993
63589583
63629529
63650393
63665804
63685449
63719204
63753628
63758098
63776743
63846089
63854584
63896226
63969711
64120760
64235573
64290172
64294505
64405894
64527981
64560871
64609138
64664128
64718296
64831057
64865153
64877262
64944952
64948728
64996839
65133037
65286996
65369161
65475445
65492051
65546835
65547142
65567437
65644739
65681366
65706231
65730523
65734905
65752791
65860100
65904248
65978316
66023925
66037353
66048299
66104706
66105667
66139012
66145721
66232850
66262433
66314431
66363211
66440096
66454188
66474653
66507792
66513032
66548328
66618271
66624895
66655478
66689920
66705375
66748295
66777600
66826156
66839335
66872734
66955013
67001155
67017279
67042714
67042903
67070114
67091241
67113606
67187827
67217178
67319750
67383796
67415395
67555707
67602535
67637925
67662696
67737235
67738898
67773567
67832986
67854762
67898999
67945579
67946964
67959380
67970202
67996924
68028837
68038255
68081262
68084799
68120889
68128597
68175975
68260155
68328547
68354800
68437154
68610253
68631530
68719077
68748874
68785491
68877188
68906062
68923347
68935007
68944994
69004950
69073479
69113252
69130047
69149396
69159958
69280420
69280431
69311462
69342691
69388111
69411040
69460682
69471584
69538359
69601671
69652979
69713722
69717663
69743267
69840579
69845402
69929918
69969273
70071453
70196780
70218791
70225359
70257622
70309545
70317974
70350497
70452933
70472135
70537219
70563819
70577025
70580629
70580847
70763726
70790672
70852609
70872159
70884146
70914049
70958085
71013598
71124566
71208694
71238613
71301538
71318674
71321607
71349186
71388462
71391927
71423994
71517883
71525929
71623349
71703843
71765004
71781088
71790741
72092385
72151594
72222931
72243457
72330787
72401826
72406499
72501080
72513001
72688574
72696604
72739338
72786433
72819251
72831445
72938253
73137617
73212477
73238174
73320271
73400918
73460759
73490418
73587451
73642361
73691554
73712195
73713334
73903746
74038826
74057588
74306756
74588515
74651964
74675329
74835879
74879208
74882555
74885334
74931941
74966738
75029022
75039574
75051429
75087002
75172067
75205953
75217703
75283620
75304191
75350865
75462377
75507245
75529833
75632169
75737225
75741199
75756255
75797695
75808449
75815632
75818136
75872781
75917338
76036812
76047789
76100967
76113960
76116095
76118842
76162432
76217809
76311260
76401323
76460941
76506200
76537230
76576591
76642804
76692384
76712220
76720864
76746147
76873137
76942544
76949200
76949885
76991792
77026682
77124575
77165368
77167706
77172510
77267952
77278032
77319215
77354693
77362578
77377905
77400240
77501174
77502126
77511920
77543913
77569456
77645962
77649304
77711921
77723137
77756307
77769906
77770386
77773718
77791469
77809231
77812401
77815625
77816829
77856496
77898064
77914775
77942095
77981118
77984182
78050866
78054125
78080465
78090757
78095985
78118577
78150257
78270189
78286851
78345222
78360937
78434695
78473620
78479056
78545171
78546197
78546402
78555692
78597068
78631761
78649057
78669463
78691721
78701390
78710252
78793394
78818099
78880204
78885168
78892595
78971955
78974674
78976645
79012897
79162028
79169646
79198256
79247217
79271182
79330385
79380109
79420235
79455373
79465841
79487193
79506805
79563617
79582225
79598484
79604984
79623825
79629434
79663681
79681810
79698517
79702764
79711659
79715152
79748959
79814900
79863023
79865072
79874892
79880148
79883892
79937332
79954578
79993963
80094955
80116522
80145787
80155632
80217526
80234590
80395605
80403285
80409234
80416550
80446665
80454666
80455157
80499798
80515281
80519220
80529685
80543857
80566454
80580692
80688117
80715146
80720917
80738613
80775135
80822125
80832587
80841034
80878599
80878670
80885578
80911310
80966901
81003102
81075688
81137302
81137324
81165846
81227576
81293626
81367213
81368088
81433762
81452912
81472798
81544395
81550186
81667164
81676279
81752015
81763603
81769102
81775521
81778099
81792906
81798831
81842752
81897944
81922848
81964985
81977431
82003945
82073097
82101165
82109782
82129417
82154400
82169175
82178647
82179817
82201517
82205015
82228023
82231405
82261367
82398789
82417752
82463573
82473705
82482315
82490687
82515585
82533514
82592724
82657065
82689603
82701816
82714122
82735394
82746232
82748812
82806871
82824265
82856069
82891353
82911540
82943431
83024361
83043928
83052655
83059944
83063069
83134550
83140552
83158216
83164937
83183944
83195225
83203240
83204308
83233609
83250568
83255548
83259071
83264454
83302536
83322763
83324286
83353176
83368256
83398360
83400815
83428504
83445471
83446536
83477012
83481237
83522516
83551512
83574764
83579464
83589086
83706315
83821520
83853000
83884871
84002391
84018743
84046196
84112008
84178528
84241879
84245192
84257689
84279929
84310280
84314200
84441554
84445657
84471742
84491895
84516185
84572396
84573433
84581753
84597183
84639349
84643080
84675570
84694519
84703197
84740008
84783167
84871029
84881189
84979448
85051884
85093833
85132741
85147897
85154392
85184538
85186247
85186503
85204804
85236058
85279383
85282042
85301146
85329681
85422382
85428102
85458873
85544217
85572954
85578598
85725560
85760960
85869573
85946297
85950116
85962373
85986013
86016303
86033542
86040303
86087066
86094368
86110053
86122469
86163507
86182746
86264102
86272943
86288709
86352261
86434299
86437094
86461093
86475807
86528859
86532478
86532776
86540726
86545892
86546415
86551356
86613733
86692860
86701797
86711810
86747440
86767012
86850927
86865074
86913851
86920057
86940731
86944698
86970020
87075650
87135557
87166411
87181989
87188091
87220636
87229829
87249125
87264682
87286203
87308508
87317387
87454148
87477882
87490165
87616349
87626433
87680538
87705469
87784638
87789840
87814348
87832999
87857436
87857940
87863197
87892029
87896673
87899290
87902724
87930501
87980318
87987459
87995812
87996611
88015711
88018672
88068923
88106984
88113342
88154371
88163164
88188926
88230658
88299436
88329917
88338328
88352608
88357948
88362594
88382017
88411459
88423586
88425982
88438712
88449009
88515120
88525786
88544587
88556867
88586197
88647043
88652388
88738021
88746145
88753433
88777503
88788119
88800047
88840927
88848438
88849536
88860504
88957152
89000106
89002914
89020071
89043520
89048321
89048352
89053245
89056512
89100614
89122694
89128130
89129955
89146914
89152780
89187521
89235614
89244873
89248785
89250242
89265967
89266946
89296126
89312747
89371673
89373828
89377921
89393056
89395340
89420519
89448551
89448598
89559881
89583132
89585310
89616605
89640269
89648137
89682215
89697335
89746072
89768449
89908514
89944040
89956082
89972215
89990232
90088595
90092005
90108735
90109015
90143759
90174496
90291170
90299887
90326783
90379007
90439133
90452113
90455485
90484224
90505368
90509634
90585710
90612571
90622540
90630384
90679706
90679803
90691503
90750827
90855527
90867709
90876140
91012620
91025452
91097967
91110070
91158553
91316005
91346990
91406155
91436537
91441878
91447796
91471364
91495124
91503196
91571145
91655668
91749012
91764400
91816066
91818342
91903500
91931872
91935137
91956565
91985411
91986504
92041164
92096038
92112870
92114356
92129724
92210304
92269070
92305132
92307966
92314348
92333388
92341462
92376897
92412235
92438081
92485089
92496521
92515582
92537887
92610026
92611990
92634347
92675089
92704071
92738532
92838173
92873270
92886231
92893864
92897770
92930090
92956090
92993670
93022253
93045300
93046774
93087458
93243798
93269335
93281603
93337054
93394816
93415581
93525686
93526490
93557385
93581403
93593688
93679808
93785955
93804908
93831764
93840440
93866293
93913955
94001563
94076491
94085685
94142761
94256827
94275253
94279227
94315018
94371659
94524700
94549462
94619657
94757144
94767798
94823656
94856439
94945193
95017311
95124478
95137726
95161816
95174557
95242301
95376702
95399838
95447035
95452667
95530933
95537212
95618200
95658888
95690729
95799792
95802021
95977531
96034871
96109187
96119481
96121412
96136534
96179140
96261403
96315698
96374919
96443858
96611683
96664933
96714468
96794239
96860221
96911175
96914877
97013569
97056159
97066418
97126818
97148248
97176755
97333721
97343929
97369327
97374682
97445618
97448844
97495185
97525562
97558065
97594883
97640007
97733044
97764596
97792173
97792567
97834338
97896311
97901827
97906669
98149511
98242909
98315271
98341746
98386638
98415789
98447207
98499884
98587663
98593965
98596959
98653720
98661999
98673389
98681511
98727381
98734068
98826623
98880960
98929813
98979902
99008725
99056337
99102895
99215813
99237469
99244079
99252442
99264276
99290085
99383675
99416241
99541907
99574788
99600525
99613905
99638340
99746800
99769984
99791892
99890088
99898012
99978690
100008125
100030959
100032860
100040623
100076346
100118400
100119898
100147630
100185531
100290333
100299278
100301774
100302734
100319579
100336325
100337156
100462576
100509210
100542119
100613085
100616523
100651621
100670694
100717484
100748566
100802339
100867652
100879343
100892414
100971122
101004770
101016805
101032554
101138979
101175310
101221563
101257226
101259790
101303770
101347249
101367682
101533407
101633713
101715170
101735703
101761782
101764384
101791893
101792683
101819039
101845585
101857338
101918310
101958797
102022429
102038513
102065520
102077979
102133549
102262228
102265738
102266699
102291483
102374287
102426755
102429896
102438880
102446737
102507274
102568612
102569347
102596321
102610943
102631181
102661267
102687496
102712153
102759191
102768962
102950889
103044340
103048768
103092581
103149200
103153353
103158307
103167921
103202997
103219254
103249747
103264332
103265000
103285044
103300946
103391327
103465793
103538000
103549589
103629080
103731928
103734766
103749905
103807678
103817872
103820652
103853163
103854124
103888138
103898207
104095377
104166801
104245397
104262484
104369289
104386746
104398762
104515801
104517049
104522505
104583117
104639667
104707340
104709270
104731724
104808070
104822375
104862347
104904663
104986950
105021280
105085776
105209202
105251994
105254408
105352736
105486764
105518561
105603080
105606878
105611466
105701003
105727374
105884170
105951424
105985205
106106536
106139241
106143002
106273093
106285191
106297495
106365825
106378241
106441336
106472566
106475899
106613228
106652331
106705467
106838964
106887056
106915243
106925093
106942281
106984731
107007660
107091333
107223417
107254359
107284048
107299260
107307694
107371046
107374294
107377520
107474025
107517047
107680522
107810181
107837225
107857033
107868186
107882456
107890046
107899097
107905089
107928796
107943025
107969536
108077350
108118829
108131306
108135883
108163811
108181655
108355772
108370006
108392718
108463524
108503324
108545850
108562309
108607259
108609956
108623454
108643309
108643829
108758915
108763763
108781273
108802361
108821816
108866118
108975039
109056272
109090440
109107626
109116221
109135331
109144200
109144969
109165569
109175768
109205919
109314504
109347619
109473713
109530732
109567041
109578785
109595946
109725215
109734188
109745612
109760047
109794879
109843078
109976994
109988863
110051963
110123467
110131511
110160502
110163144
110167315
110177753
110257128
110294860
110355333
110355798
110367688
110369306
110424889
110465593
110489558
110492675
110519239
110530697
110551111
110555713
110561270
110619488
110630714
110685128
110775068
110777376
110799704
110866603
110878546
110971579
110980511
110997669
111030869
111037445
111038716
111049487
111052100
111063526
111117822
111192211
111231498
111325932
111348904
111383925
111399068
111434661
111499068
111508261
111594858
111622007
111709574
111734960
111739330
111747772
111762940
111772135
111780776
111809823
111820053
111843683
111844656
111851642
111864967
111889694
111906627
111999841
112070652
112088135
112187352
112223679
112230021
112233683
112355175
112358276
112405338
112490858
112508571
112542059
112658121
112669081
112678507
112783503
112843922
112844389
112913030
112917475
112920101
113018787
113100308
113109512
113119295
113120000
113216198
113272123
113390249
113429863
113433252
113452126
113509159
113509435
113579522
113609739
113631759
113637158
113658601
113681866
113686174
113705743
113738160
113784737
113872002
113872572
113925341
114005269
114041709
114064036
114076770
114098032
114202998
114240801
114290844
114317593
114339919
114358791
114438727
114439739
114443436
114514435
114544305
114551537
114612005
114658913
114684285
114707168
114728618
114750890
114754629
114771732
114840215
114951984
114995641
115032640
115109106
115145649
115151159
115171997
115214716
115283778
115305756
115404284
115470777
115567892
115599946
115657889
115681372
115699853
115781715
115790699
115843520
115895392
116082981
116101197
116108229
116170581
116196608
116200991
116230075
116350641
116371667
116436708
116446477
116464445
116539581
116547045
116555471
116616930
116642761
116655153
116744433
116773063
116966079
117009649
117091450
117099782
117136997
117153398
117184317
117207297
117244897
117257220
117338518
117354310
117455194
117457336
117467517
117506707
117508284
117508789
117521776
117553711
117648554
117664267
117724640
117734877
117779583
117782095
117788438
117829977
117868810
117886197
117908570
117935099
117940383
117982176
117996282
118032793
118046701
118103839
118120484
118227253
118304507
118435648
118482064
118508875
118527389
118654995
118728820
118878102
118910537
119029679
119058278
119070775
119072885
119162818
119269297
119279047
119318569
119362186
119395768
119444357
119748758
119795360
119817094
119874911
119878798
119916240
119942269
119964452
120043477
120063488
120107258
120252715
120378044
120459160
120473907
120611644
120671037
120686939
120897912
120913233
121077733
121079973
121097748
121116000
121288791
121395581
121409401
121539065
121551163
121650160
121708592
121720220
121749663
121750116
121759960
121825990
122067784
122102887
122155099
122187814
122213535
122254239
122402593
122457884
122466612
122541788
122589657
122730208
122802042
122880023
122945576
122958945
123114360
123116572
123136931
123214315
123239093
123337394
123340245
123378541
123386813
123406432
123425909
123448346
123596371
123620344
123699556
123722906
123740917
123777247
123849326
123863051
123928015
123941284
123972070
123982334
123990271
124053546
124083530
124086361
124142416
124245466
124292493
124294929
124373823
124490003
124520640
124535424
124590304
124605374
124611739
124732633
124746627
124761258
124976923
125052804
125081032
125091208
125205755
125208658
125275623
125450658
125503137
125545299
125550807
125554194
125610726
125619684
125659579
125724636
125761702
125800839
125818709
125831315
125897478
126060554
126074371
126086553
126120667
126298239
126341206
126391401
126452850
126466451
126473979
126513585
126523687
126555361
126555629
126573377
126673382
126878821
126903580
126951406
126979668
126994525
126996161
127021141
127116456
127152971
127190009
127215937
127366982
127381070
127583286
127606513
127607135
127651762
127737855
127761076
127796541
127796911
127818540
127855317
127922696
127929998
127994720
128074259
128123902
128174897
128263721
128276176
128297671
128307783
128409879
128522550
128532623
128700734
128874998
128901870
128962947
128969603
129014093
129123710
129139024
129153633
129171485
129173603
129259871
129317656
129334048
129338916
129447319
129481956
129522964
129539596
129648517
129749227
129860474
129871574
129920287
129943973
129984419
130035438
130194901
130250161
130265111
130458013
130563282
130688305
130814083
130857254
130868055
130932156
130942555
131186740
131310479
131525266
131635217
131767755
131925224
132022484
132210952
132215800
132266387
132277382
132306238
132390844
132403532
132431874
132537681
132563751
132576596
132678800
132712704
132732462
132732880
132764210
132805173
132809049
132813615
132817161
132836679
132851200
132923262
132983961
133051055
133079596
133125277
133184106
133195381
133209420
133224763
133259667
133350503
133490733
133600529
133682164
133685958
133725714
133804111
133864718
133967568
133985498
134019933
134120496
134126133
134263304
134289045
134415992
134609649
134628506
134676499
134687444
134966646
134972743
135063341
135075042
135101637
135143127
135233304
135248776
135355994
135589333
135653139
135801669
135932041
135934781
135988873
136001683
136170889
136243364
136369514
136377860
136431997
136539951
136657560
136807501
136825371
136891598
136957543
136985782
137031370
137034348
137178737
137216505
137274352
137366283
137435516
137490098
137540177
138032162
138262353
138273750
138365977
138381228
138402098
138537186
138545389
138546347
138550253
138570008
138613718
138650451
138697680
138734614
138758862
138784389
139230375
139232524
139254006
139280119
139354959
139396024
139454425
139491540
139515198
139520491
139535089
139597736
139634734
139659081
139700730
139796855
139851336
139955073
140069504
140262834
140322808
140349369
140363066
140588547
140635427
140761730
140861343
140893824
140917532
140966754
141016758
141032325
141107699
141155096
141194115
141202514
141337454
141422367
141438822
141461424
141478514
141528315
141633709
141711188
141744584
141752297
141778690
141861868
141890418
141964334
142120242
142145668
142267105
142303772
142511323
142562816
142598230
142610594
142640315
142710549
142718252
142770232
142774263
143046947
143164428
143265305
143423947
143446635
143514694
143737278
143966038
143977146
144000465
144029870
144065655
144108200
144157770
144178575
144225658
144262363
144338570
144404224
144525110
144583267
144584615
144593110
144638120
144663482
144807500
144816615
144821052
144894736
144946995
144968498
145006251
145104291
145392434
145447696
145476455
145505440
145604240
145618851
145623481
145655865
145693009
145738990
145761226
145884151
145941733
145990171
145994093
146022742
146063291
146188728
146292766
146472413
146493251
146514174
146695730
146720904
146720937
146804298
146862820
147057040
147133945
147149535
147202458
147320933
147429717
147478864
147479995
147538179
147576491
147606643
147607406
147623987
147690593
147693967
147836615
147864601
147947059
147996338
148093375
148108552
148176153
148210036
148254839
148268775
148395135
148402868
148530691
148620042
148644353
148759804
148790455
148852320
148967086
149000711
149221138
149260949
149369355
149444164
149478447
149784817
149836592
149888209
150040043
150222302
150229671
150229742
150259659
150262815
150357230
150419031
150521480
150675677
150737818
150764997
151194298
151232718
151322084
151331445
151471768
151620913
151735515
151757150
151831701
151890436
152003685
152150702
152176339
152418920
152635265
152725525
152743503
152835329
153007943
153089468
153179428
153219853
153444494
153445909
153501154
153524612
153612812
153765404
153769355
153937976
154021135
154031067
154045027
154208841
154219046
154287689
154288753
154488638
154671956
154674602
154854370
154881764
155130845
155205164
155222879
155302113
155332064
155338321
155339060
155361244
155382875
155457944
155493420
155515597
155728204
155765809
155836392
156035400
156040650
156389195
156621929
156749431
156760240
156894436
156924787
157082619
157289882
157485885
157547691
157721998
158182052
158216154
158228114
158355510
158356509
158418658
158471274
158547878
158574187
158584911
158605759
158744860
158797960
158896816
159035790
159049925
159282063
159404532
159567507
159577037
159626783
159676483
159720185
159732561
160135112
160213960
160375781
160435591
160451978
160519397
160580789
160844716
160897314
161032636
161106970
161111880
161132271
161183343
161198793
161277250
161796825
162113331
162178173
162242280
162246651
162407524
162453272
162475812
162490817
162497167
162877832
163019107
163136699
163211291
163340683
163470272
163742366
163898049
163903682
163969390
164011518
164196287
164287074
164346132
164435295
164436538
164528599
164593417
164607977
164895424
164912285
164922498
165020375
165085823
165173312
165180864
165266752
165683431
165700573
165727445
165811601
166134370
166202418
166330143
166331902
166699393
166727301
166735352
166887018
166906845
166908601
166938320
166975736
167135240
167261340
167322353
167380580
167422386
167452454
167514909
167658265
167768022
167934336
168212758
168313381
168349294
168652059
168718873
168947314
169106886
169212451
169354660
169401977
169592289
169619394
169652517
169702476
169745832
169857834
170121151
170300227
170316541
170438330
170489521
170676785
170676868
170761411
170812222
170852885
170985295
171188809
171295725
171315366
171355455
171359104
171372788
171655941
171674059
171701089
171703403
171855699
171945931
171982758
172385398
172462242
172560351
172610776
172680636
172725737
172785956
172793728
172891469
172943748
173232714
173271170
173322869
173331680
173502567
173553645
173646637
173680027
173807033
173828263
173834545
173907929
173925130
173932899
173965086
174380026
174536166
174589830
174684673
174852491
174904781
174917175
174973045
174985786
175266722
175338081
175385240
175480764
175481284
175731040
175787657
175792459
175987674
176027005
176106196
176428192
176433626
176575911
176878660
177160742
177405421
177470878
177592072
177636103
177706758
177713419
177836628
178006654
178017085
178151992
178429287
178483899
178879866
178886719
178917924
178984266
179142207
179167100
179372288
179585127
179621417
179884234
180192235
180216092
180477369
180543191
180582138
180672489
181202233
181348095
181522557
181978974
182294149
182420037
182514712
182744003
182836067
182977853
183560520
183775399
183851393
184242661
184352068
184451909
185174845
185214273
185454470
185623965
185833513
185909348
186394377
186639140
186838821
186845863
186899193
187108351
187378338
187487644
187688482
188060032
188234306
188679067
189233473
189656668
190152058
190368867
190636226
190696861
191476509
191659684
192039555
193108095
193219588
193696577
193867037
194029857
194702373
195866014
197207145
197527106
198276867
199599937
205880098
210487679
