2898000
2960501
2989013
3202479
3451889
3485418
3534605
3557591
3711475
3761543
3823634
3843506
3996199
3998778
4043630
4076431
4129728
4148913
4155262
4177456
4184048
4260902
4299457
4351889
4435661
4437917
4487536
4515402
4529613
4540627
4551987
4570488
4629712
4649488
4649848
4664972
4685359
4711464
4725525
4743317
4761431
4797353
4841225
4859227
4910676
4995538
5001386
5163807
5170597
5171405
5223124
5296688
5309098
5367290
5409011
5414099
5457389
5463622
5492494
5499965
5507162
5548836
5549723
5596338
5654830
5684822
5728102
5735183
5751496
5798127
5816515
5838128
5850599
5853211
5939083
5944855
5978466
6004463
6059738
6072636
6099735
6104213
6120463
6131528
6181106
6187786
6204148
6228659
6228865
6229050
6239273
6243916
6288568
6313423
6324984
6331465
6332087
6367454
6402257
6498251
6532601
6540885
6559922
6592316
6637675
6649433
6652352
6662156
6739666
6758123
6777894
6803135
6879172
6891754
6891873
6898644
6910936
6922816
6935240
6938150
6953714
6970072
6973953
6989227
7004217
7006758
7090871
7115715
7129594
7145399
7160347
7168398
7205628
7216534
7221266
7247513
7263735
7269875
7372145
7374057
7403648
7408972
7410876
7415047
7421465
7571482
7614332
7626170
7667240
7694229
7705986
7763429
7815189
7843865
7898692
7922723
7933381
7948200
8022999
8051644
8089826
8146439
8148343
8210915
8341664
8383581
8429788
8538727
8548421
8616442
8688922
8693892
8758653
8896126
8916234
8961827
9025890
9147138
9332607
9345854
9467097
9778364
9912240
10044383
10118770
10184429
10198036
10507831
10637224
10894865
10926510
10944058
10980111
11043282
11105552
11164909
11303396
11316445
11329811
11353268
11445580
11446644
11487827
11496331
11542679
11572052
11574860
11609751
11616980
11628407
11675499
11683537
11686232
11694189
11700080
11735538
11765689
11807768
11821429
11831852
11832784
11854386
11882763
11884559
11888223
11888620
11922223
11930156
11943068
11947284
11980938
12017321
12027720
12036342
12039210
12061987
12069799
12091511
12117171
12135944
12158312
12159715
12168392
12178613
12256930
12271350
12272620
12273208
12275656
12288816
12294699
12307367
12328792
12335782
12339666
12347394
12357607
12365109
12366421
12369391
12377177
12389142
12408711
12411732
12430222
12445124
12474824
12485240
12488872
12502757
12511993
12535418
12568463
12576180
12578570
12591803
12596587
12613744
12632920
12633097
12641289
12642543
12642806
12657727
12658465
12658935
12663892
12669560
12678139
12680336
12681136
12684194
12687048
12694120
12701931
12707236
12733587
12770850
12810865
12818399
12835746
12840237
12851734
12858554
12861048
12881656
12884831
12887943
12892487
12907723
12917445
12920547
12935541
12945451
12955610
12968377
13011401
13017914
13048643
13062014
13063029
13081316
13089571
13106490
13116615
13120485
13127555
13169081
13177156
13178476
13179197
13207874
13283331
13308441
13309303
13357019
13357531
13373184
13400955
13419385
13429345
13530464
13551204
13678915
13722179
13756317
13807582
13820966
13858080
13981568
14110077
14204013
14367211
14407189
14435573
14635479
14803600
14852142
14971092
15027947
15150126
15177518
15227772
15365756
15407857
15462274
15462545
15489905
15501162
15512180
15567416
15599489
15601336
15611066
15637489
15678038
15683308
15769643
15787268
15808282
15841560
15855346
15914408
16047066
16048826
16053523
16056295
16075203
16076550
16086800
16093198
16227022
16248287
16259428
16271836
16282438
16287003
16309197
16320244
16353933
16375724
16421823
16453524
16465656
16480605
16481387
16490253
16495051
16503169
16545323
16546119
16558486
16590356
16593928
16613262
16637490
16676303
16679604
16730899
16733864
16766144
16892247
16907194
16908676
16968239
17020853
17021416
17021642
17051618
17064569
17078450
17081903
17095978
17130737
17173852
17202456
17220270
17223536
17231399
17233511
17233640
17282695
17315363
17370243
17394143
17438165
17441623
17446277
17477493
17504780
17512591
17524935
17540621
17543197
17554903
17558904
17570082
17572967
17614371
17620194
17626461
17636206
17644688
17675276
17682752
17694782
17711829
17718265
17794836
17797257
17802368
17808187
17869096
17957283
17962853
17999878
18020563
18021893
18041181
18078126
18087218
18130352
18149139
18165499
18209699
18212164
18228637
18261984
18282573
18285028
18289955
18331376
18359072
18361360
18383838
18408577
18420567
18428975
18429920
18477723
18487595
18501099
18520025
18524036
18578782
18607557
18628772
18637200
18680582
18798960
18799086
18870481
18873125
18885059
18900384
18961161
18992192
19012269
19018421
19048043
19048316
19049995
19050105
19055890
19061983
19066217
19068263
19103440
19148305
19164077
19187687
19191722
19242479
19250864
19262964
19268390
19284081
19308629
19364399
19388315
19403335
19413279
19418757
19438265
19446549
19451624
19461871
19480971
19503661
19513210
19555597
19563861
19582360
19599624
19606149
19620009
19655348
19660397
19667197
19667353
19709762
19717514
19750514
19756503
19767826
19795836
19846520
19865482
19866702
19876146
19920562
19989311
19997744
20023132
20040444
20046136
20098225
20100595
20115286
20126093
20152977
20176800
20180157
20183091
20186326
20197181
20225463
20233959
20262575
20276838
20291095
20300425
20315041
20315958
20332842
20357925
20367980
20400942
20401334
20431125
20445434
20448150
20461859
20502016
20504026
20505632
20527053
20541066
20581824
20596725
20611178
20613904
20624686
20647155
20649375
20661174
20665477
20691138
20707394
20719280
20763429
20805278
20841216
20853612
20856375
20859329
20899424
20903258
20946384
20999581
21004365
21006851
21007640
21075342
21104997
21143609
21158264
21199075
21236323
21264151
21313281
21323568
21336968
21337420
21342542
21356376
21379388
21383299
21399497
21411650
21426838
21440881
21469562
21471413
21476497
21492095
21505552
21507007
21528067
21540991
21595927
21626345
21682146
21698277
21699744
21717170
21766094
21767208
21770862
21772329
21793903
21796279
21802920
21809545
21810489
21834967
21839489
21865797
21870321
21896552
21936606
21937680
21959996
21962449
21962919
22009300
22012694
22013981
22016471
22027374
22077539
22096068
22110077
22129239
22134283
22153531
22153729
22155732
22158004
22173242
22185797
22200699
22227627
22238399
22247565
22257066
22266692
22280606
22290139
22300646
22315133
22322862
22355372
22368397
22369241
22371149
22417226
22441490
22480116
22485030
22486045
22493857
22494938
22513633
22526530
22528569
22553450
22616458
22628390
22635718
22636981
22655822
22700144
22720548
22724502
22739998
22754330
22754981
22868221
22908008
22975707
23043281
23052040
23072461
23128447
23150965
23158276
23162980
23181807
23210505
23295628
23295922
23322539
23342383
23343390
23361768
23365735
23367787
23414815
23415430
23437456
23454336
23484968
23493952
23496895
23512609
23523022
23546358
23573643
23574484
23575753
23593833
23672779
23696627
23702982
23715118
23728838
23756783
23789029
23803964
23812568
23817402
23877878
23885872
23904672
23915479
23942586
23963848
24012892
24017141
24041554
24067625
24068693
24077853
24129667
24135586
24142815
24150364
24168109
24173832
24200173
24226901
24228878
24248652
24251299
24262191
24286868
24305231
24306736
24310354
24317926
24334083
24345001
24348267
24349471
24364410
24368242
24380186
24416403
24417863
24422233
24423304
24425750
24432993
24463359
24474981
24487592
24496791
24505453
24527592
24546147
24548615
24554665
24555707
24559332
24574925
24601376
24606091
24634923
24665485
24680078
24693101
24716495
24731420
24731723
24744443
24755336
24756462
24779164
24835344
24897235
24897991
24898226
24902982
24936010
24943975
24945509
25002936
25006617
25007425
25012769
25034532
25046898
25067296
25090517
25093741
25096975
25097748
25143139
25162346
25179789
25189936
25203632
25255748
25259879
25290808
25317622
25319370
25353173
25376611
25376737
25401480
25444348
25460947
25473139
25480268
25507932
25514610
25530740
25533013
25535856
25558210
25593103
25602851
25606889
25615889
25649374
25653457
25666710
25676138
25702254
25728317
25733147
25761517
25770902
25776540
25778454
25780707
25783371
25813018
25829300
25857195
25857448
25857643
25873088
25874800
25878835
25886441
25888555
25922287
25940831
25982125
25992030
25997863
26011459
26027412
26036474
26052203
26052855
26071549
26076743
26092700
26106036
26124831
26133888
26145761
26155898
26158658
26159794
26195714
26201921
26209537
26231418
26247759
26256057
26273311
26304106
26309550
26310115
26315224
26339967
26341531
26356205
26384872
26385762
26402497
26423596
26445484
26446958
26456105
26485607
26489509
26512787
26550021
26567408
26576270
26583085
26597242
26604714
26625134
26652625
26660267
26675068
26679622
26703331
26722126
26733806
26744840
26774542
26791387
26812568
26817092
26830959
26833039
26865681
26872441
26888107
26898446
26940926
26949456
26980660
26983725
26988155
26994461
26999614
27001213
27010643
27018142
27030254
27054184
27055788
27077213
27133899
27142014
27151180
27158741
27163439
27169056
27171217
27181922
27184281
27191893
27265882
27274808
27292362
27295994
27306667
27337817
27365950
27375931
27399863
27472376
27475663
27479268
27501752
27525053
27532621
27571266
27571656
27583116
27584027
27588506
27602617
27610964
27667636
27675503
27685715
27713820
27738433
27765460
27777983
27800542
27809423
27834241
27838906
27839871
27871513
27927629
27927736
27929028
27951007
28004769
28009843
28014040
28023575
28056049
28068025
28082965
28094302
28143289
28159077
28162304
28163853
28164900
28166723
28228810
28230618
28240959
28261292
28284270
28313591
28317853
28332423
28339214
28342701
28361353
28363200
28371094
28403807
28437169
28452256
28462970
28468034
28474535
28499498
28515630
28523308
28532807
28542725
28588459
28617893
28619172
28625967
28633141
28637210
28654236
28674454
28683578
28719420
28724630
28749903
28772238
28785491
28807044
28816418
28843139
28854826
28889412
28896503
28903881
28919986
28961192
28984573
29024833
29044132
29066144
29066611
29068708
29071758
29101741
29103818
29128624
29128668
29152949
29163457
29188066
29189607
29214750
29222633
29225835
29234955
29246167
29246431
29278336
29303235
29316938
29336989
29341785
29371631
29397105
29423476
29426364
29443455
29467656
29482684
29534661
29541568
29543195
29543774
29569596
29576408
29631482
29663292
29669569
29691078
29717323
29723472
29769050
29789691
29799546
29805745
29809368
29876230
29950854
29952109
29958387
29961020
29963256
29974565
30006582
30011518
30014390
30037994
30041272
30045212
30074655
30076786
30127671
30141670
30183271
30197564
30214608
30219778
30220235
30239420
30246438
30248065
30250516
30253042
30271733
30319867
30354820
30354824
30364515
30473879
30486567
30492125
30525260
30562441
30571336
30572321
30575425
30594805
30617340
30628107
30648919
30676246
30693858
30722669
30748893
30760153
30763404
30814498
30815697
30818395
30821175
30856123
30870262
30871205
30932888
30964758
30982981
30998274
31018634
31049497
31049992
31059415
31106436
31109289
31141045
31141622
31168169
31193782
31216375
31258415
31271073
31277239
31281732
31339006
31359143
31376818
31381031
31387866
31395513
31414235
31430182
31451382
31453400
31454263
31454403
31468002
31490137
31504989
31530892
31569344
31597608
31630530
31678952
31730170
31742548
31769186
31811708
31827249
31870896
31892799
31907725
31933469
31935560
31945950
31955745
31966972
31967936
31990096
32004204
32051077
32068764
32076285
32092943
32094392
32113543
32117531
32130143
32141182
32184290
32233221
32262243
32268246
32284958
32309991
32310232
32349817
32374333
32391238
32406520
32419040
32425368
32439290
32447283
32447778
32463461
32498035
32509440
32514950
32593354
32599778
32643072
32643550
32662627
32679975
32692540
32720169
32778862
32788091
32813165
32830341
32842691
32879051
33072098
33089276
33157084
33200933
33232610
33268040
33273916
33286864
33313912
33332447
33351360
33385211
33388698
33420718
33434660
33469322
33472635
33514299
33522976
33525259
33527003
33533455
33565854
33597134
33640445
33670237
33677698
33682594
33721146
33792753
33806084
33822400
33931186
33941625
33949164
33960012
33997809
34001100
34017729
34084451
34101779
34103921
34216860
34224447
34230135
34239251
34256190
34290528
34304433
34314696
34377731
34410947
34456865
34462045
34476487
34496608
34506867
34562187
34570078
34572076
34626604
34630257
34630335
34738929
34739476
34775264
34783522
34817155
34839842
34843246
34849784
34863439
34877462
34905146
34911585
34924301
34987684
34993430
34998914
35177899
35196184
35200351
35213303
35219156
35231319
35249545
35256816
35288913
35357722
35359654
35363200
35373122
35395878
35528449
35551155
35591934
35598973
35639233
35683712
35783455
35801544
35834931
35862656
35871834
36028873
36175075
36212289
36223820
36224120
36282651
36287064
36299920
36320460
36347240
36368480
36437615
36464698
36493865
36536535
36543882
36559434
36565204
36611108
36632540
36633181
36639987
36671341
36677975
36695339
36714198
36723799
36725591
36728909
36765431
36818953
36827217
36850292
36884794
36890410
36906834
36994543
37047933
37078121
37086408
37103787
37106427
37108363
37118011
37126093
37128357
37133707
37146216
37175281
37184493
37204730
37211217
37233675
37233844
37235118
37239685
37245970
37250866
37307986
37351512
37354999
37377332
37382074
37411952
37439215
37450162
37458284
37467148
37511760
37547140
37598377
37680676
37682666
37717931
37725580
37728677
37750214
37763023
37784232
37816407
37817846
37848182
37854741
37856305
37932550
37963646
37981950
38027724
38034622
38059399
38090462
38094529
38118210
38137420
38137991
38193534
38197719
38209395
38224897
38268580
38290840
38295647
38303070
38317342
38319196
38334157
38344051
38345156
38414385
38415185
38418197
38429961
38437842
38442437
38448087
38449694
38462963
38475120
38507483
38530008
38543917
38596529
38600200
38616188
38617359
38645490
38645836
38654402
38659087
38670309
38692347
38715074
38750946
38759684
38762624
38789545
38822982
38850922
38860566
38891354
38892662
38896644
38913498
38930643
38936799
38975826
38992358
39005782
39010408
39011739
39053680
39073037
39082551
39177408
39224880
39238950
39238953
39240580
39241806
39258466
39263190
39266623
39274996
39284508
39285637
39330705
39355485
39368131
39381941
39403464
39403908
39404229
39407626
39410045
39440173
39468769
39481900
39514990
39550942
39557382
39653029
39665369
39696838
39734051
39774423
39780670
39792000
39807853
39810515
39823491
39839493
39855867
39884543
39887773
39904509
39911809
39932745
39951504
39970117
39986721
40024322
40037975
40041052
40083203
40206321
40259087
40314457
40316253
40316844
40382040
40405456
40435171
40436053
40474753
40475592
40484938
40486759
40552201
40552725
40557834
40565855
40630498
40632561
40644310
40645479
40647973
40667134
40681233
40692292
40700531
40733473
40755039
40765697
40781083
40783831
40785359
40808413
40853926
40877936
40882770
40897981
40907048
40934143
40953743
40958448
40982097
40985083
40999233
41009526
41012924
41036362
41037794
41061728
41062429
41063914
41079560
41110668
41120816
41129363
41173328
41209440
41209742
41241373
41268127
41281413
41350322
41426917
41443184
41480949
41496290
41500898
41559154
41562091
41580331
41588929
41603444
41623065
41635449
41640760
41641446
41659396
41683907
41708378
41716891
41718213
41734691
41760465
41766404
41824296
41824528
41840765
41864804
41866857
41868892
41869462
41872795
41884668
41917372
41960482
41983871
41987538
42056751
42067084
42081311
42121363
42123629
42150159
42151791
42177970
42179694
42194557
42194936
42196146
42216941
42228153
42229104
42255601
42257920
42260644
42278964
42291477
42296551
42323825
42326397
42371718
42374641
42430855
42446359
42502700
42517317
42537705
42583540
42590849
42598012
42599577
42691489
42735292
42761403
42764128
42780479
42811085
42824898
42846820
42847307
42848588
42868761
42914169
42951514
42967742
42982436
43014070
43028105
43091011
43095187
43124589
43155146
43163957
43185523
43187106
43205884
43211068
43217166
43218634
43223842
43237373
43237931
43243197
43273885
43274944
43284885
43301821
43305584
43336252
43339392
43349426
43357683
43392995
43410685
43494416
43498465
43502166
43504547
43515793
43519316
43545330
43578409
43593516
43593563
43600843
43626271
43655474
43660946
43668692
43679281
43701844
43703704
43705290
43762995
43784929
43805662
43822998
43825332
43849932
43898439
43915874
43927132
43929075
43974866
43975032
43998693
44033831
44035005
44081816
44102500
44127106
44138777
44183869
44223201
44249604
44258875
44281979
44295466
44330495
44332301
44342828
44359559
44364334
44381874
44382889
44384855
44411392
44425469
44442568
44458446
44472697
44504326
44512781
44523073
44527844
44541807
44545398
44573911
44575121
44649933
44650019
44655577
44662208
44681109
44727041
44732656
44734160
44754157
44844144
44862779
44864921
44879331
44881541
44911359
44916221
44940286
44966824
44971521
45002895
45005385
45024551
45080945
45080979
45093054
45112359
45124611
45162848
45163058
45203585
45228536
45234134
45241950
45269368
45316539
45338628
45407841
45429622
45487896
45493547
45495271
45525836
45567910
45576453
45645261
45659632
45675553
45716472
45727857
45729101
45732717
45736507
45739669
45755917
45768230
45783469
45823948
45876807
45912197
45916129
45924794
45927018
45935084
45967132
46001982
46005189
46027520
46044326
46063881
46070042
46093797
46100327
46102681
46114457
46116526
46116749
46130474
46150946
46153362
46154315
46158072
46175825
46292524
46297045
46318687
46322654
46339349
46358004
46358328
46378300
46422296
46452712
46497771
46527088
46542554
46545701
46608409
46609196
46633680
46663519
46686861
46776420
46810099
46815750
46826183
46847490
46850106
46851671
46853690
46885266
46890271
46920722
46926722
47003781
47013504
47014905
47078220
47092802
47116045
47120026
47167990
47169048
47184348
47200167
47213148
47227076
47266664
47283949
47288257
47297753
47336696
47341792
47343873
47344086
47357383
47385223
47436795
47474726
47475576
47533664
47539115
47612856
47614870
47621818
47622938
47667672
47687653
47710686
47875112
47910043
47911014
47916154
47951127
47951636
47957847
47970992
47984828
48002156
48053111
48067400
48077151
48087626
48097760
48103686
48125744
48142274
48171902
48193824
48196728
48200667
48205867
48259676
48269194
48288897
48293001
48302748
48305352
48323204
48394848
48413733
48418848
48420363
48450267
48461754
48488576
48504835
48539648
48545698
48564175
48577640
48612314
48641168
48663524
48668307
48688342
48698647
48718606
48759387
48762268
48762919
48771738
48778820
48780026
48780650
48782262
48790523
48839942
48841576
48841605
48856591
48861402
48867273
48867581
48939182
48954023
48954691
48985435
49015320
49028484
49036278
49053202
49063258
49118377
49128873
49187577
49193271
49238668
49244114
49271045
49279519
49282497
49299084
49304069
49305923
49348311
49349183
49367864
49459902
49472026
49478529
49505524
49522072
49573329
49606046
49609716
49615681
49626854
49637569
49668647
49687761
49699342
49701329
49719964
49721860
49727930
49735022
49739337
49745466
49746034
49765991
49776104
49784659
49804847
49834164
49839583
49841420
49851648
49885699
49910448
49913304
49920495
49926108
49933331
49944963
49985326
49996206
50005754
50016592
50030851
50040277
50102677
50108921
50113412
50163832
50176935
50221677
50239656
50316803
50366181
50375946
50417215
50467099
50471606
50486371
50496046
50504452
50513374
50514499
50593945
50599974
50621795
50629221
50643346
50662727
50672025
50706497
50718461
50738541
50748780
50753991
50764571
50805694
50809694
50829367
50838880
50864252
50867251
50891135
50895760
50900340
50907409
50925957
50958828
50965030
50975846
50996963
51058045
51109034
51145277
51165596
51172013
51226753
51299453
51308844
51325068
51339941
51387045
51390237
51390819
51498797
51510262
51692784
51817757
51885610
51914330
51991032
52024955
52031220
52076181
52130555
52152653
52242135
52244428
52259817
52285732
52288353
52335597
52357284
52463286
52468258
52493090
52512176
52531773
52633857
52703052
52706393
52716279
52771755
52786526
52845192
52860368
52869592
52902560
52932755
52947708
53000099
53068541
53093778
53107183
53138126
53163969
53223447
53254472
53269857
53303605
53489742
53503112
53556407
53572207
53584003
53599929
53732048
53753772
53769898
53781514
53827809
53858857
53881384
53885306
53919926
53994538
54001928
54127013
54127979
54130406
54188517
54200694
54212710
54220013
54275377
54285057
54349157
54381232
54419593
54436683
54459535
54476504
54484037
54487732
54501126
54540399
54647889
54660443
54682052
54817211
54859289
54871974
54879781
54925738
54980884
54981422
55070682
55079271
55106672
55127355
55129692
55258554
55259994
55350459
55357649
55383619
55414299
55423920
55484155
55496240
55542867
55591898
55601081
55613753
55673493
55685300
55692694
55696103
55732577
55822757
55864167
55920425
55957757
55960470
55981177
55990732
55996832
56042854
56079772
56089246
56100675
56115161
56155942
56175451
56187872
56302437
56305171
56367777
56404376
56412984
56453585
56460713
56527585
56618707
56697532
56724983
56784948
56789408
56794304
56804004
56807721
56812189
56828096
56855504
56864513
56869219
56882186
56902441
56955485
56962249
56989091
57000613
57015967
57104793
57133079
57159804
57166010
57219803
57253248
57302924
57349354
57361727
57420451
57474152
57512126
57577193
57584926
57590108
57617973
57681599
57704989
57707459
57722520
57734474
57758321
57763541
57821327
57844062
57896607
57902900
57916398
57956653
57963485
57974882
57979035
58056799
58095745
58159103
58171025
58223332
58252932
58261863
58340235
58347737
58415083
58518644
58535863
58538582
58574654
58574776
58585546
58649313
58659226
58667898
58680358
58749111
58763191
58769555
58777892
58881152
58902374
58906860
58938963
58960165
59061400
59068102
59157659
59263476
59288597
59294238
59398575
59426699
59492239
59522444
59549959
59584552
59592852
59685179
59699630
59717748
59774140
59783253
59863827
59873999
59900496
59933083
59959618
60027044
60077964
60124759
60133155
60143824
60161515
60186916
60196071
60220805
60250244
60258918
60287623
60292971
60317179
60327006
60330619
60355091
60381775
60386355
60447524
60488150
60488600
60557825
60569150
60570359
60584738
60667273
60684927
60741309
60760987
60762661
60767493
60805178
60864941
60894149
60900588
60918711
60935779
60984590
60987391
61023390
61028723
61043662
61050211
61067237
61078610
61136316
61139585
61227252
61308890
61322154
61337185
61443781
61452017
61476550
61497345
61558901
61636075
61647203
61693499
61705513
61743023
61768269
61776311
61817723
61841574
61872999
61895820
61930952
61940724
61966026
62024050
62114722
62199007
62214740
62249727
62254810
62289988
62310091
62331818
62332399
62393508
62472676
62514370
62587408
62610956
62693715
62720946
62748314
62759530
62786797
62822009
62834503
62837609
62844256
62906774
62980891
62991915
63030601
63050719
63065182
63068741
63164714
63252636
63310493
63341102
63389978
63422911
63433656
63443945
63444095
63455962
63477330
63611496
63616638
63616919
63643075
63660529
63699144
63840978
63877461
63902346
63931050
63950106
63973578
63974746
63984888
63994246
64034660
64086804
64096903
64174270
64246023
64267510
64399600
64410762
64445627
64457306
64506465
64538210
64540642
64545141
64595664
64622627
64632089
64639062
64641369
64664128
64687713
64695295
64752194
64778124
64824799
64846066
64898448
64982768
65063730
65074708
65092517
65186700
65262138
65266618
65275594
65299214
65315661
65317370
65317496
65413936
65490340
65548870
65559860
65572695
65620997
65774761
65800811
65827088
65828868
65848485
65904196
65976651
65979963
65987879
66005411
66012613
66018779
66054384
66074594
66093347
66157435
66208901
66217124
66220559
66222337
66266903
66273483
66289993
66291001
66347259
66386003
66399254
66424202
66452934
66474325
66653248
66666689
66673467
66690637
66697006
66764665
66778424
66839146
66860025
66864556
66876241
66911639
66914888
66936319
66945293
66954794
66967979
66982745
66997113
67019682
67022255
67076714
67124544
67140674
67160991
67170218
67211656
67221241
67225288
67234737
67246325
67405430
67414789
67452871
67470249
67621013
67658140
67755098
67767002
67771187
67804547
67851351
67864136
67897735
67922673
67993320
68081992
68091841
68121912
68137787
68149347
68163253
68166266
68191385
68209434
68218906
68219470
68227803
68229077
68247037
68275362
68280032
68296994
68301078
68321604
68387366
68412494
68421037
68446814
68571491
68589579
68627315
68677347
68705788
68713289
68723312
68734016
68784362
68811585
68814068
68833163
68860714
68899892
68942676
69025481
69050154
69062312
69100130
69137013
69142902
69182001
69220141
69231183
69235146
69279321
69280420
69334452
69347171
69389043
69392737
69426025
69460723
69502435
69519707
69531501
69535213
69692895
69717062
69871097
69890405
69917069
69933602
70054516
70068459
70114976
70143775
70155552
70250911
70363571
70421595
70471712
70525592
70526965
70557692
70587646
70673281
70718843
70762300
70789116
70864851
70867476
70877768
70899382
70914049
70966596
70976133
70982711
71091648
71103200
71109689
71110246
71114182
71122089
71141895
71174317
71181128
71199495
71218191
71254532
71268220
71297139
71315399
71326161
71464034
71513898
71514436
71553327
71565180
71682424
71694269
71736964
71778754
71881651
71955614
71995088
72031836
72057580
72119824
72142783
72273533
72312821
72361967
72415297
72429719
72449703
72469546
72528540
72590272
72632538
72643266
72695971
72732054
72732626
72785630
72845420
72910001
72911729
72989821
73015399
73059751
73152881
73229240
73382179
73418795
73440791
73472024
73486115
73501265
73579124
73584967
73618292
73685833
73687676
73728802
73825315
73863146
73885112
73906805
74012911
74016935
74033461
74033638
74071121
74182552
74222261
74261350
74277090
74312656
74324458
74327166
74384889
74420017
74489144
74528086
74539266
74592589
74705873
74767081
74818609
74892849
74906778
75046158
75168042
75188241
75227313
75301551
75319118
75321185
75334542
75466180
75514613
75557731
75613511
75657986
75664681
75790850
75815632
75825396
75868617
75883781
75917338
75926496
75948058
75954629
75954767
75960496
75993044
76049426
76208235
76224330
76237989
76243408
76259749
76292114
76316467
76326690
76375277
76401323
76406230
76436079
76464358
76475487
76497616
76522484
76527919
76559040
76632434
76637473
76663124
76672550
76710754
76711027
76711828
76815417
76847405
76863519
76968068
77045075
77064467
77087778
77100956
77151086
77158756
77196259
77288013
77341866
77451311
77499553
77500192
77512325
77512586
77526988
77579446
77644302
77695746
77720912
77744172
77761694
77776719
77777201
77777739
77826671
77829567
77876376
77907118
77916752
77937681
77959278
77978987
77995352
77999822
78032527
78054528
78060017
78083427
78106796
78131412
78165524
78185386
78232018
78261631
78262580
78291516
78302930
78304763
78328825
78330480
78342893
78372520
78374295
78399794
78409391
78428658
78472626
78494893
78499477
78519912
78521624
78522030
78535023
78570322
78622707
78663955
78698305
78701227
78704038
78721267
78732173
78753712
78854196
78858437
78887418
78904331
78951817
78983946
79041899
79072882
79075833
79102655
79115881
79159201
79253978
79262901
79264238
79281854
79302492
79307308
79339309
79367862
79464021
79471290
79477316
79519883
79528854
79538259
79599836
79658486
79692948
79693837
79706155
79744899
79748812
79792499
79799653
79838766
79963143
79965925
80030426
80039467
80054611
80070424
80092904
80177092
80187850
80188654
80189752
80287689
80330901
80336617
80398186
80422285
80458281
80474152
80476754
80512492
80545455
80548788
80549938
80550261
80609577
80655956
80687468
80760709
80769092
80775135
80845697
80856856
80897793
80911402
80928614
80966192
80969654
81051243
81062200
81100905
81150218
81173091
81185153
81197493
81280086
81340074
81401441
81422183
81480792
81498292
81508174
81541218
81730166
81785960
81827114
81847873
81863274
81878304
81882709
81906821
81933510
81979044
81986983
82015125
82016759
82017957
82028932
82063576
82122469
82172353
82232392
82250199
82283275
82320175
82339751
82349336
82351544
82370007
82372022
82458039
82519972
82560066
82580854
82608524
82643111
82653943
82716440
82826665
82856081
82877340
82891416
82968652
82987527
82991767
82999125
83030505
83115503
83133882
83138063
83149640
83179121
83190680
83235736
83277906
83289100
83348761
83351867
83375953
83385841
83431423
83569494
83575139
83680633
83717018
83859091
83859112
83867759
83905287
83934616
83955823
83962408
83977000
83996184
84005272
84030682
84031944
84054651
84060648
84145146
84242099
84264384
84360600
84367769
84393718
84397102
84453244
84463825
84491895
84492103
84511554
84524312
84536132
84539590
84556895
84607057
84617978
84723775
84732621
84735096
84736756
84785516
84789049
84807385
84828675
84853289
84853800
84876342
84936423
84966361
84978823
84988665
84995961
85024501
85077136
85128601
85148305
85211289
85212687
85214412
85224520
85304061
85358298
85428504
85455472
85496426
85520122
85572838
85576911
85577559
85581030
85638502
85678022
85682161
85696444
85730714
85760193
85810209
85813309
85839733
85845172
85875727
85885855
85906241
85929087
85937935
85955719
85975284
85981514
85991536
86041318
86076070
86110844
86118273
86121099
86121854
86143499
86153270
86172040
86176956
86200729
86204476
86226707
86254896
86257285
86266046
86270848
86278022
86308660
86352011
86358916
86368734
86408370
86414687
86435426
86463738
86470466
86512627
86520504
86629211
86670044
86686138
86742691
86748069
86783317
86818691
86827002
86828225
86854779
86871880
86928940
86935998
86955087
86972158
86993595
87048283
87087355
87160237
87181989
87205959
87229829
87231987
87232622
87232670
87232827
87278608
87289604
87332224
87344333
87375862
87379410
87389271
87440448
87446303
87454344
87457062
87479557
87497412
87540549
87559685
87566055
87618155
87627697
87633905
87659278
87665503
87666647
87679746
87680538
87716700
87717976
87734971
87746289
87755194
87758071
87782127
87790545
87790721
87803590
87819132
87827722
87829039
87923215
87931632
87943185
88020095
88030012
88040548
88063639
88101692
88148266
88153069
88170842
88176727
88200824
88214996
88216377
88281675
88304553
88366080
88372501
88381155
88412826
88440989
88449009
88459512
88477928
88489508
88529757
88535606
88536387
88554109
88556572
88639517
88639576
88654312
88687686
88777054
88834648
88864002
88902267
88930825
88946276
89006664
89006782
89017726
89020295
89023649
89037538
89047326
89053282
89060203
89070292
89073132
89085433
89089564
89090080
89107285
89113894
89117557
89120734
89122637
89122852
89133986
89134063
89170242
89171037
89171510
89199230
89202836
89206250
89237934
89250075
89265440
89272495
89284841
89375389
89396993
89426942
89473795
89497822
89524661
89558891
89590905
89612253
89627522
89651572
89656576
89695579
89707716
89712407
89723522
89757850
89769582
89815169
89886682
89918635
89968960
89993085
89996004
90033919
90042815
90064663
90118714
90209813
90242498
90325887
90350902
90459827
90490314
90509634
90522519
90539712
90548515
90565743
90599645
90602851
90635992
90646623
90658999
90677156
90784826
90792033
90813757
90827977
90995111
91060531
91111006
91119182
91177540
91181383
91185237
91193390
91257639
91370442
91450240
91452217
91466459
91473364
91478964
91484609
91632343
91648042
91649651
91660837
91671103
91676434
91686858
91732976
91740168
91796543
91819268
91858054
91880734
91918706
91922700
91936502
91965455
91984269
92001850
92027106
92032503
92050912
92063118
92102930
92110759
92121166
92127385
92135511
92135583
92141300
92197197
92290528
92359942
92390346
92395101
92416164
92556340
92576481
92664011
92688564
92708385
92782716
92786383
92854368
92906232
92956870
92982812
93053139
93061140
93143200
93150298
93169762
93243196
93245052
93300872
93317850
93389974
93424489
93442785
93475645
93476774
93536923
93544129
93557385
93624299
93653583
93667375
93685176
93744617
93752633
93804776
93849186
93859603
93859939
93860361
94015995
94085415
94099421
94152386
94153732
94168150
94267206
94295842
94300805
94407229
94418490
94463736
94513986
94573111
94592927
94593835
94610144
94622143
94655687
94732415
94772936
94800899
94815284
94849601
94988412
95001629
95154908
95251516
95294055
95312289
95479376
95494529
95567182
95571207
95643914
95663520
95670619
95724803
95741730
95822725
95863081
95870267
95878920
95916859
95924902
95950814
96011074
96047586
96062141
96090339
96122849
96158047
96163203
96175733
96280316
96282403
96475267
96484542
96486207
96523260
96591325
96602232
96625377
96651804
96665250
96750938
96904346
96906385
96921981
96982601
97013447
97020427
97057562
97078523
97151847
97162030
97177074
97225441
97238438
97283108
97309488
97498878
97571904
97588884
97594009
97615362
97695002
97742022
97774753
97775087
97778981
97785669
97869137
97892959
97938094
98095952
98138640
98147006
98162080
98191965
98245495
98322546
98351742
98372616
98396056
98424193
98462651
98482233
98487846
98496396
98555806
98698785
98705534
98716740
98750513
98761702
98763664
98766589
98771823
98840409
98889242
98921522
98929552
98946895
98999613
99068483
99110545
99123873
99193713
99201383
99212437
99221620
99239777
99269441
99280368
99347682
99355856
99357182
99419427
99419473
99427616
99493081
99496308
99500243
99515981
99541856
99544646
99553342
99573839
99574191
99589937
99595070
99824881
99835278
99837936
99846415
99846813
99864909
99870226
99902451
99902900
99904132
99921457
99966403
99976112
99984764
100031810
100033657
100037777
100049319
100049444
100066002
100071595
100119705
100132627
100162800
100174739
100175536
100230624
100265125
100283437
100323410
100370771
100422608
100423315
100426799
100459276
100489105
100562446
100563298
100602700
100617571
100634591
100656881
100691837
100717955
100761982
100770398
100864749
100869330
100910469
100928849
100940730
100944172
101001301
101046540
101079429
101103922
101118372
101122383
101135732
101139695
101183116
101183898
101210797
101222955
101229263
101236046
101272289
101285789
101311142
101338751
101342196
101409490
101428200
101461444
101462313
101466852
101471387
101555084
101583619
101595727
101642286
101670221
101687186
101848144
101850421
101890220
101920558
101927039
102038513
102047447
102068486
102126509
102130324
102163691
102167604
102176762
102182587
102183693
102215201
102226287
102226836
102239313
102266699
102276215
102288978
102308118
102356294
102362755
102420753
102424436
102439347
102502605
102508494
102522326
102545820
102551051
102568107
102636978
102639762
102677955
102686732
102706122
102706385
102714486
102722260
102756715
102757104
102774357
102777311
102781775
102794286
102832796
102846931
102857845
102876580
102928652
102958670
103119645
103140572
103171353
103177326
103190045
103264542
103267168
103274919
103276238
103323119
103331437
103366157
103372624
103393361
103444682
103475983
103488234
103513484
103524790
103542070
103545375
103561203
103570893
103580228
103657688
103697977
103706252
103730707
103768715
103776938
103803981
103837841
103853204
103881457
103911684
103962575
103967446
103985019
104006382
104015535
104022611
104044311
104049260
104079823
104080874
104088432
104098505
104116074
104122412
104145777
104180169
104239862
104240630
104258158
104268816
104283696
104304816
104336939
104346227
104346753
104353517
104382732
104395027
104401299
104417476
104430935
104460713
104489942
104530764
104596433
104630735
104641111
104647425
104656172
104689388
104697261
104739151
104751989
104814378
104840790
104851535
104907798
104911048
104993808
105041791
105092909
105101155
105109271
105187884
105215882
105220913
105238091
105251311
105257326
105284364
105297652
105301073
105306984
105308982
105323281
105323984
105337332
105338799
105355080
105358694
105385535
105398704
105406935
105432370
105437880
105440784
105473936
105488752
105546636
105588853
105590994
105593489
105652786
105663476
105666156
105674930
105695246
105699888
105743224
105752626
105782664
105790829
105840460
105841080
105841576
105853229
105866258
105924910
105928142
105948270
106044078
106056403
106067662
106074604
106081911
106115576
106141040
106144439
106192256
106210862
106227429
106247188
106247825
106265421
106283079
106291053
106336111
106359300
106367723
106368783
106420264
106427121
106427605
106428149
106434291
106453773
106457459
106491663
106505011
106517189
106531603
106547862
106589134
106592903
106596756
106617106
106626410
106636694
106640794
106702090
106723503
106731249
106747080
106791221
106796263
106803896
106807918
106810871
106815756
106825677
106826505
106827338
106828376
106832751
106846602
106850198
106879628
106887896
106935084
106947534
107073204
107110361
107114700
107119578
107141650
107163640
107164372
107222484
107257712
107282931
107304173
107341557
107354610
107379893
107385683
107394061
107439854
107464153
107517360
107521132
107536075
107560376
107583706
107585000
107586478
107599160
107602734
107612502
107654384
107659128
107662126
107679171
107698992
107699239
107778058
107799250
107799820
107814679
107869674
107879763
107882333
107886260
107900825
107901105
107911687
107937417
107937771
107966955
107990470
108019532
108085106
108122189
108127886
108130137
108134756
108149617
108205558
108224521
108240428
108240566
108248910
108251161
108307284
108324489
108327000
108327019
108360102
108391028
108429746
108429898
108473081
108476095
108478714
108485943
108537297
108553433
108559179
108570443
108570824
108575610
108628681
108649067
108658436
108723980
108733040
108734374
108742929
108748133
108769061
108781799
108795290
108822037
108826250
108840779
108847657
108870159
108883847
108892884
108917295
108925625
108946072
108951744
108999308
109010833
109039788
109046025
109048133
109056272
109064206
109076843
109077144
109090041
109114159
109115155
109149544
109154955
109157797
109181396
109194861
109225739
109255060
109255150
109307012
109352756
109373070
109375993
109384828
109408809
109409744
109412632
109419833
109430501
109453111
109455861
109456600
109457748
109474837
109481638
109496265
109503378
109515686
109521068
109530732
109540549
109546987
109559926
109570404
109574576
109581332
109584217
109604551
109621206
109625338
109630284
109632487
109633094
109638705
109645737
109675291
109698132
109712971
109716198
109723573
109745612
109747146
109771370
109778193
109808478
109814866
109819641
109822293
109830574
109835081
109846776
109849740
109869672
109882100
109883176
109892973
109909654
109921047
109929034
109975706
109992567
110006892
110014169
110016819
110049813
110068929
110077481
110097686
110112616
110113993
110119914
110123116
110127249
110144759
110166563
110171500
110172561
110176474
110178422
110182261
110184159
110220791
110234498
110237134
110270640
110276210
110309205
110325755
110332507
110364283
110371779
110379510
110395753
110429194
110461549
110461656
110476471
110477691
110484764
110497997
110514537
110548281
110576842
110590346
110591236
110595343
110621764
110641901
110675113
110719412
110724265
110740906
110751469
110759434
110762417
110766386
110775068
110789596
110805669
110805940
110811821
110816853
110825360
110836165
110846164
110851081
110856461
110867419
110881496
110890681
110893861
110897623
110905951
110908200
110921947
110938260
110952130
110959655
110969131
110977864
110979123
110986930
110988623
111027926
111040225
111055411
111073139
111093372
111131559
111138455
111147472
111153234
111160767
111172483
111182814
111188128
111221769
111230328
111242777
111247956
111250871
111252700
111259868
111263843
111267696
111317651
111327782
111349561
111354021
111354381
111372118
111431072
111437523
111445558
111455685
111481642
111505259
111534731
111553160
111554626
111558692
111561364
111565128
111570866
111574019
111575802
111582122
111601797
111615371
111621300
111627263
111631116
111637722
111644220
111652627
111653028
111655504
111662369
111664305
111665720
111667266
111667533
111673310
111710756
111721534
111750049
111777821
111810517
111828107
111828375
111838954
111863499
111876699
111882267
111897025
111898493
111898578
111905464
111913436
111914839
111923591
111936715
111937055
111943686
111975646
111978648
111993140
112003885
112014623
112022653
112027764
112028701
112028793
112059828
112089821
112106233
112111468
112145359
112154059
112154177
112156507
112157826
112173433
112175220
112175344
112182886
112206092
112231872
112289623
112289709
112291657
112296575
112307047
112311849
112322352
112346067
112373257
112373261
112382166
112395158
112419639
112420261
112452100
112454281
112495571
112504351
112505181
112508321
112515624
112522200
112536429
112541375
112552111
112575922
112596953
112600445
112600869
112603720
112638078
112638080
112650618
112669081
112693406
112714487
112715075
112718559
112721988
112745544
112774416
112775186
112777031
112780576
112806310
112811202
112813164
112822535
112823660
112830562
112841959
112878245
112913030
112915047
112917628
112927168
112945531
112951460
112963256
112964679
112968984
112970709
112977049
112982274
112996587
113005845
113028452
113057632
113096896
113143070
113160543
113164888
113167421
113171276
113196349
113196983
113218956
113243791
113257576
113272675
113282133
113304290
113330758
113343160
113398423
113463323
113478361
113514649
113533003
113538861
113542697
113560203
113598091
113618284
113651335
113658601
113676093
113678778
113679912
113680473
113680605
113693660
113705196
113749276
113761243
113767492
113770211
113777488
113814622
113824706
113865274
113865539
113889828
113913671
113918297
113956065
113966947
113968635
113973689
114029647
114030067
114030591
114041776
114067966
114134593
114142489
114149243
114158380
114227202
114230146
114231917
114238087
114243961
114252860
114276357
114303868
114321035
114349157
114385805
114400599
114414753
114430540
114465345
114492175
114510104
114569352
114573640
114577849
114586656
114592332
114594418
114601928
114624906
114634410
114646233
114647385
114648929
114653495
114667779
114669465
114671966
114679209
114710973
114728053
114736648
114743943
114759356
114763265
114772930
114774933
114776551
114777487
114778377
114788409
114790552
114793352
114797501
114828124
114850905
114858125
114899426
114921401
114943174
115000932
115001822
115008324
115018463
115021162
115059077
115110073
115118886
115154209
115159943
115184030
115185803
115219754
115237343
115237415
115272103
115322267
115328257
115334993
115343798
115357846
115439139
115540695
115557440
115565813
115573000
115578683
115582409
115613437
115616647
115628129
115647146
115653344
115691136
115728298
115736516
115749015
115749977
115758562
115789762
115791230
115792035
115834886
115834908
115855458
115898495
115943214
115943529
115960029
115960136
115980247
115999369
115999557
116019556
116020856
116036084
116045719
116059371
116106570
116108768
116114976
116138041
116162086
116170688
116205257
116212635
116222687
116233127
116244489
116248469
116269370
116296931
116300534
116303594
116317090
116333567
116349285
116349637
116370951
116377275
116395547
116402701
116405007
116405910
116409597
116417739
116439169
116446661
116454885
116467401
116527931
116567033
116605818
116639291
116643199
116701560
116717366
116724746
116743069
116746357
116751740
116758913
116761765
116767137
116770694
116782375
116791405
116826974
116839204
116842200
116877434
116923456
116934251
116964228
116975994
116982584
116982694
116994023
117017782
117018117
117026268
117037109
117074270
117079391
117101539
117108389
117128796
117174213
117180036
117183647
117218131
117255153
117261039
117282589
117298970
117329091
117337637
117474497
117478423
117528328
117563681
117565701
117576103
117620446
117620769
117629093
117654622
117684835
117694660
117702326
117706076
117732391
117732444
117740760
117748997
117773642
117787295
117792226
117797053
117833919
117849158
117862694
117868068
117884747
117890783
117908570
117915908
117935099
117962203
117965148
117966202
117988085
118000829
118001945
118044364
118061851
118077810
118087094
118104513
118154823
118179550
118194073
118199895
118251999
118286242
118297715
118301056
118307769
118321078
118343323
118357140
118359867
118374273
118407931
118436193
118445021
118472869
118483811
118488158
118517467
118524500
118541603
118541924
118546975
118550391
118564893
118587491
118606278
118613859
118621307
118659065
118676518
118687814
118691945
118697541
118716834
118749440
118772416
118801021
118804934
118815380
118841671
118854981
118867464
118874307
118879047
118882587
118890588
118900159
118955490
118955681
118957418
119005352
119008542
119023681
119039546
119048054
119071171
119151120
119153181
119202625
119206600
119244874
119248333
119258141
119275359
119277217
119279899
119314136
119318333
119356476
119372088
119403364
119442753
119453094
119466984
119473251
119485658
119496023
119513350
119552768
119564711
119587713
119591941
119598076
119640099
119644188
119674376
119675549
119683863
119701318
119724667
119726506
119728189
119736992
119753214
119757412
119768480
119797189
119809875
119834481
119848026
119850116
119869273
119890779
119896634
119903170
119910146
119933499
119937574
119966373
119969275
119982074
120007543
120017534
120027715
120063488
120078306
120117532
120127130
120129765
120172130
120182531
120214595
120214877
120264799
120294526
120315975
120329536
120331388
120336870
120382236
120429888
120443683
120448145
120467874
120476103
120480897
120485505
120509478
120528295
120543608
120552288
120554047
120570336
120605444
120663974
120674723
120738874
120765570
120784509
120791775
120808568
120812640
120841661
120858202
120876474
120905405
120922528
120960543
120992025
121001157
121010398
121012478
121042131
121044549
121073701
121093755
121118921
121123993
121152486
121166248
121189469
121215293
121226971
121245154
121259995
121278203
121288000
121290406
121301492
121315565
121318340
121354669
121358339
121375076
121386719
121417440
121417602
121438303
121451102
121508809
121548192
121618695
121630200
121643896
121657383
121686139
121708592
121712645
121799462
121929863
121963995
121990199
121991780
122009824
122029055
122086502
122109923
122112699
122120899
122121763
122153469
122155099
122169422
122170339
122170912
122173091
122183231
122233217
122259844
122284799
122297476
122301860
122311501
122378807
122404354
122458525
122461278
122494207
122523400
122560990
122566623
122585052
122646951
122652002
122656995
122703781
122714946
122730208
122742179
122809757
122838656
122912830
123041982
123095612
123111523
123114360
123144255
123147718
123149667
123169408
123185948
123194017
123204221
123287328
123299650
123317533
123403220
123413267
123448697
123465151
123471655
123477563
123496766
123525182
123568450
123575331
123615200
123621570
123680800
123735348
123754655
123770847
123819887
123822090
123838912
123923829
123925978
123927458
123941420
123944579
123958273
123985268
124061361
124091112
124102086
124136671
124223872
124234531
124275073
124330623
124346203
124360299
124390684
124393953
124473315
124489600
124512308
124549180
124584608
124606504
124646273
124665281
124712224
124794620
124849026
124910847
124923135
124993486
125011749
125025101
125046184
125052804
125053368
125054288
125081712
125103425
125109822
125145377
125162879
125166437
125254272
125484994
125489326
125542994
125555071
125583613
125583870
125591091
125601962
125602076
125638274
125641940
125779654
125802924
125819651
125888098
125951152
125971156
125983801
126032137
126045824
126057950
126066657
126122911
126202363
126206676
126311145
126321025
126368221
126385671
126391324
126392340
126546057
126566611
126578270
126610327
126724674
126773303
126793894
126884388
126889275
126961283
126970181
126996161
127014102
127036158
127097277
127115659
127123691
127142040
127215937
127227006
127248452
127274972
127322144
127349020
127362169
127461512
127502235
127525597
127554847
127557900
127562377
127579435
127586558
127653774
127689860
127694086
127726467
127726531
127747454
127790327
127822590
127993990
128118075
128137807
128168319
128180286
128182485
128190028
128275649
128276176
128316157
128363525
128371319
128477315
128520083
128592310
128639185
128666915
128705223
128734419
128853791
128903901
129046399
129061992
129061999
129093317
129213524
129406412
129408383
129442010
129654085
129667432
129676352
129767159
129792416
129906527
129911031
129912860
129917766
129933252
129967928
129971903
129979409
130021254
130055584
130146007
130230052
130238880
130260844
130268992
130319192
130414697
130473278
130570620
130628122
130644978
130709928
130757102
130911750
131039132
131103678
131105823
131116527
131138306
131179570
131239896
131243350
131340844
131525266
131558399
131596515
131622113
131692809
131777082
131799752
131834554
131844041
131853051
131870565
131913173
132032905
132042004
132049666
132100829
132205442
132236201
132236997
132261048
132292558
132341416
132513730
132645835
132722752
132728568
132739328
132801596
132892975
132897904
132901458
132917136
132977037
133050162
133057521
133358116
133418253
133535141
133536119
133562053
133709600
133802668
133805452
133871240
133930222
133998206
134002936
134134526
134139849
134194377
134432248
134486787
134515155
134612011
134701401
134716493
134801711
134803840
134810401
134880229
134882703
134973522
135098575
135175870
135211118
135219265
135317816
135343740
135517968
135550868
135625734
135665856
135685401
135860436
135881494
135896212
135902902
135947043
135976450
136054646
136062083
136075601
136185426
136211158
136216715
136233568
136270730
136413966
136465178
136466881
136480100
136513951
136539951
136566003
136609751
136611898
136624246
136666689
136929410
136969540
136983374
137008341
137020164
137251494
137254043
137311621
137329439
137367328
137393780
137400409
137490098
137501375
137529681
137544295
137696846
137805461
137821951
137855498
137862947
137899182
137941713
137951382
137978982
138132193
138143632
138230951
138313467
138406934
138519450
138545618
138568036
138697680
138983221
139037961
139051020
139078571
139165544
139174224
139290649
139336566
139381889
139417939
139634734
139788555
139815823
139889445
139931581
139943273
139979617
140136274
140141923
140195738
140244669
140294366
140350833
140385093
140538991
140593824
140640156
140680607
140722062
140726023
140767369
140892027
140969769
141002145
141052000
141062298
141147202
141156712
141370605
141461424
141481830
141493089
141561498
141564246
141669606
141739308
141778690
141779190
141899421
142040418
142147273
142200602
142340007
142566771
142652628
142750869
142774043
142940467
143023210
143105964
143208672
143273913
143383366
143459392
143461140
143561850
143598109
143601085
143686560
143733528
143772081
143850309
143946746
143947485
143989259
144005296
144041119
144262363
144283779
144284635
144390539
144403637
144416021
144453655
144497806
144619913
144725155
144953640
144958695
145015683
145021731
145191421
145191514
145253130
145275204
145327643
145399617
145407908
145492471
145565593
145574682
145629645
145732536
145746737
145937724
145977303
146024064
146144480
146151360
146274845
146324722
146416413
146418296
146536129
146650800
146670876
146719877
146725094
146896177
146984650
147015717
147096274
147150482
147231856
147317596
147418447
147453534
147646671
147684781
147695767
147929764
147967367
147994912
148173338
148210036
148230680
148448839
148677507
148694172
148800452
148967921
149020890
149116044
149139910
149173768
149185236
149333845
149458748
149786953
149800443
149884032
150229281
150395661
150447422
150531493
150697260
150882715
151092645
151143633
151250434
151319272
151366941
151422764
151561245
151581842
151705371
151720540
151840174
151902770
151934378
151959051
152087057
152204244
152300487
152487393
152487873
152565866
152646400
152869056
152902032
152951062
152979185
153334731
153340846
153392504
153405388
153426540
153479065
153545212
153612812
153699976
153865663
153903893
153930435
154052260
154061786
154137805
154239053
154259251
154305552
154427670
154589398
154628976
154638607
154862104
155012821
155019321
155294387
155335689
155475688
155556949
155853779
155993244
156014872
156138846
156171106
156301213
156305557
156308459
156708843
156773374
156822471
156883504
156998809
157117101
157376726
157531304
157547691
157665408
157670045
157748668
157817353
157839878
157950078
157974313
157976502
157978647
157992034
158015012
158033409
158037794
158178761
158240148
158408892
158713964
158736171
158780618
158871303
159035790
159037085
159160786
159316248
159374003
159499045
159695853
159701032
159842775
160070206
160070215
160087157
160165439
160202369
160278586
160365107
160381875
160446737
160871356
160962959
161008523
161353201
161824437
161893034
162119583
162150530
162168557
162178173
162334950
162405745
162421680
162442456
162474001
162752629
163129058
163164492
163196108
163363355
163534563
163625809
164184173
164287074
164327876
164877318
164953949
165127651
165147139
165177798
165212899
165413619
165531044
165547549
165625482
165694960
165719829
165743999
165803372
165869624
165982607
166004351
166070135
166205578
166331902
166435258
166474433
166524120
166537476
166625257
166814079
167068551
167249751
167335823
167373691
167448435
167461981
167713878
167747441
167810702
167987026
168193697
168256082
168403700
168472514
168501771
168534307
168539536
168835904
168862637
168863121
168894095
168913009
168974342
169081950
169083536
169195780
169304758
169576209
169608124
169715954
169890521
169897982
169925291
169937446
170000604
170062495
170069697
170082056
170109524
170312623
170314505
170432219
170667568
171052312
171106906
171236119
171329206
171359104
171374813
171430642
171474692
171610032
171816658
171841227
171849173
171852637
171945931
172127712
172188636
172234894
172328742
172366634
172385527
172421430
172469860
172486140
172726898
172815741
172896535
172953101
172983192
173092515
173116972
173157708
173424533
173493566
173646637
173783630
173997023
174231686
174253043
174297667
174306058
174385215
174490217
174585554
174605300
174756301
174832297
174852491
174904419
174926875
174938487
175044993
175239410
175258342
175303882
175385240
175422513
175456653
175602554
175603861
175675570
175792459
175816267
175823344
175828433
175839073
175894885
176007893
176077486
176106196
176175722
176217050
176233627
176295662
176298513
176428192
176448549
176489605
176689550
176941665
177002505
177052659
177190072
177342443
177380258
177397300
177438128
177499433
177636103
177680429
177691316
177867973
177897287
177900444
177969693
178003982
178006654
178145930
178229589
178270901
178350804
178353951
178404235
178429287
178543122
178613190
178695085
178697616
178703941
178776450
178819255
178847824
178865655
178870871
178983337
178995730
179013348
179167100
179225518
179294423
179301532
179400957
179608183
179720819
179800879
180034840
180242470
180349852
180375110
180397952
180406024
180417655
180441421
180461891
180590026
180597387
180678560
180715949
180767272
180813085
180926549
181119469
181229715
181280674
181302710
181506393
181571983
181680751
181748365
181768781
181780858
181901624
181922157
182000254
182083415
182296391
182344138
182353773
182377561
182430314
182432456
182560104
182598597
182716333
182756527
182759055
182787304
182821974
182932462
182958336
182979219
183000944
183146425
183194810
183200929
183270720
183330990
183395959
183401783
183406679
183627352
183786543
183811858
183816395
183878298
183997204
184032468
184124624
184228165
184278541
184332399
184348525
184349641
184352068
184570757
184640040
184675687
184706690
184792983
184901845
184912715
184932828
185062547
185174845
185214273
185277753
185336948
185342298
185414203
185428914
185440253
185473148
185572237
185575913
185586790
185631914
185721167
185968897
185981020
185997444
186037446
186043826
186146948
186159959
186356070
186431591
186511375
186526361
186570839
186751718
186758022
186829790
186899193
186927037
187019250
187057245
187132665
187148873
187165882
187229843
187234842
187251146
187354614
187364525
187395890
187416435
187523050
187526515
187532876
187567160
187649639
187743030
187769714
187785364
187789643
187905236
187930142
187991706
188060032
188074650
188126146
188261579
188372929
188435131
188471692
188486839
188496721
188498179
188517258
188597954
188611447
188631576
188798639
188801943
188807055
188842043
188884881
188926667
188996428
189069626
189094603
189167233
189188752
189428374
189450873
189463617
189469182
189584001
189596728
189598094
189657808
189749951
189836376
189842005
189848613
189881323
189938154
190065099
190211414
190417082
190573549
190624229
190681324
190753897
190882300
190916967
190934700
191007360
191258650
191338313
191339301
191358383
191398359
191491339
191511327
191852164
191943152
192084716
192150848
192165544
192185806
192192258
192272969
192473978
192479664
192538834
192757080
192781583
192819800
192913300
193014224
193022252
193045992
193114134
193131090
193156887
193186703
193197944
193216333
193268517
193394913
193574286
193811866
193814752
193827889
193839080
193918224
194003539
194036115
194040237
194092795
194096094
194102387
194142298
194159119
194384813
194652247
194690239
194694254
194722892
194744781
194817216
195078835
195098611
195104520
195111383
195241017
195271117
195290319
195320759
195489373
195497461
195519263
195520546
195533291
195555871
195604507
195641778
195658223
195826900
195867314
195963228
195982543
196005267
196053304
196071377
196074510
196082241
196108162
196170446
196253746
196310592
196369945
196468780
196526676
196532367
196539372
196714902
196783364
196811964
196865911
196929791
196948826
197108453
197117397
197138613
197288920
197481495
197521229
197792277
197866360
198020876
198051207
198063266
198084037
198099751
198231190
198375024
198440375
198481517
198499744
198515491
198527671
198693161
198729509
198746807
198819530
198877305
198935862
198949920
198951746
198959234
198964247
199040367
199340395
199353450
199360878
199410802
199435598
199435750
199512440
199538487
199557906
199562728
199618902
199630200
199745598
199753464
199807885
199813835
199872418
200346955
200364631
200427817
200434263
200505206
200529062
200552395
200673439
200686916
200736777
200763877
200764350
200856090
200864437
200870950
200899236
200945052
201090434
201147752
201224855
201268644
201296869
201298873
201483891
201510124
201552713
201642101
201815397
201834941
201924916
201939976
201983579
202055331
202072682
202154964
202374881
202402996
202436630
202521174
202529337
202628158
202662821
202680423
202685386
202833559
202852502
202856088
202912261
202931448
202961443
202987572
203066796
203082729
203119776
203143463
203269242
203276899
203292058
203354441
203443294
203452522
203568756
203611542
203615107
203821750
203860168
203940251
203945627
203975197
204072023
204078783
204097318
204102890
204113576
204114058
204146618
204167690
204203977
204248139
204250938
204306820
204334154
204372535
204563165
204631076
204645668
205103942
205161019
205268770
205520695
205562072
205609610
205634970
205778617
205939513
205990058
206030561
206126856
206155112
206197799
206246776
206271616
206418326
206632777
206835749
206856090
206961252
207026278
207066408
207091655
207135894
207145432
207221051
207242625
207306491
207340362
207346590
207379143
207427126
207538040
207554919
207566269
207586360
207640034
207641468
207744505
208134533
208138112
208248767
208366116
208432355
208439778
208695994
208731096
208737565
208806210
208840253
208867623
209065787
209163487
209168226
209205211
209221502
209367161
209456165
209463743
209486648
209497055
209512609
209520550
209623778
209695552
209900864
209923875
209926758
210001799
210142585
210211009
210237638
210268520
210302240
210516837
210530009
210534504
210629061
210797915
210853890
210855137
210936735
211157441
211160164
211168057
211298628
211363751
211401849
211466237
211601189
211632441
211716701
212007207
212162726
212178983
212195752
212374392
212408320
212538593
213124896
213189413
213208801
213218814
213272895
213368546
213489563
213721692
213823397
213892133
213946528
213975868
214012738
214243265
214292251
214304926
214357028
214360060
214416316
215161470
215209251
215415842
215443590
215513251
215516642
215638044
215688732
215723330
215887297
216135268
216277948
216310532
216329506
216351906
216627838
216739262
216893603
217019838
217061158
217141154
217141349
217252733
217272896
217321628
217470202
217475836
217879427
217883329
217931199
218011900
218020450
218118588
218149541
218367747
218514274
218528868
218794781
219528413
219800604
219933954
220221474
220297956
220452862
220850721
221137789
221193820
221358756
221495876
222212384
222483907
222501378
223214625
223439935
224019839
