174588784
29717324
104570711
118841218
70740925
199642977
43982435
103800618
153727046
49624487
104470603
21414660
196695318
144600549
107247800
211113258
111700452
73188356
186809656
25674024
81551058
64648423
218258439
104266159
199529311
84212484
71865461
143524064
210670412
12290962
53968486
46624530
207322830
122481698
191545798
204533364
67266836
7291860
240115074
145117608
109051855
66938752
72749929
167502868
67912381
121652296
226742040
79097484
193892962
199234588
182056149
56522267
123004669
80771814
25668914
190083265
128666567
23910457
66740421
117220206
25639378
182065027
144596750
59100590
51026873
179665402
140684373
36451838
22764684
81262491
16603060
184690148
19239981
21769942
149183063
65615790
110840290
42478006
78710855
25676098
89063254
136006098
16467213
45116849
214722206
138709212
180827880
126362191
148338613
169085133
45740945
199272358
171406178
193509299
32978330
37425974
48303066
87730310
107909304
180157771
210206650
111563219
21790821
61152484
21458992
71181266
91130777
70407590
227875388
98906491
196054528
104386809
16110662
28328455
38083752
72186067
34949510
121545185
155731058
66838985
181565272
90532533
25689933
160957938
37691607
171535357
144773177
41478083
166635040
100453236
134726002
111095833
212718854
11855141
6962450
115613654
124815292
170318843
40536171
82711113
171421698
149102705
20118211
46599827
139464365
20969855
134238589
198993436
186084703
42359207
20366061
188442240
165901803
35950359
89971560
152523773
21047870
28504735
39042254
77824490
203023043
86376102
62912476
126484553
156180766
128788936
8811615
15986331
32958119
45015158
20940277
55953851
68631727
51659934
121066922
226205351
23705215
123231652
211082795
98591074
125911366
37592327
35506918
51231581
45300086
50281698
109743310
21725054
126304022
73803819
21409774
20947463
62566500
12302260
20347567
180681130
24632968
155036289
119465709
91386224
127491516
104497998
85492600
192145288
104549711
146169939
196055940
182523096
27874272
65881166
77320274
188403340
125537532
203545381
14373141
103994439
177441569
164730856
189344650
84694932
192684976
60177619
152712425
32581447
43971538
31307584
47065666
49284193
58925860
81969506
85590554
236986494
79701390
145354417
148795559
31618008
39427490
74554136
189088930
44327413
66611868
216052182
42440296
21705411
230590436
92654397
30232520
45842795
167520206
39793421
43411691
23511185
175097618
152056054
30701794
137218269
153347870
41752361
25321417
160967068
209844374
82440970
27085429
20776289
41379161
3952659
46648930
53374144
64869845
29679918
129185182
30823435
58535342
101425981
91304424
125852768
169519211
7684163
51838475
6299821
124280773
53196989
27783557
185616488
38570715
224619297
141556112
79605178
36950950
109244844
26683206
145415410
87298890
31869980
13916198
210207452
90238535
113387479
119298802
85619910
74980091
156673052
217308069
29711023
48819995
66349367
112347860
151849976
5250795
51763756
82525194
103832671
24016239
100124160
55588110
27294737
30041336
37328529
65253166
85646049
110036446
194401409
59927124
38578423
38319983
54043834
84382707
25462734
119625416
20071526
129638992
105523119
157309079
51702390
128603522
45143198
159972130
116230111
106109073
28971253
156279172
61146913
57799899
175138071
124679991
125264283
56661932
46528211
46662662
122432483
7996831
112680548
78129810
58295039
29261969
140048154
146609056
77718660
32231329
69176023
78062396
35834554
115052207
18706244
30929604
24590179
40440373
35886893
75606562
188742173
72099131
178543379
44397848
48455033
114823810
174041262
162112544
59669660
5010135
130457117
171406641
32393921
49905443
145388609
96136996
116307077
122891373
107142097
21035008
16845251
51036255
13062657
54748536
212590638
21902793
140507586
51936787
123224369
32726967
103689323
29085297
235815841
25629100
178988465
63652702
67122577
39695015
19980242
231583676
81344985
23073550
84047244
65814405
70981692
26447869
208093825
92807731
23029550
137021270
36355772
7058120
122115380
188161653
14069073
19374480
212113203
197543196
103600687
75420941
30228745
115443613
41741929
138480017
104247353
4062546
82753834
24944800
213453881
134368792
180458190
106558228
78589137
79655787
73773866
32101910
153710048
64117710
120293386
16115621
65213881
85232894
39017412
160050923
140751982
109478657
147649306
194743653
60354032
24771757
25637890
30337297
196517689
26021658
49845251
147930575
79410157
62818825
42427696
105715539
55272501
23417712
186180309
122028409
51719948
27806258
185394925
35015317
66548890
106995495
50663855
23859002
202013564
26517880
184404006
152957451
113676692
84483903
208933716
25798444
41886071
27382904
61455247
47387556
27596225
25770935
161607638
105836890
82840586
50893850
182110238
47758487
26832004
83720294
33570030
22843879
66648540
42916554
16144277
79256272
73678114
34135369
20732276
178242963
78162227
203694519
28373195
128073964
204514415
58552439
46246204
156751102
41251581
145806049
19338640
102743963
35435378
26782936
139069770
13138103
49164860
210709896
45979930
42159054
28114710
140726733
176428760
164734758
173327381
64070158
25779971
44261006
79725751
20087203
43446110
26668709
109168205
126531007
210878073
123472122
50267119
188654324
133781468
208791744
90088574
79983058
65323927
75873505
231527709
22277289
20052781
59025798
134191949
126967658
80685965
137547865
31950347
86387410
142343349
121658873
62382923
142808374
16121850
123952032
24407215
95825057
184585925
39520841
31812517
42905044
29894206
12941353
106014379
207978798
82104038
37093755
165758195
113760061
227367416
120779326
28527871
169074170
26727079
66894576
61657659
26358894
187354730
67325127
109246615
162049655
187031103
55785190
173171823
85388062
160346336
136678845
26758235
81406618
233349533
138073010
22519460
88735995
86129414
48432767
188614068
87095388
53396188
42523198
150724692
71891995
83213501
44733712
73903430
56549906
98032478
113346077
59372212
59408971
229149150
6981977
152099893
215502644
71170575
61633063
35337091
68706399
80945359
22435293
62167012
152935378
28956645
139135700
66289007
144541935
36180367
146261947
44711376
115193033
158840108
209182324
140357730
84061182
103801260
58045375
121242592
233248605
38619435
76888673
21310654
35632237
187255432
28187927
129484501
155772672
22828468
190940242
203783840
26886766
8821027
59983704
111554661
56531415
128543140
25420159
20714621
29766980
202221418
108576906
141784130
100333860
140324788
161754245
51113434
139693700
144275099
149357648
21294992
137482963
122299698
77715740
21489374
46626781
138289483
62627715
37513426
117793547
207965297
87249330
224042119
86632123
17551359
28206086
124501645
146759201
90807337
227909351
65807044
30141776
217463098
163323248
36171302
220659706
6201336
184938736
29298529
50434370
180184733
16099214
41511359
150765659
199590047
210047715
74606480
34724159
133303131
133903017
18316042
38698898
119350822
97788230
117726600
198481015
48724243
165235353
29934379
12256969
164711766
111676451
199212899
28133690
59500030
111457546
16799623
193913039
12958776
175125424
47908294
21117149
38815823
55904582
52662841
40998146
40593206
33498156
173444383
146468311
218800887
138738808
44794069
135719860
153142223
112800280
160353181
91527473
84728730
4450481
151984806
7799227
34827651
198612943
19290350
227896100
7236720
128696620
41198916
40315584
107253781
79991970
105241336
125361681
211833867
23270428
37112431
42639575
28574276
73463571
87655161
100339158
82358637
139774752
35044826
51714161
31921164
180521506
179482157
30066348
20526608
142997537
84595526
73637663
67270595
28935626
175009431
83323887
169037831
31352996
51389398
121907268
104413011
136787030
28397546
175009412
52448245
52241448
231813382
45560377
151542436
196566972
32743245
174337092
166344139
177047450
203408028
16142956
188268749
25131078
44345534
37026130
35048083
37953949
83927057
74470309
51803749
151854872
23932017
38506476
115012403
113707596
136344700
20112376
109247126
126300809
54954106
39280830
123878951
217807369
56543219
21400973
24314081
29543195
54374811
44121554
68058070
196081734
59203439
213706325
109495520
38640662
132834928
82844176
95594462
21055607
56574939
169038807
231128708
34200796
30998045
5894610
74520351
200234693
191167846
42927864
64851382
33886938
114372015
42569144
54752400
181039301
173673566
36828395
65096440
177870554
130764506
117516539
118756133
12292823
80451794
22131108
147381469
38371554
205934412
45645978
157287150
116749685
135329649
20645018
111294577
53071325
20114191
99721743
19684850
68609389
206868022
26488378
27025433
21157436
45788532
12423711
120827569
77641686
109957608
98993165
218388342
219160341
208602197
74335883
21005358
168303448
77650026
128357634
13239658
115079304
64499803
133304406
134819374
104557001
4867367
194164930
201739570
26927347
66387454
38671690
60068285
203197232
49604481
53125276
42910450
19805528
89108087
58388916
37099817
92664630
73344070
109083703
112329335
169488975
80685606
183928339
46763697
197845539
61091453
99622482
42534991
95311297
126174663
150785707
107222735
42386262
214166401
27033668
19353788
189282194
24165111
53703377
112772924
50397580
126151806
67266317
180691010
132532231
58060345
3709264
133248517
7168224
50184218
31954721
177437550
21700906
6440684
234028189
36583148
108457734
34111116
25610098
51812312
44650959
78135562
77684530
49245079
66195701
70633872
36295377
24791095
105815280
202267445
78792146
109870610
125876004
72776557
33814584
148375458
20916535
50696036
104924440
168635212
206790822
188519550
5258192
25069010
27194521
164196468
159289854
83226488
20731644
124251763
137345161
28414164
174758844
36804425
103380745
102288123
66559357
44958210
15435669
89319778
175403901
134021509
99621186
207430202
105052487
89421949
223166557
183457574
72755389
168634581
52460533
210408464
5658048
45210059
166064755
152561707
118720128
100666822
135696929
80898153
180527010
95250364
77219714
131934937
43283372
26750495
123621149
17743242
91681647
39386586
182169077
61213713
140579010
112154077
41952668
231338237
79904975
112728984
205146209
155244791
50556080
25462113
107896389
18745805
41772739
41404004
147655095
227663685
221352708
49058841
24275680
238749086
113467531
104875805
211570265
32111548
109342939
130269985
50990502
25127320
156289122
141961408
19267117
115440963
37865340
44162224
8509766
146184012
44628982
47542090
13447003
236204737
38204975
84404338
135657249
39080129
102233899
53785481
22479851
30402061
215011905
31843568
159861102
35781553
45625412
99969116
124912129
86574373
147363676
38397765
81611495
7817341
26585454
215356191
87359721
151210301
223215913
206589462
61718874
120742387
120288988
212970445
83207000
35148748
113173307
44662862
93550749
19549398
146726422
212137715
6699916
145302163
44107388
26177888
209958894
23456179
184433634
62966745
70695400
103816791
202706570
77589328
128245135
25035261
171869363
37609525
52625130
19988826
227234040
166593448
134159337
44019464
177915021
57877457
48906610
226859161
231699490
151702791
80362028
67191203
81811334
30993438
16356032
11323536
65304018
138199220
115893038
54604655
41966335
25521564
114582969
113887272
26085689
22494547
132220917
133649620
17307905
163584452
23153054
21387920
77551899
94791046
216041033
187135516
46289153
39025872
172435230
68125776
226288710
24240855
35954929
44464966
21885856
115285286
92115756
119267979
73155474
10917479
104353592
207116749
24985604
169816168
24484239
71863214
75489282
84973320
39087102
99954699
127501934
163064711
6964345
38848136
151264094
62056087
69821780
74620891
79290778
16588171
161944157
38754201
234239260
21156681
25935739
190436776
65341267
51522541
155919548
112422234
25482887
141955484
156245875
212470010
166050186
155288945
89331232
33808352
163343770
105792245
44363498
44168547
126592849
164623952
33705298
91395458
36991596
49032263
111054767
31173725
196473499
39623968
52058435
23600186
44932166
43698409
60754861
141585583
66685154
152866907
84044689
35333367
76937923
50629140
142647571
45848405
41907627
173889333
101447582
136211336
112990289
146982883
90235719
83831889
142034489
24194451
126834511
7872826
208965690
99209532
30776503
145255598
219124380
176808532
101229756
180720339
122086062
23816220
237491998
165160534
34211118
94700032
31685129
34158590
144094786
180573829
73998005
237698076
220795909
174614481
21281291
23926482
124450495
27761418
50440229
59978386
127680482
29910872
21535816
26542507
111032902
154910019
204524791
93867827
92871909
23138293
38133289
173344206
35388948
216306444
41485303
126529733
45232240
42850507
179437488
135591557
108369292
89665231
5383330
63218867
215213026
167053691
141237853
148800798
102618255
145897153
38820427
73019271
43882043
150418907
40195256
139580765
119353739
43924932
21815358
63233319
118225727
109466858
115317260
143279770
82048758
185362718
138691750
43865839
138021675
176210707
174399899
207827692
179288125
117350835
33445468
112877555
226605825
83031831
195521321
59508602
66104594
43912598
79006381
86132636
19708155
111175352
34552202
43516001
147676669
17687348
194874616
42419813
107787312
36730613
29487384
115956063
80711887
191511433
39922208
12625865
200413958
53077431
191181124
184304905
111237693
33005928
24328469
93835136
212902038
116996506
160779490
52210163
81764022
213642682
129185885
138992426
5502795
31444339
156180349
149018422
147027703
24386330
80146953
68496826
11941265
112643522
203831104
147994915
24474313
24404130
43615616
183385853
230441211
88867406
114880975
18333932
103918095
27768395
109279214
56099081
27406896
118618986
117721658
82466093
46108159
33326622
81458162
84921026
132230932
165382456
42962765
208779993
82456290
130728693
7002280
109694697
28086953
127557683
112260790
65142487
80192069
76913228
12304627
7174934
181556993
113546334
149438849
20828104
176197682
186821897
22530846
212069590
61928085
51534945
46169363
102104973
60166211
47711340
145863440
115279683
67580428
196660163
57607165
204614670
39759936
146792495
104048871
28540835
11921625
119097893
84154497
150353158
143088849
148430062
40925715
79690684
102259209
132210212
59780699
180497749
139407206
117969389
166695748
126865789
84975489
161163060
27170108
221657153
197659734
156081819
32704367
145007261
73080469
43025572
55842698
126561786
50847519
32430311
153401241
98038224
8499358
136067396
74217000
118653894
30378854
155619746
36178890
82688389
130026146
155941375
206562537
201178991
60728654
30589241
106808698
15759802
115066774
155893201
209776822
155493827
48377156
131162951
4175861
63982431
92516059
214958579
73457503
84225102
70787262
117364928
118996498
102112038
31653763
55528453
182646992
34914995
208319676
12601533
64958452
142805884
22198116
27585418
149029797
25696627
7720643
22111773
19383029
143803184
29207727
189458517
110655269
31374672
101695362
164622172
236819008
26748497
222740965
12932389
36952407
138967490
88191440
69198849
30276802
38191389
138418349
35227971
166160389
92586715
98810488
99545871
198313754
25250421
69877817
151520084
29851246
18568342
25543389
82067189
62359413
25449250
186906839
26441264
90547504
127198659
168657909
109831504
176159505
178521741
43817974
17163849
57222174
15022767
89444622
18225487
23281375
87670824
153885614
154278298
18867138
36766888
168204896
46035365
115303326
198794840
31582877
71715281
26911871
54006021
42517338
103909567
30109600
131991583
37883214
97381271
15028315
150138081
159077929
59549268
31756516
208056047
135717898
84238838
119488582
117907811
156989158
65025110
50837202
138185746
44880640
19219644
24034908
8347559
38865029
228661795
22854618
44531381
39344594
28855726
160604606
25564930
81220405
207364194
218367171
111057218
154199095
192886092
210086799
141554071
50146428
13524827
120946732
68582603
149995949
217712663
22205101
30152375
159179351
56133078
114468244
66554538
136025247
67886879
204369702
32563608
185096373
60036517
130606186
124970943
132742279
96298882
32125240
46552653
46511434
25775437
120455966
15358419
56620670
163011316
56821493
153488284
36932689
40446799
87711033
193451937
19017889
149710445
92366850
6861914
22704663
174134924
27567269
110769141
74966293
21869709
112018366
40587691
142053592
30571577
77536175
41979066
114629132
184111539
177183571
158522954
26512838
173823741
202905266
62537923
134886652
24883049
35410903
12159704
141533016
149692261
158268384
186297179
212655532
7438349
42805062
50655418
112829982
207937168
40235050
6604336
111467548
160967579
59152989
145635593
237511071
115576930
124387287
38448932
208009983
146679177
30959858
63532653
16661512
116249913
160063532
180441273
114607313
27947690
23320022
103745808
100810415
21196732
40777509
73642175
193494199
27232371
129692835
115079623
135141643
166791495
19383114
76646571
197469379
20815156
210536595
227967909
43280631
207874701
216914796
64211573
88705645
29150089
65333363
66992106
59806144
211018934
130863290
74409668
78818910
36935263
30645059
23924296
38034776
209549557
23493732
28159719
119808498
119779547
24541443
169020556
30245673
47911620
26736097
110122812
126742017
33914066
118423586
96253503
206881500
176876462
216526505
183744265
26663023
138734207
20332716
19207016
132469168
72002812
181799206
178268381
21082423
26210721
204823910
26803365
163387204
145114617
64399743
125898668
71052548
98273533
55642579
221335592
113977739
174653418
93013369
145504491
235591999
199760188
88914956
29850960
212210245
34181345
234169404
79470389
49654796
51904904
204053694
4950526
82419753
202659898
158843489
52890224
22924347
120202723
15795306
5871228
49880909
110391158
117826550
41507523
113914178
105355310
54520143
26111405
64801286
54843194
46610175
45339657
177092991
177467291
29208595
46593452
195940188
73309320
193556778
66349674
73159553
27490563
176538192
150631564
119826119
216476199
81816844
157587370
76083230
46304895
21687165
34366562
114791383
10409749
172466500
100216624
71465286
32709625
7908856
32083554
93783556
54637594
163922101
190768941
165293233
133453082
56699593
25276994
71139258
58362791
36364627
227515329
200856193
170296938
38773636
112929273
189617587
140560923
42198011
171945086
153702777
190915923
156031064
139484790
30986838
71507394
125006128
114604708
217479265
111007598
126513940
36247118
105290540
124289250
95994206
144938350
145378935
186756789
108067035
84333896
65064539
139097077
109209802
90665924
156175807
162587433
20644894
114650897
76711397
63684275
116665556
27812358
86724576
177874837
30091596
12000791
4589904
68392021
83969081
17215972
139237959
59806972
11844340
37223401
165080518
181855128
50853740
153740592
19622417
23461588
229765474
163659599
51234717
16529160
165529443
229724806
122514001
63024728
43032326
69521013
19839771
103375471
34162649
220082563
228362367
23131815
96666396
100167888
122461611
61786073
205266343
44444288
166892938
167821022
13437208
27484744
118922977
166122932
49049472
172685170
127258470
116510033
155306196
63027448
98588550
167522791
150083752
113424893
155207034
118905671
167143541
54637893
73530775
53235921
18965938
92678202
88250608
155781057
71233582
6303647
26968346
65913226
191414236
38685392
215515067
18638958
202613828
35682593
47128343
66532588
107652555
117304106
56861944
23303807
42948637
103859848
172637207
72140999
238728001
107305521
60216182
39495776
176532814
153758753
31682024
184829881
41648017
126324824
59045349
97566910
112451061
83289321
57593795
69510251
58580796
142695591
240087039
83982775
43840337
20341061
187552458
114555936
204739805
36897880
78291891
28220928
18574244
204039356
129447319
128440815
46228171
86996111
234275265
129510248
127736758
39738582
157083970
12786992
27996432
188445294
30003245
102809327
140055452
35868503
40162972
67412014
171282610
220502295
18048946
49956133
28620108
118971210
6441612
24800887
22389076
71413430
48423811
31829108
114856083
121055490
64329900
48510693
86266931
24134136
59969541
16344489
66764121
134819251
126105223
18492263
53726409
158740402
176535986
191242048
48970173
181350565
21758493
8193313
99121443
26113672
25337770
91583448
107007701
211496619
108247342
24821406
18948397
39292264
20583744
69389270
132662167
118143955
6936119
191410951
145588006
44804874
187221418
93483329
112172348
38489042
30819809
13525410
26109153
100780572
71782563
81748991
118233604
173851166
134621655
225125242
68727994
80334202
86887860
18120082
134953609
145054216
26910088
67398973
155172146
50460462
114730602
28013499
210164744
171542919
81157969
77338061
110818259
131228923
90397480
76000699
172454717
136232448
120784051
131088544
111079429
164407163
106637350
44667200
30551145
76029635
59494532
12451598
25126793
6185723
17315139
54088834
22524757
95558982
178068674
65287313
140234444
109048563
40022337
52509161
51382348
34447319
42757639
150733319
97628381
41378063
123597773
122226053
59518434
200534679
161962985
61753671
184056387
36954914
23610864
81117770
68091767
154486364
20801349
36610119
57170659
151773766
127227332
112574329
145401208
64938564
76077449
87595131
35507795
118819271
21704773
115274087
142338154
178129302
122305055
74836990
50575736
184244036
25597621
16135304
25932375
76321798
38841958
203366385
12280291
215610912
122097295
106312009
178186884
27296444
16104641
116516206
57258584
162937079
147441338
28878117
44316682
130134688
67679487
81065310
60586090
7603135
137791858
119988465
144654095
73412680
182082103
21539819
36010677
127489900
35535552
22577503
29599042
24571001
31107392
41718754
15287478
37926224
69618921
227380258
13090102
118881667
6290800
191872059
138341013
48885694
60827004
217224460
19776835
29766665
73969626
53126611
44301018
209691027
114065232
35826251
200568469
22909976
121155856
12994249
144522549
25339591
23797255
137946673
122807896
54087462
28462676
80690987
87028919
177142129
207058033
64062207
25980068
80970487
59760481
163358023
98240265
41323774
28261564
30133640
133739537
63409931
110700344
97391385
32946484
65723705
52959488
43298322
34431992
198241791
44278078
65635126
34053781
175339054
142073235
216071894
94514439
183461768
93389289
117121950
227137247
32196715
22576766
18646573
80271936
5827784
26393880
48979114
146889126
135437503
124126760
20447334
90116893
125856454
224796705
122765854
43655290
142318369
178720430
75049476
41323123
141780498
174861085
35129812
72017715
20451766
226591335
98276357
127957770
107678513
19907566
25890643
17934109
149935310
153573632
21149664
131669046
156782818
38280748
37304453
12389156
66813625
85801754
79776684
65803780
25774417
97791730
43205168
51498896
212799411
150355253
114990758
164857291
37237450
132512855
79638515
28401198
46726497
38338630
22501448
98753633
39668742
78398064
18152919
43129376
140721344
18346772
61073126
110154851
124400680
96095897
133085420
158959739
87764555
74797037
19012371
223865273
78378543
19774344
89498488
108130137
16406266
89098069
210442675
213714933
181679746
69399684
42390752
40503057
43499176
23953485
36870815
117506644
134769744
46236821
136627337
72054879
111624158
15135603
80772089
179452271
12454171
11740681
47314042
173367039
115525371
165091683
152725724
136610598
32987431
63932120
36916505
21889010
51876863
20809122
99481521
176698985
35986302
34168253
36987785
51508213
108022543
42098248
70586444
98526241
207571244
150655869
79986493
100884130
156226976
173900585
121055769
110473321
22310246
29055515
170574731
184099246
104375277
103361234
48647425
171916930
7844387
152925618
28905668
132658057
178118165
24227975
76318614
79562581
80576875
51532109
24022992
119656549
54266416
213575438
55553638
37520793
200131642
167641137
226527559
125051624
89911169
211420259
81429293
47488247
149633132
50672677
87933123
90187301
84687482
20457572
44319462
37537412
24090326
117577766
88263411
147417367
136027268
120603379
113669284
25875498
106525198
203932270
34654364
111012935
21072471
181734106
46327398
18128155
39097668
5900329
19751247
166818184
104814613
135155516
39842788
31869725
103785266
31498918
65070181
54714618
232931493
57732498
47226919
28971243
42589335
223749127
90783757
44860774
25345164
138135992
19973454
189261349
46221432
37311180
39823805
74284834
19941682
107386777
35257503
157979197
96862812
119115515
154205955
205244978
33169853
102124778
164155639
212695403
114265143
42729069
173072637
179569484
134606212
129859298
101103216
31794591
44477478
41725896
87680623
37121357
19166277
41302569
153664797
161501494
114863882
26031849
37662008
62398377
138059081
36284539
25114456
119377231
112320039
131227960
181513362
120753446
87985466
170581673
70002507
34733864
153665573
13642693
113834499
33024937
41956988
151380193
153198797
234452285
197889788
7324948
7308896
222803737
81965974
78304008
174789775
27198697
147504731
26169626
111370863
125284163
76074883
26823824
111590311
30811025
45758474
62057407
99500613
65404965
86696289
54326790
48323997
87738985
136399535
88629066
118752181
147322938
122543121
152450120
151006373
102546258
21937217
203666263
19153884
143832762
199391839
56427203
89243970
188781052
29211622
36987897
43311517
23945182
7838968
92695689
104458414
71283491
23436633
36859054
12157934
46913616
59314660
12225874
63449633
110158723
88800313
39175752
31579385
15633587
123155193
157801706
47224769
93130104
18455898
69638067
139870196
24028120
92220513
235947678
198940596
150337329
19100854
112813902
176920145
68643243
85941986
12826266
207673777
22446210
77432135
136307027
138438105
50864893
46843906
170346949
121478552
24209083
83305107
35935598
36686785
32195895
112028473
209132143
143854088
180920457
23511698
65995756
170784480
86486111
200123017
18035260
157776533
176474708
137491142
11943305
66887763
24117686
20355149
47568982
76145935
190322022
204725211
59365741
17754498
158478871
123628491
21661284
66771947
80552332
129512531
108932588
79173304
49393742
30704163
43593142
164570755
60882417
98850878
93827846
60598896
68915995
116111738
115011104
83987317
150349965
44468163
6674595
73789745
65327243
44876986
47445310
122445616
108474684
172465070
175543601
72791911
187440559
66294728
30386448
25232120
190134754
119135077
224901019
49050547
122138410
56076537
27676220
6431123
21794146
231713670
149275438
57810421
82520656
71791720
196767839
88165846
165391271
108156015
55803870
149231127
182431962
45675091
114386932
202646381
86839049
37387473
108981065
40863931
46298909
181938990
130281137
51814874
114239713
157762955
127558515
111863368
22675412
208411508
49095021
101107833
141235629
138728569
154113553
199412891
71706983
27419911
97634214
95311521
75667238
186700172
163648169
161476425
100752841
119385597
190130162
114136194
30044288
49912080
23920229
119934217
90808128
196184888
15757389
53912998
49857154
183733541
77325550
177063450
45495049
149797197
203918210
147331351
43328864
8806560
31445267
21686354
34436353
111390358
22925001
58465325
154677838
204389474
93525126
120769600
61173449
124047602
146612785
24041034
13300953
23914029
119876212
23733555
57569629
204726796
199577561
11475084
198094590
27013152
34537664
209814303
154118875
76886366
44892379
28872398
150397543
224885150
139539381
125325295
134227824
117117338
233896283
130248051
124292605
85076462
90191448
93129513
145890822
52214561
88648185
15340042
179534940
182162697
164851857
79845648
100563819
198199788
172028584
35257789
96305540
43056507
28592721
12187955
82072516
124052941
73877924
64612785
16725823
71695871
11981851
233087453
63311987
140641604
11647371
22571527
31724707
21546088
22507920
184016859
200565327
4784282
95856565
71389861
139353805
44435433
119374212
174784571
28541435
33436350
23094529
52610513
22978463
24061198
176774477
121217864
91165339
27517091
13670623
23731154
222801277
70330879
68274838
164879697
86150785
40377637
49313030
124314750
68732276
139343721
109516926
97356497
23134018
158702987
151643938
223247401
81077606
60976031
16504508
73783684
94252937
160161567
24015725
60253587
110374114
97715174
161297782
192546648
37809819
115514656
118255649
116147954
47053774
147160598
35341731
51489716
85454441
133989539
31511565
134170232
156093823
55014551
50060448
221981831
116017592
84173898
88716788
187011563
52825377
29280428
124055091
149931639
128248740
229828895
7148022
56749983
19799716
126271598
117273600
35443057
169644406
54343176
215752422
67355251
91177583
106984471
32322729
5047344
16089516
231482525
25419817
141581640
73315131
165695074
31293378
39578195
128958309
86164548
14532567
47700351
20608426
160703394
58659879
224042647
66547550
25650938
23038205
145747376
22227055
36041207
