6435019
7197549
8163207
9320024
9930468
11146671
11434462
11750441
12129738
12445532
12563350
12675984
12769555
12797142
12832079
12921971
13020851
13069204
13109898
13229783
13306106
13408137
13528550
13540584
13592665
13623256
13706874
13728825
13756261
13760007
13803418
13832764
14042492
14137725
14230753
14234861
14302910
14523307
14924051
14996635
15223003
15246531
15273491
15345197
15360784
15402603
15425858
15446449
15471190
15481880
15518571
15529429
15578391
15802441
15843190
15904327
15920567
15968105
16019983
16177863
16189316
16202853
16208636
16223513
16258874
16263683
16371782
16393628
16397187
16438781
16445252
16516387
16532162
16590528
16607854
16625661
16645187
16777441
16872468
16924863
17131870
17136050
17191346
17239631
17326789
17366045
17378566
17604317
17743459
17908912
18144232
18385702
18548884
18555039
18665809
18747573
18995223
19106229
19112228
19286684
19339098
19416197
19626192
20408362
20856158
20946449
21451271
21472300
21526180
21659234
21862811
22285733
22444272
22919393
23045759
23486070
23548191
23556014
24100607
24169863
24309815
24320031
24367810
24537418
24589019
24820548
25029132
25072496
25391078
25586367
25790036
25850678
27094752
27121971
27345222
27406305
27442163
27469499
27532844
27761408
27980491
28167189
28881878
28982596
29216695
29280779
29730369
29973738
30396950
30465730
30503510
30680853
30737945
30812505
31070855
31167214
31393878
31842239
32567821
32928270
32956601
33533633
33605514
33740392
33844232
34153769
34487965
34600162
34864084
34868878
34877623
34992303
35334278
35561681
36359530
36890344
36996366
37291950
37905910
37978801
38813730
38839326
38881751
39271217
39483655
40145996
40298351
40540508
40664173
40722033
41008003
41771832
41838283
42636098
42902987
43494643
43495293
43503174
44106053
44315751
44339616
44373580
44511455
44782778
45083433
45168999
46103024
46287653
46394756
46596165
46793044
46984205
46986402
47120474
47192509
47314968
47504445
47738649
47787108
48649378
48831911
48975163
49166257
49280335
49383210
49542217
49844998
50295760
50460940
51891740
51939544
52186657
52324955
52664771
53093423
53827032
54266961
54780558
54807179
54935956
55005832
55310535
55594562
55870858
56084029
56226740
56300179
56432414
56676380
56849701
56903482
56980030
57264182
57946048
58255235
59334917
60045153
60674758
61217822
61863749
61928888
61960841
62764184
63170380
63254567
63291851
64591014
64894344
65585200
65868912
66130552
66359292
66677980
66730626
67627744
67824882
68138983
68278375
68952733
70332896
71044877
71093239
71175780
71943443
72132174
72514528
73369832
74886642
75476987
75829808
75877850
76200604
77038642
77173647
77315439
77446639
77507248
77659219
77786962
77893008
78005331
78041619
78059762
78201202
78265038
78318515
78356471
78367189
78612977
78746643
78877453
78987725
79003604
79089069
79714818
79983371
79988405
80177877
80241269
80270411
80381432
80402069
80500628
80580087
80604394
80741322
81233161
81892887
82051785
82060437
82086259
82160459
82193709
82547530
82642956
82753801
83132312
83358376
83372374
83732149
83849672
83895567
84404423
84503816
84541735
84698318
84939033
85011109
85098040
85253386
85254342
85343506
85388998
85438857
85515354
85526405
86060997
86100236
86195433
86499183
86664009
86735046
86877349
87099012
87356856
87379950
87485532
87507340
87642716
87784761
87817564
88002716
88273781
88466042
88554305
88667226
88979713
89105054
89157537
89294047
89318106
89397246
89403518
89635692
89910328
90083251
90108014
90149318
90355870
90627767
90860259
90970178
91440195
91528738
91586718
91814468
92228188
92530187
92637738
92669054
92846266
92897770
92956503
93113439
93262927
93421593
93437631
93874131
94042079
94054708
94238501
94529533
95064024
96533732
96621117
97181552
97505025
98150494
98315271
98584870
98642434
98884473
98947933
98954414
99568000
100541011
100979199
101237071
101616786
101915383
103073605
103404456
104033704
104262434
104311881
105383920
105723266
106230381
106592181
107011925
107556713
107716341
109366903
111721304
112625292
112786965
113857356
114450309
115155853
115836105
115988802
116346811
116616827
117665891
121566298
122804120
124584483
125186311
126138935
126491584
126761502
126991812
128968703
129368949
129563213
131633836
131669098
131896050
133043468
133216134
135312555
136152763
136331854
137276523
137784327
138653845
139543412
139592597
139639282
140627527
141997689
142086148
142871521
143130770
143341181
143728295
143788032
143800842
144468853
144606250
144772944
144883633
146519315
146752767
146821810
148144069
148512922
150535479
150794222
151194745
151432183
152028105
153416990
153871119
154395853
155668095
156549372
157341687
157584449
158242666
159987063
162637079
162725164
163045274
163179967
164044088
165252324
166575348
166630366
166659148
167493553
167930916
169702059
170788383
173948021
176148069
178269707
180206400
180436726
180560484
190679032
190736666
190956427
191396153
194612293
195276663
197207145
199852383
