185224819
60263370
128138431
37278839
117057029
125612746
127335544
124119241
77567847
71305377
139122051
3249940
29978118
162839095
40673210
189145429
147021442
76233895
102989489
69315838
12979952
63661503
65241685
144659477
45657473
112277672
107650544
54274725
101279124
100266723
43107867
8957951
98844840
105053359
90125374
22193127
121693122
114342923
130128932
50778919
68340330
156413900
132716800
47834023
121405752
97210724
66305445
71034301
93304924
35462030
65795944
136253112
72015546
42484625
125621867
65507027
142186263
53086125
34705271
148847344
118990453
25319190
146807440
100366828
47195723
42855183
79921113
47163897
132268892
66703410
140248027
55503884
39191629
47448056
172389917
96668100
139321686
87034678
65418047
20209925
121264594
94977424
48597213
43462883
148209438
45655350
159317191
87843364
69934318
112587935
39170048
69156796
149648958
130187956
90076262
49965727
89108936
128182629
68226433
168718873
86093829
61305804
26475061
74557700
44258794
149941198
93737928
120159409
74409457
83839765
34857892
77922577
30507292
3604918
41333921
42778294
65389241
25611666
84470980
33914238
34956773
106966053
49195588
60918770
77465915
143616447
137651691
101493060
161511262
42209515
119423075
130790142
38931187
20429255
86452167
98797171
38392635
24211779
71515588
116178627
39230595
125213758
49504957
138696951
113637158
28351238
85118743
82355116
30713062
105872578
136947050
44899513
87543161
16668656
48923544
152321561
132641257
98138791
17270857
77596304
44221535
21535858
48748125
110127774
51968355
39219483
98277888
64045246
124218436
18088124
176315172
26997900
132904725
76265858
136209206
125037886
75586899
76699726
165807976
54717447
134854198
49772291
151239365
38859200
128342570
158972220
11300179
46210219
143087294
24769136
77001145
119283703
69001136
91593528
12376031
12623540
62478147
178006654
107540195
144343318
67555051
127016724
161553591
55615156
17257140
109680550
90278425
54142348
88210973
145392435
45507642
130280398
93714551
111741848
118227253
159937223
25671055
63543566
26100359
64215911
75385275
141461424
104181363
55548374
98648196
97534912
29935927
55308600
31297940
151674302
103166856
63080348
81139052
29219535
126641077
107157144
34688525
110856056
55895593
61922193
58295952
164311497
61306468
48033697
83406905
133263127
146121975
156791230
15005904
22997607
83762346
137095815
100141910
123332425
19285240
66145179
113796957
93785955
91885951
92612657
161195904
23411183
27855301
41547108
101264014
67424618
55100132
148455397
52614244
18991135
19108669
111192783
19856241
51984628
102504047
131112757
106435400
139556909
58992424
136013178
29943880
74559942
81623020
44109460
18894830
68450486
18695054
122660988
100959087
66724211
26125541
47980353
43982171
89343942
113914485
45296411
90773621
84241848
129692960
190779990
108453023
59504397
94721419
123650161
158240148
24620001
85396821
154531605
103408434
84827696
138674720
82649258
50701120
143532890
81619401
158052161
96185225
120376211
188664693
81016582
59326173
59849768
66042962
65079110
63625110
45912756
97939468
42145196
76079575
31641771
74313494
124909530
28011974
73043931
95641447
58751590
68984773
59268522
52765231
52073021
33796645
129440551
64617305
96147601
14787544
44358664
30856611
146728382
115573000
157031320
93959129
61247461
109213119
7751209
70571682
102491857
63690785
155304396
115444239
90036398
91936778
69925148
162368492
119701070
67618569
52726883
118998049
43484606
92286391
6675678
60928233
77947228
108275131
28516444
89036100
21576053
45049266
42755182
153619671
202917957
117546367
143839615
69330352
135342539
51370586
88437852
66245255
112702765
80935948
73597058
133771181
110721274
58671784
89499932
73658976
29070130
93628002
100954548
105786753
83415757
191225608
101281205
71653630
148341684
99260286
68491983
89435035
151550724
109684479
69717277
43662787
150107857
44793506
46453603
77723830
69739162
62644055
57400569
78427904
42953110
35955370
149655308
110621072
84388891
18145590
169403417
67827068
103416716
48780893
96492164
135441915
49196871
111315059
61021730
170383833
88980272
53334233
113268677
30039772
51712800
91958110
91441878
142207493
95732739
57502669
50407430
96187300
32847815
84045384
64859604
93982845
118918471
97230847
165983498
136271143
123487791
79476761
31007765
81614223
79310160
70002914
90760665
45227483
36108874
98104904
50209689
76102565
97529792
59337380
68482501
73509058
55010862
40475362
41274664
117299013
124437779
159201505
13506207
45192992
148342636
107341544
85930696
66916680
85494186
96225674
172503356
108244350
115539489
44549218
137645472
93733817
65113081
162224133
29551044
47686377
139946125
115188337
75488409
48132392
4991738
65736324
7716087
54827184
71361809
67749870
153849466
83800749
53017364
116699708
92726188
12509085
91288741
99433624
49740339
80109951
151649187
101046448
115407021
124540916
106947332
147202800
76695477
98090737
18121561
49528066
139960439
65787068
113984731
85026912
56563669
81791396
116143553
99644116
127696353
99353582
87486900
103886307
20898915
85810404
102611804
13305673
100138721
86236284
63446000
78606732
39041119
43904406
144349219
90748728
117660426
96460542
45445568
43178967
66854343
58928718
104162905
87159122
35753654
27351885
58432626
33406549
56124439
128765713
47776220
80106894
115349232
22749282
98253072
46267390
140600948
158294317
86612174
23913809
23106417
134859974
130824445
64006643
66485912
85049482
115889582
71697039
156824893
89832368
47036640
12277280
108590859
115943529
62457578
143461140
73304160
165814238
124883789
79979126
103034845
141191031
138665622
136905414
51591747
88477058
152305643
112849188
126566611
49891647
8950555
78334435
116137420
109527480
115055524
174791996
139441232
80447765
24702357
5468120
44858056
19594385
42414539
26176603
86126455
100126495
95631921
86778459
48351162
107372709
101407360
144250412
50516835
131470273
137650387
46909396
81235569
110738875
72828721
81259723
43273162
140209484
41304982
123343920
77004849
87154828
99324486
84483443
53354678
80900800
85809020
183750629
56513082
82376190
86739722
90817179
74538207
87859986
12953178
52131741
48404232
50444974
116439990
85463056
84448021
58772205
135070089
39387663
86309021
79060337
49619200
114182146
80554277
148626978
21352306
151925593
86805387
52974409
76501514
146084901
160027198
112262343
135389882
161796825
61066517
137668563
108750631
67383451
152334034
164791358
152743957
111714194
26426801
109255150
66321726
97578789
86347683
54273392
27790337
121356396
69358607
43186131
110557229
176694074
4648372
144175488
111944333
110310397
45016962
53352337
47080286
132924246
22406264
50780396
124601229
60303576
138922815
20347042
126329219
44151542
55094138
64149102
100028519
101186444
137140052
85968374
71599860
63815041
118482690
54121239
72523036
16261556
45355391
23629046
78312301
138667235
114447989
42566367
156751587
101233429
84652921
65553558
12164770
119752156
84077473
37459565
143587802
59704469
47559494
63211731
82872200
157414311
17792680
39389944
86656040
35848381
99181827
174436732
32233735
83125423
191135320
114943408
25360714
154533945
51128343
68441024
51855084
116097566
44268376
16267579
111861915
42866199
160567998
103103473
165020375
97486973
25693162
39239643
121173851
70191722
85995249
148615460
83233673
125924870
18565555
83342238
86914363
51576317
22789243
13606790
119711886
56758768
92857189
130689780
143531191
84915320
26265372
22341851
163999620
99073035
60957416
59300875
56907169
46758328
105804623
24008241
63656855
76784406
46749599
4119694
39322197
43913285
126052496
15201622
73812699
98789412
121129168
28187309
20765598
81517533
13387241
64667290
152925169
44256908
145923736
131901357
108904679
108637829
121416936
88511658
124378556
130016739
97882220
149630594
81774000
66664342
42668745
154638842
44435272
49864531
102674437
41552171
82475670
59058000
138449189
134967121
138573534
53524570
96209166
155091574
55562041
62647932
61915840
88929585
153898239
85038772
44327655
41750472
109340441
87519074
129711018
136237552
101604934
46173573
39228282
57245844
13366267
81437764
4237231
44023466
47876675
126065235
92870145
94393567
34502618
119127716
69030537
17019402
61791825
41298791
68850512
115606048
43074130
59820721
74736484
18160672
78086500
22613597
100720418
147229633
79671827
159188264
138820593
147033030
111930701
150233468
80138059
104488668
85939653
60752899
136541415
24636342
91466945
52678172
124418762
59289814
44287520
80123574
114986461
79886888
119088826
77015016
29086006
100159170
86979243
160602332
43507404
39335594
93804908
12733579
26529774
40670594
52276901
25216795
81597353
114591883
26698051
154958505
47228412
110893353
127976645
107267529
16844281
4615146
60308869
13075435
7440378
82558390
75190922
31874051
78449479
70363935
26992811
74633379
31304153
70936795
21295987
107154599
43657761
60924237
149645729
134972507
133044664
133178858
86037611
25240818
141632465
40718693
76631798
65381267
141634261
43183102
74101279
84113345
58575064
23341780
79424369
43742127
136810420
115924636
42858638
44904406
76344414
97168305
82767554
26689540
138025996
105084212
112425188
58379005
43943978
156467479
159721243
83341768
59364829
121133165
19683153
50823443
69273746
152870660
102124120
116310998
59899207
67995300
48621265
24395003
66599456
63084335
31400620
54270444
41856229
154623300
84690601
114317368
163402424
126776532
103396077
99583381
107510191
117989890
143490929
92341462
90440043
17678784
47295620
119642484
22694265
128656285
33854720
51793754
152603679
80454570
111750156
120015579
141410342
47112444
131611746
25068666
77745850
91863620
46419464
46844846
131258297
48815141
31039009
155867499
131293021
29220828
87954416
35446404
109666748
44254304
67757236
163373312
169354660
84907001
83078436
75015854
71646695
114796126
94851647
22800804
21083157
75493616
24205034
59330984
105606568
99970078
73423929
54228268
135742868
127783386
113867601
139892025
107921211
81858507
149365220
100987118
103601900
85150386
135310065
134438118
86616235
44853103
67828905
141888455
152686224
27008925
77908766
117294071
50755861
44655740
78230632
93697783
50889297
70786877
46886965
79127843
7869033
42095978
105025230
85848189
51192983
67698605
34291427
75009781
46672144
18099698
88280209
17411412
69341706
102945640
163969390
19876078
126455765
19584974
2989013
42183930
100886430
145738990
109249985
65784843
44508845
92233211
130722605
47202026
147877154
139446606
149236250
88970310
29005900
103414633
84836059
121379290
56987370
63548613
80552106
108607259
85639202
21784806
96000598
79224825
121122623
152184591
82526266
39159013
126966634
150037763
121507908
50985135
20728402
168048919
151890436
65859986
66820792
77096748
153334265
144724341
36792185
36797867
24091042
103083375
46818630
73620980
67356097
43631950
129238769
117910562
104852653
115858557
137043590
41506302
120395637
149445546
30513449
79722763
27094377
131031479
49227166
112771720
37981870
134021538
36086222
53886238
190551391
51937941
120357180
91324625
129792397
176233627
85509331
112010747
97472210
69935766
147029073
168773886
82916295
89178151
145514834
89069038
85319812
134784863
112743302
77928507
79198278
49118841
42915249
129478991
89602301
47424095
81173343
162072801
166475072
44113431
141814751
105288218
72900381
127141041
65973171
47868202
43305726
53327901
36622006
139441216
135645966
107361295
138534692
21005203
122109923
45939802
136617958
73660378
77592053
82596227
148619341
63781993
121939311
15811796
28428630
148173338
101004770
153000451
56059692
135026410
27173325
106206226
71045069
62560188
168460032
105137270
89234310
37080044
71264416
149560876
138342699
107300391
75541478
99585126
51135802
124578619
104616864
88272229
67771007
8146439
36494296
61462418
100487494
76193783
81548165
32209212
58505639
128698431
63018434
113373743
109845413
143479658
28316603
107260773
65281270
120023816
107842872
53267843
47940822
46110493
126979668
42777111
56886008
113502476
122911217
85362080
66062131
127967773
89646204
75989144
76995304
80218541
42899093
57342876
132571838
26306737
139717616
120215169
64417202
119798224
131862802
82280080
112494323
53994929
68191385
156097960
60091024
169825723
45544044
104283696
142910895
12505829
98940698
78178318
170979206
88269749
63049943
21199602
27206881
42654123
146457852
133902502
147883746
41668887
24973115
63864440
117231835
80112208
148103999
80438964
123835922
77333981
61398531
160091649
61994360
180360067
83574764
26394533
150473105
145386058
126617204
106650743
168893890
158088961
61128138
99664368
122143780
84353820
61333602
103540661
71722451
42780865
130943755
52976471
106653655
103185802
100789045
85888390
102617120
162731076
130644256
111941384
65352380
84818407
130552029
42688821
23140961
111168679
62959082
88549885
118988531
62333677
106466842
104843670
112947197
51759842
139700658
107601617
29635114
84247792
16276226
7321382
49976528
23059343
131761779
133173404
101113929
80845013
20621173
33076637
102781508
173796795
126321742
30230137
42555663
103810519
75016745
114087523
136203767
164797312
67372691
66114979
87643206
49652346
45745127
40343166
78475419
63126095
11396594
83102510
58030008
115957974
102922632
47311049
80641878
109827244
85699588
95289801
56058337
128759662
92098430
