77465915
81173343
41856229
47686377
147202800
44899513
49976528
65389241
64417202
24769136
90760665
92870145
172503356
115606048
138820593
129711018
132571838
125612746
59820721
45745127
39389944
113637158
68491983
164791358
76631798
68191385
33854720
128759662
144250412
49196871
56513082
136947050
41750472
84045384
124540916
25068666
36086222
148342636
76995304
87154828
110856056
55094138
121379290
50823443
44655740
120357180
55100132
83406905
108453023
159721243
78312301
24205034
43662787
124601229
133263127
48351162
115539489
77592053
34857892
107341544
103166856
168773886
88272229
81623020
47776220
131258297
49965727
12979952
107650544
116439990
19594385
170979206
28516444
142207493
121129168
102945640
56563669
69156796
39191629
84077473
63661503
54273392
47448056
125621867
64617305
86979243
134859974
89108936
74313494
79921113
43742127
90278425
39335594
92341462
124909530
185224819
126052496
149560876
133178858
105084212
21083157
150233468
4119694
31007765
65784843
43507404
153000451
47202026
172389917
108275131
109666748
81548165
69273746
47295620
54270444
127696353
76784406
93982845
103083375
150037763
69934318
44221535
23629046
136617958
29086006
169354660
39239643
141888455
144724341
49740339
159201505
71515588
27855301
12164770
121173851
148619341
138665622
11300179
65281270
21005203
46758328
112743302
60308869
121264594
106466842
62644055
105786753
28187309
65553558
164311497
85930696
36792185
136541415
86037611
109255150
40343166
83574764
7440378
65079110
8146439
119752156
8950555
96187300
24091042
47036640
45657473
104852653
50407430
152305643
86612174
145514834
114342923
160027198
73304160
65241685
202917957
85319812
91466945
127141041
156413900
121507908
100159170
80845013
148209438
102491857
49652346
75586899
27206881
79671827
37278839
119642484
103810519
139441216
53017364
97230847
134438118
82280080
152321561
4237231
48132392
111714194
111192783
77723830
63656855
22800804
106650743
156751587
145386058
84827696
174436732
96668100
137645472
146457852
89178151
77567847
139556909
117057029
97882220
112277672
84915320
70191722
132268892
25671055
103185802
11396594
118990453
82376190
90748728
42899093
138573534
162839095
13366267
76695477
68984773
93714551
71264416
46267390
101264014
70002914
43273162
116178627
4648372
34956773
147029073
112702765
40718693
96460542
153898239
97472210
95641447
7869033
100954548
93697783
35955370
113867601
41668887
26426801
88980272
117299013
69925148
147883746
121122623
37080044
83233673
84652921
76501514
137650387
130644256
151925593
84113345
133044664
112425188
107540195
128656285
91885951
89069038
71599860
45227483
66599456
111930701
148455397
76193783
12953178
74409457
24211779
67828905
77745850
136237552
54274725
31039009
19285240
78449479
88970310
151674302
176315172
135742868
55308600
79476761
140209484
77333981
141461424
48404232
106947332
50516835
159188264
86093829
156824893
108244350
149941198
63211731
26689540
23913809
149655308
69001136
103034845
59268522
53354678
154623300
114317368
107842872
42780865
105872578
130552029
43657761
43186131
21199602
151239365
42668745
80138059
91863620
121416936
80218541
148341684
77596304
54142348
42209515
89234310
155091574
111168679
17792680
85396821
29005900
23059343
26529774
43982171
76265858
128138431
126966634
153619671
133902502
61021730
119701070
74736484
154638842
51370586
149445546
25319190
99583381
54121239
53267843
63543566
76079575
132924246
64006643
39159013
51855084
136203767
22789243
19876078
178006654
131470273
58432626
66145179
107154599
37459565
61922193
81517533
149365220
44508845
79424369
58671784
71361809
115957974
80552106
100487494
51759842
25240818
37981870
119127716
53086125
42858638
58772205
90773621
176694074
120015579
85509331
64667290
44254304
107601617
33406549
116699708
130790142
42866199
72523036
67424618
12733579
113914485
89343942
125037886
45544044
113268677
60263370
26698051
17270857
128342570
110721274
15005904
100789045
81437764
18145590
97534912
151890436
122660988
13305673
41552171
52131741
84836059
63690785
51135802
65973171
62647932
60091024
67618569
86126455
88929585
135026410
118918471
115889582
107260773
103540661
7716087
45939802
154958505
162368492
20728402
16276226
113373743
61915840
47834023
97939468
47868202
4615146
157414311
102922632
82526266
87643206
39041119
59704469
82355116
48780893
62333677
45296411
113984731
134784863
52974409
49227166
26475061
81139052
74557700
130943755
72015546
153334265
42755182
34688525
79127843
40670594
35446404
21352306
165807976
74101279
130128932
59300875
48748125
136253112
80447765
61462418
57400569
22341851
40475362
80454570
46909396
71034301
70936795
155867499
107361295
109845413
85810404
104488668
103886307
28316603
85118743
161195904
136013178
29070130
65795944
69030537
80112208
100987118
96209166
115349232
67356097
54827184
86236284
13075435
45912756
110621072
50755861
101281205
56124439
93628002
164797312
110557229
188664693
58992424
42484625
149236250
162072801
75488409
28428630
74633379
32847815
46110493
94851647
85038772
48033697
169403417
83415757
121693122
135441915
84818407
52678172
117989890
93737928
23411183
109680550
41506302
51984628
131112757
97529792
85968374
130824445
36797867
98648196
100028519
42915249
29635114
79060337
83839765
94721419
66664342
135645966
33914238
79224825
75190922
129440551
65113081
80641878
68226433
34705271
110310397
191225608
78427904
69341706
61306468
74538207
170383833
55503884
107372709
13506207
47112444
144343318
17678784
78230632
84690601
50985135
101004770
130280398
141191031
127335544
47195723
51576317
76102565
55562041
79979126
28351238
73423929
163373312
99181827
91958110
126617204
67771007
104283696
105804623
36494296
44109460
53334233
59058000
118988531
114796126
92857189
99433624
108590859
101186444
90076262
116097566
121356396
112010747
7321382
98789412
58505639
63548613
126065235
76699726
65787068
36108874
137140052
59364829
124578619
16668656
29219535
88437852
53994929
140248027
146084901
60303576
93733817
126979668
111750156
100366828
42654123
46818630
81619401
42566367
45355391
124218436
61791825
49772291
13387241
39322197
41547108
69358607
116137420
65418047
86616235
38931187
49528066
101279124
106966053
29978118
114943408
95631921
66114979
55548374
161796825
190551391
143087294
141632465
43305726
137095815
46672144
83341768
48923544
141634261
18088124
92098430
128765713
14787544
61247461
49864531
168893890
85809020
12509085
86347683
139122051
59849768
84470980
47163897
97486973
61066517
87034678
111944333
136810420
43904406
73043931
68450486
124437779
68850512
63080348
109340441
84907001
145738990
39228282
42555663
27351885
43913285
41333921
82872200
148173338
77004849
17411412
85049482
157031320
45016962
26125541
81016582
161511262
92286391
69330352
23341780
85639202
48621265
90440043
63446000
39219483
59504397
96000598
109527480
143531191
15201622
66485912
6675678
85150386
156097960
81791396
61333602
67698605
79886888
60752899
63018434
101604934
77928507
127967773
46210219
52765231
88477058
127016724
72900381
88549885
147033030
97168305
93785955
77908766
111315059
118998049
115188337
19108669
42953110
143616447
64859604
30507292
103601900
134967121
47311049
40673210
121405752
118227253
86739722
20765598
48597213
99073035
89646204
163969390
124883789
35848381
89036100
84353820
78475419
19856241
163402424
78606732
20209925
87843364
131293021
98138791
137668563
120215169
46419464
67757236
152743957
46173573
126776532
88280209
44113431
152184591
22694265
101407360
30039772
168460032
99664368
42414539
85939653
77015016
139717616
73509058
59899207
71646695
108904679
104843670
58030008
134854198
24636342
62457578
129478991
68340330
99970078
160567998
105606568
42183930
67372691
126566611
92726188
56058337
103416716
131862802
65381267
86452167
120023816
189145429
98844840
115924636
22193127
83762346
121133165
86914363
99644116
102611804
99353582
139700658
18695054
161553591
49504957
23140961
44793506
53524570
63084335
46886965
109684479
75009781
111741848
148626978
82916295
73660378
52726883
107267529
138449189
98104904
154533945
90817179
46453603
67827068
7751209
141410342
130722605
80123574
105025230
103414633
152334034
100720418
112494323
51937941
92612657
42777111
155304396
102674437
59289814
138025996
77922577
115407021
148103999
15811796
132904725
146807440
98253072
20621173
62959082
66916680
53886238
117546367
66321726
110738875
160091649
18894830
115858557
49195588
42778294
24008241
20347042
51712800
52976471
27173325
43074130
61994360
56059692
82649258
31641771
63815041
135389882
59330984
123650161
115573000
131761779
31874051
55615156
29220828
70571682
73812699
50444974
80106894
129792397
17019402
46844846
104162905
79310160
83800749
26265372
88511658
38859200
22997607
13606790
78334435
176233627
45445568
82767554
31304153
96492164
138674720
156791230
18991135
165983498
87486900
126641077
140600948
43631950
12623540
82596227
44151542
152603679
158240148
93304924
136209206
66703410
108607259
12505829
83342238
45049266
65352380
137043590
12376031
132716800
19584974
43183102
71722451
166475072
76344414
67383451
83125423
79722763
90125374
53327901
3249940
51591747
98797171
143532890
131031479
124378556
180360067
131611746
58751590
38392635
87859986
84483443
109827244
112771720
165020375
81597353
41304982
158294317
75015854
84247792
60918770
139446606
109249985
21295987
120159409
49619200
156467479
26306737
67995300
114087523
26997900
91288741
142186263
55010862
77001145
101493060
80935948
136905414
151550724
126329219
65859986
165814238
123835922
114182146
81614223
138667235
77947228
127976645
73597058
84448021
124119241
61305804
111941384
139960439
78086500
44268376
117294071
80900800
123487791
58575064
142910895
147229633
119798224
35462030
44904406
39230595
72828721
81259723
87954416
44287520
136271143
158088961
82475670
61128138
25360714
145923736
153849466
75385275
43484606
22406264
2989013
183750629
54228268
139441232
126321742
31400620
138696951
27790337
44327655
115943529
152870660
18121561
66305445
51793754
75989144
16267579
62560188
113502476
85463056
127783386
22613597
62478147
29551044
12277280
173796795
122911217
44023466
83102510
150107857
110893353
42688821
121939311
159317191
130689780
103103473
91324625
147877154
169825723
106206226
100126495
53352337
42855183
66062131
114986461
90036398
60928233
122109923
112262343
43462883
70786877
16261556
81235569
71045069
105137270
149648958
122143780
112587935
18565555
80109951
143839615
20898915
105053359
44256908
80554277
35753654
94977424
61398531
86778459
66854343
24620001
47080286
126455765
85494186
69717277
98277888
57502669
99324486
130016739
95732739
52073021
160602332
104181363
50778919
89499932
59337380
133771181
107510191
64045246
125924870
108750631
75493616
31297940
84388891
82558390
93959129
27008925
119711886
100266723
24702357
143587802
26100359
67749870
102504047
30713062
168718873
76233895
91936778
34502618
63126095
49891647
99260286
102124120
45507642
102617120
89435035
43943978
144349219
139946125
141814751
109213119
39170048
60924237
58295952
158972220
47228412
66820792
88269749
49118841
131901357
70363935
139321686
86309021
102989489
133173404
45655350
129692960
36622006
105288218
101113929
117910562
148847344
128182629
108637829
135070089
81774000
47876675
146121975
64215911
94393567
191135320
58928718
99585126
20429255
96185225
144659477
30230137
71305377
107921211
52614244
143490929
65507027
44549218
96147601
52276901
56987370
124418762
110127774
30856611
101046448
63781993
147021442
24395003
69315838
149630594
97210724
115055524
91441878
56907169
19683153
28011974
54717447
152925169
18160672
120376211
134972507
69739162
119423075
148615460
33796645
154531605
135310065
50780396
55895593
143479658
102781508
50889297
162731076
42095978
45192992
43178967
119088826
98090737
23106417
48815141
21576053
24973115
77096748
128698431
75016745
87159122
106653655
27094377
80438964
86656040
44358664
44258794
78178318
119283703
65736324
190779990
32233735
39387663
113796957
118482690
25216795
87519074
26394533
57342876
85026912
25693162
71697039
91593528
137651691
85362080
73658976
85848189
89602301
150473105
85888390
32209212
56758768
85995249
26176603
93804908
59326173
42145196
100138721
41274664
168048919
139892025
98940698
152686224
73620980
88210973
51968355
103396077
47559494
100959087
5468120
30513449
64149102
101233429
116143553
100141910
163999620
51128343
146728382
114591883
47940822
115444239
112947197
96225674
104616864
89832368
149645729
86805387
114447989
151649187
117660426
8957951
87543161
33076637
25611666
4991738
66724211
120395637
47424095
174791996
117231835
138922815
43107867
107300391
107157144
63625110
66042962
112849188
106435400
97578789
81858507
44853103
144175488
47980353
17257140
50701120
138342699
60957416
29943880
57245844
134021538
116310998
129238769
26992811
84241848
162224133
138534692
29935927
111861915
68441024
21535858
67555051
34291427
56886008
143461140
125213758
44858056
158052161
123343920
132641257
51192983
22749282
68482501
44435272
123332425
66245255
159937223
58379005
63864440
79198278
3604918
46749599
69935766
92233211
71653630
145392435
16844281
41298791
95289801
18099698
50209689
21784806
100886430
63049943
85699588
74559942
135342539
75541478
103408434
83078436
130187956
