102922632
135310065
64859604
35753654
44109460
170979206
14787544
22789243
138449189
55503884
149236250
80554277
168718873
79886888
50889297
7440378
117660426
63864440
143087294
47163897
67995300
128698431
33854720
135645966
82916295
111741848
164797312
137043590
162368492
48815141
106947332
63446000
58505639
137650387
103185802
86739722
113502476
25611666
161195904
78427904
84836059
142910895
44151542
163402424
52765231
65787068
37278839
43657761
107154599
100028519
56058337
82376190
21005203
44508845
98797171
161553591
125037886
151550724
131901357
100959087
79671827
7716087
159201505
116178627
22694265
132571838
136253112
81619401
71697039
109527480
131470273
191225608
123487791
52276901
97486973
90076262
109684479
76102565
32209212
93804908
67757236
109213119
91936778
60918770
69330352
73658976
49227166
76265858
65281270
159721243
129478991
125621867
84470980
23059343
8146439
130280398
68441024
180360067
144175488
113867601
94721419
67424618
79722763
93982845
73509058
126566611
69315838
92612657
38859200
51135802
69030537
85888390
136271143
115858557
152925169
46749599
61305804
95732739
12376031
141888455
137095815
121173851
29220828
21352306
133771181
57502669
84247792
115539489
142186263
83800749
149445546
111861915
80218541
143587802
47559494
172503356
103034845
116137420
63656855
51128343
99324486
101604934
159937223
44358664
19285240
22800804
59268522
52976471
47448056
54121239
4648372
93304924
73423929
103408434
34688525
104162905
69717277
89036100
143839615
28516444
74633379
121356396
41856229
76784406
73812699
117989890
103416716
112277672
12623540
153000451
99181827
134438118
45657473
79060337
62560188
91863620
110310397
18160672
116097566
49740339
102781508
48404232
139700658
16844281
80106894
94393567
93959129
59326173
149648958
91441878
79127843
60303576
126052496
51984628
71722451
65784843
30856611
156824893
112947197
110621072
63126095
123835922
24091042
76699726
57342876
44899513
86236284
85930696
107157144
100266723
128138431
42777111
128182629
91958110
28187309
146728382
146807440
85699588
103601900
95631921
89069038
39322197
27094377
109255150
126979668
17257140
42668745
158294317
128765713
28351238
138025996
100789045
87954416
71045069
47228412
149630594
44256908
135026410
168893890
109666748
112494323
13506207
61333602
143616447
43462883
29551044
185224819
97534912
89646204
31297940
122660988
117910562
12277280
134972507
121264594
36792185
135441915
100138721
147202800
77908766
93628002
88511658
103083375
118482690
136810420
107341544
60924237
29978118
82767554
158240148
61128138
136617958
18145590
17411412
79198278
93714551
86309021
85968374
79424369
13366267
107361295
126065235
22193127
12953178
27351885
68482501
13305673
108750631
107260773
40343166
48033697
144659477
35446404
122109923
103414633
69739162
23411183
75541478
67827068
49118841
93737928
50444974
66062131
21576053
99353582
129711018
20621173
110557229
166475072
122911217
78449479
151649187
87034678
46758328
155304396
79921113
66245255
117057029
160027198
117294071
98789412
124540916
133173404
102491857
19594385
102617120
58751590
138573534
63080348
25240818
88280209
116699708
116143553
64149102
84077473
119642484
78178318
17270857
77928507
136237552
33076637
45016962
23140961
162731076
26698051
115889582
80845013
129692960
159188264
16267579
85494186
45939802
144724341
130187956
47080286
65113081
145738990
51937941
85319812
7751209
25693162
44655740
45049266
35955370
75586899
59330984
118227253
141814751
114591883
60263370
45355391
42915249
70786877
90817179
92726188
143532890
174791996
77015016
26992811
83406905
59058000
114342923
131112757
47834023
69935766
115957974
37981870
82558390
82526266
124437779
137651691
91466945
80900800
107540195
107300391
18121561
43904406
75016745
43662787
24636342
103810519
110856056
93733817
132924246
121379290
63815041
86805387
92286391
112425188
49891647
85038772
163999620
43107867
51968355
16668656
51192983
107921211
139946125
170383833
20209925
72523036
120357180
82475670
75989144
3604918
22341851
108244350
145392435
121129168
36108874
99073035
44221535
100720418
123332425
88477058
24395003
97210724
84353820
103166856
147021442
27790337
98844840
58030008
33796645
59364829
4615146
88437852
139556909
45655350
34291427
18565555
45544044
40475362
136203767
42899093
76344414
29635114
53994929
52678172
59704469
68340330
91885951
25671055
54273392
86656040
52073021
84241848
124909530
83078436
13075435
189145429
44435272
39191629
85118743
29943880
73620980
5468120
169354660
140248027
63084335
81597353
105084212
132904725
31039009
67372691
149941198
130790142
65352380
62478147
100886430
84652921
26426801
168773886
43982171
78475419
39041119
96209166
28316603
69156796
31400620
71599860
41547108
42858638
18088124
79224825
62959082
157031320
163373312
66599456
98163290
86347683
53524570
133044664
130552029
64045246
3249940
40673210
102504047
81614223
31641771
42414539
47295620
152870660
42145196
61398531
50755861
117546367
100126495
66854343
152321561
24211779
156413900
81517533
30713062
80454570
87859986
107267529
75493616
120159409
27206881
74557700
68191385
89435035
188664693
160567998
85026912
40670594
26529774
173796795
150233468
143461140
29935927
45192992
84113345
106206226
113637158
29086006
76631798
86612174
26689540
29005900
130943755
11300179
7869033
190551391
107372709
51855084
137645472
81437764
39219483
97882220
70571682
78230632
8957951
162224133
111944333
12164770
74538207
94851647
43943978
44858056
80552106
104181363
120023816
112771720
101281205
97578789
23629046
156097960
22749282
61915840
104283696
135389882
24008241
136541415
66724211
49772291
60308869
21295987
115924636
50701120
21535858
77465915
55895593
80138059
66703410
63049943
107510191
24973115
90440043
140209484
79979126
153898239
113984731
50823443
66485912
67749870
51793754
91593528
103886307
20347042
20765598
106966053
46886965
135070089
65973171
85396821
50516835
43742127
65795944
48748125
55094138
97529792
138820593
49976528
55100132
37459565
143490929
111714194
168460032
36797867
67618569
23106417
16261556
148342636
84045384
112702765
148619341
68450486
4119694
51591747
106650743
22406264
168048919
31874051
53327901
48597213
71034301
80935948
68850512
42209515
119283703
96225674
125612746
21784806
30230137
58671784
77922577
119423075
66114979
137668563
74101279
11396594
152184591
46453603
51576317
27008925
153619671
42953110
12505829
47424095
63661503
12509085
141632465
42688821
100141910
86093829
85362080
42095978
79310160
103103473
48923544
44549218
115407021
154623300
85809020
143479658
74313494
95289801
42866199
22613597
128656285
24702357
35848381
92870145
108607259
34502618
89832368
26265372
49652346
98277888
87519074
30513449
76501514
148615460
54228268
84907001
159317191
128342570
97939468
39335594
43273162
48780893
87843364
65859986
44327655
101264014
56758768
71305377
32847815
116439990
126966634
81139052
165807976
108904679
98648196
48132392
148103999
86979243
97168305
151890436
81791396
99260286
151925593
80112208
44268376
127783386
86037611
65736324
98940698
202917957
48351162
165814238
128759662
131761779
75385275
94977424
85810404
86126455
66042962
124578619
183750629
50985135
53334233
123343920
119701070
81016582
144349219
156467479
157414311
85049482
62457578
100987118
51712800
102945640
119127716
127141041
61994360
155867499
110721274
118990453
24769136
162072801
101186444
66321726
16276226
12979952
42555663
141410342
77333981
147883746
144343318
26306737
148455397
119752156
124418762
8950555
130644256
47112444
64617305
82872200
109845413
146084901
44113431
125213758
83342238
77001145
124601229
19876078
91288741
49528066
139321686
51759842
48621265
75190922
120015579
136947050
81259723
43631950
56886008
47202026
87486900
113373743
58928718
54717447
96147601
65241685
141191031
17678784
78312301
63018434
111315059
20429255
47940822
164791358
148626978
138534692
112262343
36494296
85848189
56563669
129792397
133178858
21199602
136209206
101493060
58575064
114317368
33914238
26125541
118918471
34705271
88980272
102989489
55562041
66820792
69273746
63548613
112849188
106435400
76233895
119088826
6675678
38392635
30507292
86914363
23913809
43913285
17019402
139717616
76995304
131258297
12733579
51370586
70936795
45745127
105053359
15201622
73304160
99644116
130689780
148341684
124883789
96000598
67555051
90748728
18099698
105872578
49504957
113268677
95641447
53267843
58379005
131862802
112587935
86778459
77596304
143531191
110893353
60752899
36622006
99970078
156791230
21083157
34857892
44287520
142207493
56907169
98090737
28011974
59849768
45296411
108453023
55308600
85509331
44023466
15811796
138922815
55010862
101046448
109340441
141461424
89234310
161511262
191135320
63211731
178006654
85995249
150037763
13387241
129440551
81548165
92857189
31007765
105606568
89178151
84448021
45912756
15005904
68226433
77745850
4991738
112743302
53354678
23341780
139446606
83125423
52131741
65381267
108590859
124378556
131031479
18991135
60091024
37080044
88929585
65079110
117231835
162839095
36086222
17792680
19856241
46210219
147229633
47776220
25068666
19584974
47195723
41552171
86452167
54274725
149655308
19108669
67771007
41506302
78606732
148173338
29070130
127016724
82596227
65507027
154638842
59820721
147033030
101407360
33406549
67698605
35462030
24620001
31304153
82649258
153334265
18695054
20898915
70191722
113796957
44853103
154958505
83341768
88269749
56513082
90278425
64667290
34956773
169403417
29219535
172389917
92341462
102674437
63543566
134021538
47876675
119711886
42566367
45445568
60957416
130016739
83415757
99433624
53086125
55615156
158972220
39170048
83762346
90125374
115055524
73043931
78086500
63781993
66145179
18894830
132268892
126617204
105288218
26394533
139892025
25319190
69934318
76695477
13606790
61247461
74409457
56987370
121122623
176694074
144250412
119798224
147877154
83102510
152743957
38931187
25360714
112010747
135742868
64215911
127967773
120395637
58772205
32233735
122143780
39239643
7321382
69341706
99664368
52614244
114447989
77723830
97472210
81235569
89499932
91324625
97230847
42484625
65389241
100487494
77004849
163969390
114986461
115606048
49864531
57245844
42855183
79476761
20728402
115573000
54827184
46173573
121507908
111168679
50407430
81858507
138665622
58295952
59337380
139960439
87159122
74736484
39159013
41668887
22997607
39389944
150107857
75015854
30039772
165983498
61462418
2989013
115349232
85150386
124218436
27855301
19683153
76079575
98138791
104852653
136013178
62647932
26997900
135342539
90773621
84388891
92098430
132716800
98104904
26475061
49965727
80109951
151674302
41274664
64006643
104488668
77947228
4237231
138696951
169825723
138674720
121133165
86616235
123650161
47980353
24205034
152305643
136905414
26176603
154531605
39387663
46818630
152603679
134967121
140600948
56124439
96460542
138667235
176233627
105137270
47868202
154533945
121416936
67356097
25216795
73660378
146457852
150473105
84827696
101004770
27173325
42778294
74559942
56059692
63690785
89602301
28428630
93785955
164311497
89108936
57400569
134859974
39228282
115444239
149365220
44254304
