31673895
150107857
91063037
57400569
30921946
47748984
111750156
49532640
109214006
150253753
51968355
26426801
136013178
126065235
27227672
69001136
78178318
98447207
46749599
39474417
41688227
30264062
27211281
43662787
20347042
37690620
78230632
168718873
30507292
43904406
78504817
42263644
121880423
26975647
117828820
203779772
99970078
75190922
115055524
7716087
113605562
30834165
33201159
71543884
130689780
97796753
26973967
105804623
139717616
24211779
119642484
36517109
80829933
35018304
56758768
31391679
68191385
39322197
50734714
35084587
7440378
46206803
115349232
50149761
57616385
41469609
123313813
137043590
32693653
103408434
56559069
151529521
34984934
65352380
108750631
29801892
80822125
47036640
18160672
132571838
176233627
144250412
81488726
138534692
84183580
27890183
24364995
36020696
65859986
41492397
112849188
26698051
100954548
61905477
24696203
34413329
36132056
118873785
73620980
89646204
174791996
131761779
50071021
24831686
53354678
60752899
112517289
79979126
134859974
106185353
111941384
103365572
75695224
69315838
54274725
60589415
91324625
154460932
45939802
30203521
30780839
25629320
43268744
61777231
77333981
84470980
28693092
61419044
51128343
118988531
35777071
34402265
121782337
43982171
88980272
59058000
71646695
114796126
93560379
44657475
30843895
74538207
47080286
108275131
27786335
39080986
126329219
69273746
73660378
41333921
55010862
85476521
30677960
41647697
124713998
130722605
91466945
32288202
87519074
115606048
85049482
51549038
4991738
144724341
28187535
108185688
91155106
36327495
46196166
93697783
49388121
98029852
91441878
27067056
43241086
49710555
28106058
114447989
96395164
32039671
190779990
100959087
24685197
84353820
48153573
26466683
113502476
34690079
136905414
58080530
47195723
25633434
75989144
24882970
48354112
27440581
32043257
88612813
87859986
101070794
76995304
44258794
87463398
130016739
122169051
35684152
80034812
124418762
137140052
146117452
154533945
161742901
55615156
68850512
79549530
63158321
26276295
142592051
27393382
36439060
74409457
27641358
77001145
165983498
58505639
165020375
24639200
25410369
102617120
51442185
152686224
26481544
26914968
86540884
69717277
121264594
107842872
87432626
113405823
26584279
68408026
108763763
55383133
46173573
135817929
107601617
103189155
24639837
61066517
24864190
82185171
37700646
196053304
133752069
53592599
161195904
107510889
25962215
174242848
120015579
43913285
29672031
124967468
63126095
77928507
113268677
121133165
65079110
119318569
96838473
142946946
82244629
68340330
68923698
127696353
110465593
43742127
147673134
125621867
48351162
26210363
16668656
44975659
33931132
45957582
85939653
31697541
27140393
27345780
26421566
69559716
53886238
153497185
28061917
31459697
108910102
120153149
158587964
106034798
104283696
30697701
36857480
26320775
25280843
143587802
30106491
139358010
100141910
130934841
19285240
32122904
102989489
45445568
87078524
43657761
42953110
103396077
56059771
32891038
134854198
27855301
99585126
31229907
29050199
35460597
28351238
76102565
79010009
11300179
71599860
88511658
68019783
29117887
69437279
180330333
128045129
108590859
117413130
18695054
103886307
82916295
32233735
155046844
132641257
35848381
121507908
114251382
42289691
115444239
129872140
71361809
101743086
32122095
135310065
16844281
47940822
62560188
131258297
21968780
80552106
22613597
119127716
42866199
43183102
82596227
24636342
124601229
96460542
144261085
27194593
153213214
53563283
27592555
121526088
25136273
114775659
150233468
152184591
68441024
48349663
52614244
86907939
119752156
43178967
125213758
4237231
62395811
99170631
48609185
128182629
29551044
82767554
147029073
18991135
27722914
51759842
77984465
85509331
159317191
86648060
100159170
71653630
111168679
156493752
64998367
13305673
134967121
26475061
65280757
44508845
24575750
73304160
135389882
115407021
38106436
69330352
8950555
144175488
25641515
42414539
49652346
85605876
109789539
116200521
88439578
119798224
25085018
109680550
112615525
107050921
87543161
29013283
108904679
170979206
38569617
49385471
161985052
87643206
132829843
30407561
151258179
116137420
148342636
86612174
131293021
148847344
136237552
164910236
74313494
73658976
98844840
36933584
93733817
20881237
33115318
44023466
27421167
43484606
30304045
50444974
25223773
136253112
27154401
113984731
75180947
38284885
45214327
51855084
50209689
74633379
108409294
75488409
86126455
115100277
126471445
106206226
79898676
70606802
26928024
90076262
117989890
159495548
68694664
102126435
53587560
91593528
131862802
158385028
51397093
38754538
139960439
26559771
25694354
26849161
35682805
187580865
63690785
79591654
27702579
132571294
172503356
61712391
130280398
90760665
31875179
28563058
146807440
66485912
31198782
129159222
78220690
26476529
142186263
148341684
62343557
60263370
124909530
83255154
76784406
15005904
155769662
111861915
26225322
75016745
122660988
34904758
25770863
86309021
32437764
147606643
37363985
44100170
78475419
101264014
32069635
35041084
37602927
121379290
85038772
99808939
189384346
141191031
71722451
152870660
82504405
28620645
42566367
73890463
104852653
62983733
149091622
42755182
43959277
24395003
112425188
56124439
89108936
29274296
66145179
42688821
42780865
24620001
42874278
138674720
63018434
111612806
29873925
67497830
88272229
147777244
35462030
86914363
90036398
98063729
65261531
30664652
96225674
116439990
135360459
102493135
104488668
92094747
66916680
138922815
54121239
160567998
103103473
99664368
31407113
159235077
80859381
25570372
86165561
28699553
96492164
38765871
49694641
67383451
46267390
112920101
83125423
103166856
28938599
159188264
24991667
50981956
151925593
63080348
55219219
62116472
142325955
59704469
153898239
32495715
37033580
79886888
57444227
82546584
126278374
145514834
44837783
116791165
132268892
16267579
56846395
38413736
79765888
30392572
31674024
168460032
153293723
48738921
78762474
92402784
24091042
127085298
157115712
66114979
75851299
129397306
78301903
59326173
61305804
87993602
32792457
45655350
27651408
102491857
136758091
28356001
27016512
67441009
85494186
103168312
44549218
90835327
79476761
26065453
143616447
145392435
26689540
152321561
89832368
34776458
65113081
52644201
120159409
78559883
124023629
108560898
25863832
76631798
60957416
173339904
43615494
102945640
111531789
87954416
139661416
54050560
113796957
133771181
133178858
37981870
28516809
53669063
80138059
33785397
38357275
81259723
59364829
36108874
53086125
82409389
139446606
120621991
164490373
42654123
116394177
73587960
88900472
90020617
154958505
69876895
88477058
147402694
82355116
127162553
96772897
128543520
97337120
185174845
35706515
82649258
66619160
56563669
21083157
43273162
137668563
44853103
29861726
18099698
81064693
66305445
25497465
26800577
117660426
38711611
38185391
29692950
126321742
116143553
67698605
52073021
61637175
174752323
66150376
149645729
84776070
32921212
82891376
80900800
91089381
167447287
43507404
35788318
52974409
26112278
62426563
28462759
84077473
35098001
155091574
42166501
135082892
31297940
27352966
52765231
47834023
27210114
35956977
54827184
88280209
27206881
36414066
41351266
126380773
75009781
148103999
122109923
64417202
105137270
81432842
92612657
83501906
64006643
35427567
101966602
142910895
71034301
158294317
148209438
102937556
144715325
30069625
30310678
49740339
27935939
68951947
27272593
34857892
52067766
33796645
183750629
145738990
116037420
147865392
59289814
27087636
108244350
33527006
12277280
26085805
57083776
33406549
132924246
133371021
28701984
90780947
41547108
64045246
27221207
39082658
90440043
80447765
99181827
133173404
163373312
44151542
162839095
125082818
140323010
130552029
67749870
26064238
86410106
150546817
72308902
137095815
92341462
88970310
91192664
44254304
87990724
103975779
47401686
25247712
25051213
148619341
90521213
110856056
27204423
26992811
92098430
140394532
164287074
81774000
84294143
122911217
78346934
60171643
61994360
30713062
24946043
17792680
47202026
126979668
138696951
24470883
28872782
148626978
28262093
61818094
31495330
77386217
58295952
112771720
162731076
69227232
96569021
70571682
153223030
22749282
174436732
60091024
82526266
101331330
32526961
25397653
48132392
117855633
22341851
144946995
148615460
77567847
25814864
99353582
69030537
161796825
27767946
63049943
136209206
120357180
47868202
115332107
134021538
30092373
73835923
94960265
85639202
53017364
24510782
27317444
93982845
42855183
78492657
104181363
18565555
126929137
141814751
39219483
32129890
168048919
79722763
30197237
46419464
83415757
26019580
35078297
50723219
125892212
105053359
29986660
150037763
129502582
46248843
121138057
24602628
55524999
38979497
27266125
147562983
83342238
91213057
27975059
144553740
55094138
50889297
105872578
154623300
178006654
65241685
131206264
99583381
54228268
133044664
30386034
30343368
170383833
43305726
136947050
25696856
64667290
110098453
12623540
34805524
107039380
26374290
104634446
144480695
149445546
36695187
63864440
140600948
122354674
76699726
93714551
66908669
117057029
112947197
120376211
117337268
120023816
131113622
95641447
55201564
81173343
56059692
162164090
148173338
4119694
25068666
21199602
29636775
116178627
23140961
34688525
43897322
51348537
44327655
121274267
86778459
127141041
109527480
88085433
125859563
27703354
53524570
127976645
29429612
145923736
85150386
58616482
27418625
131668187
71146114
29329756
60973870
27656774
29820951
39303524
29426880
101186444
143479658
93959129
100138721
61462418
65784843
49891647
28233183
25885361
138665622
31793481
113141288
60153524
35933172
89602301
31983312
129140802
157414311
153710207
156791230
53352337
36173292
27024234
41856229
26284814
94063396
30930232
37766968
98940698
143461140
57311671
112010747
89669859
30850396
165988896
29408744
71560018
93628002
93737928
146084901
57571832
36065581
139200497
54591419
77947228
32874336
46699960
96209166
130824445
76233895
86155926
29664645
45276464
31230357
69935766
29749093
50823443
50813520
142207493
61247461
26794195
65381267
111944333
103810519
29271770
42710287
97320049
121441517
81437764
158052161
156413900
129720348
157393448
91288741
50705437
140248027
24702357
53327901
65485271
137651691
51591747
36944827
114474914
29407910
45049266
29635114
101067341
25671055
84388891
71494896
128656285
48123426
98104904
129792397
76431238
82558390
72308064
28699564
12733579
91196672
24589727
54351430
104011064
110127774
30603990
101279124
48748125
48923544
77922577
44109460
62959082
20621173
124119241
165814238
124540916
55490302
163353637
138187462
103034845
87486900
118227253
106653655
179552540
104843670
105606568
29978118
57099768
105264780
97939468
86347683
138573534
90125374
98797171
109623916
30375967
162368492
127580660
78079599
175366784
104864775
28727549
26509276
25125912
143705931
64196646
95631921
26198141
126966634
29133679
59820721
93167499
169909667
202734779
117546367
84619930
47893022
58992424
29194874
42668745
14787544
71515588
164791358
42777111
28043497
26461738
163402424
107372709
35058286
40673210
88924068
29181017
78021042
24559762
84247792
140321533
66703410
28943462
54245881
77096748
34359238
78086500
35588720
39207368
83683106
41602113
39485376
142196981
7869033
25507530
45968561
110496089
136541415
54150232
36360792
12979952
109213119
26341851
24691503
25221429
123260100
34385379
62644055
111761487
49491922
63815041
51932573
39240284
30271301
28044666
122633073
85968374
52131741
165695397
44413597
147021442
56886008
141412951
95289801
69358607
88210973
37561256
102398126
72287001
101407360
29220828
59330984
90442006
108784781
76344414
44793506
95799216
84818407
45967922
38837925
54477550
101046448
123487791
122607065
99652537
64189272
106328699
106435400
87784443
51937941
25082229
155304396
3618305
84690601
27776862
81858507
65118113
148988648
115924636
115539489
32661328
67828905
30497246
27406454
84915320
92610114
26365267
27416616
41223727
51793754
123343920
28291944
20209925
34885578
30149453
138449189
26509980
60346028
31687096
144343318
27394763
107925157
128698431
137409545
102504047
106208777
140411786
58928718
60924237
52976471
116665579
28290228
37366370
128510048
36745429
61759678
36622006
24345877
53801602
57153823
146613747
63656855
27162914
13606790
46844846
96643198
35140005
132560695
67995300
47686377
38473056
30230137
109249985
140960754
77004849
27097924
22789243
163537029
112587935
37454967
109290247
75815632
81517533
131031479
129440551
139892025
136542440
52678172
126052496
150110622
127283963
26271537
120395637
80109951
17257140
29693583
116699708
140914860
31924708
166475072
47876675
34030335
113091338
33507094
63625110
29906136
87668506
37913192
115887710
16261556
136086378
125430778
58379005
157634399
73268206
58575064
138658938
128950089
18121561
57342876
48078410
74257582
79152548
103009455
143839615
74557700
26529774
133828612
143600289
32697267
182174186
139039214
45371191
101233429
81478868
74748347
29299668
16276226
89435035
117294071
56299574
103122243
48033697
68450486
103028757
162224133
80531493
75018570
164797312
45192992
55085977
28187309
141632465
161327415
166892603
29070130
35523504
91863620
93551455
28807093
28979902
26340489
137645472
110257377
103601900
38466771
25611666
83673428
50755861
81666848
139919022
84045384
39389944
163844133
25240818
126479635
151674302
34058565
32395038
83574764
26125541
124578619
27433913
37278839
36738677
29343750
47559494
53994929
55548374
43085550
116310998
112262343
83130204
32662783
48338311
61065857
121173851
97486973
31633763
132271649
46898372
29935927
30978184
69304882
35712613
107083770
32169834
119633114
66854343
125924870
43018286
63507537
12164770
58165791
115573000
93804908
31400620
88929585
83406905
65389241
25607483
87130340
34400277
138342699
90222331
66412707
44904406
83567815
111312545
31874051
154325611
121515525
175162645
91490233
160027198
81139052
169354660
32043100
54238347
158240148
103870653
28222458
22193127
25693162
56058337
32209212
79127843
37497755
42778294
32965284
23411183
47905672
69341706
110326841
163857598
28821062
50376508
34708184
40343166
24638168
34492297
102781508
113120029
71746855
76265858
28530935
154479368
121356396
111741848
36259152
25284195
147883746
112494323
151550724
70191722
153899006
38150912
96393575
48544670
90748728
49118841
32587929
50701120
143532890
25881657
69925148
95732739
152634808
55308600
17411412
109845413
159721243
133642545
66820792
26100359
162072801
46818630
38462151
27164044
47448056
124883789
86739722
38460431
173796795
29082398
122481800
80458967
43462883
110014622
95688203
97083652
127380756
75551368
26997900
115858557
67827068
70786877
82475670
85463056
25171639
129692960
29219535
77723830
76501514
32531932
114591883
34108644
19856241
25032356
109896161
114986461
99260286
124260784
190551391
27964471
110557229
188664693
157031320
85319812
36494296
101493060
26688527
51874509
106030011
51712800
40670594
27008925
29125065
69230646
146303775
62696453
26117390
30779202
33317068
49772291
36259500
67372691
46453603
118189580
158535945
76962326
165307492
108080969
126455765
45180681
147202800
88549885
73423929
96000598
26590201
97357936
39387663
24520871
60751167
97627240
158577318
90278425
114340399
63543566
93172577
89178151
45811386
152699316
105440199
82748700
83508185
27817508
71045069
176312961
128759662
65795944
64215911
123332425
68733663
97681476
26881437
78606732
34365759
3249940
86979243
120360327
61128138
81614223
91820303
155867499
139268077
29364747
25967171
117813615
128202092
46909396
47163897
144689441
85396821
83114469
62747304
37237078
13387241
25677051
28054425
165884636
31039009
44622193
30039772
152925169
29943880
27411137
171973499
90817179
81006987
43467487
28661694
130741033
2989013
46210219
131640942
92286391
111990879
23629046
110112252
43590573
27956870
100651350
116229757
84483443
97214278
61728593
117910562
25036593
33525481
110434237
57926752
83102510
101004770
41304982
117184317
65251203
29612537
149068409
77015016
51370586
39495360
46992218
69014579
126776532
95059618
119874911
129445769
35955370
23913809
87478300
87303755
31963203
144046272
27351885
93304924
55562041
99073035
31665991
94977424
63661503
113914485
32926011
47456642
108480789
79921113
50110848
71814288
39230595
28125142
32926638
85809020
145386058
29151613
64617305
60948730
110721274
28517698
82062703
149630594
39191629
25777068
38111352
110738875
106335853
24802649
57245844
47980353
115943529
128193668
107611037
123892180
31641771
84907001
49839397
98648196
114342923
39159013
66321726
61791825
29251055
68984773
61857926
119306316
154638842
117299013
87740826
33447176
32966214
32744341
63446000
26167136
43034640
60103693
44268376
87159122
53842610
30577951
61922193
114973703
24205034
24660676
161483425
81235569
105025230
81791396
29207412
132310932
109186960
157173667
20429255
29154268
109255150
38410698
62888518
69060392
26971055
136463916
15201622
97210724
48404232
43074130
147229633
35104583
137168879
27229927
121129168
72164962
46672144
30105001
76695477
29339013
105658893
31003800
65507027
58751590
104162905
39228282
81016582
152743957
131832654
139946125
103083375
126566611
115110859
67757236
47776220
32400643
76193783
100042449
82760249
165807976
86236284
81619401
130237142
98253072
54273392
33080853
129478991
101468566
123536927
8957951
118223006
117476932
149236250
51616139
105786753
89069038
141888455
124218436
135868265
66724211
28703707
140399035
31050055
117833974
130908894
138025996
24008241
88143558
24401863
45307764
35202807
100487494
152579464
108637829
78427904
61915840
25433044
100987118
151890436
32960846
67424618
168893890
57151413
24850970
153849466
158088961
146728382
166735807
86656040
12953178
33914238
120215169
105274988
75385275
151239365
42145196
28544337
86983136
108881160
73043931
107650544
63781993
132904725
55371243
51192983
102311813
43251251
62342040
126014397
73330810
119423075
27391757
152334034
150020017
79310160
139122051
117553035
37088437
124224434
184585709
110310397
68266003
86162743
111930701
135342539
35417702
52726883
85848189
27173325
65553558
37762837
44113431
18088124
147877154
41668887
28516444
69934318
36588981
61333602
47295620
87843364
30522416
53445726
164311497
93411268
100028519
4648372
38944438
42350431
80641878
59337380
127335544
26000472
24691533
127948926
128119793
141814410
45227483
42216679
43504206
80487533
48815141
54398409
18894830
46886965
81448785
121939311
89050587
142039492
149560876
25252641
128766099
82872200
191225608
60996844
30189718
156097960
27094377
47112444
37459565
77745850
86026513
43631950
92924422
125612746
85819559
51843970
71028002
81597353
42858638
84652921
60928233
64149102
27790337
92865634
26241956
30636659
43943978
77451658
41750472
44256908
62647932
116707273
47311049
34119637
39041119
139441232
146167653
89557764
21576053
168773886
77908766
31000634
42143466
60303576
121405752
99324486
91429150
100556566
74083143
63030730
85118743
77403711
96187300
25447567
147039727
117052846
24973115
101604934
30235384
44655740
27773785
45016962
54823226
127554847
101084055
57676137
84836059
36792185
58671784
32737949
77724718
159937223
37677992
39170048
31479452
26100217
30911611
144732766
62478147
54142348
111192783
41552171
12509085
159251584
27516653
42183930
97472210
25541830
31735724
91292372
33312215
59946837
153634310
70363935
31709047
37818376
75406291
141097907
101192041
89234310
109684479
81548165
91885951
42084636
29905763
28000970
30856611
78334435
88269749
95876415
23341780
42880022
86643287
103414633
45355391
104616864
25284976
60843857
29144816
122154004
32106157
27127827
31531593
24763916
58772205
75541478
28331708
128601165
126623363
54270444
39108927
26364423
25130143
35861868
29005900
60089782
152603679
118998049
34823807
130644256
52276901
141461424
114317368
106650743
153000451
59408640
109033182
86857352
56970037
149415562
26004456
161511262
41506302
72302627
80106894
48920209
77592053
30096203
61021730
50771240
152760307
136617958
145748607
146121975
156824893
83435005
105084212
35988395
25360714
27742785
99064876
115957974
108607259
138667235
58088296
117744105
25153789
38666079
31733345
36562747
28228988
83762346
66042962
92857189
35328719
52139446
27219705
28992517
50771318
55503884
55100132
105306944
84113345
93785955
94548524
27765484
26358982
124437779
163999620
119701070
87653743
43424229
98765584
55895593
24822631
74394095
76143282
38327529
26565438
100842047
74087066
111678522
29243957
27231964
27772524
24688127
51984628
123650161
189145429
141081013
31108894
96727090
24611252
30968229
39239643
132733846
22800804
66664342
119283703
29951874
62766403
44858056
97534912
131901357
162142154
51135802
51576317
134784863
38357230
85024134
114029800
92073125
28375683
49195588
79223760
132555406
31304153
45213882
92233211
25905339
68709501
38112960
86616235
53629855
96283491
26050126
141634261
120672057
48780893
32111839
73612340
75788001
32182222
25206679
160602332
113637158
25857893
52799550
12505829
85076647
134438118
115366387
29868155
135441915
41274664
44090971
42406788
43107867
28922785
84827449
43392963
135070089
65787068
126617204
71264416
55828191
33211145
28689240
34604593
121122623
128765713
28111414
28350012
60308869
70259580
38156554
44358664
138742177
112702765
139700658
110004139
125927582
94457387
59899207
149365220
138301930
42899093
48621265
27072189
89343942
33076637
176694074
94721419
29871906
45178431
139441216
135308324
164156654
132716800
80035301
172389917
44899513
157133282
28316603
41473671
27883314
38534523
29943298
115385449
137724433
33347631
23059343
142943978
71718582
67618569
110893353
35756368
65964305
161553591
114182146
139321686
35301558
113373743
119907705
71538080
26306737
156751587
29392289
33533684
164676185
169403417
30616648
193587831
49864531
126641077
149536453
96961690
44221535
88437852
52557602
42915249
19108669
25713863
92870145
71697039
30835736
93663224
29763464
41908440
24424958
50985135
99644116
24861861
107300391
74559942
27068740
77465915
94654464
115188337
88085667
34453617
104368815
87154828
37662583
62998048
129810929
53334233
61214920
26768452
65973171
32580934
70610647
86093829
19876078
103540661
85930696
79224825
66245255
107341544
80845013
37080044
76188088
117884202
166107713
136692337
31007765
49504957
144854451
47424095
79198278
136825076
155559833
118990453
128021603
121249370
67555051
22406264
35298160
121416936
143167990
31048420
68491983
158972220
57328609
85699588
38789720
34149736
143087294
84448021
125037886
100366828
158364040
114937123
107510191
22997607
50780396
39335594
75030710
29613993
30150639
55964573
6675678
59268522
26681096
121693122
44287520
33126628
37545584
24769136
36013859
39102185
35501168
79671827
38032452
111315059
64336452
137521434
84827696
151649187
73597058
36019696
80218541
97882220
47287507
117558868
98090737
99433624
102234967
56513082
37157557
25780510
37413977
51660353
65281270
24757041
93303458
30565557
101113929
97578789
40475362
176315172
61479698
72828721
49227166
59849768
202917957
108155328
68294154
42209515
30522135
50516835
84328274
103752643
34155855
38479018
103185802
89499932
53267843
71044803
24397388
139556909
27646817
107260773
119088826
83290103
35341714
110621072
34956773
45296411
34291427
58030008
26265372
27071353
114153312
156467479
77596304
41558689
42484625
73957810
98163290
127967773
28931227
25486867
36050414
133633162
154853758
19584974
62641861
83233673
131611746
17019402
155065844
100886430
144349219
125631247
124378556
83706842
69739162
31185769
73424899
30672280
63495023
35443066
85026912
101281205
75015854
46254411
109827244
136271143
78312301
185224819
26536946
138541984
83800749
132324874
32923476
127783386
66922242
35218033
38931187
25216795
85034920
42555663
38626704
36797867
130790142
45912756
36942582
72283192
147202458
29354100
32543711
44435272
38859987
17270857
133650295
81786605
102922632
25152047
28625113
131112757
73812699
91936778
129669045
70936795
29919100
164109115
36397196
80454570
96147601
126996161
94851647
49528066
168940702
130943755
68137668
107157144
66827505
38392635
31751000
33791391
95985471
32012482
32253962
100789045
102124120
27111738
105957690
60195194
86452167
112743302
149941198
26258745
25380967
118482690
71305377
105288218
93334782
156060066
149369355
83078436
59046178
21352306
30242784
70460004
74101279
123055399
146457852
49619200
5468120
136234968
149997967
89738556
119711886
79060337
107416786
20765598
33854720
4615146
157004228
114943408
25347352
41298791
36308526
116097566
101101931
74736484
151549594
28011974
136203767
19594385
122227200
127481786
67771007
107155687
34888322
44133463
116292034
37840009
21535858
31427820
82488777
100271821
84241848
46758328
103416716
33991864
11396594
34619460
67026660
79424369
143525131
35446404
77373458
47228412
107921211
65736324
67356097
33257789
59504397
31316131
61401982
28428630
92641815
27535008
38541863
133902866
88803882
69156796
87034678
28152108
140209484
92726188
109340441
100266723
68482501
8146439
15811796
76079575
105857273
107540195
63548613
30886010
134972507
52474016
85995249
133263127
148455397
142909294
149648958
81647573
93620790
158271005
107154599
33325479
79555693
42103108
136810420
35753654
72015546
114087523
98789412
149481073
155280513
44834444
20898915
131470273
130128932
34705271
94335129
32766740
75493616
27598017
61862146
191135320
85749063
136858426
37306096
80974133
45745127
29058630
169825723
143531191
106466842
100216272
45657473
97856190
157750855
58939600
46787761
34502618
25527975
62333677
72900381
73509058
46110493
137650387
153619671
182592160
80112208
135026410
62882359
42250190
28155161
137612150
75586899
49976528
107061082
3604918
156730679
86037611
32847815
25683640
129238769
26394533
143490929
26762197
58772377
135645966
97230847
66599456
39331514
98138791
31290781
97529792
127016724
28438619
113867601
53254134
61306468
84476122
44943767
100804742
88440174
56987370
48597213
57502669
50778919
24990408
23106417
36086222
96668100
81623020
57254260
130187956
36147665
37559386
101781921
100720418
86805387
25223144
25179305
85810404
83341768
85362080
102674437
174704385
42095978
27722049
100159204
51628436
111714194
111541340
160091649
136407996
62457578
63211731
72523036
82280080
25563761
53413938
27702533
159406367
138820593
154531605
82376190
154742338
144659477
81493291
117231835
59300875
21295987
122143780
115889582
135742868
77729592
61398531
97168305
98277888
21784806
102611804
30643341
153334265
80713103
160125447
142200931
31885474
41232576
70186992
56907169
53596018
71930374
79874164
106966053
94393567
91953599
38535847
25319190
89036100
86087979
116906246
50981876
168925692
105363828
31530629
91958110
135090725
178867748
80935948
135010534
107361295
83839765
112468985
65418047
28022852
106947332
80554277
96185225
89406876
26415151
13506207
45507642
113395024
141410342
131668921
85888390
89035746
24435201
70002914
18145590
80123574
106588021
180360067
128342570
148358202
109666748
149655308
57556528
45544044
13075435
58432626
29174523
17678784
86111483
27484791
68687731
159201505
29086006
27969429
60918770
26176603
68226433
27849941
75288413
7321382
21005203
37614928
97151494
22694265
66062131
32351429
38859200
107267529
124205889
93543993
34030566
100126495
79348372
163969390
73976738
76596306
129711018
12376031
112277672
31092627
149357652
164128615
123835922
141320875
63084335
50407430
142093054
42005263
26565165
174900681
139659219
75582591
19683153
20728402
108453023
49196871
152305643
118918471
13366267
26429264
80438964
90773621
96241879
150473105
26981958
147033030
31198302
141340118
133902502
30513449
64859604
30388970
128138431
49965727
43186131
78449479
54717447
