138667235
158972220
104181363
84388891
64215911
42688821
42566367
96000598
111861915
111944333
55094138
137043590
4615146
44221535
45912756
142207493
29935927
168718873
43904406
44853103
88437852
96225674
108453023
27008925
147229633
16844281
79671827
131031479
66820792
20347042
58379005
140209484
97210724
137668563
160567998
154533945
118482690
47448056
43943978
86126455
64667290
120159409
89832368
87954416
74313494
62560188
36108874
65973171
36494296
116143553
66599456
115957974
108590859
131761779
125037886
75989144
65381267
37459565
61398531
44549218
66703410
13075435
55503884
77723830
154623300
17270857
42484625
148173338
96209166
22694265
35462030
93804908
44023466
122911217
99073035
15811796
44508845
36086222
63049943
22613597
106947332
15005904
44435272
98940698
71034301
63211731
115444239
94721419
103185802
99181827
7440378
121416936
122660988
81437764
19108669
45355391
84448021
24636342
115858557
107157144
77922577
60918770
152743957
105137270
26394533
76079575
73043931
6675678
124883789
74101279
39228282
89234310
162368492
60263370
51591747
103166856
14787544
83800749
107540195
127141041
25671055
40343166
69156796
75493616
163969390
67618569
136905414
2989013
99353582
58928718
81619401
80112208
75016745
92098430
62647932
97168305
18145590
63781993
134438118
110856056
85968374
69315838
85995249
4237231
69273746
25068666
101046448
63018434
71045069
79921113
91958110
26689540
89646204
78312301
24205034
100987118
12623540
81016582
85150386
43107867
103103473
18088124
100487494
77596304
106966053
143531191
149648958
133044664
149365220
93714551
137095815
86347683
114447989
26529774
162839095
123835922
84652921
98789412
50755861
51759842
26176603
50701120
134972507
34857892
139717616
13305673
34705271
47112444
7869033
64006643
123650161
144349219
143587802
92870145
30230137
98090737
77947228
28011974
50444974
76344414
70786877
100028519
8957951
73509058
176694074
90076262
94977424
101186444
83342238
66062131
126065235
83341768
65784843
108244350
133178858
143490929
35955370
51576317
147883746
43662787
61994360
58671784
141461424
44254304
117989890
116439990
83078436
86037611
112425188
60957416
74633379
85038772
29635114
71305377
44109460
103083375
71697039
67827068
59058000
39322197
118990453
154958505
87519074
55562041
68450486
107921211
147021442
127967773
92857189
48923544
35753654
139946125
136209206
127783386
151649187
105606568
56124439
53994929
61462418
89036100
41856229
51968355
47080286
100141910
12979952
56886008
73812699
102989489
130689780
61305804
135026410
143839615
107267529
24395003
86452167
44268376
158240148
115889582
24211779
140600948
139960439
74538207
89435035
65507027
99433624
30039772
150107857
80552106
146728382
103408434
68340330
73620980
79886888
24620001
139321686
90278425
73660378
49965727
85809020
12953178
113984731
112262343
23140961
76631798
91441878
113373743
21199602
34502618
46818630
36792185
77745850
49891647
162072801
98163290
57502669
25216795
142186263
107260773
3249940
136617958
25693162
119088826
42668745
20898915
120015579
59337380
49227166
102674437
44358664
99664368
66114979
129692960
185224819
42777111
47980353
75190922
87034678
100720418
37278839
138025996
13506207
80106894
45745127
30856611
153898239
24091042
24973115
47195723
98104904
97472210
87859986
109527480
49528066
91885951
138449189
164791358
76695477
83415757
79310160
62959082
106435400
159721243
104162905
76699726
27173325
57245844
168893890
82649258
69330352
132924246
132268892
91863620
86309021
55100132
69341706
63661503
16261556
48597213
116699708
47940822
48748125
151925593
17678784
164797312
112587935
130280398
53354678
105084212
39191629
52976471
119127716
144175488
26265372
126979668
102945640
65079110
15201622
130790142
91593528
12376031
125213758
77004849
31007765
47295620
12509085
117660426
113867601
42855183
152925169
135742868
67424618
32847815
19584974
156791230
65352380
137650387
62478147
8146439
11396594
51192983
49504957
189145429
63080348
56513082
41552171
117057029
136947050
38392635
43631950
19594385
5468120
59326173
23106417
68482501
98648196
147877154
75385275
118227253
159317191
114591883
84470980
165807976
61333602
48780893
144343318
43462883
60308869
90817179
84045384
107372709
101407360
107341544
110557229
54228268
18894830
96460542
22341851
43273162
83102510
101493060
111315059
58751590
137651691
86914363
128698431
157031320
139700658
42095978
84836059
47424095
47163897
51855084
140248027
102922632
78475419
130187956
20429255
114317368
158294317
129478991
144250412
138534692
52765231
81235569
124601229
115349232
104283696
114342923
53524570
84907001
18099698
108904679
130943755
27790337
67555051
81259723
19683153
139892025
99970078
47202026
96147601
63656855
99644116
61247461
28351238
47876675
51370586
25611666
17411412
86739722
18121561
19285240
152321561
58772205
18160672
148626978
98277888
78427904
85810404
110621072
67372691
124578619
115573000
52678172
69934318
74409457
43982171
135645966
17257140
39389944
57342876
71722451
53327901
52276901
131901357
98138791
40475362
83125423
56987370
54274725
38931187
31297940
31039009
50407430
126566611
78606732
20209925
97882220
44858056
69935766
97939468
117231835
25319190
149941198
85362080
135441915
90773621
135389882
103886307
26997900
119711886
121264594
120023816
76233895
94851647
50823443
43657761
112277672
115055524
63126095
170383833
70571682
100138721
49864531
39335594
79424369
151890436
24769136
41274664
76102565
40670594
17019402
124437779
157414311
80218541
17792680
130552029
63446000
34956773
65113081
60091024
30713062
47559494
79127843
84353820
112702765
118918471
29005900
136541415
136253112
69717277
126966634
155867499
121122623
40673210
168773886
84113345
99324486
135342539
128182629
103810519
76501514
109845413
89108936
85026912
81139052
183750629
150233468
121379290
117546367
100789045
66042962
165814238
143616447
36797867
153619671
65736324
22789243
98797171
113268677
67995300
29219535
160027198
134859974
42145196
49118841
119798224
41668887
136013178
79060337
82872200
150037763
85888390
95289801
63864440
113637158
138696951
28516444
101604934
33406549
66321726
89069038
143532890
42899093
161553591
101004770
42209515
44899513
148619341
134021538
121173851
133771181
44287520
49976528
23411183
79979126
45939802
33914238
49652346
80554277
97230847
106650743
135310065
88269749
159937223
100959087
42778294
122143780
51937941
81791396
81614223
162731076
103034845
29070130
82526266
45657473
104852653
138665622
124218436
79476761
156824893
80935948
114986461
25360714
48815141
97529792
60752899
85319812
105288218
45296411
97534912
89602301
52614244
47776220
58505639
100886430
22193127
84077473
58030008
123332425
78086500
85509331
172503356
102504047
13387241
47834023
101281205
125621867
77015016
121507908
26306737
180360067
85848189
54121239
29086006
54717447
56907169
90440043
60924237
21576053
101264014
26475061
141632465
152603679
93785955
115539489
81858507
79722763
169825723
142910895
93982845
66485912
89178151
51984628
147033030
77908766
66245255
159201505
112849188
93733817
92286391
77001145
27351885
191225608
139446606
131258297
74557700
18565555
31874051
4991738
55010862
51135802
59820721
136237552
134967121
42915249
21005203
102491857
57400569
149630594
37981870
148615460
78449479
93628002
138573534
19856241
42866199
86093829
47868202
86656040
67771007
102617120
55615156
77465915
120395637
46210219
178006654
163373312
45445568
21535858
86236284
33076637
29551044
35848381
145738990
129711018
65281270
76784406
7751209
16267579
94393567
103416716
65787068
28316603
46886965
153334265
43742127
12164770
82558390
116137420
78230632
27094377
190551391
123487791
21784806
54827184
4648372
131112757
188664693
141191031
59704469
144724341
129792397
119423075
156413900
119283703
58575064
85396821
50889297
59849768
202917957
33796645
115924636
45192992
39219483
23059343
128765713
39159013
39387663
41506302
123343920
56563669
55308600
84827696
70191722
42414539
87159122
50985135
103414633
64045246
95631921
44256908
119642484
107154599
19876078
128759662
12277280
119752156
48132392
68191385
80845013
151674302
130016739
88477058
27206881
105053359
21352306
93304924
141410342
132904725
93959129
77333981
148341684
32209212
28428630
68226433
168460032
106206226
112743302
67757236
53086125
56059692
103601900
95732739
136271143
24702357
29220828
141888455
53334233
79224825
85494186
88280209
82475670
30507292
100126495
136203767
90748728
30513449
117294071
75015854
163999620
21083157
7321382
45016962
112010747
129440551
116178627
61128138
66854343
124909530
3604918
138922815
109666748
128342570
131470273
65241685
133173404
139556909
81548165
41547108
111168679
45544044
65389241
81597353
97486973
148342636
92341462
165983498
84247792
110310397
154531605
8950555
16668656
39170048
26992811
44327655
156467479
119701070
63548613
100266723
153000451
109684479
83406905
85699588
52073021
148103999
26698051
69030537
124418762
89499932
64149102
74736484
25240818
75586899
148455397
113796957
176233627
108750631
164311497
138820593
143087294
92612657
84241848
71599860
91936778
121133165
69739162
86616235
43913285
23913809
81517533
12733579
107361295
39041119
86612174
7716087
73423929
36622006
46758328
120357180
112947197
48404232
28187309
78178318
60303576
56758768
162224133
23629046
91288741
66724211
49772291
88929585
44151542
51128343
92726188
109255150
68441024
130644256
45049266
48621265
109340441
16276226
99260286
90125374
18991135
110721274
108607259
111714194
159188264
143479658
34688525
44655740
65859986
147202800
95641447
63690785
22406264
128138431
82376190
47228412
85930696
143461140
152870660
4119694
59330984
191135320
29943880
109213119
152184591
46749599
75541478
61915840
146457852
20621173
22997607
13366267
20765598
168048919
67356097
105872578
121356396
163402424
107300391
82767554
121129168
104488668
32233735
117910562
76995304
70936795
42858638
74559942
63815041
20728402
85118743
54273392
22800804
49740339
172389917
156097960
91324625
131862802
73304160
146084901
88511658
126052496
24008241
21295987
97578789
85049482
132571838
45655350
36147665
12505829
98844840
127016724
29978118
86778459
55895593
115407021
137645472
155304396
42555663
145392435
132716800
77928507
112494323
73658976
62457578
58295952
102781508
79198278
154638842
59364829
63084335
144659477
166475072
161195904
111741848
83762346
52131741
66145179
76265858
35446404
149655308
44113431
146807440
48033697
65795944
34291427
72523036
116097566
46453603
88980272
86979243
82916295
31400620
80109951
112771720
46173573
150473105
138674720
169403417
53267843
64617305
51793754
82596227
151550724
169354660
18695054
152305643
110893353
161511262
31304153
173796795
48351162
26426801
31641771
42953110
91466945
126617204
149445546
27855301
33854720
87843364
56058337
68850512
113502476
26125541
11300179
59268522
80138059
13606790
149236250
124540916
37080044
87486900
115606048
64859604
80900800
80454570
67698605
136810420
135070089
93737928
125612746
50516835
67749870
23341780
51712800
39239643
63543566
170979206
122109923
174791996
141814751
107510191
86805387
38859200
128656285
124378556
22749282
