12953178
102922632
162072801
164311497
185224819
42566367
119423075
49772291
61462418
48621265
115539489
7751209
59337380
109255150
58992424
71599860
79921113
162224133
88269749
82355116
130128932
117231835
90036398
134972507
126617204
77723830
62647932
153619671
159721243
93697783
146457852
25611666
84915320
56059692
110127774
50780396
136209206
61915840
86037611
84247792
58772205
45227483
42899093
152686224
114796126
60924237
12277280
159937223
143087294
126966634
83415757
46419464
55308600
83574764
59849768
146121975
113867601
147883746
34502618
35462030
67757236
109680550
11396594
15811796
98648196
165814238
145738990
87159122
68482501
98090737
109213119
24973115
103034845
74101279
118227253
23059343
46749599
98797171
100141910
84353820
85150386
97472210
26997900
151890436
53352337
101004770
20765598
85809020
44256908
62457578
49864531
66703410
18991135
65418047
134021538
129238769
63049943
124601229
77908766
139946125
44221535
40670594
165983498
47868202
52974409
59364829
76699726
52765231
23411183
85319812
75541478
85639202
69341706
106466842
86805387
45296411
159201505
107267529
112743302
12509085
65389241
81437764
46210219
125612746
130722605
117057029
41298791
53994929
77333981
151239365
73658976
18894830
63543566
126065235
22341851
36622006
53017364
12376031
49619200
70191722
66485912
110557229
80447765
143461140
101264014
102124120
106947332
107601617
86914363
41274664
65787068
39239643
79671827
28187309
138922815
84907001
128138431
140209484
41668887
121405752
77596304
55615156
92870145
40673210
19594385
42755182
96225674
85939653
124578619
116310998
104852653
44109460
129692960
68850512
80218541
164797312
61791825
101113929
63018434
108453023
109340441
131470273
128656285
112277672
143479658
48597213
64006643
131862802
80106894
166475072
25240818
30507292
97534912
85699588
142910895
148626978
43178967
47112444
67995300
100138721
109249985
121133165
110893353
80112208
63084335
144175488
34956773
114591883
119127716
48351162
115407021
111168679
114943408
63690785
154531605
34857892
102674437
151649187
69273746
102945640
151925593
68984773
106650743
77465915
68491983
87954416
160567998
83839765
138449189
132924246
80438964
43742127
2989013
131112757
48404232
44904406
80454570
139441216
91288741
128182629
47834023
188664693
156751587
51591747
50444974
107650544
24395003
107154599
31641771
12623540
115188337
152925169
97168305
97230847
22406264
156413900
104616864
120395637
106653655
42555663
156097960
84448021
123332425
51370586
139441232
28011974
61305804
135441915
20728402
67827068
47295620
81259723
162731076
84827696
112771720
55100132
29219535
89069038
115957974
44287520
86739722
110621072
141634261
57342876
54228268
54274725
158240148
85049482
170383833
59330984
143839615
117546367
148341684
112262343
151550724
18565555
73812699
111714194
148103999
121129168
117910562
138696951
30230137
139700658
161796825
80552106
129792397
46672144
146807440
61333602
150107857
66062131
168893890
85930696
50755861
26394533
56058337
47036640
67555051
84690601
103810519
124218436
131611746
50823443
128342570
127783386
119798224
133771181
163373312
97486973
55010862
45657473
47228412
90440043
13305673
98104904
48132392
43183102
105288218
46110493
90817179
36792185
50889297
77592053
95289801
68226433
79886888
85888390
24091042
49227166
76501514
44254304
14787544
136013178
79476761
43186131
44151542
74736484
81517533
155304396
20209925
120357180
92341462
19108669
143532890
53886238
100959087
30039772
13606790
107372709
103540661
44258794
121693122
139321686
100789045
72828721
45016962
92098430
83342238
73660378
61128138
65381267
113796957
44268376
71264416
64045246
43107867
50985135
132641257
149630594
51793754
69739162
39191629
141461424
21576053
120376211
43913285
42654123
158294317
92612657
93804908
46173573
56758768
82649258
153000451
51712800
104162905
78230632
26475061
147033030
152334034
163969390
23140961
139717616
45939802
123343920
30713062
125037886
126052496
113637158
127016724
58295952
147029073
47311049
87843364
43074130
149645729
16261556
56886008
58928718
150037763
118990453
26176603
65079110
132904725
85509331
77096748
86309021
97882220
118988531
70002914
60957416
86979243
45355391
11300179
13366267
19856241
8957951
44113431
143616447
78086500
42145196
39041119
162368492
72900381
110310397
108275131
127696353
54270444
115055524
145514834
87543161
129478991
53327901
88280209
44858056
22694265
88210973
107260773
86093829
42855183
141814751
71697039
24211779
63625110
21083157
121939311
140600948
111944333
135645966
118482690
110721274
138025996
96185225
50407430
82376190
43943978
145386058
122660988
77001145
83762346
41856229
151674302
97939468
25068666
78606732
125213758
17678784
70936795
79060337
47448056
161553591
67424618
111941384
148209438
89499932
135342539
66305445
48780893
126979668
7321382
75488409
75493616
72523036
137645472
102491857
82872200
42858638
159188264
96492164
37459565
83125423
88437852
24636342
44549218
120159409
26426801
30856611
64859604
17411412
27855301
103886307
46758328
79424369
103601900
136541415
157414311
58432626
51968355
27094377
85118743
86778459
101279124
84483443
85810404
43305726
147229633
63781993
35955370
22613597
16267579
91593528
162839095
98789412
28516444
54717447
153334265
31400620
39230595
94977424
66724211
65736324
109527480
50701120
126321742
144349219
132268892
24205034
107341544
25216795
75190922
158052161
107510191
76995304
190779990
114182146
105025230
90076262
47686377
89832368
74633379
21295987
85995249
81139052
29220828
25671055
44327655
51984628
73304160
27173325
83078436
104283696
97578789
124437779
74538207
68191385
60091024
47980353
61306468
117660426
92233211
123487791
87154828
134784863
59899207
45507642
176694074
115943529
59300875
71045069
66916680
64617305
42778294
45544044
61922193
89108936
62333677
41547108
44793506
95631921
130943755
58030008
73043931
183750629
47776220
108244350
103185802
117989890
42414539
103083375
123835922
57400569
115573000
119711886
99260286
49965727
5468120
57502669
136237552
63211731
66599456
119283703
69358607
116178627
169354660
53334233
135026410
138665622
136947050
45745127
149445546
114986461
35848381
40718693
50778919
160602332
116097566
150473105
115444239
119752156
76784406
67383451
107361295
87859986
99073035
41750472
92726188
42915249
54827184
147202800
76102565
157031320
138674720
53086125
130644256
80123574
67828905
113268677
80641878
108637829
32847815
49891647
45049266
84836059
88549885
81774000
156467479
52073021
133178858
163999620
16276226
68441024
133902502
67356097
90760665
121507908
143587802
165807976
55562041
124883789
36108874
51128343
130016739
146728382
4991738
149560876
126455765
67372691
17792680
69935766
149236250
44358664
16668656
131901357
170979206
173796795
59504397
120015579
117299013
71515588
48748125
129440551
136271143
46844846
86347683
17270857
93733817
143531191
66664342
114317368
132716800
63661503
89036100
75015854
135070089
79722763
98138791
59289814
152870660
106435400
120215169
83800749
178006654
108607259
80554277
59326173
50516835
77947228
111315059
6675678
152603679
7716087
99583381
43484606
47876675
26125541
116699708
107842872
85848189
65859986
63548613
89178151
20898915
77567847
39387663
168718873
96187300
25319190
29978118
180360067
42866199
155867499
63126095
18121561
93304924
29935927
26306737
121356396
103416716
79310160
50209689
116137420
82596227
34291427
56124439
109827244
69156796
66854343
112702765
77922577
131293021
84113345
96000598
76344414
137095815
32209212
77015016
101281205
4615146
137668563
172503356
58575064
99644116
121416936
22789243
90748728
80900800
123650161
81597353
78312301
139960439
98844840
99181827
21005203
112425188
29005900
110738875
73597058
42953110
87519074
13075435
4648372
26689540
49740339
73423929
93737928
95641447
46818630
41506302
53267843
93628002
62959082
105606568
43273162
134438118
62560188
144250412
85038772
61066517
144659477
26992811
18695054
73509058
48815141
136905414
82558390
59058000
113373743
45655350
77004849
60918770
55094138
105872578
105053359
86126455
78475419
142207493
47424095
101604934
52726883
71305377
68340330
128759662
59704469
85463056
108904679
113502476
168460032
96460542
75586899
176233627
47163897
66245255
98253072
47559494
137650387
94393567
39335594
58379005
43507404
131258297
109845413
150233468
103103473
138534692
61398531
31039009
121173851
4237231
23341780
147021442
127335544
33914238
31304153
70571682
149648958
8146439
101407360
57245844
136617958
86656040
118998049
96668100
124418762
127967773
148173338
83406905
152305643
69925148
51855084
135310065
22997607
137651691
79198278
119701070
3604918
99433624
115858557
38931187
17019402
125924870
104488668
112947197
128765713
115924636
74313494
15201622
164791358
24620001
119642484
91936778
139556909
148847344
118918471
99353582
159317191
172389917
56563669
39228282
76233895
49504957
138820593
36086222
141410342
71361809
59268522
99970078
26698051
145392435
83102510
81614223
190551391
87034678
65553558
84652921
96147601
52678172
74559942
26265372
88970310
77745850
48033697
71653630
139122051
161511262
84818407
3249940
91324625
56907169
126641077
82526266
112010747
104843670
78427904
22800804
116439990
112587935
65281270
88929585
135742868
41304982
101233429
83341768
86452167
85494186
109666748
65507027
64149102
77928507
64417202
82280080
63864440
78449479
40343166
149365220
100886430
36494296
66145179
154533945
78178318
156791230
46909396
44899513
20429255
60752899
49195588
44435272
111930701
75385275
49196871
127141041
130280398
130824445
94721419
100366828
107300391
13387241
121122623
98277888
121379290
101046448
83233673
51937941
124909530
105137270
84077473
64215911
43657761
24702357
89234310
67749870
20621173
28428630
22193127
122109923
24008241
133263127
58505639
28316603
82475670
45445568
70786877
7869033
105084212
19584974
27790337
163402424
45912756
122143780
19683153
41333921
61021730
135389882
127976645
94851647
69315838
66114979
40475362
31007765
138342699
111750156
33796645
56513082
141191031
33406549
60928233
31874051
74557700
55895593
37080044
21784806
93714551
129711018
82767554
18099698
80935948
103408434
43462883
80138059
141888455
32233735
18088124
42484625
153898239
84388891
82916295
23106417
125621867
92857189
37981870
139446606
60308869
117294071
169825723
85362080
23629046
100126495
102989489
85026912
64667290
138573534
81858507
98940698
51135802
100954548
84241848
71034301
169403417
62478147
42095978
60303576
100987118
102504047
100266723
43904406
115889582
130790142
105804623
81173343
43631950
101493060
33854720
44023466
28351238
91863620
115349232
112849188
81016582
13506207
96209166
137140052
154958505
99664368
53354678
76265858
152184591
87643206
152743957
100028519
37278839
54121239
99324486
46453603
89435035
76695477
131031479
21535858
52976471
102781508
93982845
86616235
30513449
29086006
68450486
174791996
42183930
92286391
161195904
29635114
43982171
53524570
16844281
93959129
88511658
90773621
25693162
76631798
67618569
126329219
18145590
26100359
153849466
80845013
109684479
42780865
132571838
139892025
133173404
111741848
176315172
95732739
26529774
90278425
65241685
52276901
84470980
58671784
81548165
152321561
113984731
97210724
158088961
21199602
88272229
42668745
112494323
191225608
100720418
140248027
144724341
168773886
110856056
44655740
8950555
15005904
29943880
38392635
65352380
21352306
69001136
160091649
89646204
78334435
115606048
75016745
4119694
155091574
103414633
144343318
136203767
45192992
91958110
51192983
35446404
168048919
62644055
69934318
104181363
61247461
107540195
69330352
46267390
148455397
47195723
107921211
106966053
108590859
39159013
31297940
17257140
55548374
71722451
121264594
19876078
66042962
148342636
76079575
60263370
88477058
33076637
189145429
88980272
81623020
99585126
86236284
81791396
91466945
130689780
108750631
81235569
65113081
149941198
114342923
156824893
81619401
43662787
75009781
91885951
54142348
72015546
131761779
27008925
103166856
143490929
80109951
148619341
148615460
41552171
111861915
141632465
29070130
142186263
24769136
136810420
51576317
75989144
12979952
36797867
71646695
106206226
42209515
107157144
58751590
103396077
65784843
52131741
124378556
65973171
66321726
23913809
93785955
49528066
39170048
42688821
29551044
51759842
85968374
61994360
44508845
49118841
47940822
128698431
146084901
126566611
34688525
63656855
39389944
137043590
134859974
122911217
38859200
49976528
130187956
154638842
63080348
113914485
145923736
84045384
25360714
27351885
20347042
89602301
134854198
39219483
114447989
136253112
191135320
86612174
79979126
85396821
63815041
102617120
105786753
124119241
120023816
56987370
12505829
130552029
69717277
12164770
124540916
67698605
76193783
35753654
47202026
54273392
147877154
70363935
89343942
66820792
119088826
160027198
101186444
154623300
102611804
18160672
97529792
174436732
52614244
22749282
63446000
165020375
114087523
90125374
59820721
79127843
27206881
133044664
116143553
55503884
7440378
149655308
49652346
126776532
158972220
39322197
69030537
91441878
74409457
65795944
87486900
46886965
100159170
44853103
34705271
19285240
202917957
111192783
100487494
79224825
134967121
73620980
12733579
67771007
47080286
48923544
42777111
138667235
