2989013
3249940
3604918
3618305
4119694
4237231
4615146
4648372
4991738
5468120
6675678
7321382
7440378
7716087
7869033
8146439
8950555
8957951
11300179
11396594
12164770
12277280
12376031
12505829
12509085
12623540
12733579
12953178
12979952
13075435
13305673
13366267
13387241
13506207
13606790
14787544
15005904
15201622
15811796
16261556
16267579
16276226
16668656
16844281
17019402
17257140
17270857
17338283
17411412
17678784
17792680
17967343
17978642
18033443
18088124
18096720
18099698
18121561
18128518
18145590
18160672
18187372
18226717
18234944
18235893
18275621
18333876
18357503
18386064
18394906
18423116
18423663
18430697
18471423
18515856
18518468
18518844
18540231
18541358
18565555
18567582
18572687
18600461
18607557
18628974
18670673
18695054
18718521
18742910
18757923
18812682
18814544
18837442
18862896
18894133
18894830
18969157
18976696
18991135
19053304
19080365
19087601
19108038
19108669
19137812
19151328
19159588
19183924
19187251
19254984
19281659
19282651
19283189
19285240
19293219
19316109
19333486
19338718
19375853
19379585
19397568
19408735
19420698
19420876
19441060
19442583
19448019
19463379
19472886
19487564
19501665
19555289
19570597
19576549
19584974
19588951
19594385
19615312
19644565
19649146
19678011
19683153
19714230
19714913
19719284
19754600
19759315
19772231
19800121
19818327
19835643
19856241
19860013
19872977
19876078
19919511
20021845
20117068
20152120
20209925
20305558
20323312
20341158
20347042
20372922
20373421
20405662
20429255
20440130
20451079
20553153
20578491
20598342
20621173
20713365
20714076
20727497
20728402
20737133
20749568
20754297
20757824
20765598
20772245
20783466
20801338
20834823
20860602
20866822
20881237
20890968
20892143
20898915
20996092
21005203
21083157
21083497
21144377
21148719
21172351
21180105
21193402
21198720
21198891
21199602
21237076
21244749
21255161
21265289
21284269
21295987
21301896
21313480
21345789
21352306
21365815
21387107
21395074
21407026
21427557
21471437
21476836
21485810
21496234
21513655
21535858
21536175
21555173
21569066
21576053
21582851
21639524
21662328
21676435
21681198
21693284
21699433
21701585
21706595
21735185
21737099
21739169
21760459
21784806
21801787
21808739
21813570
21845630
21851051
21868081
21868406
21882695
21882706
21886135
21968780
22193127
22341851
22406264
22613597
22694265
22749282
22789243
22800804
22997607
23059343
23106417
23140961
23341780
23411183
23629046
23789012
23913809
24008241
24091042
24166617
24168692
24178063
24191117
24205034
24211779
24244514
24272113
24281981
24285092
24297662
24317113
24328222
24336495
24345877
24364995
24395003
24397388
24401863
24424958
24435201
24470883
24510782
24520871
24559762
24575750
24589727
24602628
24611252
24620001
24636342
24638168
24639200
24639837
24660676
24685197
24688127
24691503
24691533
24696203
24702357
24757041
24763916
24769136
24802649
24822631
24831686
24850970
24861861
24864190
24882970
24946043
24973115
24990408
24991667
25032356
25036593
25051213
25068666
25082229
25085018
25125912
25130143
25136273
25152047
25153789
25171639
25179305
25206679
25216795
25221429
25223144
25223773
25240818
25247712
25252641
25280843
25284195
25284976
25319190
25347352
25360714
25380967
25397653
25410369
25433044
25447567
25486867
25497465
25507530
25527975
25541830
25563761
25570372
25607483
25611666
25629320
25633434
25641515
25671055
25677051
25683640
25693162
25694354
25696856
25713863
25770863
25777068
25780510
25814864
25857893
25863832
25881657
25885361
25905339
25962215
25967171
26000472
26004456
26019580
26050126
26064238
26065453
26085805
26100217
26100359
26112278
26117390
26125541
26167136
26176603
26198141
26210363
26225322
26241956
26258745
26265372
26271537
26276295
26284814
26306737
26320775
26340489
26341851
26358982
26364423
26365267
26374290
26394533
26415151
26421566
26426801
26429264
26461738
26466683
26475061
26476529
26481544
26509276
26509980
26529774
26536946
26559771
26565165
26565438
26584279
26590201
26681096
26688527
26689540
26698051
26762197
26768452
26794195
26800577
26849161
26881437
26914968
26928024
26971055
26973967
26975647
26981958
26992811
26997900
27008925
27016512
27024234
27067056
27068740
27071353
27072189
27087636
27094377
27097924
27111738
27127827
27140393
27154401
27162914
27164044
27173325
27194593
27204423
27206881
27210114
27211281
27219705
27221207
27227672
27229927
27231964
27266125
27272593
27317444
27345780
27351885
27352966
27391757
27393382
27394763
27406454
27411137
27416616
27418625
27421167
27433913
27440581
27484791
27516653
27535008
27592555
27598017
27641358
27646817
27651408
27656774
27702533
27702579
27703354
27722049
27722914
27742785
27765484
27767946
27772524
27773785
27776862
27786335
27790337
27817508
27849941
27855301
27883314
27890183
27935939
27956870
27964471
27969429
27975059
28000970
28011974
28022852
28043497
28044666
28054425
28061917
28106058
28111414
28125142
28152108
28155161
28187309
28187535
28222458
28228988
28233183
28262093
28290228
28291944
28316603
28331708
28350012
28351238
28356001
28375683
28428630
28438619
28462759
28516444
28516809
28517698
28530935
28544337
28563058
28620645
28625113
28661694
28689240
28693092
28699553
28699564
28701984
28703707
28727549
28807093
28821062
28872782
28922785
28931227
28938599
28943462
28979902
28992517
29005900
29013283
29050199
29058630
29070130
29082398
29086006
29117887
29125065
29133679
29144816
29151613
29154268
29174523
29181017
29194874
29207412
29219535
29220828
29243957
29251055
29271770
29274296
29299668
29329756
29339013
29343750
29354100
29364747
29392289
29407910
29408744
29426880
29429612
29551044
29612537
29613993
29635114
29636775
29664645
29672031
29692950
29693583
29749093
29763464
29801892
29820951
29861726
29868155
29871906
29873925
29905763
29906136
29919100
29935927
29943298
29943880
29951874
29978118
29986660
30039772
30069625
30092373
30096203
30105001
30106491
30149453
30150639
30189718
30197237
30203521
30230137
30235384
30242784
30264062
30271301
30304045
30310678
30343368
30375967
30386034
30388970
30392572
30407561
30497246
30507292
30513449
30522135
30522416
30565557
30577951
30603990
30616648
30636659
30643341
30664652
30672280
30677960
30697701
30713062
30779202
30780839
30834165
30835736
30843895
30850396
30856611
30886010
30911611
30921946
30930232
30968229
30978184
31000634
31003800
31007765
31039009
31048420
31050055
31092627
31108894
31185769
31198302
31198782
31229907
31230357
31290781
31297940
31304153
31316131
31391679
31400620
31407113
31427820
31459697
31479452
31495330
31530629
31531593
31633763
31641771
31665991
31673895
31674024
31687096
31697541
31709047
31733345
31735724
31751000
31793481
31874051
31875179
31885474
31924708
31963203
31983312
32012482
32039671
32043100
32043257
32069635
32106157
32111839
32122095
32122904
32129890
32169834
32182222
32209212
32233735
32253962
32288202
32351429
32395038
32400643
32437764
32495715
32526961
32531932
32543711
32580934
32587929
32661328
32662783
32693653
32697267
32737949
32744341
32766740
32792457
32847815
32874336
32891038
32921212
32923476
32926011
32926638
32960846
32965284
32966214
33076637
33080853
33115318
33126628
33201159
33211145
33257789
33312215
33317068
33325479
33347631
33406549
33447176
33507094
33525481
33527006
33533684
33785397
33791391
33796645
33854720
33914238
33931132
33991864
34030335
34030566
34058565
34108644
34119637
34149736
34155855
34291427
34359238
34365759
34385379
34400277
34402265
34413329
34453617
34492297
34502618
34604593
34619460
34688525
34690079
34705271
34708184
34776458
34805524
34823807
34857892
34885578
34888322
34904758
34956773
34984934
35018304
35041084
35058286
35078297
35084587
35098001
35104583
35140005
35202807
35218033
35298160
35301558
35328719
35341714
35417702
35427567
35443066
35446404
35460597
35462030
35501168
35523504
35588720
35682805
35684152
35706515
35712613
35753654
35756368
35777071
35788318
35848381
35861868
35933172
35955370
35956977
35988395
36013859
36019696
36020696
36050414
36065581
36086222
36108874
36132056
36147665
36173292
36259152
36259500
36308526
36327495
36360792
36397196
36414066
36439060
36494296
36517109
36562747
36588981
36622006
36695187
36738677
36745429
36792185
36797867
36857480
36933584
36942582
36944827
37033580
37080044
37088437
37157557
37237078
37278839
37306096
37363985
37366370
37413977
37454967
37459565
37497755
37545584
37559386
37561256
37602927
37614928
37662583
37677992
37690620
37700646
37762837
37766968
37818376
37840009
37913192
37981870
38032452
38106436
38111352
38112960
38150912
38156554
38185391
38284885
38327529
38357230
38357275
38392635
38410698
38413736
38460431
38462151
38466771
38473056
38479018
38534523
38535847
38541863
38569617
38626704
38666079
38711611
38754538
38765871
38789720
38837925
38859200
38859987
38931187
38944438
38979497
39041119
39080986
39082658
39102185
39108927
39159013
39170048
39191629
39207368
39219483
39228282
39230595
39239643
39240284
39303524
39322197
39331514
39335594
39387663
39389944
39474417
39485376
39495360
39670819
39683371
39750404
39766878
39770580
39772129
39775545
39837835
39865247
39889316
39898006
40026492
40111813
40118114
40164048
40164438
40169167
40184938
40207073
40213417
40232291
40233601
40293215
40305721
40343166
40475362
40477565
40483289
40502479
40537354
40559363
40626614
40650702
40670594
40673210
40688135
40718693
40761202
40837913
40894099
40901392
41059170
41060544
41083344
41091904
41098406
41119692
41149876
41179756
41191027
41223727
41232576
41274664
41298791
41304982
41333921
41351266
41469609
41473671
41492397
41506302
41547108
41552171
41558689
41602113
41647697
41668887
41688227
41750472
41856229
41908440
42005263
42084636
42095978
42103108
42143466
42145196
42166501
42183930
42209515
42216679
42250190
42263644
42289691
42350431
42406788
42414539
42484625
42555663
42566367
42654123
42668745
42688821
42710287
42755182
42777111
42778294
42780865
42855183
42858638
42866199
42874278
42880022
42899093
42915249
42953110
43018286
43034640
43074130
43085550
43107867
43178967
43183102
43186131
43241086
43251251
43268744
43273162
43305726
43392963
43424229
43462883
43467487
43484606
43504206
43507404
43590573
43615494
43631950
43657761
43662787
43742127
43897322
43904406
43913285
43943978
43959277
43982171
44023466
44090971
44100170
44109460
44113431
44133463
44151542
44221535
44254304
44256908
44258794
44268376
44287520
44327655
44358664
44413597
44435272
44508845
44549218
44622193
44655740
44657475
44793506
44834444
44837783
44853103
44858056
44899513
44904406
44943767
44975659
45016962
45049266
45178431
45180681
45192992
45213882
45214327
45227483
45276464
45296411
45307764
45355391
45371191
45445568
45507642
45544044
45655350
45657473
45745127
45811386
45912756
45939802
45957582
45967922
45968561
46110493
46173573
46196166
46206803
46210219
46248843
46254411
46267390
46419464
46453603
46672144
46699960
46749599
46758328
46787761
46818630
46844846
46886965
46898372
46909396
46992218
47036640
47080286
47112444
47163897
47195723
47202026
47228412
47287507
47295620
47311049
47401686
47424095
47448056
47456642
47559494
47686377
47748984
47776220
47834023
47868202
47876675
47893022
47905672
47940822
47980353
48033697
48078410
48123426
48132392
48153573
48338311
48349663
48351162
48354112
48404232
48544670
48597213
48609185
48621265
48738921
48748125
48780893
48815141
48920209
48923544
49118841
49195588
49196871
49227166
49385471
49388121
49491922
49504957
49528066
49532640
49619200
49652346
49694641
49710555
49740339
49772291
49839397
49864531
49891647
49965727
49976528
50071021
50110848
50149761
50209689
50376508
50407430
50444974
50516835
50701120
50705437
50723219
50734714
50755861
50771240
50771318
50778919
50780396
50813520
50823443
50889297
50981876
50981956
50985135
51128343
51135802
51192983
51348537
51370586
51397093
51442185
51549038
51576317
51591747
51616139
51628436
51660353
51712800
51759842
51793754
51843970
51855084
51874509
51932573
51937941
51968355
51984628
52067766
52073021
52131741
52139446
52276901
52474016
52557602
52614244
52644201
52678172
52726883
52765231
52799550
52974409
52976471
53017364
53086125
53254134
53267843
53327901
53334233
53352337
53354678
53413938
53445726
53524570
53563283
53587560
53592599
53596018
53629855
53669063
53801602
53842610
53886238
53994929
54050560
54121239
54142348
54150232
54228268
54238347
54245881
54270444
54273392
54274725
54351430
54398409
54477550
54591419
54717447
54823226
54827184
55010862
55085977
55094138
55100132
55201564
55219219
55308600
55371243
55383133
55490302
55503884
55524999
55548374
55562041
55615156
55828191
55895593
55964573
56058337
56059692
56059771
56124439
56299574
56513082
56559069
56563669
56758768
56846395
56886008
56907169
56970037
56987370
57083776
57099768
57151413
57153823
57245844
57254260
57311671
57328609
57342876
57400569
57444227
57502669
57556528
57571832
57616385
57676137
57926752
58030008
58080530
58088296
58165791
58295952
58379005
58432626
58505639
58575064
58616482
58671784
58751590
58772205
58772377
58928718
58939600
58992424
59046178
59058000
59268522
59289814
59300875
59326173
59330984
59337380
59364829
59408640
59504397
59704469
59820721
59849768
59899207
59946837
60089782
60091024
60103693
60153524
60171643
60195194
60263370
60303576
60308869
60346028
60589415
60751167
60752899
60843857
60918770
60924237
60928233
60948730
60957416
60973870
60996844
61021730
61065857
61066517
61128138
61214920
61247461
61305804
61306468
61333602
61398531
61401982
61419044
61462418
61479698
61637175
61712391
61728593
61759678
61777231
61791825
61818094
61857926
61862146
61905477
61915840
61922193
61994360
62116472
62333677
62342040
62343557
62395811
62426563
62457578
62478147
62560188
62641861
62644055
62647932
62696453
62747304
62766403
62882359
62888518
62959082
62983733
62998048
63018434
63030730
63049943
63080348
63084335
63126095
63158321
63211731
63446000
63495023
63507537
63543566
63548613
63625110
63656855
63661503
63690785
63781993
63815041
63864440
64006643
64045246
64149102
64189272
64196646
64215911
64336452
64417202
64617305
64667290
64859604
64998367
65079110
65113081
65118113
65241685
65251203
65261531
65280757
65281270
65352380
65381267
65389241
65418047
65485271
65507027
65553558
65736324
65784843
65787068
65795944
65859986
65964305
65973171
66042962
66062131
66114979
66145179
66150376
66245255
66305445
66321726
66412707
66485912
66599456
66619160
66664342
66703410
66724211
66820792
66827505
66854343
66908669
66916680
66922242
67026660
67356097
67372691
67383451
67424618
67441009
67497830
67555051
67618569
67698605
67749870
67757236
67771007
67827068
67828905
67995300
68019783
68137668
68191385
68226433
68266003
68294154
68340330
68408026
68441024
68450486
68482501
68491983
68687731
68694664
68709501
68733663
68850512
68923698
68951947
68984773
69001136
69014579
69030537
69060392
69156796
69227232
69230646
69273746
69304882
69315838
69330352
69341706
69358607
69437279
69559716
69717277
69739162
69876895
69925148
69934318
69935766
70002914
70186992
70191722
70259580
70363935
70460004
70571682
70606802
70610647
70786877
70936795
71028002
71034301
71044803
71045069
71146114
71264416
71305377
71361809
71494896
71515588
71538080
71543884
71560018
71599860
71646695
71653630
71697039
71718582
71722451
71746855
71814288
71930374
72015546
72164962
72283192
72287001
72302627
72308064
72308902
72523036
72828721
72900381
73043931
73268206
73304160
73330810
73423929
73424899
73509058
73587960
73597058
73612340
73620980
73658976
73660378
73812699
73835923
73890463
73957810
73976738
74083143
74087066
74101279
74257582
74313494
74394095
74409457
74538207
74557700
74559942
74633379
74736484
74748347
75009781
75015854
75016745
75018570
75030710
75180947
75190922
75288413
75385275
75406291
75488409
75493616
75541478
75551368
75582591
75586899
75695224
75788001
75815632
75851299
75989144
76079575
76102565
76143282
76188088
76193783
76233895
76265858
76344414
76431238
76501514
76596306
76631798
76695477
76699726
76784406
76962326
76995304
77001145
77004849
77015016
77096748
77333981
77373458
77386217
77403711
77451658
77465915
77567847
77592053
77596304
77723830
77724718
77729592
77745850
77908766
77922577
77928507
77947228
77984465
78021042
78079599
78086500
78178318
78220690
78230632
78301903
78312301
78334435
78346934
78427904
78449479
78475419
78492657
78504817
78559883
78606732
78762474
79010009
79060337
79127843
79152548
79198278
79223760
79224825
79310160
79348372
79424369
79476761
79549530
79555693
79591654
79671827
79722763
79765888
79874164
79886888
79898676
79921113
79979126
80034812
80035301
80106894
80109951
80112208
80123574
80138059
80218541
80438964
80447765
80454570
80458967
80487533
80531493
80552106
80554277
80641878
80713103
80822125
80829933
80845013
80859381
80900800
80935948
80974133
81006987
81016582
81064693
81139052
81173343
81235569
81259723
81432842
81437764
81448785
81478868
81488726
81493291
81517533
81548165
81597353
81614223
81619401
81623020
81647573
81666848
81774000
81786605
81791396
81858507
82062703
82185171
82244629
82280080
82355116
82376190
82409389
82475670
82488777
82504405
82526266
82546584
82558390
82596227
82649258
82748700
82760249
82767554
82872200
82891376
82916295
83078436
83102510
83114469
83125423
83130204
83233673
83255154
83290103
83341768
83342238
83406905
83415757
83435005
83501906
83508185
83567815
83574764
83673428
83683106
83706842
83762346
83800749
83839765
84045384
84077473
84113345
84183580
84241848
84247792
84294143
84328274
84353820
84388891
84448021
84470980
84476122
84483443
84619930
84652921
84690601
84776070
84818407
84827449
84827696
84836059
84907001
84915320
85024134
85026912
85034920
85038772
85049482
85076647
85118743
85150386
85319812
85362080
85396821
85463056
85476521
85494186
85509331
85605876
85639202
85699588
85749063
85809020
85810404
85819559
85848189
85888390
85930696
85939653
85968374
85995249
86026513
86037611
86087979
86093829
86111483
86126455
86155926
86162743
86165561
86236284
86309021
86347683
86410106
86452167
86540884
86612174
86616235
86643287
86648060
86656040
86739722
86778459
86805387
86857352
86907939
86914363
86979243
86983136
87034678
87078524
87130340
87154828
87159122
87303755
87432626
87463398
87478300
87486900
87519074
87543161
87643206
87653743
87668506
87740826
87784443
87843364
87859986
87954416
87990724
87993602
88085433
88085667
88143558
88210973
88269749
88272229
88280209
88437852
88439578
88440174
88477058
88511658
88549885
88612813
88803882
88900472
88924068
88929585
88970310
88980272
89035746
89036100
89050587
89069038
89108936
89178151
89234310
89343942
89406876
89435035
89499932
89557764
89602301
89646204
89669859
89738556
89832368
90020617
90036398
90076262
90125374
90222331
90278425
90440043
90442006
90521213
90748728
90760665
90773621
90780947
90817179
90835327
91063037
91089381
91155106
91192664
91196672
91213057
91288741
91292372
91324625
91429150
91441878
91466945
91490233
91593528
91820303
91863620
91885951
91936778
91953599
91958110
92073125
92094747
92098430
92233211
92286391
92341462
92402784
92610114
92612657
92641815
92726188
92857189
92865634
92870145
92924422
93167499
93172577
93303458
93304924
93334782
93411268
93543993
93551455
93560379
93620790
93628002
93663224
93697783
93714551
93733817
93737928
93785955
93804908
93959129
93982845
94063396
94335129
94393567
94457387
94548524
94654464
94721419
94851647
94960265
94977424
95059618
95289801
95631921
95641447
95688203
95732739
95799216
95876415
95985471
96000598
96147601
96185225
96187300
96209166
96225674
96241879
96283491
96393575
96395164
96460542
96492164
96569021
96643198
96668100
96727090
96772897
96838473
96961690
97083652
97151494
97168305
97210724
97214278
97230847
97320049
97337120
97357936
97472210
97486973
97529792
97534912
97578789
97627240
97681476
97796753
97856190
97882220
97939468
98029852
98063729
98090737
98104904
98138791
98163290
98253072
98277888
98447207
98648196
98765584
98789412
98797171
98844840
98940698
99064876
99073035
99170631
99181827
99260286
99324486
99353582
99433624
99583381
99585126
99644116
99652537
99664368
99808939
99970078
100028519
100042449
100126495
100138721
100141910
100159170
100159204
100216272
100266723
100271821
100366828
100487494
100556566
100651350
100720418
100789045
100804742
100842047
100886430
100954548
100959087
100987118
101004770
101046448
101067341
101070794
101084055
101101931
101113929
101186444
101192041
101233429
101264014
101279124
101281205
101331330
101407360
101468566
101493060
101604934
101743086
101781921
101966602
102124120
102126435
102234967
102311813
102398126
102491857
102493135
102504047
102611804
102617120
102674437
102781508
102922632
102937556
102945640
102989489
103009455
103028757
103034845
103083375
103103473
103122243
103166856
103168312
103185802
103189155
103365572
103396077
103408434
103414633
103416716
103540661
103601900
103752643
103810519
103870653
103886307
103975779
104011064
104162905
104181363
104283696
104368815
104488668
104616864
104634446
104843670
104852653
104864775
105025230
105053359
105084212
105137270
105264780
105274988
105288218
105306944
105363828
105440199
105606568
105658893
105786753
105804623
105857273
105872578
105957690
106030011
106034798
106185353
106206226
106208777
106328699
106335853
106435400
106466842
106588021
106650743
106653655
106947332
106966053
107039380
107050921
107061082
107083770
107154599
107155687
107157144
107260773
107267529
107300391
107341544
107361295
107372709
107416786
107510191
107510889
107540195
107601617
107611037
107650544
107842872
107921211
107925157
108080969
108155328
108185688
108244350
108275131
108409294
108453023
108480789
108560898
108590859
108607259
108637829
108750631
108763763
108784781
108881160
108904679
108910102
109033182
109186960
109213119
109214006
109249985
109255150
109290247
109340441
109527480
109623916
109666748
109680550
109684479
109789539
109827244
109845413
109896161
110004139
110014622
110098453
110112252
110127774
110257377
110310397
110326841
110434237
110465593
110496089
110557229
110621072
110721274
110738875
110856056
110893353
111168679
111192783
111312545
111315059
111531789
111541340
111612806
111678522
111714194
111741848
111750156
111761487
111861915
111930701
111941384
111944333
111990879
112010747
112262343
112277672
112425188
112468985
112494323
112517289
112587935
112615525
112702765
112743302
112771720
112849188
112920101
112947197
113091338
113120029
113141288
113268677
113373743
113395024
113405823
113502476
113605562
113637158
113796957
113867601
113914485
113984731
114029800
114087523
114153312
114182146
114251382
114317368
114340399
114342923
114447989
114474914
114591883
114775659
114796126
114937123
114943408
114973703
114986461
115055524
115100277
115110859
115188337
115332107
115349232
115366387
115385449
115407021
115444239
115539489
115573000
115606048
115858557
115887710
115889582
115924636
115943529
115957974
116037420
116097566
116137420
116143553
116178627
116200521
116229757
116292034
116310998
116394177
116439990
116665579
116699708
116707273
116791165
116906246
117052846
117057029
117184317
117231835
117294071
117299013
117337268
117413130
117476932
117546367
117553035
117558868
117660426
117744105
117813615
117828820
117833974
117855633
117884202
117910562
117989890
118189580
118223006
118227253
118482690
118873785
118918471
118988531
118990453
118998049
119088826
119127716
119283703
119306316
119318569
119423075
119633114
119642484
119701070
119711886
119752156
119798224
119874911
119907705
120015579
120023816
120153149
120159409
120215169
120357180
120360327
120376211
120395637
120621991
120672057
121122623
121129168
121133165
121138057
121173851
121249370
121264594
121274267
121356396
121379290
121405752
121416936
121441517
121507908
121515525
121526088
121693122
121782337
121880423
121939311
122109923
122143780
122154004
122169051
122227200
122354674
122481800
122607065
122633073
122660988
122911217
123055399
123260100
123313813
123332425
123343920
123487791
123536927
123650161
123835922
123892180
124023629
124119241
124205889
124218436
124224434
124260784
124378556
124418762
124437779
124540916
124578619
124601229
124713998
124883789
124909530
124967468
125037886
125082818
125213758
125430778
125612746
125621867
125631247
125859563
125892212
125924870
125927582
126014397
126052496
126065235
126278374
126321742
126329219
126380773
126455765
126471445
126479635
126566611
126617204
126623363
126641077
126776532
126929137
126966634
126979668
126996161
127016724
127085298
127141041
127162553
127283963
127335544
127380756
127481786
127554847
127580660
127696353
127783386
127948926
127967773
127976645
128021603
128045129
128119793
128138431
128182629
128193668
128202092
128342570
128510048
128543520
128601165
128656285
128698431
128759662
128765713
128766099
128950089
129140802
129159222
129238769
129397306
129440551
129445769
129478991
129502582
129669045
129692960
129711018
129720348
129792397
129810929
129872140
130016739
130128932
130187956
130237142
130280398
130552029
130644256
130689780
130722605
130741033
130790142
130824445
130908894
130934841
130943755
131031479
131112757
131113622
131206264
131258297
131293021
131470273
131611746
131640942
131668187
131668921
131761779
131832654
131862802
131901357
132268892
132271649
132310932
132324874
132555406
132560695
132571294
132571838
132641257
132716800
132733846
132829843
132904725
132924246
133044664
133173404
133178858
133263127
133371021
133633162
133642545
133650295
133752069
133771181
133828612
133902502
133902866
134021538
134438118
134784863
134854198
134859974
134967121
134972507
135010534
135026410
135070089
135082892
135090725
135308324
135310065
135342539
135360459
135389882
135441915
135645966
135742868
135817929
135868265
136013178
136086378
136203767
136209206
136234968
136237552
136253112
136271143
136407996
136463916
136541415
136542440
136617958
136692337
136758091
136810420
136825076
136858426
136905414
136947050
137043590
137095815
137140052
137168879
137409545
137521434
137612150
137645472
137650387
137651691
137668563
137724433
138025996
138187462
138301930
138342699
138449189
138534692
138541984
138573534
138658938
138665622
138667235
138674720
138696951
138742177
138820593
138922815
139039214
139122051
139200497
139268077
139321686
139358010
139441216
139441232
139446606
139556909
139659219
139661416
139700658
139717616
139892025
139919022
139946125
139960439
140209484
140248027
140321533
140323010
140394532
140399035
140411786
140600948
140914860
140960754
141081013
141097907
141191031
141320875
141340118
141410342
141412951
141461424
141632465
141634261
141814410
141814751
141888455
142039492
142093054
142186263
142196981
142200931
142207493
142325955
142592051
142909294
142910895
142943978
142946946
143087294
143167990
143461140
143479658
143490929
143525131
143531191
143532890
143587802
143600289
143616447
143705931
143839615
144046272
144175488
144250412
144261085
144343318
144349219
144480695
144553740
144659477
144689441
144715325
144724341
144732766
144854451
144946995
145386058
145392435
145514834
145738990
145748607
145923736
146084901
146117452
146121975
146167653
146303775
146457852
146613747
146728382
146807440
147021442
147029073
147033030
147039727
147202458
147202800
147229633
147402694
147562983
147606643
147673134
147777244
147865392
147877154
147883746
148103999
148173338
148209438
148341684
148342636
148358202
148455397
148615460
148619341
148626978
148847344
148988648
149068409
149091622
149236250
149357652
149365220
149369355
149415562
149445546
149481073
149536453
149560876
149630594
149645729
149648958
149655308
149941198
149997967
150020017
150037763
150107857
150110622
150233468
150253753
150473105
150546817
151239365
151258179
151529521
151549594
151550724
151649187
151674302
151890436
151925593
152184591
152305643
152321561
152334034
152579464
152603679
152634808
152686224
152699316
152743957
152760307
152870660
152925169
153000451
153213214
153223030
153293723
153334265
153497185
153619671
153634310
153710207
153849466
153898239
153899006
154325611
154460932
154479368
154531605
154533945
154623300
154638842
154742338
154853758
154958505
155046844
155065844
155091574
155280513
155304396
155559833
155769662
155867499
156060066
156097960
156413900
156467479
156493752
156730679
156751587
156791230
156824893
157004228
157031320
157115712
157133282
157173667
157393448
157414311
157634399
157750855
158052161
158088961
158240148
158271005
158294317
158364040
158385028
158535945
158577318
158587964
158972220
159188264
159201505
159235077
159251584
159317191
159406367
159495548
159721243
159937223
160027198
160091649
160125447
160567998
160602332
161195904
161327415
161483425
161511262
161553591
161742901
161796825
161985052
162072801
162142154
162164090
162224133
162368492
162731076
162839095
163353637
163373312
163402424
163537029
163844133
163857598
163969390
163999620
164109115
164128615
164156654
164287074
164311497
164490373
164676185
164791358
164797312
164910236
165020375
165307492
165695397
165807976
165814238
165884636
165983498
165988896
166107713
166475072
166735807
166892603
167447287
168048919
168460032
168718873
168773886
168893890
168925692
168940702
169354660
169403417
169825723
169909667
170383833
170979206
171973499
172389917
172503356
173339904
173796795
174242848
174436732
174704385
174752323
174791996
174900681
175162645
175366784
176233627
176312961
176315172
176694074
178006654
178867748
179552540
180330333
180360067
182174186
182592160
183750629
184585709
185174845
185224819
187580865
188664693
189145429
189384346
190551391
190779990
191135320
191225608
193587831
196053304
202734779
202917957
203779772
