3249940
4237231
4991738
7321382
7869033
8957951
11396594
12376031
12623540
12979952
13366267
13606790
15201622
16267579
16844281
17270857
17792680
18121561
18565555
18991135
19584974
19835643
19872977
20021845
20209925
20341158
20373421
20440130
20578491
20713365
20728402
20754297
20772245
20834823
20881237
20898915
21083157
21148719
21193402
21199602
21255161
21295987
21345789
21387107
21427557
21485810
21535858
21569066
21639524
21681198
21701585
21737099
21784806
21813570
21868081
21882706
22193127
22613597
22789243
23059343
23341780
23789012
24091042
24178063
24211779
24281981
24317113
24345877
24397388
24435201
24520871
24589727
24620001
24639200
24685197
24691533
24757041
24802649
24850970
24882970
24990408
25036593
25082229
25130143
25153789
25206679
25223144
25247712
25284195
25347352
25397653
25447567
25507530
25563761
25611666
25641515
25683640
25696856
25777068
25857893
25885361
25967171
26019580
26065453
26100359
26125541
26198141
26241956
26271537
26306737
26341851
26365267
26415151
26429264
26475061
26509276
26536946
26565438
26681096
26698051
26794195
26881437
26971055
26981958
27008925
27067056
27072189
27097924
27140393
27164044
27204423
27211281
27227672
27266125
27345780
27391757
27406454
27418625
27440581
27535008
27641358
27656774
27703354
27742785
27772524
27786335
27849941
27890183
27964471
28000970
28043497
28061917
28125142
28187309
28228988
28290228
28331708
28356001
28438619
28516809
28544337
28625113
28693092
28701984
28807093
28922785
28943462
29005900
29058630
29086006
29133679
29154268
29194874
29220828
29271770
29329756
29354100
29407910
29429612
29613993
29664645
29693583
29801892
29868155
29905763
29935927
29951874
30039772
30096203
30149453
30197237
30235384
30271301
30343368
30388970
30497246
30522135
30577951
30636659
30672280
30713062
30834165
30850396
30911611
30968229
31003800
31048420
31108894
31198782
31290781
31316131
31407113
31479452
31531593
31665991
31687096
31733345
31793481
31885474
31983312
32043100
32106157
32122904
32182222
32253962
32395038
32495715
32543711
32661328
32697267
32766740
32874336
32923476
32960846
33076637
33126628
33257789
33325479
33447176
33527006
33791391
33914238
34030335
34108644
34155855
34365759
34402265
34492297
34619460
34705271
34805524
34885578
34956773
35041084
35084587
35140005
35298160
35341714
35443066
35462030
35588720
35706515
35756368
35848381
35955370
36013859
36050414
36108874
36173292
36308526
36397196
36494296
36588981
36738677
36797867
36942582
37080044
37237078
37363985
37454967
37545584
37602927
37677992
37762837
37840009
38032452
38112960
38185391
38357230
38410698
38462151
38479018
38541863
38666079
38765871
38859200
38944438
39080986
39108927
39191629
39228282
39240284
39331514
39389944
39495360
40670594
41232576
41304982
41469609
41506302
41558689
41668887
41856229
42084636
42143466
42183930
42250190
42350431
42484625
42654123
42710287
42778294
42858638
42880022
42953110
43074130
43178967
43241086
43273162
43424229
43484606
43590573
43657761
43897322
43943978
44023466
44109460
44151542
44256908
44287520
44413597
44549218
44657475
44837783
44899513
44975659
45178431
45213882
45276464
45355391
45507642
45657473
45912756
45967922
46173573
46210219
46267390
46672144
46758328
46844846
46909396
47080286
47195723
47287507
47401686
47456642
47748984
47868202
47905672
48033697
48132392
48349663
48404232
48609185
48748125
48920209
49195588
49385471
49504957
49619200
49710555
49839397
49965727
50110848
50376508
50516835
50723219
50771240
50780396
50889297
50985135
51192983
51397093
51576317
51628436
51759842
51855084
51937941
52067766
52139446
52557602
52678172
52799550
53017364
53267843
53352337
53445726
53587560
53629855
53842610
54050560
54150232
54245881
54274725
54477550
54823226
55085977
55201564
55371243
55503884
55562041
55895593
56059692
56299574
56563669
56886008
56987370
57151413
57254260
57342876
57502669
57616385
58030008
58165791
58432626
58616482
58772205
58939600
59058000
59300875
59337380
59504397
59849768
60089782
60153524
60263370
60346028
60752899
60924237
60957416
61021730
61128138
61305804
61398531
61462418
61712391
61777231
61857926
61915840
62116472
62343557
62457578
62641861
62696453
62882359
62983733
63030730
63084335
63211731
63507537
63625110
63690785
63864440
64149102
64215911
64617305
64998367
65118113
65261531
65352380
65418047
65553558
65787068
65964305
66062131
66150376
66321726
66599456
66703410
66827505
66916680
67356097
67424618
67555051
67749870
67827068
68019783
68226433
68340330
68450486
68687731
68733663
68951947
69014579
69156796
69273746
69330352
69437279
69739162
69934318
70186992
70363935
70606802
70936795
71044803
71264416
71494896
71543884
71646695
71718582
71814288
72164962
72302627
72523036
73043931
73330810
73509058
73612340
73660378
73890463
74083143
74257582
74409457
74559942
74748347
75016745
75180947
75385275
75493616
75582591
75788001
75989144
76143282
76233895
76431238
76631798
76784406
77001145
77096748
77386217
77465915
77596304
77729592
77922577
77984465
78086500
78230632
78334435
78449479
78504817
78762474
79127843
79223760
79348372
79549530
79671827
79874164
79921113
80035301
80112208
80218541
80454570
80531493
80641878
80829933
80900800
81006987
81139052
81259723
81448785
81493291
81597353
81623020
81774000
81858507
82244629
82376190
82488777
82546584
82649258
82767554
82916295
83114469
83233673
83341768
83415757
83508185
83673428
83762346
84045384
84183580
84294143
84388891
84476122
84652921
84818407
84836059
85024134
85038772
85118743
85362080
85476521
85605876
85749063
85819559
85930696
85995249
86087979
86126455
86165561
86347683
86540884
86643287
86739722
86857352
86979243
87078524
87159122
87463398
87519074
87653743
87784443
87954416
88085433
88210973
88280209
88440174
88549885
88900472
88970310
89036100
89108936
89343942
89499932
89646204
89832368
90076262
90278425
90521213
90773621
90835327
91155106
91213057
91324625
91466945
91820303
91936778
92073125
92233211
92402784
92641815
92865634
93167499
93304924
93543993
93620790
93697783
93737928
93959129
94335129
94548524
94851647
95059618
95641447
95799216
96000598
96187300
96241879
96395164
96569021
96727090
96961690
97168305
97230847
97357936
97529792
97627240
97856190
98029852
98104904
98253072
98648196
98797171
99064876
99181827
99353582
99585126
99664368
100028519
100138721
100159204
100271821
100556566
100789045
100886430
100987118
101067341
101101931
101192041
101279124
101407360
101604934
101966602
102234967
102491857
102611804
102781508
102945640
103028757
103103473
103168312
103365572
103414633
103601900
103870653
104011064
104283696
104616864
104852653
105053359
105264780
105306944
105606568
105804623
105957690
106185353
106328699
106466842
106653655
107039380
107083770
107157144
107300391
107372709
107510889
107611037
107921211
108155328
108275131
108480789
108607259
108763763
108904679
109186960
109249985
109340441
109666748
109789539
109896161
110098453
110257377
110434237
110557229
110738875
111168679
111315059
111612806
111741848
111861915
111944333
112262343
112468985
112587935
112743302
112920101
113120029
113373743
113502476
113796957
113984731
114153312
114317368
114447989
114775659
114943408
115055524
115188337
115366387
115444239
115606048
115889582
115957974
116137420
116200521
116310998
116665579
116791165
117057029
117294071
117413130
117553035
117744105
117833974
117910562
118223006
118873785
118990453
119127716
119318569
119642484
119752156
119907705
120153149
120357180
120395637
121122623
121138057
121264594
121379290
121441517
121526088
121880423
122143780
122227200
122607065
122911217
123313813
123487791
123835922
124119241
124224434
124418762
124578619
124883789
125037886
125430778
125631247
125924870
126052496
126321742
126455765
126566611
126641077
126966634
127016724
127162553
127380756
127580660
127948926
128021603
128138431
128202092
128543520
128698431
128766099
129159222
129440551
129502582
129711018
129810929
130128932
130280398
130689780
130790142
130934841
131112757
131258297
131611746
131668921
131862802
132271649
132555406
132571838
132733846
132924246
133178858
133633162
133752069
133902502
134438118
134859974
135010534
135082892
135310065
135389882
135742868
136013178
136209206
136253112
136463916
136617958
136810420
136905414
137095815
137409545
137645472
137668563
138187462
138449189
138573534
138667235
138742177
139039214
139268077
139441216
139556909
139700658
139919022
140209484
140323010
140411786
140960754
141191031
141410342
141632465
141814751
142093054
142200931
142592051
142943978
143167990
143490929
143532890
143616447
144046272
144261085
144480695
144689441
144732766
145386058
145738990
146084901
146167653
146613747
147021442
147039727
147229633
147606643
147865392
148103999
148341684
148455397
148626978
149068409
149357652
149415562
149536453
149645729
149941198
150037763
150233468
150546817
151529521
151649187
151925593
152321561
152603679
152699316
152870660
153213214
153334265
153634310
153898239
154460932
154533945
154742338
155046844
155280513
155769662
156097960
156493752
156791230
157031320
157173667
157634399
158088961
158294317
158535945
158972220
159235077
159406367
159937223
160125447
161195904
161511262
161796825
162142154
162368492
163353637
163537029
163969390
164128615
164311497
164791358
165020375
165807976
165983498
166475072
167447287
168718873
168925692
169403417
170383833
172389917
173796795
174704385
174900681
176233627
176694074
179552540
182174186
184585709
187580865
189384346
191135320
196053304
203779772
