108244350
154638842
20898915
152925169
84247792
153334265
85026912
86037611
43904406
19683153
66145179
44549218
102504047
65973171
75586899
101046448
140248027
75493616
24091042
61305804
96225674
41552171
165983498
109255150
58575064
20621173
47202026
16267579
163969390
80554277
83125423
47448056
149365220
129711018
79224825
157031320
136541415
47559494
104162905
56907169
84045384
84470980
80109951
24395003
152743957
144343318
86236284
19108669
137668563
91288741
44287520
36086222
3249940
26394533
42858638
47424095
92098430
98163290
12733579
61398531
88511658
100487494
51591747
137043590
63049943
130689780
102617120
17019402
131031479
113796957
100959087
67995300
97486973
134438118
100886430
89646204
121129168
131761779
65736324
52765231
144659477
12376031
44256908
174791996
146084901
60091024
42484625
37981870
48033697
78606732
103103473
125612746
173796795
135342539
156791230
103034845
72523036
66724211
51135802
63018434
44435272
112849188
49652346
4648372
147202800
26426801
34502618
40475362
66854343
44151542
21199602
17792680
35955370
97210724
116439990
89108936
156413900
169825723
164311497
74538207
112425188
126979668
112262343
116137420
21295987
158294317
136905414
71045069
44254304
168460032
73620980
61128138
46173573
83078436
73304160
38931187
86805387
52131741
103886307
29219535
86739722
121133165
12509085
79310160
153000451
107510191
44358664
130790142
43982171
71034301
85049482
64149102
65381267
93804908
117910562
58772205
132571838
130016739
64006643
50516835
42145196
157414311
15005904
135389882
22406264
14787544
73423929
124378556
131470273
148103999
47776220
54273392
143490929
106435400
62560188
42555663
51937941
47834023
59337380
58671784
141191031
95289801
50889297
61994360
134967121
82872200
77333981
138674720
115407021
158240148
22341851
47163897
48351162
77723830
143532890
33076637
49504957
102781508
178006654
22997607
30230137
73658976
73812699
127141041
21535858
39170048
89602301
47080286
127967773
76265858
31641771
61462418
97882220
22694265
59704469
109684479
112743302
84077473
68482501
36108874
107154599
25068666
60752899
93737928
82596227
77928507
122109923
52678172
91958110
99260286
20765598
39335594
118482690
41506302
59330984
56563669
19856241
29635114
31400620
121416936
163999620
185224819
54717447
119088826
46886965
56059692
34956773
105137270
36494296
70786877
63656855
117231835
103408434
114986461
17678784
112587935
110310397
93785955
91466945
162839095
29978118
126617204
115858557
85888390
150037763
68226433
63126095
13387241
35848381
115573000
56058337
80138059
83341768
121379290
65352380
7751209
43631950
31304153
130943755
42899093
151550724
84448021
69717277
84652921
92286391
143587802
150233468
119283703
26265372
136253112
88477058
21083157
22613597
69935766
6675678
67757236
84827696
85930696
131258297
149655308
28516444
35753654
24211779
79060337
77596304
85494186
67424618
108904679
132924246
21005203
123835922
122143780
96000598
103185802
20347042
58030008
85150386
97472210
93733817
35446404
63815041
74736484
118227253
86914363
27008925
130280398
144724341
99353582
62647932
135026410
28351238
107300391
7440378
26992811
81235569
18991135
89069038
77908766
87519074
28011974
69739162
65859986
75385275
86616235
98844840
59849768
34705271
99073035
47112444
44899513
123343920
153619671
29220828
53354678
26176603
119798224
75989144
116178627
74557700
121356396
118918471
28187309
172389917
163373312
140209484
69341706
50407430
42668745
101604934
95631921
123487791
88929585
54274725
112277672
23629046
90440043
115349232
142186263
84241848
123650161
77465915
37080044
51968355
77004849
82649258
46749599
136013178
64859604
137650387
139892025
124540916
149630594
94977424
63781993
84353820
59326173
48621265
34291427
27173325
147033030
73660378
94721419
42688821
79921113
83102510
91936778
66703410
44655740
68450486
45655350
66321726
136947050
86656040
81597353
45445568
67771007
62959082
132904725
45016962
18088124
67356097
141888455
63084335
105606568
63211731
116097566
82558390
138665622
93628002
25319190
67618569
86309021
89178151
48923544
168048919
33914238
18121561
67827068
55010862
153898239
29086006
152321561
159201505
58751590
30713062
81517533
34688525
94851647
151649187
102989489
127783386
43943978
51793754
17257140
80112208
37459565
145738990
4237231
43107867
98090737
42855183
128342570
63690785
44853103
176233627
71599860
169403417
3604918
66245255
80935948
137645472
54228268
152603679
12623540
64667290
156824893
12505829
90278425
97230847
138820593
78086500
149941198
51712800
20429255
49528066
102491857
43662787
63864440
115055524
65389241
68441024
103416716
45912756
75541478
62478147
56886008
16261556
13305673
55895593
46210219
133044664
39389944
2989013
32233735
107341544
110721274
44858056
130187956
86778459
51984628
168773886
43462883
115444239
166475072
58928718
138667235
106966053
124578619
55562041
92726188
89036100
68850512
162368492
8950555
109845413
27094377
49118841
85968374
44327655
163402424
103414633
45745127
4991738
43657761
23341780
50701120
121173851
11396594
76344414
25216795
119701070
27351885
49891647
162224133
68340330
112010747
39387663
48597213
39322197
159721243
56513082
49227166
47980353
109340441
128656285
59058000
100720418
154958505
156097960
110621072
50823443
60263370
30513449
102922632
52073021
172503356
55615156
114591883
139946125
81437764
106206226
189145429
57502669
22789243
29551044
141814751
111168679
90125374
60308869
77745850
161195904
63661503
148626978
112702765
28316603
85038772
93304924
138449189
55100132
119423075
4119694
25671055
86452167
74633379
113867601
7716087
80454570
131112757
124418762
60924237
165807976
143839615
60918770
19594385
63548613
24205034
47940822
119752156
124883789
96460542
56758768
78475419
152305643
77947228
31297940
31007765
104852653
12164770
47195723
23140961
42915249
30039772
64045246
53334233
8146439
137095815
111944333
51576317
99970078
27206881
104181363
152184591
43913285
84836059
66114979
47868202
75016745
129692960
101186444
81858507
57342876
148341684
21576053
146807440
132716800
103810519
51370586
161553591
98940698
51759842
117294071
162731076
79671827
144250412
159937223
71722451
23059343
164797312
188664693
168893890
115924636
170383833
67372691
67555051
56987370
135742868
25240818
73043931
96209166
43742127
81614223
53086125
28428630
84907001
133771181
36792185
146457852
139960439
45049266
67698605
110557229
51855084
110893353
47295620
87159122
120395637
24636342
17411412
48815141
117057029
62457578
136810420
136203767
139321686
79886888
120159409
92612657
191135320
143461140
85810404
40343166
138573534
76695477
79979126
112771720
40673210
19584974
18894830
85509331
78312301
70936795
23106417
98104904
136209206
98648196
65787068
149445546
32209212
190551391
154623300
82475670
76102565
12953178
58505639
42953110
100987118
53267843
112947197
121507908
39239643
44023466
45544044
77922577
76784406
64617305
21784806
122911217
130552029
20209925
183750629
76699726
118990453
87954416
82916295
105053359
53524570
44221535
69330352
65795944
7869033
121264594
63080348
26698051
129478991
18565555
160567998
36797867
91441878
99664368
86347683
149648958
142207493
45192992
15201622
119711886
136271143
103083375
113268677
80552106
74559942
128759662
69156796
50444974
25611666
101407360
30507292
11300179
57400569
63446000
90817179
161511262
74409457
191225608
83342238
32847815
22800804
50985135
91324625
54121239
151890436
145392435
99644116
63543566
156467479
102945640
44508845
101004770
42414539
76995304
148619341
18099698
148455397
132268892
97534912
131901357
76233895
85362080
100126495
150473105
53327901
31874051
20728402
113984731
30856611
13606790
95641447
40670594
100138721
125037886
162072801
111315059
74313494
78449479
135441915
107361295
75015854
41668887
24008241
117989890
57245844
22193127
135645966
97529792
135310065
55094138
105084212
78178318
120015579
89832368
8957951
110856056
60957416
141632465
58295952
114317368
106650743
67749870
180360067
116143553
148173338
93714551
115889582
148615460
42209515
26306737
105288218
78230632
128765713
66820792
5468120
144175488
78427904
133178858
120023816
100141910
26689540
66062131
81548165
111861915
125213758
69030537
58379005
87034678
83406905
69273746
107157144
48404232
139717616
86612174
128698431
50755861
136237552
18695054
61915840
61333602
33796645
126065235
149236250
88980272
107260773
101281205
91593528
88280209
159188264
130644256
23913809
55308600
7321382
44109460
143531191
76501514
115539489
116699708
85396821
65507027
82376190
42778294
16276226
83762346
16668656
146728382
121122623
69934318
13075435
44113431
47876675
80900800
119642484
126052496
120357180
104283696
83415757
139446606
160027198
24620001
143616447
152870660
87859986
37278839
141410342
48780893
151925593
51192983
82767554
99181827
49965727
90076262
104488668
137651691
106947332
25693162
65241685
114447989
33406549
150107857
66042962
147883746
134021538
15811796
26125541
100266723
155867499
115606048
113637158
86126455
154531605
129792397
81791396
34857892
100789045
39191629
143479658
138696951
26529774
109527480
139700658
24973115
18160672
89435035
88269749
79476761
109213119
100028519
65079110
70571682
111741848
26475061
19285240
73509058
24702357
71697039
45939802
29943880
60303576
202917957
176694074
109666748
164791358
12277280
80845013
136617958
122660988
138922815
42095978
117660426
25360714
17270857
33854720
49864531
144349219
4615146
81619401
159317191
95732739
155304396
43273162
56124439
148342636
165814238
151674302
45657473
96147601
76079575
18145590
29935927
82526266
12979952
143087294
79127843
64215911
49772291
169354660
126966634
61247461
125621867
134972507
66599456
141461424
41856229
142910895
65281270
135070089
39228282
99433624
85848189
46758328
111714194
90748728
108590859
29005900
13366267
98789412
77015016
46453603
52614244
86979243
51128343
98797171
92870145
128138431
85118743
39219483
92341462
49976528
13506207
85995249
115957974
154533945
75190922
170979206
27855301
76631798
46818630
39041119
97578789
107267529
128182629
127016724
124218436
103601900
41274664
48748125
42566367
23411183
89234310
26997900
147021442
66485912
59268522
103166856
102674437
92857189
101264014
98277888
138025996
84388891
65784843
70191722
52976471
45296411
79424369
42866199
108453023
79198278
107372709
129440551
158972220
124909530
94393567
117546367
54827184
81016582
44268376
16844281
69315838
87486900
93959129
97939468
84113345
59364829
91863620
134859974
93982845
24769136
45355391
52276901
147229633
77001145
27790337
55503884
49740339
42777111
112494323
147877154
114342923
41547108
22749282
31039009
113373743
98138791
19876078
65113081
74101279
113502476
124437779
123332425
101493060
89499932
81259723
107540195
88437852
108750631
80106894
38859200
29070130
97168305
81139052
168718873
90773621
87843364
105872578
133173404
140600948
48132392
119127716
83800749
80218541
36622006
99324486
59820721
131862802
71305377
85809020
39159013
124601229
107921211
108607259
85699588
139556909
91885951
47228412
53994929
68191385
138534692
35462030
79722763
85319812
21352306
38392635
126566611
86093829
