3604918
4615146
5468120
7440378
8146439
10314186
12164770
12505829
12733579
13075435
13387241
14787544
15811796
16276226
17019402
17411412
18088124
18145590
18695054
19108669
19594385
19856241
19876078
20117068
20305558
20347042
20405662
20451079
20598342
20714076
20737133
20757824
20783466
20860602
20890968
20996092
21083497
21172351
21198720
21237076
21265289
21301896
21352306
21395074
21471437
21496234
21536175
21576053
21662328
21693284
21706595
21739169
21801787
21845630
21868406
21886135
22341851
22694265
22800804
23106417
23411183
23913809
24166617
24191117
24244514
24285092
24328222
24364995
24401863
24470883
24559762
24602628
24636342
24639837
24688127
24696203
24763916
24822631
24861861
24946043
24991667
25051213
25085018
25136273
25171639
25216795
25223773
25252641
25284976
25360714
25410369
25486867
25527975
25570372
25629320
25671055
25693162
25713863
25780510
25863832
25905339
26000472
26050126
26085805
26112278
26167136
26210363
26258745
26276295
26320775
26358982
26374290
26421566
26461738
26476529
26509980
26559771
26584279
26688527
26762197
26800577
26914968
26973967
26992811
27016512
27068740
27087636
27111738
27154401
27173325
27206881
27219705
27229927
27272593
27351885
27393382
27411137
27421167
27484791
27592555
27646817
27702533
27722049
27765484
27773785
27790337
27855301
27935939
27969429
28011974
28044666
28106058
28152108
28187535
28233183
28291944
28350012
28375683
28462759
28517698
28563058
28661694
28699553
28703707
28821062
28931227
28979902
29013283
29070130
29117887
29144816
29174523
29207412
29243957
29274296
29339013
29364747
29408744
29551044
29635114
29672031
29749093
29820951
29871906
29906136
29943298
29978118
30069625
30105001
30150639
30203521
30242784
30304045
30375967
30392572
30507292
30522416
30603990
30643341
30677960
30779202
30835736
30856611
30921946
30978184
31007765
31050055
31185769
31229907
31297940
31391679
31427820
31495330
31633763
31673895
31697541
31735724
31874051
31924708
32012482
32043257
32111839
32129890
32209212
32288202
32400643
32526961
32580934
32662783
32737949
32792457
32891038
32926011
32965284
33080853
33201159
33312215
33347631
33507094
33533684
33796645
33931132
34030566
34119637
34291427
34385379
34413329
34502618
34688525
34708184
34823807
34888322
34984934
35058286
35098001
35202807
35301558
35417702
35446404
35501168
35682805
35712613
35777071
35861868
35956977
36019696
36065581
36132056
36259152
36327495
36414066
36517109
36622006
36745429
36857480
36944827
37088437
37278839
37366370
37459565
37559386
37614928
37690620
37766968
37913192
38106436
38150912
38284885
38357275
38413736
38466771
38534523
38569617
38711611
38789720
38859987
38979497
39082658
39159013
39207368
39230595
39303524
39335594
39474417
40343166
40673210
41274664
41333921
41473671
41547108
41602113
41688227
41908440
42095978
42145196
42209515
42263644
42406788
42555663
42668745
42755182
42780865
42866199
42899093
43018286
43085550
43183102
43251251
43305726
43462883
43504206
43615494
43662787
43904406
43959277
44090971
44113431
44221535
44258794
44327655
44435272
44622193
44793506
44853103
44904406
45016962
45180681
45214327
45296411
45371191
45544044
45745127
45939802
45968561
46196166
46248843
46419464
46699960
46787761
46886965
46992218
47112444
47202026
47295620
47424095
47559494
47776220
47876675
47940822
48078410
48153573
48351162
48544670
48621265
48780893
48923544
49196871
49388121
49528066
49652346
49740339
49864531
49976528
50149761
50407430
50701120
50734714
50771318
50813520
50981876
51128343
51348537
51442185
51591747
51660353
51793754
51874509
51968355
52073021
52276901
52614244
52726883
52974409
53086125
53327901
53354678
53524570
53592599
53669063
53886238
54121239
54228268
54270444
54351430
54591419
54827184
55094138
55219219
55383133
55524999
55615156
55964573
56059771
56513082
56758768
56907169
57083776
57153823
57311671
57400569
57556528
57676137
58080530
58295952
58505639
58671784
58772377
58992424
59268522
59326173
59364829
59704469
59899207
60091024
60171643
60303576
60589415
60843857
60928233
60973870
61065857
61214920
61306468
61401982
61479698
61728593
61791825
61862146
61922193
62333677
62395811
62478147
62644055
62747304
62888518
62998048
63049943
63126095
63446000
63543566
63656855
63781993
64006643
64189272
64336452
64667290
65079110
65241685
65280757
65381267
65485271
65736324
65795944
65973171
66114979
66245255
66412707
66619160
66724211
66854343
66922242
67372691
67441009
67618569
67757236
67828905
68137668
68266003
68408026
68482501
68694664
68850512
68984773
69030537
69227232
69304882
69341706
69559716
69876895
69935766
70191722
70460004
70610647
71028002
71045069
71305377
71515588
71560018
71653630
71722451
71930374
72283192
72308064
72828721
73268206
73423929
73587960
73620980
73812699
73957810
74087066
74313494
74538207
74633379
75009781
75018570
75190922
75406291
75541478
75586899
75815632
76079575
76188088
76265858
76501514
76695477
76962326
77004849
77333981
77403711
77567847
77723830
77745850
77928507
78021042
78178318
78301903
78346934
78475419
78559883
79010009
79152548
79224825
79424369
79555693
79722763
79886888
79979126
80106894
80123574
80438964
80458967
80552106
80713103
80845013
80935948
81016582
81173343
81432842
81478868
81517533
81614223
81647573
81786605
82062703
82280080
82409389
82504405
82558390
82748700
82872200
83078436
83125423
83255154
83342238
83435005
83567815
83683106
83800749
84077473
84241848
84328274
84448021
84483443
84690601
84827449
84907001
85026912
85049482
85150386
85396821
85494186
85639202
85809020
85848189
85939653
86026513
86093829
86155926
86236284
86410106
86612174
86648060
86778459
86907939
86983136
87130340
87303755
87478300
87543161
87668506
87843364
87990724
88085667
88269749
88437852
88477058
88612813
88924068
88980272
89050587
89178151
89406876
89557764
89669859
90020617
90125374
90440043
90748728
90780947
91063037
91192664
91288741
91429150
91490233
91863620
91953599
92094747
92286391
92610114
92726188
92870145
93172577
93334782
93551455
93628002
93714551
93785955
93982845
94393567
94654464
94960265
95289801
95688203
95876415
96147601
96209166
96283491
96460542
96643198
96772897
97083652
97210724
97320049
97472210
97534912
97681476
97882220
98063729
98138791
98277888
98765584
98844840
99073035
99260286
99433624
99644116
99808939
100042449
100141910
100216272
100366828
100651350
100804742
100954548
101004770
101070794
101113929
101233429
101281205
101468566
101743086
102124120
102311813
102493135
102617120
102922632
102989489
103034845
103122243
103185802
103396077
103416716
103752643
103886307
104162905
104368815
104634446
104864775
105084212
105274988
105363828
105658893
105857273
106030011
106206226
106335853
106588021
106947332
107050921
107154599
107260773
107341544
107416786
107540195
107650544
107925157
108185688
108409294
108560898
108637829
108784781
108910102
109213119
109255150
109527480
109680550
109827244
110004139
110112252
110310397
110465593
110621072
110856056
111192783
111531789
111678522
111750156
111930701
111990879
112277672
112494323
112615525
112771720
112947197
113141288
113395024
113605562
113867601
114029800
114182146
114340399
114474914
114796126
114973703
115100277
115332107
115385449
115539489
115858557
115924636
116037420
116143553
116229757
116394177
116699708
116906246
117184317
117299013
117476932
117558868
117813615
117855633
117989890
118227253
118918471
118998049
119283703
119423075
119701070
119798224
120015579
120159409
120360327
120621991
121129168
121173851
121274267
121405752
121507908
121693122
121939311
122154004
122354674
122633073
123055399
123332425
123536927
123892180
124205889
124260784
124437779
124601229
124909530
125082818
125612746
125859563
125927582
126065235
126329219
126471445
126617204
126776532
126979668
127085298
127283963
127481786
127696353
127967773
128045129
128182629
128342570
128601165
128759662
128950089
129238769
129445769
129669045
129720348
129872140
130187956
130552029
130722605
130824445
130943755
131113622
131293021
131640942
131761779
131901357
132310932
132560695
132641257
132829843
133044664
133263127
133642545
133771181
133902866
134784863
134967121
135026410
135090725
135342539
135441915
135817929
136086378
136234968
136271143
136541415
136692337
136825076
136947050
137140052
137521434
137650387
137724433
138301930
138534692
138658938
138674720
138820593
139122051
139321686
139441232
139659219
139717616
139946125
140248027
140394532
140600948
141081013
141320875
141412951
141634261
141888455
142186263
142207493
142909294
142946946
143461140
143525131
143587802
143705931
144175488
144343318
144553740
144715325
144854451
145392435
145748607
146117452
146303775
146728382
147029073
147202458
147402694
147673134
147877154
148173338
148342636
148615460
148847344
149091622
149365220
149445546
149560876
149648958
149997967
150107857
150253753
151239365
151549594
151674302
152184591
152334034
152634808
152743957
152925169
153223030
153497185
153710207
153899006
154479368
154623300
154853758
155065844
155304396
155867499
156413900
156730679
156824893
157115712
157393448
157750855
158240148
158364040
158577318
159188264
159251584
159495548
160027198
160567998
161327415
161553591
161985052
162164090
162731076
163373312
163844133
163999620
164156654
164490373
164797312
165307492
165814238
165988896
166735807
168048919
168773886
168940702
169825723
170979206
172503356
174242848
174752323
175162645
176312961
178006654
180330333
182592160
185174845
188664693
190551391
191225608
202734779
