28011974
35753654
44221535
61994360
51968355
12953178
113637158
68226433
143461140
117989890
7321382
31641771
77947228
70936795
18099698
61066517
54273392
13387241
76079575
119752156
98789412
125213758
105786753
168718873
105053359
95289801
159317191
22694265
124418762
44899513
42183930
25693162
15201622
108453023
48404232
111192783
77596304
145392435
142207493
164797312
25068666
166475072
128656285
40475362
97939468
67828905
149645729
107157144
84907001
102124120
42915249
86452167
67618569
132924246
114317368
91958110
65736324
47080286
132716800
29219535
140248027
87859986
83342238
107540195
57245844
24008241
109249985
74101279
66042962
35848381
76193783
89602301
119701070
154531605
80935948
44655740
40670594
53086125
115858557
156467479
50778919
60924237
47295620
80123574
49195588
49965727
144349219
50889297
33914238
97486973
163969390
86612174
126052496
144659477
93959129
154638842
44435272
163999620
75541478
150233468
100028519
101233429
42414539
21352306
136253112
88210973
128765713
60752899
132268892
84241848
86236284
23106417
115889582
153619671
139892025
5468120
55895593
121356396
73812699
47202026
69315838
78475419
161553591
65079110
58295952
139446606
160027198
89646204
94851647
136617958
157414311
56886008
63690785
96185225
152686224
98940698
151925593
26689540
26529774
65113081
80447765
61247461
36086222
104616864
69717277
118988531
103185802
70786877
53524570
115924636
66485912
23059343
190779990
73620980
158240148
59337380
65352380
53267843
65553558
63543566
36797867
126776532
47686377
34291427
59326173
84077473
43943978
51793754
161195904
153000451
130824445
81597353
143490929
34857892
77723830
129238769
54270444
123343920
128182629
96492164
122911217
147877154
29551044
102611804
159937223
110127774
106466842
61922193
66703410
102945640
103166856
153334265
75009781
162224133
77928507
130552029
49864531
85639202
79886888
48815141
44151542
188664693
68450486
107361295
62560188
80218541
139700658
71697039
135342539
26992811
128138431
68491983
84113345
141632465
59330984
84652921
127967773
91324625
141461424
113373743
83341768
66114979
20728402
101279124
98277888
115188337
101113929
115055524
120215169
146084901
65381267
54228268
100789045
108275131
44023466
60308869
189145429
109666748
85396821
98648196
92233211
70002914
176694074
58751590
109527480
30507292
27790337
107601617
104488668
13506207
12509085
21535858
66305445
148626978
111944333
126329219
130280398
69001136
85049482
42484625
42555663
45912756
137095815
141814751
25611666
114591883
110856056
109213119
43178967
44858056
74313494
26698051
93628002
142186263
63446000
138696951
63781993
50780396
103396077
90748728
102491857
49118841
4615146
96000598
128342570
51370586
98253072
72015546
126065235
143839615
60928233
93982845
137668563
112743302
165020375
138573534
63126095
63815041
146807440
46758328
119711886
67771007
134967121
107341544
49227166
116137420
56124439
29635114
103083375
158052161
60303576
104162905
18991135
47448056
119642484
84483443
63625110
70191722
12979952
86347683
65787068
151649187
69156796
63080348
25319190
98138791
28351238
128698431
92857189
51591747
47834023
16267579
165807976
127783386
89435035
74409457
105025230
83762346
143531191
67995300
31400620
48132392
21295987
99324486
109214006
22406264
102781508
114447989
112262343
139960439
85150386
45939802
57400569
95631921
84827696
140600948
134854198
76995304
145386058
25216795
107510191
133771181
49976528
108750631
69739162
103103473
89343942
130187956
16261556
139441216
138025996
151674302
83233673
100138721
76233895
39191629
107921211
39228282
77592053
12623540
84045384
4648372
117910562
123487791
37080044
101493060
65784843
50755861
79476761
52073021
59704469
43074130
162072801
82596227
46419464
130943755
81235569
93737928
148341684
43507404
25240818
139122051
48597213
65281270
120015579
93785955
141191031
68340330
139556909
102922632
86616235
83406905
111941384
80138059
58575064
60957416
81619401
83839765
42780865
41856229
152743957
79979126
44327655
109827244
176315172
86656040
81517533
18145590
88477058
92341462
61333602
133263127
30856611
61305804
136905414
11396594
86126455
72523036
59899207
134021538
69934318
7716087
118990453
46909396
82355116
151550724
99970078
69030537
49504957
43982171
131031479
49772291
39159013
97472210
47163897
42777111
125621867
42866199
45657473
89069038
28187309
156097960
119798224
149365220
80552106
85118743
12277280
17270857
2989013
137043590
112010747
63656855
148455397
101604934
108607259
152321561
17678784
126979668
155867499
109340441
41304982
47876675
77908766
91936778
67356097
60091024
152603679
20898915
121173851
138665622
136013178
39230595
39322197
55308600
124909530
4237231
121122623
151239365
116310998
87643206
47559494
79424369
65241685
78086500
47112444
126455765
40718693
129692960
75488409
137651691
77333981
173796795
63661503
183750629
29005900
65389241
149655308
126966634
107300391
53354678
152925169
22997607
150473105
170979206
131112757
72828721
80900800
106435400
122143780
129792397
88437852
18160672
99073035
123835922
116178627
139441232
91441878
135310065
41274664
3604918
116439990
138820593
129478991
118998049
73597058
125037886
152305643
59504397
26475061
27173325
43904406
23341780
34502618
19856241
78606732
118482690
99181827
96209166
51135802
74736484
105084212
161511262
136947050
103540661
93697783
56059692
88929585
80106894
75016745
99664368
66916680
99433624
96187300
138534692
105606568
24211779
108590859
101046448
121379290
46818630
52974409
66599456
84448021
128759662
79722763
121693122
112771720
81259723
51128343
68191385
138667235
100987118
112849188
30513449
42688821
80845013
114986461
113984731
103601900
7440378
144175488
24395003
74538207
57502669
58772205
83415757
93304924
59268522
119127716
180360067
115957974
100141910
111315059
88549885
43305726
52276901
65973171
103034845
57342876
44109460
92612657
15811796
99260286
99644116
91593528
168460032
29978118
122109923
34705271
21083157
102674437
76695477
127976645
44793506
115943529
131611746
46110493
105137270
63018434
64149102
77745850
67555051
86037611
95732739
19285240
40343166
121416936
139717616
126566611
88280209
85038772
147229633
160602332
125924870
79671827
50407430
85699588
168048919
53994929
47424095
55503884
169403417
53352337
147029073
84470980
48621265
3249940
168773886
66724211
185224819
75385275
121939311
107260773
66820792
160091649
91885951
75493616
29220828
131761779
80554277
31007765
55010862
118227253
22800804
133902502
68482501
74633379
119088826
12376031
28316603
120159409
67827068
20621173
117660426
176233627
112425188
26176603
146457852
90817179
50516835
38859200
77465915
51576317
58379005
8146439
148209438
23913809
124437779
44113431
79224825
126617204
121133165
92286391
159188264
28428630
87486900
100720418
124378556
45507642
31874051
94393567
59364829
100959087
110621072
96147601
138342699
17792680
141410342
53327901
77015016
144343318
75586899
64417202
149560876
60263370
112277672
54274725
115407021
51759842
86805387
69273746
18695054
24620001
104181363
17257140
66854343
47940822
12505829
130790142
77922577
44287520
164311497
76344414
46453603
85494186
93804908
56513082
75989144
86778459
145923736
61915840
82649258
31039009
125612746
65859986
145514834
49196871
131862802
146728382
54121239
22193127
91288741
113914485
134972507
165983498
85968374
13606790
54717447
106966053
174436732
83125423
18565555
45445568
97578789
62457578
74559942
99353582
89234310
142910895
132571838
98090737
58671784
68984773
51712800
44258794
37981870
121264594
121129168
159201505
88272229
43742127
22341851
82558390
33076637
133044664
86093829
42953110
99583381
90760665
39387663
32233735
43662787
77001145
67698605
154623300
31297940
61128138
26997900
143479658
68850512
53017364
43631950
81437764
61462418
71361809
67372691
106650743
132904725
24091042
89832368
85463056
55548374
97230847
81173343
48923544
41333921
148103999
25671055
202917957
39389944
87154828
102989489
169354660
24636342
59820721
21199602
73423929
46886965
86914363
116699708
114943408
52131741
165814238
71045069
158088961
162731076
33796645
85939653
156413900
86739722
28516444
87159122
148173338
150037763
79310160
98797171
71264416
85809020
157031320
144724341
39170048
30039772
41298791
62959082
117231835
108637829
27094377
155091574
137650387
41506302
61306468
90773621
45544044
55562041
8950555
59300875
135389882
88970310
91863620
147033030
45016962
136237552
124540916
134438118
174791996
67383451
144250412
103886307
71305377
117294071
129440551
108244350
178006654
113502476
78427904
66664342
67757236
98844840
76699726
168893890
30713062
139321686
44256908
93733817
23629046
45049266
82376190
92924422
80112208
101407360
134784863
22789243
89499932
30230137
43183102
76501514
136541415
47036640
55615156
38931187
35955370
172503356
94977424
83078436
41547108
82475670
54142348
100266723
52726883
62644055
67749870
73043931
106653655
106185353
112494323
131901357
69341706
129711018
47311049
53886238
147883746
103408434
20209925
4991738
85930696
135441915
73304160
64045246
100886430
149236250
78230632
21784806
70363935
24702357
71034301
110721274
52765231
87034678
44254304
63049943
92870145
131258297
58505639
154533945
77567847
123332425
112587935
13366267
103414633
73658976
42095978
42858638
60918770
63864440
114796126
78178318
97529792
45655350
40673210
127696353
78334435
148619341
149648958
87519074
24205034
71653630
36622006
135026410
88511658
110557229
46672144
100954548
84915320
22613597
8957951
66245255
84247792
152870660
75190922
67424618
49740339
59058000
51937941
119283703
81774000
163402424
170383833
64006643
27855301
42855183
130722605
42209515
118918471
97534912
36792185
136209206
105288218
137645472
19876078
114342923
43186131
50701120
26306737
113796957
50209689
132641257
116097566
42668745
24973115
78449479
56563669
130128932
139946125
39041119
19584974
19108669
143087294
190551391
82526266
90440043
133178858
82280080
120395637
71722451
127335544
69925148
56758768
115539489
18088124
44549218
79127843
141888455
47228412
79060337
56907169
27351885
18121561
146121975
96460542
161796825
138922815
44853103
96225674
149630594
66321726
99585126
89036100
69935766
46844846
58928718
47868202
87843364
49528066
111861915
149941198
95641447
124218436
55100132
85810404
135742868
117057029
59289814
76631798
120023816
84353820
17019402
102617120
26426801
169825723
114182146
101264014
41552171
64667290
163373312
59849768
81139052
48033697
97210724
32209212
112947197
56987370
20429255
62333677
79921113
46210219
90036398
111930701
47195723
44358664
43913285
154958505
69358607
50823443
51192983
124601229
191225608
126321742
42778294
81858507
49652346
107372709
155304396
162839095
136203767
63548613
43484606
113867601
162368492
127016724
96668100
158972220
85319812
88980272
68441024
42654123
148847344
35462030
58432626
159721243
17411412
39239643
83800749
23140961
141634261
100126495
50985135
16276226
111741848
122660988
62478147
108904679
12164770
124119241
100159170
20347042
58030008
111750156
72900381
51984628
121507908
133173404
32847815
121405752
80109951
156751587
45192992
80438964
105872578
61398531
138674720
158294317
110893353
23411183
90278425
7751209
109680550
46749599
65418047
105804623
87954416
90076262
41668887
107267529
94721419
82767554
83574764
130644256
73660378
14787544
42899093
29943880
16668656
153849466
77004849
119423075
44904406
33406549
31304153
106947332
27008925
64859604
104852653
114087523
130016739
51855084
85509331
21005203
107842872
76784406
38392635
36494296
85362080
26265372
49619200
11300179
48780893
147021442
90125374
29935927
137140052
52614244
117546367
143616447
80454570
45745127
84388891
104283696
45296411
26394533
7869033
65795944
69330352
100487494
4119694
26125541
84836059
110738875
89178151
102504047
44508845
27206881
116143553
81016582
115349232
126641077
86309021
85848189
127141041
85995249
172389917
136810420
48748125
135070089
92098430
13305673
156824893
97168305
153898239
115606048
107154599
115573000
110310397
42755182
92726188
79198278
66145179
140209484
145738990
156791230
19594385
45227483
111168679
48351162
78312301
34956773
191135320
150107857
84690601
112702765
109845413
15005904
37278839
39219483
84818407
61791825
107650544
109255150
47776220
131470273
20765598
85888390
117299013
82872200
43657761
62647932
120376211
42145196
64215911
13075435
52976471
52678172
115444239
73509058
81791396
43462883
16844281
70571682
77096748
76265858
82916295
109684479
46173573
143532890
103416716
39335594
45355391
124578619
101186444
19683153
74557700
148615460
75015854
35446404
56058337
104843670
149445546
143587802
63084335
58992424
49891647
103810519
152334034
25360714
101281205
136271143
93714551
66062131
101004770
65507027
85026912
160567998
100366828
81548165
98104904
34688525
54827184
123650161
64617305
71599860
91466945
83102510
164791358
47980353
53334233
33854720
86979243
37459565
76102565
18894830
151890436
22749282
50444974
21576053
113268677
87543161
43273162
135645966
88269749
81623020
55094138
6675678
29086006
147202800
97882220
43107867
111714194
138449189
89108936
36108874
130689780
44268376
71646695
131293021
106206226
80641878
61021730
29070130
41750472
120357180
148342636
124883789
12733579
134859974
81614223
24769136
46267390
63211731
152184591
42566367
71515588
