2796430
3043500
3068425
3160882
3164527
3175119
3207271
3257235
3257933
3267978
3289262
3300453
3304776
3333012
3445637
3486460
3543765
3547457
3587753
3590436
3610035
3614513
3618704
3719653
3734519
3754034
3770072
3777000
3785127
3806051
3820202
3833561
3860633
3982139
4008525
4018661
4048524
4124676
4189506
4194640
4219880
4272063
4272882
4273375
4277695
4279850
4295285
4340657
4345599
4357966
4452688
4477984
4480111
4494451
4515402
4537036
4568367
4590248
4594100
4648744
4722822
4757002
4768247
4776572
4801191
4830497
4896043
4933621
4962203
5052432
5054010
5072045
5096772
5126496
5161363
5209356
5284309
5306863
5308235
5311553
5337444
5368743
5407855
5426515
5448786
5480914
5482070
5484674
5504956
5505650
5555450
5571349
5601734
5606812
5608613
5630293
5638490
5640505
5650972
5667342
5686844
5688556
5691296
5698712
5705800
5767182
5768624
5774649
5786578
5787746
5795454
5811861
5814094
5837142
5841696
5847892
5861985
5872077
5900275
5916604
5918903
5943386
5946037
5955691
5958012
5995443
6017899
6046404
6065791
6081199
6085412
6087215
6087634
6096578
6126132
6131869
6203564
6224521
6236206
6258942
6261382
6301834
6315414
6322842
6329610
6329903
6336528
6358283
6361244
6368363
6384788
6390123
6398536
6398903
6400282
6417195
6426087
6453591
6455660
6468846
6493327
6496901
6498182
6499665
6526766
6555509
6583530
6588475
6591754
6605653
6640870
6641161
6647161
6656882
6658443
6658471
6688939
6709901
6729761
6736959
6761787
6774975
6777894
6820727
6834648
6840748
6844151
6878775
6900424
6919531
6941672
6950556
6959985
6973347
6991584
6992057
7007804
7018257
7028623
7046869
7092891
7098346
7102722
7111926
7115896
7122849
7129475
7139920
7147036
7169944
7191678
7194637
7226363
7263109
7271023
7271055
7277900
7309766
7312697
7339889
7342137
7359497
7399521
7427867
7476802
7489440
7516955
7522556
7538694
7542078
7547116
7586913
7597091
7642212
7646034
7652441
7669004
7683298
7696041
7708839
7713143
7719611
7726400
7732043
7756861
7787011
7831907
7835552
7839511
7847902
7867706
7878395
7892381
7895398
7952928
7978788
7980629
8050501
8088712
8101922
8141121
8161879
8164360
8192607
8208260
8212921
8271203
8271234
8277400
8315708
8329053
8331698
8337854
8343303
8365860
8371406
8463517
8468461
8479842
8516615
8529732
8577753
8596580
8634298
8756181
8779260
8848821
8874047
8886979
8888707
8949116
8993762
9013855
9113534
9128808
9172958
9181917
9351237
9587778
9811919
9874178
9918513
10029267
10236683
10251051
10649002
10786600
10856655
10965402
10987281
11011921
11056114
11087683
11094609
11110291
11142353
11151252
11172083
11204369
11210817
11252575
11289205
11299695
11302479
11312383
11312624
11342538
11347820
11353971
11392278
11406734
11438287
11445740
11479856
11483023
11494859
11499084
11499586
11524138
11567890
11578864
11617615
11632724
11638378
11654956
11666924
11675732
11679469
11681812
11691148
11691962
11693487
11714543
11741741
11748882
11752742
11759757
11770053
11789960
11794674
11810607
11840403
11846155
11860305
11860362
11860815
11870699
11885127
11894032
11895878
11902154
11912998
11927545
11953640
11974774
11994603
11998614
12005595
12054834
12056753
12084408
12094239
12098266
12101368
12106221
12125477
12131514
12140357
12146642
12147077
12149633
12162479
12179791
12191857
12192024
12204822
12213928
12214478
12216071
12233047
12235780
12248341
12253806
12265413
12283932
12288297
12295027
12297038
12303312
12304195
12305753
12309095
12316978
12318232
12326272
12327004
12331573
12332730
12341062
12346458
12347394
12347566
12364697
12368032
12373400
12379574
12388706
12397256
12418934
12421319
12437293
12445533
12447487
12448628
12457621
12458673
12463536
12469853
12473652
12478765
12490357
12495700
12500708
12508524
12511434
12528834
12531854
12541811
12542759
12543021
12543960
12548553
12552888
12558796
12559492
12562652
12566156
12567897
12577804
12598687
12600710
12606343
12606885
12616476
12618067
12630591
12631133
12635139
12636485
12648461
12655374
12663252
12663610
12665452
12675069
12678083
12681536
12683220
12693450
12700834
12705551
12709535
12713188
12721887
12741586
12746696
12759862
12763013
12768529
12769420
12772395
12789515
12800811
12808104
12809424
12818694
12821410
12834219
12834421
12836643
12851043
12861048
12866558
12868710
12876033
12877591
12880729
12881254
12892313
12900723
12921674
12926311
12927073
12939804
12986708
13013054
13015100
13024766
13037560
13052259
13066980
13098854
13116514
13162559
13164729
13171265
13180476
13180827
13196331
13210304
13235621
13244382
13246878
13288121
13289286
13316732
13330808
13339737
13341527
13347232
13353319
13386847
13409053
13416035
13425124
13427068
13442042
13447902
13449755
13461150
13475269
13481095
13485499
13499043
13517278
13523649
13528259
13549318
13562011
13573883
13575777
13587846
13598369
13611642
13616671
13630015
13632870
13656607
13658465
13665636
13697983
13737916
13750623
13757211
13761570
13763206
13800514
13812700
13831934
13902608
13902974
13908030
13914721
13916515
13917724
13933248
13942882
13946438
13952828
13957248
13959696
13971730
14010367
14012559
14041152
14076668
14084289
14093055
14117533
14176301
14179246
14185198
14193421
14213164
14221695
14230557
14263745
14279693
14377963
14412246
14827503
14833000
14854630
14863923
14870289
14886572
14923052
14935313
14948722
14952018
14977458
15001908
15043750
15063026
15102962
15107123
15123219
15170514
15176332
15177325
15184762
15186220
15186515
15206957
15206980
15210349
15212533
15227941
15257251
15273717
15297211
15306480
15310699
15310985
15315570
15318595
15322893
15323274
15329312
15329779
15330563
15333983
15347437
15360591
15361611
15366152
15366602
15374487
15375792
15385717
15397168
15410146
15412555
15430028
15444557
15472469
15477472
15492077
15501162
15501711
15510763
15542495
15549975
15550190
15566512
15568361
15604269
15608872
15643913
15665391
15671246
15677656
15693999
15749870
15758041
15765706
15777237
15786515
15787412
15795379
15831833
15874288
15881912
15897028
15899225
15904121
15921395
15927308
15939433
15957240
15957832
15964263
15969908
15994648
15996271
16030455
16032484
16054926
16066331
16072003
16075311
16078199
16118666
16131370
16167810
16170428
16173713
16187405
16188127
16189265
16212306
16216257
16219789
16262507
16272706
16273882
16289775
16289889
16301250
16337997
16340999
16387962
16390305
16398461
16401071
16402120
16408208
16413733
16428871
16435908
16437686
16446873
16450507
16507823
16521599
16521667
16539167
16547688
16558561
16565704
16576818
16590077
16625104
16626157
16626158
16634433
16637537
16639462
16642192
16659551
16661699
16675658
16684587
16685552
16705528
16706566
16715864
16737143
16739899
16741754
16745210
16762046
16766325
16776159
16776221
16777152
16789988
16792001
16793918
16798113
16817947
16819937
16826182
16832421
16833527
16837885
16841999
16855675
16923778
16924087
16929100
16933680
16941665
16974920
16999059
17006827
17013678
17024576
17028060
17030314
17038623
17051618
17060507
17073114
17089027
17092961
17095918
17096460
17106800
17113532
17122837
17151348
17165752
17168526
17202814
17224824
17226240
17235944
17242387
17247995
17253365
17254058
17261941
17268118
17296143
17304512
17315005
17320667
17327892
17332842
17349546
17355548
17356465
17363526
17377212
17402440
17421652
17438251
17461985
17507710
17512255
17518774
17541489
17543944
17544295
17553367
17586127
17587454
17609643
17653817
17666664
17678990
17699459
17701644
17705851
17708432
17720948
17730837
17761502
17775824
17780034
17785532
17837608
17846925
17861545
17872735
17957105
17959556
17971160
17974624
17998596
18005736
18017834
18018854
18024762
18028631
18030315
18031557
18045968
18049913
18061133
18063351
18066082
18067939
18098939
18106178
18112596
18120315
18128115
18134477
18139166
18141905
18171103
18177745
18186513
18194761
18197050
18199008
18207027
18208265
18214862
18248781
18254991
18288714
18321197
18324165
18325471
18325494
18339249
18339450
18346477
18347374
18365709
18370810
18374953
18382306
18422085
18424434
18428226
18433734
18436537
18473871
18476839
18481217
18489115
18497123
18504508
18525572
18528433
18528957
18530589
18532379
18534355
18540958
18568981
18576471
18582444
18588014
18600224
18615838
18630306
18638716
18648864
18661438
18667118
18691989
18721534
18738228
18745130
18745335
18747022
18775988
18778254
18827734
18841201
18849398
18856012
18857762
18866158
18873330
18876036
18896701
18908628
18926308
18928855
18931290
18934831
18939404
18942481
18951371
18961903
18983031
18990183
18995082
18998426
19000176
19006796
19015371
19028820
19038510
19038764
19044466
19047678
19049491
19052640
19077242
19078173
19097418
19103252
19140370
19151525
19169103
19178772
19194901
19218116
19223456
19226615
19227412
19247374
19269175
19277365
19279720
19282795
19327055
19336205
19360854
19363828
19370613
19371061
19387189
19392922
19401899
19405943
19418720
19419477
19420870
19428263
19433887
19442804
19474872
19486678
19488040
19492340
19494473
19499885
19517387
19517716
19519285
19521846
19526134
19533076
19533822
19535276
19536138
19546272
19546625
19568212
19573538
19579286
19598393
19605364
19605715
19626217
19630638
19640233
19653614
19663252
19669631
19673120
19676641
19677512
19686706
19705880
19721018
19722583
19725263
19730107
19738485
19739434
19743635
19747923
19749098
19749850
19768663
19769974
19771920
19777351
19781567
19816444
19817015
19821378
19834225
19834329
19862425
19866702
19874074
19895277
19898065
19903952
19911071
19916699
19917927
19919031
19939096
19944881
19951476
19964736
19965288
19971771
19979119
19981664
19990410
19990414
19994739
19998451
20007695
20010989
20027826
20042312
20048241
20052126
20052174
20057846
20063544
20078980
20090329
20092007
20118986
20126708
20126714
20131929
20150109
20159125
20171437
20173273
20180817
20205321
20218580
20229222
20233289
20239911
20245294
20248481
20251111
20254488
20259660
20265846
20267645
20277682
20278246
20282853
20288816
20289207
20294435
20301573
20308474
20310753
20322490
20325222
20351060
20357925
20359625
20364187
20376969
20381487
20383295
20390335
20398596
20399831
20403892
20419151
20420333
20431752
20438566
20441947
20445497
20450198
20454614
20461574
20485245
20494902
20498888
20500817
20501877
20507845
20518321
20518885
20520167
20524441
20550126
20550737
20569103
20583383
20585245
20597135
20618058
20624390
20639162
20656478
20660793
20663010
20664739
20665704
20666390
20670251
20688168
20689595
20691399
20695500
20702996
20706332
20714676
20716427
20717271
20719318
20732481
20738883
20757000
20773872
20780585
20783828
20785578
20790947
20792661
20794415
20799066
20808345
20813320
20813542
20813574
20836526
20845200
20847156
20853463
20867580
20868184
20879554
20895331
20896128
20898278
20902904
20934307
20935768
20937185
20938376
20940493
20942574
20960074
20960668
20964165
20967801
20983253
20984740
20999743
21001836
21019028
21019244
21019749
21031520
21039116
21048714
21057263
21066883
21068638
21089030
21093885
21095518
21102076
21119378
21122749
21123330
21139616
21141032
21143639
21148444
21152974
21154389
21159911
21163390
21171315
21181419
21182179
21210699
21212764
21227891
21235212
21237863
21253283
21261501
21291272
21296867
21302827
21327690
21337865
21353578
21359835
21359908
21381402
21392374
21397855
21404954
21409112
21409948
21419197
21427138
21430970
21433916
21438955
21449025
21454430
21460799
21460939
21466626
21467177
21480549
21500630
21503837
21509636
21510951
21513415
21515877
21524285
21524703
21528127
21537095
21544502
21560054
21564157
21566565
21577385
21578496
21579515
21590822
21602622
21607014
21617857
21618426
21629776
21633568
21638581
21641232
21641242
21650544
21664216
21668832
21676259
21683738
21685051
21706573
21727008
21728442
21743368
21745234
21746008
21758183
21759598
21761613
21761633
21763438
21767959
21768866
21773029
21779278
21786640
21802920
21807492
21815981
21835611
21838081
21845314
21855039
21865488
21868129
21873217
21876721
21884254
21888593
21908547
21910363
21925209
21926642
21928006
21930939
21933153
21964799
21993294
21997136
22015865
22025149
22032958
22039355
22058273
22071481
22089324
22091356
22095353
22118728
22119921
22122866
22123064
22132143
22146481
22148954
22152384
22162367
22168996
22182546
22186303
22192267
22201996
22240244
22244441
22250087
22279906
22300558
22304316
22306387
22324386
22331863
22335381
22366396
22377561
22393446
22400557
22417819
22420272
22421979
22433796
22477019
22482356
22495692
22496004
22508224
22511379
22516578
22525297
22541727
22542944
22558271
22561639
22569163
22573844
22576912
22577778
22592004
22597504
22598329
22617691
22624830
22637244
22638766
22659804
22664851
22670848
22674825
22682801
22682810
22687201
22700502
22713476
22721588
22732670
22736925
22737520
22759914
22767287
22768190
22797429
22798135
22815284
22817504
22826463
22836782
22840910
22860867
22870331
22884833
22885214
22902784
22918636
22949080
22950747
22951232
22988664
23012920
23028235
23031866
23046338
23052141
23069001
23077729
23089285
23094973
23109697
23114740
23127170
23128115
23132948
23137672
23141361
23173270
23186077
23186976
23201652
23208354
23216598
23216893
23222495
23231359
23233581
23250905
23265806
23288770
23293044
23297966
23313547
23319402
23359981
23365457
23368116
23370813
23389739
23436038
23443738
23444653
23464151
23466929
23488330
23497374
23505402
23524713
23529303
23538435
23547047
23547893
23575893
23581399
23583317
23590182
23608151
23648641
23663735
23682211
23692958
23695306
23700262
23705176
23709029
23728193
23733456
23741094
23750360
23757070
23777904
23791985
23792751
23794067
23803384
23834376
23849072
23855440
23867122
23868392
23868978
23869510
23869553
23871494
23881323
23882076
23885238
23890418
23900971
23901317
23903292
23913327
23915983
23934376
23953363
23967729
23969615
23978877
23983625
23992843
23999039
24012300
24030751
24046702
24055410
24057157
24057235
24057870
24059990
24073052
24074704
24078766
24083777
24084515
24097651
24117028
24117494
24126317
24132329
24139585
24149355
24155663
24164528
24166541
24180125
24190591
24197987
24203787
24208845
24217755
24221342
24226997
24236384
24243184
24251259
24252657
24253992
24277292
24279175
24282652
24284670
24285706
24287951
24296732
24299426
24300073
24306992
24308222
24308730
24333599
24350844
24359042
24359109
24364256
24364518
24366804
24367215
24372180
24391435
24393863
24395116
24402350
24404694
24407275
24407422
24420594
24429396
24434516
24453886
24469649
24476875
24481551
24489306
24494552
24514535
24518361
24528212
24528331
24529008
24529311
24530772
24531784
24533365
24536111
24536379
24578574
24583477
24596711
24601500
24603981
24615564
24620099
24636531
24639099
24651494
24667845
24672629
24678001
24680295
24685637
24717224
24731306
24744301
24747067
24754289
24758961
24768917
24771126
24795542
24799897
24800070
24812781
24815726
24837459
24850035
24857709
24863244
24873268
24879101
24886139
24893682
24899150
24902255
24906941
24911025
24914559
24931030
24933550
24936187
24939728
24965431
24967530
24984747
24993592
24997613
24998486
25002135
25003451
25022361
25023382
25031900
25035370
25037779
25038768
25039483
25049194
25051388
25052020
25060311
25066034
25073312
25078035
25086349
25086957
25091721
25094127
25096073
25110774
25112425
25127913
25135741
25136503
25138327
25173204
25177858
25185783
25191525
25191965
25197774
25202601
25214839
25223841
25227892
25250040
25268817
25270168
25274715
25282198
25290446
25296213
25304564
25336686
25366953
25384995
25386881
25407979
25412459
25414190
25427173
25427777
25437015
25452248
25464232
25468272
25480668
25482350
25490360
25497105
25502993
25511142
25520899
25537058
25542595
25544899
25545718
25564456
25566680
25568191
25571121
25585526
25599173
25612288
25614666
25627163
25633615
25648472
25671483
25673809
25681770
25682401
25683684
25684523
25687323
25700483
25701465
25705429
25718557
25732274
25742562
25753107
25780974
25790112
25794596
25801401
25813698
25821081
25829422
25842524
25849913
25861517
25869906
25870131
25877657
25891027
25900851
25922816
25927096
25929233
25937676
25939290
25944845
25955832
25957965
25958566
25970770
25980172
25980551
25984697
25988439
25991619
26006694
26007744
26008172
26008246
26008788
26048794
26071501
26074481
26076955
26080236
26096506
26097465
26113677
26125430
26133888
26137933
26169415
26180470
26196276
26209061
26220417
26221306
26233478
26233783
26240665
26242445
26242822
26258407
26267005
26269838
26273069
26290214
26297835
26299287
26308775
26317102
26326760
26333979
26338988
26345931
26346959
26348170
26352898
26357069
26372635
26374283
26375238
26387102
26397272
26397675
26407692
26414267
26415142
26430613
26437287
26437630
26440556
26449435
26453451
26458586
26486843
26500700
26502203
26508129
26510684
26517610
26520924
26523834
26527667
26530779
26540051
26540853
26541425
26551749
26552824
26558656
26567948
26568921
26569512
26570872
26585096
26595916
26639307
26640155
26640531
26661067
26687719
26693364
26701939
26730136
26733881
26738954
26741175
26743434
26745075
26748509
26763246
26770437
26776986
26784049
26798462
26801554
26804538
26806228
26820195
26823358
26831962
26834543
26852460
26871120
26872356
26872758
26890696
26902689
26907166
26907510
26908218
26917422
26917475
26919358
26925249
26933743
26935127
26937706
26939966
26950016
26957614
26967897
26975412
26985533
27005856
27016050
27021417
27042074
27045737
27049012
27050089
27052319
27055127
27057034
27060099
27060201
27062058
27086382
27086853
27089959
27096464
27109242
27109947
27116762
27119836
27123178
27142160
27142934
27146792
27160401
27161769
27169699
27172414
27174288
27174930
27178741
27182678
27185656
27197756
27204431
27205249
27212782
27222742
27252891
27253490
27265114
27266852
27294961
27296682
27300774
27323578
27334668
27342600
27352550
27397158
27407572
27409816
27411025
27411838
27413784
27416228
27418080
27427901
27433822
27449327
27450847
27452777
27460114
27461064
27466184
27469064
27473896
27480776
27483625
27485226
27488724
27492254
27500383
27503657
27503812
27504619
27506739
27509037
27509804
27525123
27526846
27528062
27531729
27536812
27537489
27540826
27542394
27545588
27553055
27554349
27566533
27595117
27595751
27597327
27608502
27608894
27610867
27639204
27661485
27674140
27689259
27691088
27695803
27698233
27702533
27705498
27706328
27711565
27715317
27722176
27725368
27738133
27745599
27749616
27749721
27763574
27766557
27777564
27785773
27803854
27812030
27817026
27820055
27851759
27863945
27868705
27884976
27900108
27901846
27924822
27925084
27928985
27934171
27954013
27955707
27963423
27964585
27965539
27975590
27980148
27981786
28002870
28007746
28017245
28022257
28024794
28030684
28038406
28041206
28048492
28054066
28061186
28063052
28075470
28083087
28084235
28100066
28101658
28102696
28102869
28105099
28110330
28112707
28113519
28116285
28121932
28126544
28134770
28135182
28139892
28141415
28141590
28144409
28154454
28173960
28174020
28175153
28179239
28179286
28192381
28194012
28207956
28211187
28212643
28221277
28226114
28227559
28241268
28241912
28247453
28257783
28261084
28264216
28270225
28296554
28312203
28344553
28352180
28356849
28363814
28369372
28369705
28373354
28384699
28390032
28392467
28410894
28421598
28425230
28452441
28453649
28454373
28455207
28461723
28468039
28469481
28482571
28503541
28507511
28515393
28518704
28520941
28525881
28531327
28532718
28540561
28551564
28554352
28566106
28566948
28567532
28567973
28571380
28572976
28573271
28583105
28608624
28609441
28624921
28627945
28630225
28630783
28640312
28643365
28643606
28646864
28657395
28660623
28668454
28688971
28699553
28701496
28704504
28708233
28712883
28718646
28721030
28723569
28724050
28726351
28727001
28729606
28739656
28741782
28748650
28752624
28754452
28789363
28795271
28806250
28834712
28838098
28845856
28849565
28850191
28860284
28872055
28872082
28922232
28931965
28937897
28941208
28953517
28959013
28960692
28962354
28965035
28970653
28973288
28983212
29004005
29007052
29010308
29012491
29013503
29015350
29016339
29033528
29064870
29068241
29075361
29091208
29092646
29098220
29109609
29113854
29114517
29137073
29140678
29148416
29151719
29155504
29155929
29158769
29159060
29168628
29170913
29175439
29175669
29177570
29183214
29184318
29187565
29201192
29207289
29209699
29211353
29220894
29221932
29223946
29230345
29232121
29232197
29235857
29236217
29239487
29240928
29247244
29257664
29278191
29285411
29286879
29295713
29299773
29301834
29306634
29312203
29312738
29315851
29323357
29323569
29329576
29336064
29341964
29342001
29347782
29352807
29371290
29389150
29403242
29422447
29424878
29435630
29442374
29444800
29445297
29447150
29452934
29467204
29473610
29474893
29475601
29520802
29525443
29535305
29555995
29562171
29563021
29570878
29570967
29573701
29582404
29584274
29587829
29591984
29599630
29600300
29611538
29621324
29632728
29633243
29640904
29654895
29657189
29662682
29663974
29680615
29682918
29703201
29711445
29713037
29716439
29716930
29733707
29746908
29748514
29753856
29767421
29775340
29790950
29802458
29809457
29816412
29818162
29822563
29828002
29828500
29832089
29832207
29842415
29845663
29864258
29864700
29865644
29867193
29873235
29881517
29887204
29888205
29893529
29893786
29897332
29902134
29908340
29911958
29919370
29921940
29925577
29935060
29951470
29960671
29966381
29980805
29983389
29984896
29987296
30011908
30014682
30024433
30030637
30037134
30038593
30038814
30041323
30043926
30057569
30060281
30061576
30078373
30098439
30098629
30099250
30108811
30142786
30153451
30154560
30157323
30163181
30166010
30171573
30176982
30178709
30190520
30217082
30228873
30257079
30287023
30289447
30303228
30304411
30316931
30319366
30329284
30333989
30335807
30338726
30347373
30363498
30373987
30399389
30436010
30437781
30439320
30462294
30468299
30503572
30506357
30507521
30511179
30527483
30544839
30555897
30570100
30572972
30576381
30590776
30628546
30629232
30632627
30647732
30655457
30679110
30695424
30708310
30709925
30711006
30713432
30722453
30726786
30732261
30735704
30740159
30746872
30748609
30770538
30776420
30777497
30783042
30799043
30819917
30820353
30838798
30855537
30858325
30862859
30866999
30880817
30895566
30901705
30904466
30932904
30933281
30938752
30953827
30957695
30964475
30970400
30979107
30979286
30982728
30994010
30994930
30998067
31004951
31022837
31027870
31032519
31055481
31057290
31068358
31148004
31148129
31160605
31162674
31171776
31186564
31187710
31204908
31213233
31213242
31220211
31223512
31233901
31236771
31249139
31251996
31299513
31317371
31320186
31334629
31359710
31365475
31385008
31395654
31399148
31399745
31402584
31408110
31419969
31420901
31422090
31439067
31444095
31470647
31472612
31476667
31493524
31506853
31519736
31523973
31537836
31540134
31542484
31543353
31549600
31578378
31588328
31609348
31610621
31613211
31613715
31623580
31639604
31646777
31666200
31667015
31678211
31694183
31694468
31697307
31733554
31747974
31761916
31763652
31772004
31774908
31788656
31794200
31822179
31846176
31848435
31859449
31863709
31864128
31869953
31871705
31911047
31930367
31951482
31965214
31980181
31993913
32000170
32013573
32023656
32025661
32028365
32033010
32035490
32040951
32065213
32066204
32078293
32080381
32082151
32088031
32090621
32093823
32103349
32103740
32129887
32138106
32142984
32146000
32153171
32153465
32193831
32220860
32223876
32239359
32246083
32249070
32253715
32260297
32276185
32282809
32324575
32330205
32330418
32337054
32340693
32361188
32365502
32379642
32381274
32382058
32396154
32398001
32403334
32407629
32441619
32445085
32450021
32454646
32459930
32463464
32465127
32480832
32493558
32497127
32503162
32523998
32524670
32536233
32537687
32547053
32566720
32570343
32576730
32582308
32585757
32586600
32587264
32589252
32596615
32599554
32600076
32600619
32601173
32602057
32610729
32625852
32629207
32655134
32668283
32670047
32675115
32679882
32680554
32687521
32703990
32709255
32712670
32712924
32732134
32742971
32771815
32787673
32790774
32804828
32831748
32837082
32841059
32845560
32860032
32886458
32909877
32917666
32930841
33007936
33012027
33017094
33057526
33071624
33105660
33114716
33115260
33126428
33167592
33198607
33202660
33212024
33232554
33237954
33241763
33243108
33243386
33247888
33284251
33326364
33342285
33355675
33359438
33370947
33377089
33382986
33390976
33395618
33420074
33423722
33424132
33424323
33449783
33455355
33464913
33469403
33471193
33472285
33473907
33487051
33490398
33500496
33502350
33512929
33519638
33528644
33545020
33549679
33553469
33559290
33559552
33561217
33573950
33587274
33592830
33595519
33597305
33613861
33616479
33619773
33631407
33634128
33634400
33640708
33659539
33662195
33676482
33693075
33700307
33720153
33722227
33730222
33756306
33765214
33766744
33767489
33775757
33778963
33801539
33816317
33820642
33822400
33832457
33835964
33847712
33854073
33871134
33890096
33907294
33913505
33918255
33934575
33958462
33959128
33971267
33980109
33988655
33988750
33989646
33996173
34000829
34008945
34042595
34055698
34084972
34104590
34106684
34106692
34108465
34118771
34132595
34162207
34179892
34182266
34184682
34207212
34208340
34232454
34256179
34258619
34268413
34308721
34317114
34318066
34333677
34340757
34342066
34348930
34368865
34370718
34372583
34377445
34382523
34396621
34407704
34419784
34421598
34428127
34436645
34451340
34462373
34463629
34518287
34531378
34540493
34543803
34551726
34556218
34557064
34558444
34589421
34606898
34659792
34668370
34679028
34702255
34723214
34724042
34738929
34741818
34747659
34782644
34785945
34788456
34807147
34816621
34817636
34840402
34851428
34877462
34893190
34898070
34900047
34924189
34925625
34933965
34946981
34954165
34961197
34975843
34992401
35029526
35030059
35040042
35059467
35069470
35069895
35080042
35129173
35129853
35135683
35146577
35165095
35173024
35173415
35178515
35189581
35228916
35243680
35246310
35254069
35256641
35302000
35302417
35322641
35331202
35333769
35341375
35360095
35385651
35385964
35429103
35453836
35476780
35486305
35492158
35506955
35513174
35515626
35521467
35545481
35549517
35571581
35576343
35593045
35600143
35607393
35625394
35628427
35632852
35637482
35651105
35664142
35666058
35676604
35691567
35692998
35719595
35734484
35747320
35756923
35764586
35803331
35816461
35836042
35845681
35847874
35852785
35853266
35870952
35885048
35896490
35898989
35900074
35941782
35962146
35972565
35976174
35988623
35989449
35991717
35992797
36020284
36026171
36036588
36039767
36086602
36111311
36113618
36121110
36129007
36134378
36135000
36146572
36153867
36155149
36160137
36164875
36170355
36176799
36181970
36182352
36187667
36197454
36223253
36247411
36247879
36256716
36263553
36266388
36273841
36282599
36313813
36344454
36358159
36360078
36368751
36382241
36396243
36398694
36401034
36409162
36435112
36435823
36438667
36441264
36453827
36462613
36472840
36472910
36473054
36509081
36514645
36525110
36528495
36538744
36544646
36591270
36592077
36594007
36618374
36626975
36630248
36633022
36647875
36684916
36685868
36699731
36701623
36736939
36740083
36745497
36745773
36804405
36804446
36828902
36840467
36850142
36856335
36856537
36860594
36917107
36925850
36927945
36930450
36947095
36955623
36959065
36980229
37002741
37007848
37039175
37052664
37063929
37071840
37074698
37080366
37081880
37092144
37092213
37094355
37099577
37101369
37103758
37112529
37119579
37137834
37145458
37185966
37194830
37238579
37271515
37300867
37302419
37304171
37318123
37337899
37350447
37352186
37354554
37366436
37377688
37386482
37388153
37392681
37410550
37418587
37441510
37447065
37453357
37465582
37467466
37474786
37491727
37506695
37515480
37523093
37526920
37535816
37539943
37543942
37550343
37568857
37581796
37626341
37630290
37637768
37650802
37655171
37675525
37693285
37705523
37724850
37731911
37736012
37739048
37750288
37759678
37764158
37782970
37789043
37799891
37804460
37818188
37823856
37830333
37831411
37832414
37840274
37850858
37884470
37889521
37898551
37905878
37906559
37964042
37976883
37984015
38011151
38040994
38043161
38047372
38048607
38050243
38055091
38060675
38076667
38081210
38081618
38099523
38103321
38105665
38112907
38114475
38120213
38120796
38136119
38157757
38160070
38161021
38163769
38172590
38177562
38182037
38200593
38202378
38210805
38211578
38223634
38244517
38249385
38250287
38250349
38252613
38266803
38274417
38281388
38284071
38285709
38290932
38292267
38293081
38293941
38315757
38320877
38324654
38330270
38331442
38340839
38347595
38350673
38356151
38368331
38405079
38406794
38410579
38415747
38430440
38433920
38448076
38455163
38455507
38460854
38470812
38473527
38477147
38489507
38498299
38520841
38523219
38541883
38548176
38556112
38556953
38558886
38587610
38595082
38597720
38601787
38607663
38645274
38645455
38647333
38650923
38652428
38653529
38658522
38661907
38678694
38689883
38699472
38712919
38733450
38749406
38770641
38775843
38778523
38784717
38791461
38811719
38823663
38854194
38862238
38869757
38871017
38876414
38900732
38911288
38919620
38921466
38921608
38929623
38929954
38934587
38935330
38946328
38951782
38956345
38966914
38967482
38996080
39003578
39033862
39045534
39045625
39046270
39056920
39057241
39060534
39075527
39085151
39090147
39113125
39116737
39117424
39119131
39127910
39133680
39140437
39141219
39149957
39159994
39171696
39183380
39184148
39184595
39197428
39208089
39224807
39238437
39256398
39276627
39284190
39308732
39308957
39309464
39326685
39338489
39348413
39356141
39357593
39359709
39361448
39363361
39395331
39402919
39408961
39422956
39423568
39445033
39453671
39459893
39460814
39495166
39503240
39559787
39569557
39571643
39572949
39576021
39578953
39590815
39592526
39598043
39605012
39610856
39626759
39633421
39634374
39640949
39644289
39654242
39659062
39662342
39690650
39698100
39702327
39703490
39709371
39712224
39777034
39783398
39810008
39814291
39823491
39826659
39827816
39831978
39854185
39861773
39894024
39909580
39909952
39925726
39937791
39941624
39949216
39961949
39968219
39970625
39971492
39978728
40003588
40024330
40033653
40046406
40047624
40069237
40079300
40114443
40129674
40132041
40133712
40139856
40154101
40159190
40162200
40163255
40176938
40180908
40190554
40193751
40194097
40194134
40203098
40205556
40232555
40234151
40235001
40235311
40239200
40244028
40256510
40259758
40278521
40290248
40307539
40317963
40346302
40355357
40355718
40372671
40406495
40446335
40460779
40464603
40465917
40476331
40500826
40504739
40538485
40553853
40555452
40558279
40572466
40591000
40593781
40610318
40620101
40622952
40623118
40639855
40650126
40660037
40688793
40694308
40694906
40713019
40742248
40744969
40748925
40750537
40772257
40780487
40797813
40798614
40803718
40805578
40809269
40810963
40818365
40830096
40885563
40887644
40894785
40926653
40938212
40938924
40946169
40954079
40956901
40982020
40991649
40994234
41013521
41021018
41030610
41030656
41101828
41105561
41115836
41124159
41127912
41129550
41133484
41150240
41156675
41165346
41168521
41179892
41185089
41203726
41208317
41208345
41233828
41235414
41238650
41240719
41243567
41265671
41270433
41274194
41276071
41285041
41285393
41300818
41308683
41310857
41312229
41324585
41331133
41334501
41336849
41346889
41352777
41355095
41360715
41361498
41363640
41367814
41409159
41414480
41415055
41440082
41440502
41459730
41475849
41480462
41486005
41502277
41506837
41507956
41520992
41557626
41567355
41570693
41573791
41586322
41586580
41593254
41594776
41603351
41606092
41609407
41633032
41637062
41664107
41690142
41694923
41707496
41722067
41735428
41759217
41771199
41774162
41776390
41781671
41787405
41787905
41791291
41797288
41821547
41822714
41823778
41830465
41855219
41858642
41859161
41860177
41861171
41887631
41892071
41899635
41967619
41976211
41983124
41985364
41988015
41989433
41990187
41990206
42010198
42032036
42041298
42041916
42042982
42048596
42059875
42064143
42073822
42086589
42098545
42106186
42109304
42116276
42124148
42126314
42135228
42135411
42139583
42144850
42148508
42165551
42168704
42169635
42173116
42179581
42180838
42181383
42189584
42191997
42204321
42205163
42207533
42216114
42222311
42240736
42245402
42252377
42254091
42267291
42281977
42289922
42303025
42307024
42327293
42334693
42355251
42358828
42374560
42375805
42391134
42400447
42406540
42415674
42423183
42424878
42433180
42447548
42457856
42460803
42477913
42483042
42484631
42495318
42505938
42506933
42514705
42527221
42528617
42539211
42545436
42554775
42560551
42564822
42577534
42581760
42600486
42623919
42638976
42650160
42715858
42717789
42720162
42746273
42746557
42750994
42757264
42783585
42797753
42800100
42800398
42819268
42837038
42846820
42854058
42856118
42858130
42864979
42868607
42873325
42875027
42879834
42885322
42891294
42893727
42907951
42908410
42918082
42918265
42927980
42935972
42948267
42949868
42974898
42980997
42983342
42984583
42998064
43007236
43046924
43051553
43057083
43059989
43109485
43109884
43125113
43155555
43159738
43171007
43172900
43177356
43178152
43219495
43236899
43240984
43243090
43257808
43262251
43278333
43293061
43338270
43339980
43344741
43371118
43383555
43388380
43390998
43395273
43398028
43401611
43407985
43409189
43417681
43428286
43442088
43448826
43449812
43451732
43451864
43460794
43461070
43466416
43468062
43469602
43469892
43477261
43495364
43513438
43515403
43517225
43522384
43524252
43524540
43530661
43546299
43546799
43556617
43566402
43584193
43584260
43587963
43606541
43610267
43611410
43612511
43634467
43650245
43655040
43658015
43662450
43679957
43691549
43693845
43702948
43703625
43703860
43721300
43724470
43741108
43744363
43747680
43749861
43750922
43752295
43753209
43772821
43783297
43787783
43793387
43805768
43819028
43825395
43837621
43846222
43854143
43869342
43874970
43876072
43893169
43900017
43904751
43908291
43908467
43909491
43918392
43925814
43932094
43936114
43939104
43943491
43948011
43972475
43974527
43988137
43995358
43996301
44008811
44013595
44019153
44038987
44043348
44047320
44063915
44088179
44088331
44103583
44108268
44129624
44133800
44136067
44157996
44166301
44179232
44179858
44180216
44183338
44194363
44212425
44219972
44235771
44240803
44252307
44252364
44252440
44276544
44287217
44288698
44298214
44323159
44324377
44332334
44340188
44342828
44349848
44362928
44363943
44370963
44376746
44397941
44398468
44415786
44420438
44426955
44461540
44463335
44476158
44482677
44486063
44486360
44490571
44496244
44498212
44500158
44505813
44518056
44522089
44527597
44529559
44553696
44555135
44562602
44580884
44581283
44590034
44637524
44648147
44651224
44654381
44654505
44697223
44720744
44749334
44750286
44753504
44757632
44780955
44792306
44799643
44800584
44816028
44824118
44828545
44832599
44838805
44843338
44848747
44850465
44854757
44855104
44858907
44870602
44875814
44884501
44890010
44890021
44891483
44895690
44898482
44905267
44911010
44916737
44919165
44935096
44938233
44958123
44960064
44971745
44976780
44980694
44991212
45009718
45011211
45013937
45015762
45026508
45030988
45031216
45041713
45046537
45050261
45064748
45066573
45082320
45089697
45099881
45100506
45107923
45118580
45124985
45128983
45134764
45144370
45148794
45172074
45178950
45191366
45194650
45201654
45230059
45255882
45267569
45285833
45286400
45294212
45296792
45298032
45301454
45327918
45335654
45348585
45350374
45365041
45388345
45407260
45432943
45434943
45475711
45483948
45521718
45531765
45535524
45542010
45547930
45563342
45570039
45570528
45573795
45585306
45594254
45597252
45608699
45615811
45625176
45631380
45646086
45652269
45669753
45679689
45703608
45708081
45710760
45712296
45721539
45740402
45740590
45748400
45748858
45763905
45786327
45837217
45848714
45870644
45887038
45893398
45898472
45907138
45910124
45913331
45922213
45922840
45930396
45938920
45954711
45960267
45963161
45970102
45972535
45975397
45986060
45987321
46003029
46004108
46007160
46011544
46013084
46022616
46024441
46036872
46040082
46041800
46069730
46071620
46088363
46099579
46111545
46115957
46130710
46160238
46182908
46187064
46189128
46194038
46210985
46211703
46223375
46228292
46235999
46241848
46242838
46245748
46290998
46321469
46330548
46350695
46362035
46367765
46381807
46391841
46397907
46407124
46422326
46444309
46446326
46448824
46452523
46467148
46483218
46491816
46494904
46496026
46504702
46505678
46508841
46508948
46510974
46520546
46525362
46534869
46540558
46552395
46559814
46559839
46576120
46580696
46581125
46587831
46596331
46596595
46600148
46601877
46632020
46632658
46643910
46653282
46653844
46670139
46670606
46674279
46675067
46714216
46716178
46717518
46720344
46729894
46732203
46742054
46745392
46746220
46758074
46761914
46764835
46777023
46794163
46794632
46810379
46810834
46818230
46818821
46833303
46846398
46850681
46865501
46869934
46870565
46872039
46889625
46895843
46897490
46924729
46956953
46958418
46961214
46964054
46975789
47008491
47015813
47034680
47038584
47044051
47058306
47058906
47067899
47078312
47083988
47114461
47118267
47120645
47123171
47134538
47135556
47137126
47151650
47156263
47159749
47162081
47200196
47203720
47212157
47217542
47219847
47251299
47257955
47266521
47286368
47296166
47296670
47301159
47342791
47345082
47349913
47363996
47365928
47368699
47369145
47369869
47372899
47373884
47397771
47399870
47448278
47501096
47511290
47532342
47539894
47557941
47559068
47562110
47588440
47592677
47592894
47593028
47608908
47621063
47626400
47630380
47630920
47637343
47638358
47651041
47652288
47720546
47745018
47766196
47771497
47784576
47793189
47811548
47869027
47872513
47879419
47900176
47907993
47917887
47951525
47952662
47955227
47959201
47965016
47965821
47976699
47986261
47991036
47997885
48006012
48041947
48046443
48077342
48105400
48105465
48107479
48142890
48150571
48157317
48212355
48233377
48236746
48242591
48250439
48275345
48280894
48281532
48287938
48288647
48294043
48303408
48308570
48317026
48327868
48337182
48340062
48346011
48363825
48365626
48370820
48374450
48375898
48386160
48405769
48410273
48423230
48433887
48445116
48463228
48493489
48500251
48519221
48522277
48524058
48525110
48529252
48543780
48553956
48555210
48557154
48557412
48561605
48566274
48567228
48585284
48615233
48615591
48649065
48651289
48659126
48689065
48689601
48714073
48724909
48759478
48760420
48787838
48790897
48807361
48807615
48809696
48811231
48823670
48828591
48829445
48835112
48844751
48875230
48900099
48902466
48924028
48950397
48964039
48983441
49010909
49015877
49050093
49072335
49073563
49078309
49092126
49094561
49106813
49132813
49136773
49137264
49155481
49157315
49161636
49167455
49186142
49199623
49208983
49214733
49225832
49260560
49263872
49278342
49282636
49283357
49314007
49326052
49326207
49326488
49338886
49357791
49371076
49373786
49380480
49393763
49399694
49405309
49417152
49423572
49430820
49437295
49438317
49439977
49450787
49451986
49452870
49459017
49460668
49462532
49473262
49485862
49540559
49549028
49551996
49556739
49572290
49579969
49586383
49590718
49602240
49606046
49612914
49614118
49616479
49621256
49621655
49630068
49633787
49635106
49637902
49657140
49661653
49688347
49731135
49756705
49766937
49775824
49798045
49808706
49810014
49820250
49845598
49854151
49856991
49915377
49934629
49968077
49968853
49969991
49973882
49976512
49977095
49980101
49985699
50024805
50027679
50053459
50069005
50071825
50080047
50101657
50114296
50124125
50124685
50126835
50129981
50152964
50155899
50168497
50169117
50193540
50196388
50202402
50203787
50204473
50218650
50224389
50243495
50248078
50272576
50289664
50303244
50327438
50329164
50333979
50345125
50355224
50368117
50378854
50381516
50428309
50431333
50440626
50480903
50485418
50492574
50506011
50524346
50533607
50535249
50542062
50546299
50547963
50553383
50587189
50637456
50685854
50691390
50711833
50730009
50731711
50732286
50776860
50778201
50782859
50786132
50809974
50811869
50819813
50826479
50827217
50884691
50890126
50894097
50905413
50931940
50946100
50990103
50990782
51008734
51010237
51021409
51031505
51039043
51067104
51072288
51085299
51104197
51108310
51118323
51131795
51149462
51156157
51168427
51201483
51210202
51216806
51217335
51233950
51242372
51259348
51279271
51297972
51311306
51313776
51338342
51339059
51372695
51403114
51423708
51426786
51438160
51449693
51451347
51454199
51454722
51472326
51481108
51485619
51493027
51509114
51511597
51513101
51522282
51548973
51574785
51588484
51591508
51600512
51640331
51650645
51668317
51679474
51688797
51704382
51719286
51737076
51768937
51818948
51832171
51838498
51849739
51854040
51860894
51863896
51875839
51910816
51936033
51938240
51961422
51963043
51969154
51975163
51985954
51986019
51988045
52003579
52006761
52015296
52022126
52024917
52033052
52042238
52054380
52077243
52098565
52123389
52127135
52129758
52160873
52173761
52190885
52231845
52240384
52266026
52283650
52353993
52387261
52392600
52393687
52402263
52417364
52442363
52445506
52487365
52503291
52529204
52532597
52534230
52534942
52552536
52553740
52562084
52562208
52567120
52594920
52596734
52604029
52617228
52620507
52623102
52633427
52639714
52646105
52646293
52651043
52651520
52655428
52675030
52681750
52699137
52725551
52743362
52764117
52777757
52791678
52810208
52829216
52878141
52892747
52919777
52921496
52957137
52990928
52997910
53003566
53069015
53093092
53094539
53103193
53109920
53143074
53151679
53152733
53156578
53208476
53211677
53220866
53224623
53235605
53269352
53304267
53313461
53325593
53339100
53343501
53389857
53399847
53420114
53423336
53427178
53430065
53433786
53443665
53473996
53478633
53482249
53488355
53490526
53491783
53496015
53504168
53504355
53539633
53542583
53549247
53549308
53551734
53557623
53590322
53592191
53628561
53638900
53658605
53663617
53668912
53678931
53703106
53704152
53707891
53725854
53742182
53749708
53765821
53766858
53771762
53782279
53789160
53795999
53800665
53802623
53821729
53832359
53848944
53876212
53878542
53880073
53900050
53900128
53923282
53927119
53930481
53979577
53984375
53990537
54001943
54014526
54015920
54022971
54046811
54052214
54065071
54072753
54074480
54091027
54097614
54101458
54125440
54144401
54147799
54176353
54192816
54212327
54273254
54279528
54295989
54324027
54331919
54358329
54416585
54424308
54445812
54452567
54461294
54464073
54474761
54486889
54504078
54520654
54539684
54543183
54598099
54604727
54605202
54609904
54614476
54618866
54641326
54664443
54671960
54674859
54675500
54696644
54696653
54700848
54718027
54721776
54723568
54756369
54757097
54774297
54776050
54797637
54815397
54828911
54838420
54839019
54848466
54851308
54861171
54889710
54910883
54915756
54948873
54957497
55015760
55028787
55037010
55088026
55107285
55113187
55163196
55204838
55244026
55261192
55295365
55302564
55307924
55319518
55319873
55325213
55353723
55356859
55358568
55358989
55363045
55363140
55369045
55384139
55397094
55408470
55446749
55449038
55462379
55471045
55487855
55489783
55513323
55563947
55567828
55587886
55602458
55602605
55605647
55619667
55621527
55643097
55646980
55671265
55697692
55715415
55755850
55778860
55780852
55782876
55811404
55816148
55824537
55824850
55876971
55879637
55886496
55892026
55902976
55973233
55982151
55993338
56002884
56013093
56028814
56046021
56076709
56142174
56149127
56160821
56205280
56212517
56226700
56243606
56270457
56285309
56312964
56345118
56351501
56353471
56393875
56442797
56449666
56462694
56466009
56521781
56561436
56561846
56566789
56577914
56580005
56581522
56596550
56608154
56610699
56620074
56630493
56640532
56643739
56648380
56649436
56656916
56677075
56687927
56729051
56730824
56736901
56741534
56756218
56765210
56796662
56800426
56802811
56822358
56829611
56831652
56843009
56850972
56851158
56854044
56895743
56925475
56961946
57002198
57019724
57022786
57036049
57066771
57075318
57089762
57093509
57094172
57178844
57181775
57189484
57207930
57211781
57223046
57278951
57288100
57316578
57318505
57323990
57324003
57336203
57348235
57367422
57405138
57438750
57445153
57446617
57479901
57498473
57522503
57530171
57531583
57537759
57538021
57538839
57539194
57541903
57547436
57558245
57558529
57566903
57581039
57596194
57641746
57687491
57691638
57692375
57693387
57696529
57704839
57727191
57734012
57740747
57746812
57751955
57776834
57782800
57798377
57799943
57800863
57817171
57852964
57857973
57872699
57879343
57895931
57896996
57904040
57910403
57937237
57946198
57950733
57955314
58000333
58015114
58020050
58028063
58043065
58059106
58059694
58068231
58074197
58082588
58105775
58122365
58133462
58134056
58145169
58152160
58187817
58191214
58197095
58203863
58210761
58218628
58220834
58233553
58247447
58260639
58306776
58321762
58321897
58333440
58336215
58350307
58358922
58380338
58383677
58400612
58412157
58424700
58434927
58437026
58446643
58457926
58467642
58499879
58504668
58509815
58511885
58532484
58555788
58564657
58568249
58569023
58571182
58579927
58587936
58595625
58607784
58613069
58615492
58661001
58685222
58698736
58710984
58716027
58737117
58769945
58770711
58801117
58810868
58815264
58816697
58832626
58842200
58850397
58851971
58864985
58877435
58879636
58890429
58902429
58923055
58939049
58939374
58949857
58979270
59002640
59016556
59021501
59039535
59042523
59088371
59112837
59114725
59126118
59131245
59144809
59146934
59161918
59180417
59225172
59229005
59234963
59245044
59265266
59267067
59306980
59328529
59356245
59367494
59393939
59435763
59452550
59462482
59512544
59517441
59524846
59535567
59536076
59551680
59557713
59573367
59582224
59584986
59622130
59631832
59640261
59727267
59779276
59788342
59804284
59805872
59809628
59828161
59887932
59897263
59926736
59932692
59961370
59992374
60030607
60031203
60034511
60042548
60050730
60055753
60070499
60103655
60105108
60117725
60119459
60124936
60142310
60159379
60165485
60168945
60176539
60195786
60196315
60197755
60201958
60224259
60243342
60244106
60253835
60263301
60283998
60284011
60285098
60290029
60304844
60312042
60321584
60333378
60342321
60347194
60349452
60359622
60387156
60401141
60405648
60410532
60448255
60460242
60468907
60483604
60497181
60540064
60585836
60590317
60593934
60597364
60602061
60613149
60616747
60621555
60649035
60655057
60687018
60701243
60711786
60711844
60717297
60745967
60754790
60761305
60780268
60788774
60818332
60838186
60847595
60898862
60907761
60922145
60932110
60933706
60949202
60952395
60963215
60966044
60975361
60978260
61007589
61047889
61051109
61053575
61062875
61063319
61071746
61092651
61114155
61130252
61130959
61138342
61173121
61179236
61186425
61188305
61211977
61214745
61218764
61220240
61228868
61234231
61242050
61244106
61255731
64494387
88781254
98315271
