3302516
3923474
4117682
5136411
5187764
5266361
5655023
5732371
6008343
6323149
6376652
6522257
6708291
7038741
7242959
7469279
7604098
7643371
8645091
8726593
8780707
9320024
9930468
11146671
11600691
11661327
11863596
11962551
12138282
12153540
12332859
12429600
12563350
12729474
12753419
12761307
12793266
12798161
12882541
12974062
13108987
13168981
13203452
13229783
13254807
13306106
13540584
13872932
13891523
13920996
14125361
14126451
14156382
14213602
14324972
14483497
14679096
14820760
14899091
15116755
15188690
15208207
15210149
15246531
15331583
15351229
15360688
15412651
15437515
15463116
15574357
15578391
15585880
15586199
15590520
15606570
15629809
15636199
15737652
15748809
15864068
15904327
16007685
16096391
16137201
16214694
16223513
16258874
16291555
16296794
16317827
16345222
16378587
16429615
16475341
16518284
16528227
16553989
16573684
16575586
16582642
16631139
16659064
16811370
16852265
17013031
17064253
17150305
17191076
17210808
17212916
17217552
17234762
17295171
17333214
17335280
17378660
17496656
17695384
17704690
17893698
18555039
18727669
18744558
18764018
18995223
19049583
20320530
20388214
20459225
20760916
21029945
21180955
21637763
21706365
21862811
21888228
21966107
22384919
22400399
22429722
22500579
22758819
22838420
22851866
22919393
23167769
23179607
23354130
23408829
23447831
23460551
23635807
23982854
24050219
24088629
24306272
24329361
24468999
24668370
24676696
24720983
24886631
25131999
25455766
25493824
25503066
25693347
25850678
26459896
26479367
26622065
26813185
27014339
27066129
27158655
27489799
27490329
27630582
27874660
27890763
27894347
28078619
28130652
28483088
28587975
28665894
28726393
28930234
29392769
29843883
30055867
30222134
30503510
30854585
30986304
31243033
31554604
31842239
32225847
32308517
32399904
32518238
32523948
32567821
32623362
33667006
33794485
33986161
34091538
34115057
34372788
34487965
34621966
34868878
34999149
35029020
35243678
35249936
35475876
35594025
36659507
37090411
37363468
37444153
37787149
37884617
38044404
38060965
38073504
38276927
38480959
38494109
38535473
38560323
38643377
38881804
39147106
39158123
39702452
39886051
39915469
40337865
40748971
40844351
41052298
41175791
41247394
41472135
41771832
41838283
42018632
42027732
42442632
42565816
44091208
44107011
44135102
44266366
44369079
44428474
44511455
44594305
44685583
45684943
46182124
46224454
46227599
47205219
47268075
47348120
47613817
47877126
48160998
48201596
48253558
48546665
48686363
49438695
49980464
50119270
50339608
50384138
50574023
50633393
50687900
51589280
51656890
51891740
51939544
52049822
52203713
52324955
52703202
52756213
52811037
52863591
54402639
54474003
54506296
55005837
55470181
55933411
56391502
56957417
57583024
57659428
57854006
58071103
58164957
58305404
59061851
59196383
59577381
59722117
60530493
60770978
61650667
61757888
61928888
62117896
62142165
63170380
63962084
64121874
64193571
64327786
64418765
64572248
65152480
66275288
66421996
66561053
67522492
68255676
68277078
68478885
68529289
69642565
69867111
70231900
70371065
70446872
70461595
71221536
71361774
71753461
72030526
72403072
72865980
73116259
73214944
73474662
75338831
76193682
77263117
77287589
77391250
77463568
77680602
77749883
77924975
78077885
78201202
78256366
78449380
78656307
78677422
78877453
79143347
79281236
79423924
80002387
80185022
80729419
80741322
80743242
80744266
80879914
81159912
81202226
81233161
81704393
81755793
82066730
82411625
82413481
82436578
82603957
82923560
83231080
83732149
83824456
84125909
84416153
84650294
84685207
84766482
84924263
85067430
85133526
85290452
85295078
85341912
85391639
85551526
85710554
85737370
85743002
85794054
86072218
86387866
86394137
86411674
86432955
86459783
86655704
86886405
86929093
87003019
87227461
87292091
87319868
87430653
87587386
87595821
87830051
87866497
87897246
87979363
88087923
88168058
88422403
88458558
88640093
88688739
88722591
88753662
88761475
88804061
88901984
89105054
89152482
89159497
89288736
89288958
89486593
89577377
89657248
89745863
89920844
90208901
90311260
90673565
91078944
91150850
91934691
92305132
92315135
92956503
93108128
93150368
95543584
95593814
95599009
95626049
97132371
97725916
98527617
99018787
99117247
99741276
99969648
100068227
100375127
100731781
100797578
101742620
102411231
104568712
105654271
107516399
107976974
108896948
109399674
110602872
110861634
112312898
112579603
112763905
113738160
113857356
113926202
115355014
115637489
115812926
116055820
117238921
119006230
120632535
121297007
122383085
122805682
123942456
124241838
125172535
126199330
127742968
129620651
131911693
132157243
132531256
132712245
132813872
132985873
134316696
134429426
137261965
138789087
138958048
139306755
139372693
139839518
141102569
141182606
142997730
143549422
143595286
146628159
147813530
147890005
148587187
148686822
148977005
150637276
150906718
151358906
152150702
152643466
153069188
155617366
155780155
157236042
158528223
158798228
160932308
161399081
161835456
162936517
166134370
166774371
167215586
169965820
170274075
171421365
172528419
173821064
177881852
179772226
183619143
187101353
188579197
192948151
199296095
