5101551
6435019
10046510
10927001
11939208
13410648
13540584
13565252
14311518
14796175
14899091
15211491
15360688
15402603
15464062
15501854
15777231
16019983
16144186
16363073
16487331
16553989
16590528
16607854
16645187
16746249
16792415
17136050
17932129
18473031
18915921
19162668
19225789
19878894
20353233
20636003
20856158
21348640
23379123
23636553
23947482
23952132
24169863
24197384
25503794
26014288
26583675
26813185
26934993
26982191
27092133
27108117
27345222
27542930
28736041
28982596
29733575
29755145
29755274
30503510
31070855
31393878
31518813
32692422
35494903
35519154
36348345
37518799
37697670
38784894
38892123
39729851
40988271
41306790
41799875
42782576
43128287
43216007
43885189
43886411
44511455
44548097
45257509
46180510
46287653
46394756
46686043
49280335
49383210
50034002
50187929
50295760
50706069
50745724
51305942
52226163
52664771
54807179
55851226
55962974
56084029
56294753
56980030
58408512
58736790
58956182
59465361
59507744
61696222
62010761
62624521
62745448
62764184
63011054
65218637
66792921
68531134
69238307
69389277
69986584
70143263
70155231
72543482
75829808
75877850
77173647
77637486
77744174
77784480
77872691
78630734
79003604
79177804
79353844
79483403
79562643
80288107
81135701
81202226
81403767
81799944
82160459
82642956
83164937
83231080
84520866
85201081
85576777
86164007
86419930
86612005
86664009
87003019
87059411
87335021
87817564
88148071
88998814
89216608
89336942
90299937
90590145
90627767
91054752
91484373
91677001
92377348
92518410
93113439
93296014
93482053
93874131
95318400
95424763
98315271
98584870
98722137
99554659
101245055
101293874
101915383
102188323
102457514
103073605
103404456
104033704
104180673
104288466
106592181
107941655
108559650
109267053
109535518
109901953
110060907
112786965
115698533
116932865
122217362
122541788
122804120
122859443
123819609
124520640
124879570
126184457
128754849
128826076
131669098
131679112
133216134
136152763
137276523
139032640
139592597
139639282
140501997
141307777
142780229
143059116
143631102
143728295
143800842
143837012
144502936
146012206
146592072
146625479
148796842
150794222
152550167
153688791
154625448
156549372
156668675
156871043
156885446
156972130
157584449
159895926
162490817
163045274
166937440
167428865
170104387
172929282
176937117
177263524
178227706
180557632
181606722
210487679
