228373438
224926268
223292094
223074141
222736773
221303996
220844155
220584735
218285209
217544865
216735577
216562020
216417412
215946233
215666462
215620089
215505920
215081881
214026340
213832090
213128199
212324904
211192406
210030203
209383870
208364587
208270110
208171043
207453258
206418326
206385927
206203196
206167349
205980867
205959254
205680897
205421442
204453723
204272458
203573166
203520708
203191878
203027272
202275955
201581391
200534702
199723681
199084230
198999625
198609695
198385335
197108453
196911704
196790016
196275020
196127290
195880922
195854847
195656986
195424085
195340989
195308166
195041421
194975202
194921417
194739752
194663760
194618079
194560698
194136680
193970451
193158090
192621437
192601557
192581395
192338238
192322965
192322273
191817857
191791104
191033485
190511105
190228377
189101340
189096125
188679067
188292629
188265341
188130294
188126595
187883299
186954311
186786717
186584801
186355222
186257869
186180865
186004634
185747425
185648413
185594178
185110743
185079156
185049968
184447232
184350371
183840097
183777695
183509090
183416671
183286596
183000955
182994336
182943464
182937521
182849593
182569534
182527881
182514755
182250813
182242176
182113413
182075082
181641158
181565185
181298837
181256372
181138679
180948855
180426138
180296047
180112612
180049563
180016324
179699523
179661219
179584583
179452027
179323651
179124671
179019277
178923417
178920805
178905740
178886719
178748284
178649295
178604713
178455417
178358723
178322363
178319447
178193221
178015861
177515225
177402718
177356634
177327327
176718308
176508159
176430746
176428192
176400738
176348769
176313126
176233761
175986347
175911835
175800603
175795727
175780562
175738208
175719173
175502081
175481284
175459482
175295364
175241886
174919484
174748196
174742496
174666246
174551258
174452257
174443489
174295883
174243110
174227039
174183552
174113851
174068922
174049209
174045815
174037858
173662412
173550276
173424157
173351577
173347313
173299551
173134482
172903748
172901738
172816321
172698215
172537512
172413754
172400856
172361031
172348887
172225425
172103512
172092520
172026748
171953470
171820099
171721575
171648323
171468714
171370885
171359104
171293377
171288695
171287627
171129223
171096670
171081351
171025015
171001376
170833667
170820737
170774811
170758396
170751547
170697020
170461222
170405085
170272317
170122803
170075769
170018899
169925467
169921244
169849107
169702476
169631464
169555962
169506117
169477147
169440744
169331864
169237281
169166643
169155628
169113407
169090012
169019960
169005218
168851131
168813536
168801672
168642110
168637546
168634491
168616825
168557000
168515912
168512759
168447126
168360699
168310437
168285499
168059435
167984227
167942749
167904690
167882637
167845409
167840261
167831465
167820805
167702500
167658265
167643230
167621439
167598878
167427865
167241162
167185755
167150044
167032262
166847870
166806505
166699393
166625257
166385535
166341639
166295396
166214177
166119416
166066678
166049990
165929497
165901405
165885865
165808397
165790470
165728870
165719829
165684381
165665219
165631330
165499511
165461674
165441833
165420985
165393371
165381695
165288909
165199574
165041222
165008555
164891009
164886940
164886037
164740063
164671643
164620842
164612889
164473052
164458792
164414050
164326103
164074468
164034412
163804377
163799636
163788580
163753979
163735668
163723425
163667057
163524704
163455564
163374796
163360156
163352494
163332062
163311637
163254378
163230992
163219343
163165311
163107972
163086954
163028911
163022522
163009564
162955925
162752629
162665504
162661501
162595203
162572156
162570878
162528645
162432261
162339637
162146071
162126449
162120690
162119231
162075779
162062742
162020709
161975410
161951101
161897675
161840230
161833035
161691888
161689234
161536408
161535934
161422331
161275965
161254341
161111880
161111619
160951836
160950293
160923182
160896932
160875400
160855660
160712270
160601956
160548015
160475687
160412325
160370678
160369021
160350340
160338799
160289359
160286636
160115805
159948723
159945276
159856268
159836496
159809491
159777798
159666652
159654212
159643807
159593051
159543797
159435407
159420442
159339940
159306743
159227874
159181869
159137146
159013227
158992739
158951630
158914130
158889177
158874270
158857535
158816819
158776536
158752391
158739363
158721920
158641395
158533930
158469985
158438011
158378425
158357738
158348738
158332295
158315717
158237464
158147358
158133791
158130433
158077241
158066203
158040569
158013973
157904267
157854084
157826081
157799370
157787737
157714654
157635203
157570047
157529831
157473455
157430628
157423549
157385670
157371929
157345858
157339824
157210947
157173365
157077865
157018933
156961431
156919494
156855161
156829085
156799154
156758044
156621929
156601639
156525912
156451010
156333993
156276677
156256354
156241710
156222718
156023318
156020839
155988170
155878644
155798460
155757210
155677335
155653916
155613979
155599811
155564901
155495818
155447169
155378456
155377598
155277337
155179426
155166102
155158950
155105966
155040356
154957238
154881573
154754441
154737665
154724012
154638153
154582637
154576381
154572790
154550651
154544777
154515726
154391120
154292263
154258881
154258304
154255723
154211187
154182892
154107130
154073290
154048463
154013472
153954368
153923386
153909628
153903893
153829427
153770695
153744532
153675868
153671734
153635524
153620816
153619789
153387033
153302981
153240965
153227148
153159616
153159545
153151417
153148193
153086810
153022397
153016332
152953324
152903150
152770428
152741598
152737589
152723090
152714350
152705638
152699406
152675981
152588235
152573375
152539840
152474340
152444634
152395517
152295083
152277178
152254077
152206228
152192012
152058505
152049978
151921067
151907499
151836957
151706403
151703686
151696419
151691821
151620221
151499341
151471899
151427226
151387679
151346566
151266053
151207495
151180995
151177135
151148192
151130514
151084762
151016402
150922939
150860374
150852665
150822076
150759116
150749264
150679845
150670067
150579165
150523428
150483097
150481074
150440602
150419972
150250848
150235737
150230282
150194624
150179293
150144189
150130587
150129918
150021718
149976287
149956818
149941576
149912988
149887611
149802883
149789008
149782119
149731483
149719230
149701926
149619283
149535099
149426494
149400032
149314840
149277530
149246089
149176704
149151516
149137830
148993781
148990772
148939657
148919156
148892096
148780397
148720482
148479001
148389799
148377157
148254839
148174388
148144150
148131340
148126119
148099592
147998192
147983763
147974868
147971913
147956102
147947059
147944012
147820896
147751221
147748536
147715246
147708290
147690593
147626569
147594913
147585288
147573283
147552846
147511638
147508291
147394761
147389015
147386609
147377067
147354936
147353027
147345838
147271963
147259302
147230018
147149535
147018984
146953367
146952488
146920285
146895511
146781759
146764577
146758245
146720937
146573576
146514352
146441654
146330594
146297209
146231978
146195755
146186972
146083138
146081653
146080488
146077766
146066178
146006939
145990171
145976693
145972578
145592479
145545024
145501418
145425061
145387755
145342459
145331478
145290240
145245065
145197105
145100639
145098309
145064834
145061219
144937219
144894736
144787528
144768699
144755746
144722917
144692348
144612514
144606788
144604383
144603325
144500482
144436095
144354134
144348689
144279792
144258653
144118976
144077585
144069915
144000635
144000465
143866345
143797666
143622354
143589197
143586550
143586289
143536702
143519805
143515850
143491438
143446635
143419498
143408348
143390287
143352619
143345650
143328534
143307729
143286782
143272428
143253141
143109100
143096866
143067942
143062672
143010290
142936929
142889880
142805470
142786450
142699847
142689113
142651377
142605215
142572746
142550982
142539740
142448288
142355100
142292456
142268417
142264030
142246880
142244831
142172799
142168676
142113442
142053284
141984285
141955265
141954297
141854323
141846621
141823387
141747294
141714279
141686221
141646170
141587947
141534879
141516857
141486987
141444544
141411185
141346011
141256032
141180979
141160576
141112983
141086142
141052280
141043776
140935292
140837658
140829758
140765283
140758743
140702985
140688571
140619451
140605022
140590477
140557849
140468209
140399197
140389846
140377991
140361848
140360068
140297192
140240189
140076963
140069166
140032425
139968044
139960609
139957375
139942405
139919160
139908123
139892501
139877187
139868022
139823389
139811906
139736257
139718178
139694142
139673482
139659567
139656216
139602322
139594132
139393113
139388005
139380570
139359681
139357869
139282115
139276491
139258195
139231104
139229974
139220742
139100315
139084362
139061998
139057210
139050891
139029215
139028417
139023867
139003724
138997844
138995455
138989421
138943372
138919274
138914673
138854877
138788545
138758201
138749680
138639204
138536225
138495911
138491739
138474165
138460405
138415922
138413165
138388789
138381541
138357182
138310878
138305593
138304366
138139110
138114999
138099429
138042046
138017062
138005744
137964265
137793361
137790662
137721415
137571257
137558300
137517140
137440855
137422395
137401875
137396539
137353178
137347256
137345554
137274352
137248521
137236808
137229848
137210311
137171986
137143992
137112084
137107705
137093339
136980940
136980017
136971668
136966891
136947093
136909211
136817942
136774942
136725688
136699289
136670603
136644721
136628383
136513951
136404621
136379118
136203816
136160869
136157141
136107050
136083222
136077754
136064136
135926393
135918968
135876806
135868967
135824492
135765735
135752645
135749626
135667769
135582302
135576239
135571694
135561965
135531773
135510986
135508571
135498615
135490503
135471845
135427338
135372546
135361464
135310601
135308341
135237445
135219567
135212651
135082535
135016320
135006280
134977780
134961543
134921440
134910582
134903842
134896355
134894833
134839302
134736881
134662688
134625950
134615514
134600300
134583048
134578834
134554399
134524028
134465914
134437642
134424234
134410343
134363088
134216997
134192619
134138634
134078961
134058996
134056044
134028978
134018750
133966826
133925819
133876432
133828035
133774403
133732240
133712014
133689812
133679079
133605340
133589447
133551343
133498127
133477171
133445583
133398098
133280553
133184106
133172823
133170318
133149021
133140305
133020307
132991047
132970453
132965708
132860427
132850908
132807713
132795442
132785583
132781177
132768226
132693529
132676743
132669680
132662618
132633875
132632658
132614195
132611955
132606174
132574822
132523346
132483576
132229754
132166080
132137230
132103146
132020397
132001208
131949079
131943360
131899407
131783927
131774406
131724943
131722507
131694995
131645684
131594082
131523151
131509145
131508751
131423858
131380107
131345121
131294994
131280478
131126773
131083405
131069108
131060357
130995550
130981528
130969578
130949656
130948398
130944631
130943297
130938114
130880572
130875141
130870859
130824584
130810888
130800375
130783091
130756492
130676341
130669980
130510512
130475413
130473482
130454057
130423921
130379736
130369047
130279452
130201572
130110942
129949033
129936640
129913029
129848891
129816630
129793874
129783093
129778761
129762191
129749394
129740076
129661482
129659329
129654972
129555082
129533594
129524292
129508136
129487233
129466621
129463451
129448312
129444070
129439468
129397023
129391601
129379620
129310237
129298108
129271055
129264761
129261516
129162315
129102879
129100683
128981033
128966442
128958091
128870579
128840165
128752402
128748827
128693111
128625556
128600137
128576081
128518242
128516642
128463969
128400521
128374924
128343289
128340420
128279766
128268417
128208995
128157034
128112610
128052888
127985804
127968265
127925738
127904662
127890570
127855317
127815445
127811116
127796541
127742141
127688812
127655592
127634883
127593674
127583155
127580721
127523080
127513299
127478751
127446275
127434920
127417900
127397713
127382924
127354524
127349611
127340656
127335674
127334798
127291136
127289472
127124924
127102482
127006434
126970577
126962070
126933980
126932563
126908382
126900337
126863441
126862740
126810324
126773303
126703829
126687274
126607805
126582591
126563478
126498777
126458507
126350569
126343597
126322453
126306235
126262674
126250352
126209888
126175047
126111237
126078992
126044562
126034202
125973505
125896967
125864094
125824341
125811603
125721449
125720268
125688880
125639572
125630125
125608571
125545549
125509395
125445854
125409890
125363569
125361410
125302460
125278512
125276549
125091351
125042748
125036085
124978663
124971776
124918263
124908739
124848315
124827408
124809886
124746627
124742670
124718077
124702483
124612486
124565766
124543852
124528665
124516428
124506227
124498634
124414241
124399834
124352335
124334182
124317094
124311243
124294642
124229154
124181785
124152380
124115587
124113453
124083014
123928478
123865887
123839148
123791225
123764369
123703057
123598835
123547926
123508704
123464703
123406432
123405077
123381761
123357305
123352701
123342892
123313332
123311695
123272853
123214541
123208463
123160668
123136931
123031419
122993521
122908291
122804739
122778479
122690327
122607156
122581064
122575887
122559168
122512121
122492498
122457884
122356946
122353079
122342442
122321498
122269713
122171037
122148828
122140784
122076494
122071567
122050721
122027652
122026565
121985137
121943256
121919574
121886868
121876338
121851480
121831526
121808185
121776262
121726562
121715962
121651586
121621610
121562590
121542732
121368682
121342782
121323552
121315346
121268202
121215873
121164542
121139258
121134478
121120009
121083378
121043885
121032768
121018831
120855534
120744745
120737539
120730739
120721187
120683347
120573048
120494793
120456521
120347130
120308503
120290947
120252715
120248165
120207241
120194849
120119946
120058464
120057685
120008619
119977344
119959745
119886392
119857823
119769078
119722152
119594849
119562488
119545834
119519292
119360204
119354525
119349398
119337601
119287601
119269297
119259081
119162818
119075162
119059911
118997979
118948054
118888110
118853433
118810984
118744420
118687286
118649090
118647355
118612167
118342997
118315289
118295005
118251259
118235501
118188936
118146936
118119175
118086042
118073656
118058331
118046701
118003097
117995108
117982176
117940762
117923730
117895336
117840430
117835046
117828509
117772156
117577754
117536676
117529436
117430096
117407821
117332608
117247185
117246924
117244087
117239343
117153398
117144370
117126891
116995839
116953284
116876364
116860962
116838133
116807108
116725595
116722975
116695261
116665315
116653510
116594419
116525289
116516925
116497475
116494479
116459609
116371667
116322892
116260281
116245353
116233667
116232958
116173122
116108229
116018800
115962881
115947395
115926395
115784898
115739132
115734887
115726613
115709813
115642573
115618705
115617138
115591126
115580411
115455348
115366696
115344492
115343521
115255892
115254893
115217216
115208673
115174522
115168387
115113740
115111645
115050810
115002347
114961976
114886300
114869766
114775730
114773215
114770389
114768270
114746942
114728222
114700668
114695610
114618414
114580530
114572119
114558235
114537663
114524053
114484400
114417169
114363547
114319707
114317712
114293299
114292435
114274195
114125444
114122425
114077957
114070350
114022805
114017919
113999638
113998683
113983483
113971206
113959228
113958394
113936620
113893486
113857920
113833155
113819783
113818850
113757183
113730808
113717888
113680801
113569409
113534909
113531581
113521476
113515441
113309592
113272860
113197719
113175799
113121372
113102388
113083859
113047854
113047203
113004492
112983060
112981151
112959486
112885955
112801217
112785895
112769481
112693596
112653469
112585883
112499981
112463468
112452413
112423693
112346734
112289014
112248670
112240377
112233683
112176605
112107033
112099812
112013191
111944077
111936467
111918977
111884938
111845005
111801156
111785858
111676714
111668326
111582146
111578720
111577942
111532545
111478491
111418118
111263235
111234198
111202521
111186669
111173680
111151298
111101934
111015078
111003001
110950936
110940288
110911915
110869060
110851954
110844895
110820569
110819106
110790123
110740641
110732002
110729165
110685799
110684799
110672405
110672191
110607848
110606174
110561270
110495613
110493021
110472734
110464890
110456840
110425091
110382793
110377743
110374541
110369306
110363965
110342969
110328985
110248214
110247823
110239249
110219653
110217348
110195510
110181953
110148498
110125704
110124823
110104032
110100227
110097813
110091092
110064994
109887622
109830182
109778270
109766928
109757735
109740420
109674663
109663020
109652348
109624767
109497649
109450198
109429689
109346243
109339877
109297962
109287139
109259958
109256041
109201191
109159057
109109181
109060899
109046695
109040216
109026982
109025334
109002943
108936870
108875594
108856837
108825607
108801161
108800566
108744416
108705816
108669877
108631859
108609956
108603693
108590012
108586821
108562406
108525286
108493166
108492179
108482213
108375222
108351094
108269827
108269816
108240920
108153003
108148405
108110027
108103482
108094516
108045240
108001980
107993685
107987598
107975005
107973910
107971837
107965749
107922214
107915486
107913016
107905689
107883804
107844186
107824856
107798934
107682135
107654085
107647792
107633329
107631305
107626108
107460724
107339753
107306644
107285589
107258095
107201861
107180848
107140557
107082171
106945200
106913969
106909929
106865198
106846511
106729549
106569241
106542602
106508846
106377157
106294374
106221005
106206922
106155046
106139833
106128358
106099654
106075334
106071828
106064959
106026027
106014726
105950538
105922484
105888686
105853771
105828650
105814985
105800403
105783703
105764194
105741078
105725134
105687095
105681386
105666889
105616271
105612824
105601206
105599344
105597992
105584112
105564647
105527402
105515104
105512646
105509999
105463513
105451053
105426892
105425081
105388656
105362753
105343548
105332407
105322143
105283797
105256648
105191065
105114330
104978834
104946631
104912611
104903424
104870088
104863001
104803337
104790349
104781909
104772978
104744163
104739114
104732953
104726681
104653354
104650675
104589429
104492276
104332392
104182987
104154415
104108875
104093462
104051882
103986345
103982013
103930800
103919389
103894161
103865395
103865208
103830687
103823614
103766157
103762887
103730450
103716393
103695345
103649378
103575178
103575084
103572721
103564610
103507021
103487114
103420174
103416716
103383340
103366172
103347093
103264332
103202226
103172816
103149078
103106615
103025534
102950485
102929805
102927649
102913851
102898367
102827043
102790781
102781583
102776194
102697161
102671615
102602133
102587690
102552720
102549493
102526549
102502702
102468585
102467181
102463773
102458760
102446737
102436264
102421509
102378058
102332343
102320749
102253410
102236439
102227676
102189727
102178704
102165362
102152299
102133549
102128765
102114250
102111248
102040628
101933956
101929947
101877527
101854880
101839242
101819796
101768976
101718012
101686383
101672017
101643860
101617121
101611511
101541711
101521631
101488246
101481825
101431393
101387172
101382582
101375984
101359444
101312352
101288022
101259126
101259041
101210026
101194519
101118846
101045526
101029797
101012094
100977221
100975143
100940366
100927581
100846139
100828813
100808828
100789996
100758341
100756022
100737451
100711388
100710035
100684476
100671133
100609263
100600970
100508121
100473821
100422592
100405781
100375097
100369087
100336325
100258063
100240035
100227781
100226637
100212645
100202917
100182604
100155301
100088909
100052574
100015780
100010066
99977772
99950364
99885803
99878854
99853540
99779519
99710715
99680460
99636623
99598877
99588131
99560114
99501741
99478111
99475783
99416956
99406413
99401146
99279731
99163824
99087069
99030189
98986879
98963809
98933095
98931588
98923395
98913049
98908078
98852717
98848318
98823058
98783174
98780692
98752934
98748571
98733561
98732508
98688530
98625807
98607795
98588635
98587663
98565093
98555073
98551889
98531728
98521102
98470191
98444547
98390536
98361211
98317326
98275744
98132785
98088209
98074778
98055420
98047238
97960656
97898435
97881134
97852052
97817798
97810330
97794095
97781267
97733201
97726661
97708359
97706042
97582681
97511257
97483004
97472354
97453152
97417681
97407453
97389855
97322192
97290116
97169071
97129914
97085539
97057368
97043197
97015713
96960231
96905582
96889632
96839313
96808796
96804739
96651044
96643707
96582673
96579391
96503039
96456871
96444074
96393950
96393072
96387127
96352579
96321957
96216184
96212551
96161119
96152551
96029506
95955845
95940230
95919851
95911523
95791968
95783528
95743713
95671267
95630045
95610822
95574808
95491844
95447741
95424125
95391581
95243517
95196760
95177163
95124478
95083362
95073184
95047809
94985400
94985282
94951722
94940161
94894269
94865755
94855261
94855128
94844769
94840987
94727687
94726245
94686327
94684957
94645547
94464521
94386567
94313963
94313448
94312202
94310423
94227171
94201801
94195010
94157274
94102263
94080885
94053009
94045285
94045164
94022889
94021575
94016617
93999009
93979525
93964833
93937868
93929449
93913955
93875332
93812278
93790342
93785955
93774852
93711106
93618291
93586698
93568850
93564088
93539606
93516326
93485426
93458880
93361977
93327061
93307560
93255653
93223841
93213572
93179422
93158209
93146578
93146144
93134247
93098105
93093979
93081020
93080503
93037271
93022323
92968184
92953765
92943147
92927493
92922346
92905875
92896650
92870969
92855532
92824853
92748172
92747289
92675710
92662676
92641049
92590019
92548316
92518800
92510510
92484838
92448523
92319226
92287224
92261240
92230144
92179976
92168407
92149106
92117154
92046908
92027531
92026663
92006482
91984974
91962766
91952059
91934886
91915584
91912144
91875228
91725434
91706366
91697990
91688998
91669438
91664457
91634104
91620855
91603488
91521481
91445227
91375915
91371368
91319443
91307776
91220206
91204344
91161949
91110070
91103594
91091764
91078590
91048399
91017758
91006266
90998672
90957882
90844080
90770371
90765345
90763827
90750658
90701073
90683135
90670778
90622641
90582654
90543563
90465667
90447293
90441249
90402801
90380026
90379007
90376759
90373639
90347820
90328893
90308266
90274679
90244131
90226945
90201322
90185984
90156421
90127160
90123115
90071394
90064746
90062490
90003233
89984224
89966263
89950304
89946146
89933254
89919656
89846953
89818344
89784706
89779586
89767571
89758967
89756201
89743805
89694628
89693760
89673719
89671411
89664836
89634623
89632063
89625331
89608825
89607411
89601356
89596958
89583509
89582779
89567060
89549758
89540456
89521311
89503170
89495105
89476506
89454975
89408703
89408127
89407011
89388895
89386086
89383837
89375284
89293375
89288413
89279664
89269636
89266213
89266066
89244878
89243392
89230786
89222194
89209642
89123009
89116158
89115277
89092928
89081095
89068815
89062851
89053245
89049154
89034417
89032536
89030784
89020896
88957953
88953184
88952255
88948253
88924732
88904960
88886942
88874722
88859203
88855511
88812736
88796181
88784518
88775166
88748963
88741667
88737695
88736123
88697761
88658294
88657098
88644381
88626241
88613345
88613327
88608488
88601148
88592993
88589099
88578461
88573555
88568415
88557537
88552845
88513763
88494627
88490849
88489891
88474463
88473678
88470463
88465844
88457537
88454370
88449009
88422813
88419199
88415445
88413122
88409419
88387264
88380255
88374962
88368360
88359733
88357662
88337217
88334728
88327397
88320158
88317315
88310078
88305539
88291650
88289297
88277668
88277661
88268706
88259144
88249740
88235415
88226528
88211370
88209306
88184510
88133652
88123785
88123324
88103101
88092410
88071748
88061891
88013662
88008989
87992004
87960957
87940577
87923614
87917981
87915676
87913603
87875364
87850309
87849467
87844247
87836043
87830852
87815172
87805788
87802307
87797565
87773031
87722915
87714319
87707517
87705674
87678397
87659962
87629571
87619139
87618778
87616804
87610563
87598193
87569764
87569133
87566650
87553029
87543898
87541564
87537892
87536740
87518393
87509224
87503299
87495964
87461225
87455875
87417304
87326276
87306814
87268580
87260571
87258406
87244591
87242348
87228713
87203301
87177961
87175420
87174897
87161915
87158154
87126025
87110124
87080020
87078315
87061541
87047908
87039707
87023548
87003320
86984501
86961802
86947976
86938107
86934651
86932443
86911444
86910940
86873028
86864697
86837609
86828293
86808020
86795195
86781028
86760613
86756581
86731246
86728319
86718971
86718592
86711045
86708740
86707845
86685997
86676878
86676603
86673382
86656643
86655835
86652458
86636635
86599194
86593655
86580854
86563937
86561595
86549175
86532478
86531895
86508646
86481317
86461577
86451294
86442743
86416475
86356418
86352826
86352261
86331195
86290629
86281239
86271703
86268389
86188528
86184069
86160762
86155290
86143214
86139902
86137258
86135981
86122619
86118787
86069744
86063750
86061124
86052294
86046650
86035766
86007246
85996587
85991269
85986438
85978981
85964314
85958235
85933573
85928442
85900651
85858267
85833285
85790022
85772168
85762752
85727856
85683128
85649944
85619453
85616085
85601115
85599889
85553465
85553402
85538618
85481882
85453291
85441165
85436060
85409642
85408090
85334508
85330175
85312305
85308585
85265017
85216903
85190841
85173434
85141510
85141466
85139241
85136606
85133530
85132741
85112007
85111260
85103912
85075385
85042778
85033842
85027757
85016506
84999118
84976102
84967271
84966505
84964206
84925679
84892378
84890380
84882214
84881154
84879065
84838791
84805252
84801037
84789305
84780197
84762439
84733593
84730887
84727619
84723722
84663732
84658517
84656821
84656743
84649249
84641161
84599943
84593001
84572396
84554361
84550263
84538201
84529132
84481609
84450333
84433639
84408903
84389785
84341218
84340703
84329593
84316040
84299118
84269287
84240936
84211847
84208712
84190095
84175807
84155533
84143653
84139161
84138328
84128345
84106873
84103340
84097977
84086201
84085165
84083491
84050175
84040881
83997361
83967161
83961029
83960161
83942018
83937928
83930648
83918188
83900614
83890486
83880024
83876083
83863143
83848152
83834520
83828600
83771848
83742904
83741112
83695287
83676399
83675403
83670520
83640600
83617848
83572746
83564007
83523642
83502840
83469236
83454860
83444421
83441114
83396392
83393352
83378264
83359010
83356004
83317336
83305432
83294800
83250568
83234220
83216504
83202786
83201235
83164864
83158984
83157753
83153720
83134550
83127794
83114360
83105687
83099416
83096832
83020439
83016868
83015049
83002007
82986747
82978149
82977448
82950226
82949240
82928696
82922020
82917360
82915544
82909208
82905344
82901392
82871272
82870584
82845202
82820791
82765605
82765171
82710936
82701816
82700280
82635415
82632233
82614107
82612043
82556279
82549353
82548439
82535224
82531174
82528627
82510822
82491497
82490687
82473591
82458696
82443666
82439634
82431450
82421750
82412069
82403391
82383625
82375593
82344479
82342031
82278644
82261367
82248297
82172153
82164039
82134712
82063687
82031543
82030711
82010930
82006249
82004649
81946967
81900586
81889878
81868393
81863063
81829737
81827305
81822198
81810557
81801962
81801378
81801303
81800589
81759666
81697008
81676107
81671126
81643913
81634998
81586171
81533393
81528655
81462934
81449398
81414280
81410801
81396549
81396490
81375593
81365224
81343122
81331530
81318781
81314479
81298117
81288170
81266787
81251951
81221002
81213034
81209354
81193205
81188730
81184426
81173110
81152187
81151372
81116694
81112890
81089510
81066071
81048106
80983165
80974633
80956570
80908310
80898197
80869302
80865581
80865393
80845066
80823275
80806890
80789915
80784622
80764436
80761578
80747637
80712022
80695850
80687190
80675948
80674346
80646822
80618550
80601684
80562291
80552942
80499798
80499242
80489850
80489654
80469521
80467147
80461460
80458539
80423178
80413700
80379889
80371509
80350539
80344710
80315766
80294192
80277163
80266613
80247256
80233526
80229397
80217526
80204725
80154575
80117805
80095403
80054733
80030536
80021421
80014119
79939403
79925915
79860416
79858293
79851515
79824907
79813876
79810955
79775340
79764379
79761675
79757225
79754129
79746723
79742654
79736699
79715596
79710702
79671888
79653748
79639861
79633356
79605301
79602248
79572189
79543710
79520687
79508723
79478957
79450860
79444823
79433739
79407374
79377732
79353684
79283322
79269327
79266224
79251742
79239987
79220638
79216329
79203859
79185394
79184915
79170336
79116044
79106773
79081626
79052371
79030411
78983878
78962387
78924499
78917485
78906630
78865547
78857773
78850527
78846536
78837970
78832974
78830067
78829184
78822220
78792759
78768400
78763680
78758318
78740846
78735255
78655532
78642125
78630510
78628842
78620142
78571443
78565651
78564750
78543833
78517053
78513747
78417823
78394840
78379570
78375451
78356722
78350227
78346611
78308529
78306030
78285875
78284910
78277678
78261730
78248909
78241011
78237811
78230862
78226961
78216753
78210210
78202125
78196077
78195986
78187343
78184718
78181553
78157552
78149069
78142961
78134960
78111939
78111726
78102163
78101425
78090757
78089394
78058608
78057395
78054125
78052833
78051341
78047628
78039379
78037842
78016178
78012161
78003467
77993407
77988903
77988302
77976355
77934194
77915825
77915663
77911471
77908335
77903889
77903856
77899374
77891119
77865262
77864900
77843409
77841718
77825672
77819726
77816942
77795633
77794174
77791059
77776945
77765941
77756273
77738835
77724718
77721136
77709680
77691760
77640338
77634258
77631250
77628462
77626191
77623765
77590850
77551413
77548818
77491186
77478976
77477518
77476881
77466385
77465699
77438354
77438159
77427344
77427130
77421319
77406731
77401874
77391088
77383599
77377937
77377905
77376592
77375089
77351805
77329507
77325486
77324825
77293180
77266319
77264926
77252001
77248848
77240819
77233105
77228765
77224613
77214607
77202895
77201297
77198718
77157184
77097169
77096783
77096347
77067793
77064718
77061808
77040945
77040720
77033317
77030905
77030436
77030404
77003919
76986641
76937689
76933964
76918302
76898581
76872982
76854436
76853347
76840571
76805512
76769884
76740527
76670756
76657344
76645264
76639370
76584911
76547127
76502866
76482851
76472368
76421316
76399911
76350380
76335397
76302632
76296324
76266571
76253948
76251966
76245873
76242494
76222957
76220344
76182363
76084351
76056834
75986181
75959205
75929164
75923263
75918327
75913918
75913912
75908578
75892689
75877850
75850899
75831137
75819939
75814556
75782714
75746239
75697733
75694055
75692868
75621703
75616458
75539793
75522944
75522214
75518778
75484267
75443246
75431517
75399137
75389758
75357098
75343731
75291134
75284247
75257654
75247144
75236286
75205159
75153289
75082968
75082806
75044104
74989980
74977802
74948339
74919288
74902543
74845037
74835879
74780300
74776889
74746862
74663470
74659133
74622269
74609274
74603320
74571717
74527056
74503764
74473318
74454118
74438610
74408548
74366086
74295641
74295620
74282998
74271259
74268584
74261796
74215288
74188503
74155127
74152055
74068749
73953723
73920728
73869448
73836026
73804730
73749586
73734955
73691482
73660265
73632921
73632081
73562372
73535299
73510056
73461235
73445434
73423929
73409605
73381548
73147574
73128791
73098216
73089905
73078508
73046245
73044592
73042041
73031494
72971586
72971163
72946996
72919515
72870855
72840948
72763435
72636363
72631142
72504654
72472736
72351033
72311807
72309414
72290672
72265275
72233614
72199508
72199042
72141400
72096150
72085865
72075966
72070949
72066570
72056407
72037389
72016296
72013556
72009959
72008501
71997673
71995477
71914193
71842526
71778704
71774461
71762190
71740635
71690038
71665385
71640976
71572380
71541106
71447013
71419563
71397139
71383548
71351349
71306624
71290390
71232056
71202764
71039762
71031031
70987618
70913124
70891243
70864714
70819099
70799470
70762821
70728422
70663342
70629435
70623364
70598559
70595715
70594273
70575947
70530297
70496490
70452933
70438336
70413699
70334221
70326148
70314482
70267003
70204969
70199250
70143263
70129145
70109460
70074805
70041731
70001269
69906928
69899104
69852339
69845402
69822447
69809578
69809333
69755584
69742148
69697179
69693029
69681790
69573046
69535211
69522218
69515066
69497353
69480107
69460682
69445816
69443201
69433897
69427852
69422384
69389970
69307453
69252675
69228692
69183415
69176804
69175674
69172582
69143494
69139342
69120463
69030090
68997265
68992874
68972672
68941634
68939790
68923875
68813701
68723525
68686859
68653572
68642132
68637134
68602268
68590077
68573138
68569243
68411142
68406902
68382126
68380600
68364494
68352771
68349074
68345606
68338582
68332988
68319245
68259826
68215956
68211343
68169393
68131556
68121355
68094410
68060076
68043611
68005633
67994805
67968013
67957203
67923412
67905552
67843781
67814707
67754124
67724796
67685856
67681954
67647463
67611462
67591059
67588590
67585985
67504924
67495579
67480204
67462531
67396460
67364905
67247151
67204922
67152134
67150467
67147454
67103013
67038145
67021933
67011645
67006355
66980903
66978396
66958701
66874011
66827844
66813983
66799834
66765816
66704180
66645911
66618876
66583508
66583264
66555945
66518866
66508492
66490222
66440150
66425724
66410769
66386410
66333731
66320632
66283076
66190933
66176311
66149890
66098720
66083495
66081973
66036378
66031106
65976524
65966227
65918325
65911438
65902622
65891901
65884904
65875791
65861355
65853252
65851643
65773558
65710986
65706819
65687178
65602709
65562961
65552749
65465233
65448266
65417336
65398991
65391040
65377684
65265747
65210681
65194421
65189750
65170502
65163955
65148809
65103429
65089596
65048760
65038186
65025438
65018537
65010063
64994277
64915032
64907151
64853878
64722906
64698376
64640904
64630194
64591488
64410463
64267947
64258570
64257125
64251935
64241847
64214414
64134570
64089647
63990620
63985543
63962452
63917013
63854584
63822839
63808286
63778873
63731262
63698403
63663083
63641679
63640490
63634360
63611952
63608682
63569556
63552778
63547646
63545624
63543435
63525896
63364028
63353081
63346812
63346323
63321559
63309148
63284383
63272148
63253380
63236111
63227262
63208628
63203889
63183556
63108974
63107923
63013726
62984004
62976128
62965365
62950810
62898762
62866312
62852738
62852448
62838733
62763595
62743550
62732772
62704247
62698306
62671234
62666334
62656327
62648144
62544005
62530796
62414764
62399784
62383576
62372349
62366560
62342782
62316692
62293252
62290774
62275445
62208340
62191931
62128802
62118961
62010083
61960802
61923011
61918139
61898464
61853468
61837265
61825296
61745807
61735932
61734249
61727453
61671821
61646822
61636651
61625240
61574596
61572166
61550487
61464860
61459217
61454492
61448829
61434582
61393708
61377582
61284078
61264673
61258534
61217822
61183900
61169603
61142597
61132693
61126465
61094563
61092112
61085619
61068810
61055010
61048123
61008115
60998977
60994852
60878260
60870597
60839078
60827297
60821560
60820909
60793935
60750874
60712884
60564350
60563708
60555707
60536068
60534937
60528198
60495537
60473017
60451634
60430152
60408026
60373232
60372757
60368510
60347994
60343093
60330446
60249598
60240108
60209290
60195656
60182620
60175695
60157235
60155405
60092701
60036188
60013108
59982810
59903471
59875121
59812991
59805242
59793249
59779628
59770924
59767815
59729140
59723524
59716194
59690930
59674527
59663626
59658544
59641639
59624004
59623941
59622668
59619865
59606305
59599685
59587335
59525728
59514240
59467354
59454767
59399261
59252083
59243336
59216248
59208612
59115781
59103983
59078899
59067449
59064329
59041950
59032211
58960096
58948477
58937680
58912765
58909790
58901249
58890970
58820045
58819692
58818185
58801031
58788407
58757998
58754418
58743418
58717495
58614658
58612342
58597094
58596072
58572050
58556015
58549950
58447629
58431057
58326633
58312271
58228671
58180089
58170108
58144505
58122773
58042492
58026889
58022201
58010792
57972179
57881046
57855204
57840717
57839958
57810155
57751319
57714991
57714531
57693713
57667818
57648891
57647930
57599874
57592124
57565945
57525768
57511600
57509792
57420726
57398175
57388223
57381115
57376096
57352472
57337151
57330366
57329271
57317815
57298437
57284069
57175792
57166369
57155405
57148765
57117823
57088414
57026211
56994411
56991267
56883652
56855178
56762145
56694730
56688614
56664641
56657471
56624748
56603202
56585406
56533030
56526742
56373456
56330958
56296923
56264377
56226941
56194817
56177719
56132635
56126598
56103331
56048090
56031654
55991201
55991104
55888927
55880308
55874070
55805276
55799917
55751407
55725252
55716022
55714595
55702332
55699675
55698836
55667859
55625177
55566776
55528594
55524424
55493010
55489053
55487395
55475354
55438840
55391834
55305757
55288427
55288252
55255732
55183623
55180496
55115281
55103129
55102190
55075380
54998778
54971082
54950968
54830981
54789400
54769842
54751189
54751129
54736666
54654982
54651161
54627954
54600166
54571950
54542923
54528519
54501933
54432816
54426707
54426259
54384696
54334087
54299380
54296519
54290729
54279136
54185883
54180781
54113255
54108777
54060497
54048455
54045708
54012015
54000418
53908410
53897714
53880984
53878680
53840189
53816598
53643418
53604681
53589489
53587544
53578508
53566270
53542738
53507848
53481118
53443255
53441016
53400797
53389929
53380927
53369802
53347496
53346147
53344073
53341303
53292497
53269352
53261281
53246596
53241622
53228448
53218563
53207025
53095977
53086797
53082327
53079761
53002076
53001313
52998829
52901750
52872743
52865014
52821801
52798768
52786183
52782102
52761002
52746187
52741662
52708128
52708007
52701312
52687069
52682274
52639840
52559984
52538281
52506655
52497620
52484995
52452652
52374781
52356144
52343275
52313065
52284220
52254909
52246071
52239073
52175210
52120856
52083721
52041554
51980138
51921802
51915382
51900772
51890916
51840830
51835529
51831958
51733580
51730593
51703330
51687398
51646400
51620297
51608734
51583012
51542413
51515827
51491390
51487669
51487234
51419723
51377297
51371477
51326580
51313876
51233683
51222697
51222196
51198779
51197613
51181401
51166133
51163666
51143348
51140962
51097617
51030873
51006082
50988702
50929068
50895791
50868992
50855748
50839909
50784863
50765101
50729057
50715947
50698970
50690339
50686907
50682927
50661299
50637034
50636016
50625283
50520096
50502623
50376703
50311220
50299373
50282929
50258811
50247330
50217771
50216530
50198707
50174357
50173039
50153022
50120440
50098096
50061274
50057533
50030034
50005862
49989631
49976282
49972319
49959331
49957608
49836735
49833531
49826277
49810641
49807390
49801918
49787727
49764624
49752488
49668339
49653800
49639124
49638040
49626892
49584773
49580194
49470544
49441011
49373683
49320005
49296774
49240033
49175809
49153393
49151054
49118626
49100269
49100074
49071707
49012901
48953336
48919502
48868138
48809873
48753959
48736510
48712188
48709006
48667261
48652568
48591576
48589476
48532419
48517720
48507294
48453031
48451381
48449531
48408395
48401386
48326479
48274400
48264549
48200612
48194333
48183062
48156515
48146326
48139268
48036363
47997243
47939004
47919497
47895772
47847063
47830433
47802635
47770311
47740514
47727396
47699820
47661754
47629722
47599879
47598676
47592660
47588105
47577029
47569757
47314110
47280115
47270171
47260010
47208876
47198603
47155047
47094394
47088163
47021780
46991813
46987214
46923218
46912127
46878363
46856810
46844998
46819134
46780715
46767036
46753505
46729962
46723282
46703282
46678141
46629820
46616442
46613064
46589238
46568183
46566685
46502662
46500041
46473939
46440999
46439092
46398322
46374023
46337225
46325114
46272506
46252864
46247857
46246856
46238644
46230890
46178258
46135692
46125240
46078572
46043800
46036476
46029155
46017595
45992350
45987019
45968845
45963820
45921390
45870253
45848570
45782524
45775348
45722056
45710076
45696583
45634817
45628768
45620878
45610259
45597461
45582881
45505161
45486894
45465574
45464340
45413051
45357628
45337305
45329981
45321483
45280032
45239410
45207752
45185840
45131058
45111156
45068590
45061487
45007839
44983537
44970073
44934067
44848446
44820477
44816145
44796661
44779530
44774476
44769369
44750350
44747602
44734951
44734622
44733547
44697934
44691480
44610209
44587279
44585628
44555893
44555303
44531260
44489848
44451969
44439347
44404436
44378754
44290969
44285440
44256632
44246081
44224351
44210051
44189968
44189823
44187698
44158781
44142663
44093768
44093010
44048830
44038282
43999978
43985315
43975432
43935406
43911569
43889098
43888336
43831697
43821889
43804524
43751043
43742955
43716220
43712255
43681404
43660760
43639978
43635878
43605571
43603965
43601349
43596417
43580395
43570008
43569150
43501090
43477485
43476070
43392266
43337937
43257221
43251343
43250926
43245135
43224588
43217304
43195744
43195599
43189366
43140927
43091189
43084544
43048579
42988222
42986367
42969693
42963588
42960117
42959590
42941814
42933182
42916833
42901219
42900831
42897089
42882791
42868869
42862351
42838938
42804483
42746973
42712612
42619562
42601140
42599080
42580894
42518970
42499937
42485919
42472475
42471353
42456144
42439763
42416914
42393186
42376431
42369281
42363214
42361104
42351984
42325485
42294289
42292584
42287665
42266915
42266128
42242694
42239883
42209141
42192725
42192117
42131693
42119878
42091915
42068474
42057094
42053961
42051776
42048921
42010242
42008430
42002985
41978966
41975116
41966995
41963534
41939281
41934924
41912307
41879069
41830465
41779787
41777632
41771119
41766458
41744045
41708828
41687233
41681028
41616882
41572717
41543202
41536969
41527198
41526992
41521015
41520185
41511452
41505367
41475278
41465980
41462974
41459369
41424382
41368131
41360244
41355237
41319972
41297033
41292231
41243134
41191986
41163929
41140767
41129615
41125260
41114820
41074647
41023385
40994945
40883879
40832958
40828124
40802855
40787829
40763332
40726633
40695502
40684165
40675325
40622683
40581537
40522590
40508292
40494363
40493886
40436418
40433470
40422045
40371199
40333097
40314998
40312892
40263694
40259932
40216448
40204956
40172543
40166249
40130703
40128930
40123686
40110639
40078135
40073119
40063376
40032643
39999479
39990017
39976237
39975685
39964708
39956828
39909671
39896825
39884021
39853785
39848973
39840822
39827754
39825028
39770918
39750165
39722532
39722340
39693738
39659835
39630876
39588100
39552558
39542450
39537355
39531373
39519015
39471505
39468819
39456485
39443025
39424534
39408279
39379744
39377205
39375888
39367528
39334296
39283051
39274619
39243015
39179811
39179131
39176979
39152121
39138836
39118981
39101386
39081450
39040263
39014185
38949346
38946747
38928041
38919622
38914922
38914427
38906102
38897397
38893420
38878684
38831190
38828610
38816552
38787612
38779008
38769766
38751276
38747346
38746493
38735336
38716106
38704764
38698804
38675638
38661467
38657096
38581186
38580429
38571702
38564046
38563664
38560824
38559212
38540818
38528697
38511050
38415170
38411867
38409270
38405199
38362243
38337640
38327373
38301478
38272938
38242031
38238506
38210586
38184025
38170859
38159358
38145591
38136604
38123743
38108789
38106930
38105064
38044795
38008703
38004165
38004053
37968926
37954758
37947334
37862246
37851107
37842035
37811858
37803587
37793786
37777560
37766246
37752424
37750744
37703680
37678454
37660324
37613189
37612135
37602123
37577072
37560340
37551236
37540539
37534076
37505087
37497792
37492413
37453008
37449631
37411840
37399077
37384597
37368136
37367689
37287478
37284693
37281461
37252677
37230954
37226480
37173715
37117083
37084727
37050270
37024038
37016546
36958615
36916695
36889321
36781196
36683735
36672186
36655974
36643830
36637846
36630410
36613709
36610028
36604949
36583382
36560571
36551412
36545069
36525903
36515570
36505718
36496574
36495833
36495084
36487914
36426771
36353981
36340404
36329569
36317081
36149709
36146110
36117576
36112710
36056366
36034931
35993234
35981650
35971636
35962623
35961551
35945209
35940796
35889871
35847627
35847147
35823034
35788027
35750993
35718336
35692415
35677911
35628657
35626537
35618609
35575440
35574672
35510702
35509233
35464621
35428375
35426453
35409941
35359938
35335511
35251473
35249574
35246160
35232304
35223956
35196628
35166787
35142729
35106586
35091393
35082602
35055970
35054190
35052688
35048340
35001808
34996209
34986879
34979388
34950732
34948094
34944529
34927295
34925933
34909514
34891667
34882319
34877193
34859744
34859488
34841865
34840562
34834392
34832171
34795489
34782419
34780548
34750067
34688432
34650583
34640785
34637761
34624683
34624236
34607376
34595464
34585807
34550611
34518556
34506205
34465595
34412440
34381954
34379854
34374376
34366947
34355679
34329122
34327537
34287067
34286708
34266541
34262009
34240638
34221060
34191270
34134704
34131053
34128805
34100755
34063760
34048685
34047803
34026541
33998199
33983733
33966997
33922244
33883783
33866082
33856912
33794755
33791618
33784108
33767777
33764281
33725917
33722686
33711476
33683438
33657168
33641507
33631856
33614895
33605785
33593552
33591652
33575396
33562639
33534417
33527299
33526321
33506721
33464270
33439652
33406242
33389457
33366663
33333607
33289826
33286204
33235116
33190400
33140074
33122213
33117246
33085369
33072239
33065204
33046011
33044087
33022853
33020447
32946407
32923130
32901479
32865115
32864086
32856225
32843765
32801002
32761687
32756873
32755519
32712501
32696838
32684325
32684299
32676007
32672832
32665680
32662087
32656596
32628036
32566400
32566193
32518014
32513011
32504773
32500703
32495873
32495753
32485091
32483169
32452542
32431763
32411803
32393283
32388212
32354048
32344510
32330565
32329143
32311516
32272953
32264069
32257797
32253658
32239775
32183965
32181592
32174828
32170531
32091611
32071190
32032558
31982250
31973411
31954424
31915706
31900717
31882025
31880381
31865016
31854985
31833456
31802836
31798814
31749233
31742310
31738636
31639418
31638702
31634624
31623775
31619789
31610423
31580061
31576738
31544070
31514993
31508461
31493285
31484366
31450240
31414400
31390344
31373758
31370137
31334548
31318044
31308864
31302046
31297206
31254360
31247863
31246038
31243559
31223055
31221546
31220727
31208817
31206331
31198595
31171860
31166500
31157381
31128964
31120207
31089563
31081854
31079298
31053386
31052533
31048749
31009764
31006591
30993937
30975670
30970519
30969523
30962530
30953770
30950681
30945203
30944740
30942976
30925712
30888482
30886261
30885090
30844906
30840596
30840493
30839171
30794134
30792159
30776673
30773789
30770961
30755587
30750267
30746887
30730760
30727342
30697138
30692133
30676766
30658375
30657402
30656805
30646295
30628960
30600801
30600658
30573115
30495125
30474816
30471202
30464513
30439411
30438896
30434890
30396635
30376840
30370264
30364991
30327833
30323858
30314499
30306701
30282658
30253664
30230316
30210622
30202529
30180983
30166742
30128486
30123721
30101440
30095718
30078278
30060025
30043022
30028867
29984444
29958851
29942025
29937311
29915989
29906200
29903639
29900793
29897715
29896280
29893715
29891006
29851062
29830121
29816666
29800474
29781025
29762213
29750701
29732497
29726571
29722843
29722579
29713412
29710296
29707412
29704842
29694336
29688598
29660209
29618037
29613291
29603954
29576873
29572182
29571851
29561165
29560442
29547745
29546844
29539241
29538412
29529441
29511377
29508237
29505428
29503920
29482795
29476797
29472714
29462846
29460374
29435461
29431195
29428129
29406043
29386357
29374516
29367801
29341934
29339580
29299163
29276131
29246874
29244299
29243229
29220182
29216391
29209326
29207438
29202680
29188491
29172670
29159311
29154827
29103043
29099218
29079000
29071779
29059980
29044906
29040419
29032082
29031418
29022060
29013538
28975038
28972671
28924351
28906678
28868910
28857620
28840104
28814967
28795571
28793594
28788111
28744598
28743162
28732082
28728689
28703175
28694724
28660390
28620798
28610238
28592290
28587097
28584253
28577956
28562297
28558263
28550436
28536176
28525970
28515629
28514999
28491546
28468526
28430840
28416266
28404418
28398067
28394561
28350804
28333529
28315866
28305354
28305285
28304843
28284194
28264357
28223163
28222510
28207320
28202224
28196162
28193080
28189579
28172323
28145318
28140739
28112382
28106941
28101044
28099023
28087471
28077813
28045543
27993655
27987066
27977824
27943103
27930544
27905167
27899598
27892796
27874031
27840226
27813772
27809719
27803401
27733661
27728239
27696960
27680491
27678090
27675939
27643544
27643330
27626190
27624450
27618055
27598032
27579228
27575292
27543698
27516866
27512349
27498262
27489120
27487276
27461050
27444041
27422570
27417134
27404083
27377750
27365861
27360581
27360128
27359042
27357121
27352083
27343813
27342681
27332085
27328317
27308633
27297314
27286224
27273536
27249671
27196878
27181909
27168782
27155245
27154136
27153304
27130733
27129089
27125597
27123956
27107486
27098950
27094785
27089582
27082798
27081483
27074835
27059919
27059428
27056857
27037704
26993116
26991026
26966294
26958908
26955754
26942131
26857832
26832589
26828356
26824148
26806140
26780499
26771095
26764238
26762199
26757041
26742999
26727713
26725089
26702653
26702057
26679192
26677239
26668191
26663128
26659854
26643855
26621633
26603520
26598976
26584562
26549269
26534577
26528923
26522858
26497994
26489470
26486867
26476498
26467234
26437971
26433413
26428193
26420793
26410744
26408127
26383126
26377571
26367749
26345681
26344034
26341045
26320482
26315422
26304981
26290186
26279775
26275427
26273704
26271039
26243223
26239951
26235404
26227305
26174421
26164592
26156942
26144523
26138782
26129877
26128674
26121381
26111612
26109402
26086957
26079387
26074189
26074105
26055901
26055728
26044953
25954173
25932785
25923330
25905974
25904817
25901970
25866950
25866037
25837657
25837530
25836325
25802818
25793354
25789355
25781982
25779646
25763294
25762204
25711542
25690294
25683742
25682021
25681007
25677707
25670871
25669045
25666149
25665078
25655853
25648229
25640588
25612441
25609564
25579740
25578631
25568484
25560866
25557382
25553807
25511736
25477319
25476151
25468145
25414977
25410265
25379477
25372334
25371171
25348405
25347303
25341202
25310516
25301987
25283852
25274943
25263452
25260397
25251535
25243644
25213914
25205503
25197032
25181015
25179820
25155226
25143616
25124981
25100468
25099968
25093024
25085806
25052274
25023666
25021130
24999199
24994903
24990557
24988031
24979265
24955720
24938849
24933874
24932804
24930444
24929451
24899346
24860920
24844590
24807427
24799920
24787564
24768629
24751425
24745577
24739618
24719429
24704890
24675993
24674186
24659800
24657971
24654294
24653484
24649148
24638063
24632178
24631824
24596410
24586226
24582560
24564453
24552076
24535717
24535053
24531028
24503798
24502085
24482550
24475716
24458753
24443819
24417399
24406355
24402182
24391534
24383892
24383493
24382348
24370483
24366313
24363211
24357441
24350310
24342767
24340520
24323491
24312472
24299421
24289945
24274770
24260761
24246895
24240249
24239351
24233793
24231641
24204710
24199131
24192455
24171148
24163837
24099546
24098004
24055237
24052312
24041479
24005341
24000102
23991818
23976748
23974711
23954775
23950957
23948205
23944125
23939642
23938105
23931944
23931571
23927095
23926612
23898918
23893637
23883790
23872408
23852140
23842720
23838048
23837937
23834565
23821026
23791990
23763949
23749490
23747106
23745873
23720066
23719037
23716455
23703259
23694411
23690462
23666728
23663704
23647104
23642986
23637346
23633074
23607123
23602472
23602402
23601270
23589216
23557071
23553755
23547146
23540895
23539037
23487500
23478038
23471762
23459426
23427440
23386558
23379988
23333860
23321290
23310389
23306593
23288602
23286457
23284061
23280417
23259041
23258075
23249114
23245843
23221170
23217060
23212087
23209880
23161801
23157540
23140057
23138912
23115770
23089589
23082837
23072526
23065835
23030410
23012391
23004139
22985812
22955482
22950055
22943946
22942221
22914628
22906612
22897927
22885451
22847575
22840614
22834832
22815629
22803026
22774458
22754489
22744899
22743483
22702611
22696400
22685605
22659336
22651562
22625333
22613423
22586661
22582046
22531343
22519679
22509122
22503070
22489600
22478903
22468104
22462968
22453141
22437305
22434669
22418047
22413897
22413206
22408183
22393142
22378281
22366028
22342778
22338672
22335297
22330694
22327481
22291388
22269180
22260863
22237713
22232411
22219917
22214134
22200248
22163086
22138576
22129873
22124767
22123584
22120590
22116796
22108961
22090480
22088148
22086296
22081000
22077725
22052437
22047655
22028933
22027476
22017708
22011817
22011024
22007497
22004957
21988202
21983093
21982428
21964961
21963608
21955424
21953476
21932948
21925406
21900384
21898140
21896705
21863234
21859708
21817775
21800955
21795218
21789489
21771659
21768742
21767711
21710816
21704152
21694511
21691827
21674156
21669309
21665711
21663674
21653301
21638152
21638005
21624088
21623981
21590153
21581868
21579413
21578748
21557019
21538188
21530891
21522821
21520532
21514519
21514212
21513280
21484327
21477944
21459914
21449054
21442256
21442192
21420918
21419421
21380714
21378553
21375761
21363303
21356986
21344635
21338619
21332558
21329819
21303021
21293105
21225833
21223550
21215204
21214840
21213620
21204693
21199634
21184999
21176968
21167169
21156364
21136393
21129104
21127230
21126721
21106723
21099660
21096128
21071645
21068790
21067804
21061070
21058576
21024134
21018278
21009978
21006223
20987359
20976590
20972589
20952470
20949459
20893186
20883542
20877322
20876542
20854722
20847082
20846133
20836149
20830045
20825240
20812747
20811179
20795462
20794381
20789912
20786850
20782343
20745619
20726142
20718261
20716952
20689180
20688408
20659072
20653670
20650542
20641054
20637715
20628908
20608769
20589990
20578781
20564229
20561327
20560621
20537557
20487172
20484858
20482591
20480590
20478798
20474407
20460281
20459322
20457930
20453783
20431718
20425639
20418536
20395978
20393185
20389390
20385325
20362535
20359977
20329728
20313420
20308729
20305149
20281180
20278470
20257540
20251674
20232197
20192627
20190739
20188538
20186500
20172756
20157020
20126058
20125079
20116152
20112200
20107074
20099051
20068565
20061705
20052311
20032767
19986647
19979497
19965863
19955765
19935426
19926649
19921939
19913032
19881447
19862670
19849984
19844777
19824911
19822364
19815156
19809406
19792988
19785275
19749794
19749692
19749334
19730986
19688953
19672043
19663000
19658291
19648089
19647895
19596167
19584622
19580017
19556083
19551566
19548942
19544975
19525933
19521258
19512393
19506266
19469931
19446474
19415073
19405887
19397143
19384968
19374621
19367601
19342187
19334904
19334092
19323456
19313080
19307338
19297075
19269917
19266385
19259321
19234505
19184430
19164727
19160910
19154083
19137937
19129459
19122925
19084080
19078230
19071423
19045187
19004671
18974085
18964173
18958486
18938827
18937462
18922012
18914320
18913903
18909825
18908927
18899331
18892954
18880265
18865673
18864858
18854714
18853709
18800445
18781458
18757839
18757828
18752564
18734803
18715888
18711327
18704276
18682063
18674693
18671086
18666901
18643519
18642163
18632686
18628241
18601889
18583204
18562179
18442507
18437998
18436537
18413542
18367098
18362976
18353331
18329721
18313865
18266125
18207302
18177762
18176098
18148116
18135697
18090106
18078211
18066435
18065092
18039235
18008545
17965904
17949951
17934599
17906799
17902708
17870716
17866931
17839814
17823804
17809414
17782811
17735985
17735735
17707331
17700992
17671575
17626371
17619672
17611919
17575670
17568766
17541050
17539237
17524917
17425528
17422117
17419962
17410979
17404019
17347653
17330463
17302277
17290305
17218665
17162508
17144984
17121193
17115569
17075529
17073032
17058007
17057688
17052497
17050223
17018436
16982747
16965667
16949643
16946953
16946253
16935529
16920481
16850221
16831456
16824459
16823789
16791698
16790960
16773922
16772447
16768275
16729720
16722483
16719543
16697014
16695962
16675407
16657599
16655474
16642063
16641437
16634759
16629677
16627814
16627686
16623997
16601517
16585540
16582897
16581287
16568956
16551725
16536291
16517005
16513803
16502154
16499921
16497088
16487237
16485170
16471047
16468675
16439370
16438948
16434132
16430629
16400607
16391546
16385594
16375652
16374326
16364517
16359265
16352902
16344628
16326128
16299567
16294253
16283872
16282615
16266468
16243546
16230585
16206488
16201922
16190696
16184602
16181148
16162696
16149145
16142097
16132963
16128280
16122075
16111585
16107455
16103300
16096548
16082521
16064700
16037990
16026751
16024530
16022068
16018486
16016084
16014148
16007292
16003674
15964504
15962937
15958367
15957223
15936840
15921467
15920006
15905223
15900838
15893929
15888397
15880566
15872754
15872151
15852558
15799818
15786324
15785270
15778581
15764167
15762729
15756752
15736875
15721884
15709864
15621364
15591659
15590063
15580243
15557666
15554729
15518327
15506929
15495540
15476546
15466814
15461042
15455964
15454173
15442381
15439755
15435489
15424228
15419425
15412877
15404785
15389853
15381293
15374846
15374711
15361822
15357834
15356581
15351746
15344687
15321430
15294491
15279063
15272996
15269700
15265174
15259323
15244870
15228112
15225866
15217392
15181420
15161651
15148195
15110740
15088620
15067451
15059732
15051461
14994028
14979568
14977329
14946488
14926663
14913011
14906417
14904487
14901423
14891441
14888665
14885990
14867825
14861136
14838190
14773009
14700215
14634825
14501526
14471671
14358516
14353909
14350081
14348929
14346068
14331934
14317981
14314901
14291489
14289694
14263732
14245884
14237937
14223261
14206016
14196260
14188324
14176703
14175588
14134497
14133585
14120192
14119187
14107058
14106656
14093873
14079405
14065954
14046113
14037563
14036449
14027694
14018195
14008741
14003939
14001138
13971270
13936402
13929499
13907366
13888741
13857372
13802758
13781052
13734846
13657927
13636569
13633274
13627613
13602424
13565512
13493245
13482040
13400955
13370889
13359158
13357084
13336170
13324074
13308671
13286326
13267961
13242646
13224287
13198026
13174747
13137483
13123956
13090336
13088780
13085652
13075820
13052608
13037460
12992610
12989738
12962568
12960849
12958642
12956444
12954368
12947315
12938690
12937860
12921909
12915185
12913298
12906834
12906379
12900258
12853608
12836067
12833761
12825118
12750286
12736226
12704454
12681693
12681305
12680336
12637661
12634953
12625441
12615990
12611206
12600410
12598159
12587180
12576809
12540715
12525308
12521143
12504256
12459023
12430453
12416909
12405507
12401868
12389993
12369224
12358336
12355427
12347130
12338742
12329567
12328153
12296868
12283451
12275000
12260992
12243962
12239444
12231197
12219376
12213616
12179206
12168332
12160728
12158678
12147766
12134502
12089027
12070211
12059481
12057585
12042115
12039141
12035320
12025015
11987763
11981335
11948740
11928528
11925804
11916520
11875154
11869421
11868856
11857652
11835464
11811146
11746548
11693494
11664118
11653969
11620560
11618490
11555185
11543218
11507218
11485520
11466881
11448366
11432641
11405230
11383919
11361238
11361077
11350894
11318188
11318016
11313327
11250063
11226321
11181810
11170660
11157520
10883622
10467850
10462891
10257036
10120339
10081843
9977808
9968334
9728283
9707590
9529383
9351237
9284896
9265536
9069731
9013823
8967652
8893590
8782758
8720501
8716811
8566707
8540645
8470150
8333752
8249689
8232616
8174815
8173797
8031607
7998371
7947071
7933758
7926845
7869466
7803395
7752309
7738342
7713078
7706119
7692130
7646666
7632436
7632292
7599622
7552061
7526435
7526009
7512436
7504096
7500418
7492550
7487743
7487109
7471530
7465268
7454945
7451231
7444596
7408692
7407409
7391475
7355843
7337956
7331097
7322535
7309831
7302290
7279620
7228243
7209025
7190519
7181415
7151868
7142590
7120328
6992901
6945020
6937396
6929989
6860983
6858887
6852280
6840105
6766940
6728391
6719099
6706989
6682777
6675193
6652040
6633491
6588318
6575240
6566694
6564142
6555179
6541901
6541294
6507523
6461177
6440878
6426474
6417675
6410768
6354116
6345893
6323213
6282581
6262449
6215254
6213780
6198025
6175116
6171979
6169517
6165786
6112137
5986133
5898435
5860415
5811861
5802581
5789533
5787316
5783600
5744055
5733756
5726029
5656476
5613730
5613615
5544811
5532204
5441846
5433223
5395288
5349047
5267980
5238443
5141675
5112852
4886611
4781165
4713672
4680000
4654647
4633419
4595210
4583743
4558231
4470504
4463179
4412305
4382764
4333346
4283466
4222994
4166302
4151870
4074546
4074386
3991026
3951118
3865831
3677321
3317837
229525987
228862880
227599870
222238497
222155227
215412824
213823740
210237638
207983861
202192389
201944049
199807885
198240379
197138613
191233153
189722716
188674755
187688482
184965077
184824443
178531030
178348093
178229589
177436896
172659128
172025599
171212189
169210501
169041176
167918147
163221854
156683688
154044600
152599242
152582661
150876354
148246328
146670844
145649495
144957312
144910515
144436271
143306654
142200602
141737151
141529099
141505788
140257725
139972939
138986336
138696951
138545618
137020164
136004444
135838490
134536029
133642963
132900044
131913749
131539350
129406412
128539940
125738996
123991068
123750287
123368574
119691901
118977884
118929795
116670018
116319330
116088798
115700380
115699853
115627268
114912580
113614434
113047015
112895954
112475895
112405703
112099815
111999841
111614446
111435935
110870882
109874628
109088989
107695030
107489238
106821453
106116716
105973561
105677143
105392193
104876711
104425420
103930984
103745389
103264746
103085677
102283053
101932431
101920609
101380323
100977239
100658461
100501126
100023618
99986190
99830270
99402819
99259442
99173357
99169861
98523314
98435841
98418394
97990051
97409920
97313682
97263235
97198753
97019859
96761054
96315698
96141477
95545476
95021629
95020090
94233920
94185186
94062023
93689152
93609514
93447724
92937592
92842265
92600092
92379042
92059194
91987973
91580171
91320203
91027763
90781837
90550751
90458381
90187296
90120640
90022375
89937433
89565760
89560681
89426006
89189327
89146187
88982394
88899839
88708679
88587296
88106044
87892347
87505732
87490782
87272091
87238481
87226455
87160085
87157439
87134524
86892597
86681882
86590662
86465563
86390068
86362831
86332873
86276786
86028666
85653818
85627316
85614122
85149241
84696433
84606503
84377611
84075335
83979176
83705706
83674157
83617171
83584073
83534964
83412280
83333907
83307656
83134415
82672963
82511145
82429399
81678291
81274642
80739187
80103573
80021897
79683115
79224299
78984300
78779820
77655137
77393199
77391377
76822569
73514555
72972868
72735210
72707477
72338893
71854599
71657240
71388462
70298218
69964010
69774955
69748289
69643965
69425278
69168589
68785187
68431962
68101699
67717169
67582791
67377945
65904357
65241372
64888282
64674892
63913259
63760112
62727264
62412206
61821908
61401978
61250933
60389828
59684179
59077171
57913921
57861354
57146070
57101878
56789271
56699002
55440327
55397423
55064984
54919303
54136967
53778702
53034103
52489527
51470844
51318558
51052796
50880331
50720377
50686778
50576930
50045351
49617858
49581727
49301872
48629038
47551014
46968866
46018807
45434386
43962143
43270246
43195116
43190664
41997234
41758882
41209028
39663065
39165866
38763837
38631608
38629140
37199671
36215155
36106195
35681150
35539871
35200567
35185437
35091104
35012878
34668793
34438711
34360528
34263099
34127539
34078573
33916130
33377383
33366644
32995696
31939878
31862468
31768386
31577399
31394634
31305404
31176148
31125695
31118913
30912214
30812420
30732002
30721891
30433844
30414953
30371016
30370348
30307833
30057229
29966975
29410958
29240614
28633175
28595071
28513682
28090897
27798084
27783878
27539648
27320713
26770951
26349153
26316891
25807263
25761354
25584524
24651056
24624750
24229312
24173463
24083092
24003574
23956271
23719671
23615694
23563966
23369438
23291159
23079422
23033637
22845296
22832269
22655368
22610092
22001355
21529929
20984286
20886667
20287703
19994815
19734140
19486007
19202744
19127701
18856627
18160562
18021923
17854263
17591133
17565543
16874662
16593302
16590528
16520549
16364706
16246559
16099609
15214843
15129615
14839047
14143232
14103422
13964816
13904837
13791706
13319893
13056947
12908632
12599458
11885718
11854763
11725958
7480075
6917095
6788190
6738302
6428149
6419076
6285674
5957612
5687991
5687206
5599442
5281091
5069202
4933644
4300820
3931783
3455060
228468868
224478364
212465065
211694136
174778525
171859818
168383370
157291751
157032788
155772241
155743397
151945554
147263695
144884850
135797385
132060621
121890075
120127130
119472984
116787710
114753555
109979617
106637829
106549125
105886121
105510334
104950547
104803162
103717326
101802035
100817664
100646494
100163509
99538355
99106050
98136159
96634979
95980137
94767798
93268007
92597060
91681681
90239720
90238228
88971010
88968707
87877936
86455782
85441436
84131151
83564168
82720872
82287401
80164875
79715746
79487193
79235524
78525907
78178254
75330651
72640655
66679974
66271219
64210962
60351212
60324133
59199903
50421934
48668223
45382349
44331232
42182411
41720709
38034734
37972790
37440845
34192318
33089088
31071981
30999547
28305586
27863247
27105889
26373358
26166743
25824207
25756484
24899744
24001214
23832071
22855050
21339207
19080969
18395574
18182347
17074093
15652813
15489634
15142675
14961639
14189260
13075431
12927660
12741179
12643248
12088045
11993548
11818253
11687093
11676633
11276323
8300160
7173449
6352593
6186594
5457389
220452862
215607129
211803388
211363751
211160164
209623778
207390038
202477493
202355309
200434263
199435750
197481495
195497461
189857667
189842005
185428914
184271210
182353773
182083415
176106196
162421680
159880240
150955184
148230680
141629760
141156712
138672513
136999830
136840694
128533855
121236285
118583233
115663172
115539045
102681035
102625392
94289900
92905174
92316076
90970519
90157823
88864480
85912718
85200458
82931827
82372064
82249599
80808895
79711403
77618704
76939300
71175283
68932866
60276498
59584601
56927315
52087060
47502237
46911079
46382320
45180289
38435259
37760038
35788087
34811205
34465489
33641794
29976007
26479859
26254141
26070466
24788914
24587663
24301643
23660280
23158609
22852439
22802884
22711437
21610681
21306946
20875508
20661811
19940867
19875544
19307310
16871394
16488576
15500930
15256832
14891507
14506709
14176405
13575592
13194012
10233388
5927088
5082351
229671357
226349377
224956002
224045955
222102652
221443650
220790875
218960062
218020450
216065191
214794344
214012738
213909443
213272895
213124896
210150744
209695552
207899285
206126856
205585905
204885562
204203977
202981022
198949920
197942121
195796431
193918224
192185806
187457203
187416435
186511375
183330990
182716333
179294423
178697616
177088628
175839073
175239410
175129824
174017313
172127712
171816658
169578353
168947314
167747441
163969661
161566952
153392504
152228755
147188252
145290532
141381613
139773769
139255610
134801711
133803748
131558399
130757102
123523640
123448697
123043789
122173091
120729000
112303481
108041415
107598854
107363486
100469679
100323313
97242625
95375416
94943102
91688206
90761804
90344483
88398494
87929787
86783217
86735962
86708837
85700315
84350055
84083528
81117630
80959640
80554709
78165811
72715738
71727771
69713722
65424092
62918058
60698036
58173297
50570047
50372986
48982402
48115397
41001449
36286302
32027641
32005240
29793318
29318903
27335226
26783887
25315430
24231728
22834323
20433493
20221845
20053382
19946648
18342563
17676319
17612164
14369633
13093410
12786824
11850059
11720343
11667606
11290466
7484376
5518811
5309098
3370445
226785061
225468868
224607973
223400355
223196705
222864379
220943867
218367747
217470202
214416316
212567160
212385056
212341886
212298057
212162726
211089573
210855137
210720539
209663615
208731096
208475650
207833993
207399773
206153095
205990058
204250938
204039053
202987572
202424381
201210504
200728322
199040367
198778790
198692393
198579852
198515491
197902174
197798510
197155776
196783364
196539372
195641778
195555871
194367986
194079485
193687977
193022252
192979936
191877218
191550574
191290331
191111453
190189099
189665831
189313346
189051475
188798639
187991706
187365109
186451854
186043826
185981020
184810559
182799109
180242470
179633184
179608183
178983337
178940224
178870871
178289335
177969693
177524074
175685993
175303882
174968928
173463405
172392363
171224378
170614014
169380985
168326353
168256082
167806390
167448435
166528880
166332350
165274994
164630513
164237504
162500604
161690737
161353201
159879566
159032577
158240148
155942737
154353015
153340846
145292246
145253130
144331152
140172107
140044226
138228477
137570360
133761208
131941405
130303726
129046399
128276959
127747454
124642388
117070933
116430591
115981771
114728053
114303868
112325430
112220707
98797169
98743435
97636571
93340217
91931872
90278644
80678922
77485041
75033587
70828262
70542554
69793408
69714800
69290972
68168505
67502888
67167218
63713898
61393044
50891388
47622523
38324679
27286218
26019477
24289443
22068480
21477791
21044386
13912066
12981752
12383245
9191266
5919526
5600243
5011409
224732830
222123196
213252600
209937501
205361643
197266181
191851298
190868547
185158898
184570757
182432456
181720885
178752459
178350804
178006654
174111976
169897982
165993926
164587696
160087157
153405388
141147202
138617880
137650387
122948957
122148490
120428271
120007543
116132152
115659840
114326934
113142401
102685097
101797034
101102026
97030498
97012328
95500488
93425299
89684754
84977612
83787243
82011087
79301387
79010541
72936396
70609423
61513470
59577504
50755923
50723538
47994172
43602371
39452523
35715106
33684750
33269820
32894368
32268795
29719299
28219127
22309204
21613028
20442112
19240830
18948425
17143387
17133494
17102320
15206096
14605769
14342261
12142580
5596698
5223124
229239964
227529660
224183042
222824035
222501378
219527842
217877573
215723330
214678041
212007207
210797915
207686296
206697159
205331787
203143463
199779888
196120335
187869882
187824189
184706690
183878298
179827445
171430642
169214342
161766943
160851136
137491367
130788461
123890630
115999854
110510328
95747419
95269929
92797799
90815925
89740983
84039193
80823886
79655947
77016847
76966964
74755080
70205573
62699708
48407184
45473106
39884873
38740554
36699221
33060127
27656181
27160439
26354467
25039667
24790497
22725171
22602110
21848226
16252392
15359842
15087827
14271680
12860878
8275431
6646888
228147874
228028962
227050302
226978623
223439935
221925894
220149670
219933954
218152644
217475836
216993788
216247685
214819551
214565883
214454396
212699574
211601189
209732534
209221125
208408136
207811811
207644227
207586360
207427126
207364150
206764436
206687406
206552600
204558842
204102890
203726452
203598886
202874537
202812941
202753417
201939976
201877811
201379501
201210705
200919309
200505206
200484109
200039318
199983345
199512440
194096094
193827889
193156887
192781583
192084163
191398359
191338313
191217539
189881323
189463617
188884881
188839368
188807055
187905736
187506283
187487644
185872270
184228165
182613590
179191283
178984266
178847824
177438128
176389760
174902831
172853919
172339761
171050850
168820695
168472514
167067183
166034400
165127651
164204314
161837403
160415422
159406298
158607580
158507033
157817353
157531304
155475688
155261105
154850374
152565866
152300487
151756865
149754964
149074694
149069305
146891945
144356774
143533577
140710311
140639944
139057806
136185426
135910567
134882703
131469486
131212207
131192401
130809852
119821535
108975039
108974504
101572964
90889336
83693144
81078698
71863446
64262379
51905469
42099453
36722739
35923523
26776184
23006385
21134796
20942020
19846520
16801509
15074549
12638092
11840754
6373284
5684822
225341664
221137789
214304926
213100920
210838871
210001799
209465705
207135894
202457491
202154964
201642101
197866360
195533291
194652247
190753897
188261579
186146948
179878343
148134939
130091521
127769792
104606393
94676566
90020127
86978533
68478622
61628947
55317106
52367773
51113616
44648545
43571134
37050034
32721611
27783970
23972029
23721967
23647510
22871757
18337930
15389963
4596471
216135268
209512609
205634970
204306820
203975197
202680423
199320176
198020876
187797628
187743030
186899193
182756527
172366634
155277656
154801085
152171860
142657521
118794288
112762944
110295388
109682626
109128617
108876247
106991835
101296347
101134397
100841487
95135290
89338594
89318906
85737222
85374586
78754698
77214523
72666227
71210315
66746770
66454724
64839033
63113901
62764127
61191428
60039901
46231128
42452755
39653347
37736362
36341743
35561573
35480378
34958193
32446285
30532648
30320845
30098261
28895607
26601042
25851198
25652568
21685920
21212147
20569126
19813306
19111620
15020218
14040772
12410313
12367440
4142019
225185826
215678777
215638044
214292251
211157441
113411138
102230194
94214336
91962346
91296600
89640384
71697760
69078404
63891471
43648710
30808408
26049116
22585038
21973180
17790476
12413529
196532367
190211414
177397300
157529777
151436085
145186991
133243515
111455685
106359300
103972622
100328013
97892959
89571303
84031385
80780118
77279110
74661054
66053133
58842636
48992913
31220133
30166564
30150817
29384136
22033454
17209033
16799411
15258016
13178476
12392042
12324002
12294344
11958979
215471486
170654826
165159744
147624742
113333189
107164428
104498776
102231809
100177973
97841764
88668631
83313480
70318847
68978415
59514566
55509971
42606449
41318921
34770729
32655291
31261980
31192703
26201253
23504102
23361234
19805813
14216674
14088877
222899553
218514274
216893603
216062146
210142585
209367161
205161019
200808200
200297817
195104520
162528294
148872815
142496963
128980597
121956890
108517987
91441878
72480691
65034053
64870121
36324593
31638317
22710604
22201370
21262959
16781478
13998396
230187711
223444699
214360060
207104653
204834639
200552395
198693161
175484489
171264372
149627004
135965294
123493671
115092575
101845585
90442240
83369464
77703535
77260367
69482119
48009914
38878704
34425357
29723902
27126269
26191824
21907137
21852090
17884826
17059095
16640621
15910217
8044028
5532626
5165734
3149653
221193820
202521174
190065099
171033007
158362865
127554847
90329602
89871089
77103121
42930626
28807454
26435078
3986101
178206924
174605300
171401104
57787422
45133411
32610651
