2983980
3153991
3234284
3272206
3425404
3441883
3448091
3544179
4016582
4018661
4125139
4177456
4272882
4294379
4322690
4333549
4410608
4412305
4502262
4579445
4589743
4623847
4648009
4655048
4666513
4708015
4742864
4784344
4861685
4864415
4878581
4906959
4954117
4989488
5007187
5016341
5020021
5052261
5321927
5379060
5435919
5445722
5446440
5459009
5543509
5564611
5607658
5637844
5640005
5668873
5723377
5761114
5792380
5821241
5823835
5859535
5879163
5901059
5902124
5919526
5935992
6043538
6047375
6083655
6101145
6157195
6163315
6180991
6195830
6212595
6251418
6253913
6256850
6267173
6268715
6303337
6314911
6376561
6395412
6399475
6420907
6442102
6445604
6454739
6455613
6475622
6515257
6545098
6590398
6603159
6608126
6620017
6624589
6647357
6702443
6713683
6739666
6745214
6752091
6752963
6755501
6777894
6787169
6805378
6825756
6826027
6842505
6871942
7004919
7006056
7022805
7062588
7090876
7110342
7116477
7142084
7154530
7175968
7205097
7235110
7243046
7291601
7320233
7371238
7400364
7445788
7490530
7491827
7501977
7506010
7526531
7540842
7552229
7625155
7686601
7689925
7752770
7759587
7779742
7937758
7937819
7951075
7974876
7999745
8026176
8027225
8041119
8050843
8052745
8066232
8109411
8146439
8164191
8194396
8216543
8256957
8344032
8348946
8485651
8509383
8527841
8685690
8713376
8799652
8949986
9018788
9038401
9041655
9173833
9274911
9315490
9387993
9395234
9470401
9665315
9666808
9853604
9976671
10027811
10155346
10238387
10255902
10518024
10675256
10763962
11133811
11154384
11231310
11239281
11239505
11350668
11388015
11433167
11451117
11462273
11491691
11514744
11543541
11559857
11574987
11583209
11587799
11686255
11689938
11696237
11716596
11779578
11781515
11815290
11824696
11835227
11837544
11837974
11850767
11874054
11904563
11910091
11912999
11930673
11963797
11965166
11989076
12010123
12036342
12037129
12063532
12078071
12091887
12108888
12180002
12184207
12187576
12196889
12202284
12270018
12286398
12297181
12299459
12302184
12304195
12347394
12355057
12362104
12362760
12408565
12421274
12432612
12468436
12469544
12476636
12492069
12508950
12529863
12541697
12545437
12548271
12559025
12578570
12591508
12608186
12621631
12622463
12624659
12630591
12631133
12652497
12665694
12674247
12680336
12681367
12705054
12749521
12783388
12804893
12809424
12833059
12852998
12857618
12864223
12879593
12885921
12887907
12890662
12892613
12909300
12909350
12913083
12913888
12922275
12922561
12956483
12962298
12962568
12973313
12984388
12985117
13008923
13024635
13054784
13057012
13072388
13079636
13081558
13104438
13117025
13158778
13168732
13181988
13183287
13191710
13199978
13207785
13211456
13221002
13223642
13249729
13253345
13292058
13293179
13359256
13361349
13421343
13468425
13562020
13596741
13614024
13696166
13737093
13761628
13798111
13828159
13864607
13928722
14181988
14192766
14226397
14244223
14261099
14434474
14880111
15024404
15046476
15059354
15074549
15097169
15120237
15174810
15237740
15332087
15333324
15361611
15418398
15466271
15560823
15654893
15673991
15676677
15688495
15715047
15726867
15740921
15744776
15792870
15793069
15803447
15955697
15994020
15994648
16010059
16021003
16037756
16044529
16050067
16107886
16113030
16129505
16137752
16154936
16190147
16209216
16212996
16226610
16297389
16301181
16305791
16306343
16323516
16392491
16406878
16443089
16647113
16727303
16730899
16770693
16801509
16849585
16891953
16893742
16896077
16896428
16920618
16942935
16951606
16976350
16999091
17027467
17132082
17147752
17215055
17218184
17224808
17321570
17356010
17367594
17394852
17418627
17468025
17471246
17479357
17518503
17522677
17524232
17531821
17548295
17569254
17606702
17724137
17738731
17786750
17787862
17803299
17839053
17867612
17880317
17893113
17940461
18019317
18096257
18130252
18157074
18222352
18226328
18231660
18247221
18272639
18277218
18315952
18327844
18353000
18375607
18379866
18409292
18453170
18470701
18518116
18521592
18533546
18559784
18560435
18638720
18641418
18663933
18665947
18670679
18672997
18682263
18703758
18713408
18757396
18760767
18769042
18793836
18840780
18858001
18865347
18871574
18907350
18941562
18951818
18966536
19094102
19107699
19116415
19223150
19265555
19305251
19342577
19360529
19423549
19485501
19514984
19541381
19586033
19694916
19715653
19736605
19776497
19821015
19853050
19952805
20041029
20045234
20045931
20052418
20099203
20104246
20118937
20130866
20134103
20174756
20182934
20188849
20219651
20228125
20230001
20248314
20270149
20295747
20355380
20360679
20390958
20410847
20415099
20437365
20445785
20459099
20479650
20503963
20520460
20532036
20541298
20545516
20609635
20681849
20691856
20938295
20967208
21045152
21097254
21136696
21148649
21163325
21166535
21217152
21218359
21228684
21265127
21284140
21338590
21363305
21373588
21392748
21427859
21492351
21561602
21595059
21619307
21622631
21628563
21645250
21657728
21671605
21694489
21725427
21737012
21761833
21852620
21885402
21896172
21912600
21974423
21986854
22041005
22130730
22140939
22160416
22167466
22219360
22236234
22253393
22273774
22280916
22306531
22339454
22365114
22368271
22481689
22482919
22515537
22555530
22565651
22585269
22622547
22683577
22685780
22700454
22734682
22798482
22800659
22844432
22849983
22856168
22876024
22886440
22896717
22941727
22948382
22959341
22994927
23025924
23052141
23058598
23066616
23086550
23125776
23149024
23240774
23254343
23275675
23281985
23283902
23288398
23299739
23305981
23306884
23362161
23395247
23396128
23470659
23488378
23523250
23565314
23603255
23614605
23627544
23633884
23651455
23668639
23668918
23723565
23781736
23793467
23793918
23797150
23811477
23858952
23915784
23969566
23976298
23987896
23997812
24026818
24056764
24078215
24085128
24125405
24171618
24227513
24271853
24326622
24368422
24429003
24450301
24461597
24512856
24528736
24529395
24551454
24563132
24575479
24614399
24629013
24634951
24635292
24635545
24716709
24751049
24784697
24827307
24838979
24843991
24874796
24938258
24971840
24972605
24999850
25023238
25039666
25092713
25093806
25098995
25140208
25148573
25168696
25179919
25244913
25276135
25279865
25336314
25373633
25380278
25400515
25424216
25429493
25440897
25445798
25464204
25468123
25483022
25508620
25534421
25544719
25567093
25593935
25650895
25659640
25687437
25700602
25753978
25778233
25808809
25832510
25885115
25941721
25970379
25970925
25993269
25997947
26015975
26017206
26044497
26062155
26154000
26159931
26162185
26175311
26209185
26279145
26288543
26298698
26312719
26325721
26327392
26336795
26436542
26466354
26470991
26514454
26518347
26535089
26588005
26598435
26634862
26646748
26682763
26725381
26733648
26773492
26816297
26826960
26828974
26869653
26890976
26924187
27067206
27131553
27169484
27177775
27214563
27220959
27221480
27226147
27290584
27290778
27299391
27365015
27405018
27433636
27467413
27563542
27578397
27670218
27687431
27702334
27755958
27846827
27866543
27978066
28052677
28072694
28087211
28091453
28101576
28127050
28140770
28153226
28156886
28194592
28200893
28206865
28217560
28224268
28310292
28354418
28391138
28412181
28466432
28524482
28599919
28645792
28673573
28680241
28750310
28885302
28895607
28926312
28938654
28952703
28957253
28998439
29007823
29050999
29065420
29069017
29106485
29161184
29173737
29177820
29182064
29190537
29226298
29243862
29268876
29298324
29303688
29330874
29461491
29462378
29468256
29470575
29525451
29533551
29549053
29590566
29614200
29706273
29753614
29777939
29779602
29874530
29927044
29947121
29956725
30054902
30082775
30091560
30096446
30096456
30248600
30290427
30396506
30411097
30445622
30447998
30491654
30516639
30531014
30567197
30637812
30664237
30667064
30752571
30795374
30807519
30815939
30817650
30843041
30861134
30870963
30912214
30913233
30933896
30959620
30961568
30998012
31046570
31060928
31089319
31108186
31134888
31151340
31198380
31203740
31225725
31241688
31273425
31278410
31278492
31315817
31325507
31361408
31401583
31423621
31430601
31541762
31623580
31651177
31668260
31672132
31684244
31703548
31748261
31757301
31810011
31845404
31886689
31925452
31925822
32001785
32053834
32072639
32094616
32104263
32150408
32167940
32172137
32243838
32269000
32305662
32326392
32396903
32415933
32431613
32445729
32449417
32532437
32551706
32555991
32652315
32770937
32793177
32827574
32848966
32944724
32998437
33063395
33260065
33330076
33336319
33365236
33387955
33399151
33424502
33429480
33477227
33507295
33520719
33526683
33671634
33716983
33754005
33806535
33838483
33895720
33937276
33957884
33977983
34008240
34016673
34068077
34082872
34085926
34181056
34229562
34247966
34291583
34416112
34430420
34434355
34443097
34554235
34600095
34629977
34672691
34797740
34866368
34867193
34895457
34921372
34926589
34933045
35009511
35023047
35039184
35132528
35240186
35275325
35431813
35445843
35460572
35497865
35539858
35555290
35560915
35587538
35614793
35683068
35731762
35852938
35856437
35871706
35883892
35884305
35917442
35923523
35927892
35949747
36046959
36057136
36122985
36142861
36183439
36335696
36341790
36360991
36370386
36451339
36493974
36506819
36575576
36691567
36755920
36783071
36847403
36856309
36927642
37072854
37107880
37209555
37210376
37224853
37228302
37277962
37367448
37399431
37417260
37428175
37460052
37628292
37654822
37657786
37697206
37729850
37733524
37748104
37773398
37780554
37807771
37835054
37876707
37956008
37984835
37990460
38030697
38074488
38078302
38087432
38104586
38125450
38175889
38194521
38260580
38277425
38288216
38358007
38376283
38415098
38422202
38436328
38474682
38476331
38495401
38565515
38582239
38640925
38797539
38806237
38814450
38864606
38888053
38901199
38902441
38954259
38992426
39002346
39004170
39028869
39030671
39201250
39210315
39242904
39253489
39259491
39305140
39313033
39320184
39383857
39398008
39503670
39531505
39552419
39601403
39976442
40004976
40063756
40084126
40127259
40224758
40313584
40392778
40401397
40434879
40472273
40533624
40550485
40602098
40636514
40696162
40708632
40715775
40729929
40736755
40785638
40848958
40852761
40874190
40928447
40930384
41158429
41182120
41217354
41263198
41345021
41370081
41373033
41418492
41420037
41453284
41505892
41601585
41637171
41786784
41796232
41797379
41839857
41856866
41873565
41898220
41908037
41913179
41983434
42015447
42053493
42099769
42101415
42152048
42170404
42189330
42200335
42245244
42245402
42278873
42303025
42356830
42361356
42375343
42447284
42462574
42514048
42557397
42604404
42621632
42645523
42693234
42720485
42750148
42863468
42900889
42904350
42965595
43128512
43176542
43179267
43226954
43233908
43292827
43338828
43346027
43384983
43450764
43693596
43723588
43765887
43808936
43888773
43909730
43915874
44011259
44014489
44029268
44048948
44137680
44144613
44157996
44221583
44246242
44334657
44362215
44365769
44373287
44405888
44436496
44453326
44480670
44491228
44517792
44582411
44591682
44643354
44892709
44896815
44962063
44971227
45026222
45068202
45087786
45095311
45111809
45148858
45167767
45173079
45175410
45244239
45247473
45343627
45356354
45367646
45417409
45523534
45564307
45624015
45760641
45784772
46046847
46073605
46109828
46248116
46441467
46516597
46596595
46642556
46666399
46681945
46693351
46810305
46813688
46833508
46932121
46986078
47017857
47027426
47097911
47160745
47205695
47207161
47315315
47405817
47506754
47520458
47613244
47626400
47757313
47843171
47863476
47919323
47925087
47946843
47957847
48060474
48099838
48125962
48194889
48202847
48213529
48394848
48420427
48519780
48585026
48628670
48667751
48679292
48709342
48845431
48851484
48851743
48900834
49020814
49053193
49083341
49236057
49283117
49300009
49307246
49310010
49342408
49347116
49387084
49568230
49666373
49710555
49842874
49966831
50061091
50163349
50167853
50170797
50221508
50222209
50275885
50303853
50318307
50331656
50350098
50445517
50531969
50733496
50770546
50821254
50923322
51055856
51101597
51121034
51293238
51312454
51414188
51488381
51502469
51670228
51816382
51858226
51895619
51906589
51946163
51975267
52164700
52175686
52202805
52205368
52290765
52307485
52520064
52582912
52622526
52706153
52727720
52836798
52853447
52882166
53034580
53158753
53171158
53234659
53276750
53297615
53302761
53315342
53376555
53386817
53431896
53521849
53548861
53572564
53586672
53656479
53672938
53770479
53980391
54020218
54051798
54131131
54149351
54234134
54254623
54306158
54326975
54367269
54485528
54664443
54753990
54764873
54950968
55005272
55243546
55335646
55357584
55404549
55491090
55491238
55561422
55602269
55604740
55654572
55687938
55806040
55879472
55959904
56075204
56248206
56315712
56407020
56441393
56560228
56673798
56708317
56878562
56923916
57015256
57065943
57080639
57123035
57245024
57402221
57417903
57505733
57535755
57541833
57579041
57656900
57734775
57913517
58032897
58046784
58096525
58266876
58306202
58408323
58425320
58430781
58485298
58520253
58656947
58673189
58824674
58837793
58873792
58883214
58883217
59260616
59402754
59744580
59811431
59821888
59876839
59923836
60057101
60176795
60470896
60532798
60554130
60589823
60686694
60698918
60809258
60854081
60960219
61127326
61247827
61285378
61308964
61448739
61468591
61472523
61510348
61549529
61580427
61684212
61723802
61881738
62022667
62109134
62183474
62302721
62662760
62667354
62777048
62991191
62993931
63044729
63065181
63120962
63161476
63179874
63234264
63278678
63288872
63347293
63370168
63409267
63410768
63466546
63476510
63508931
63543433
63587021
63598818
63600771
63621458
63747700
63752969
63766961
63769929
63839257
63935768
63947283
64018345
64123062
64151366
64171430
64237331
64396131
64505974
64585961
64664128
64691205
64824799
64916364
64978887
64988542
65162922
65182277
65276671
65381759
65448411
65477247
65513561
65560504
65652084
65670084
65697028
65743148
65772919
66070348
66294280
66386179
66404437
66457828
66562558
66585164
66656291
66932615
66939006
66950470
67086786
67115034
67148738
67151918
67158741
67160991
67179517
67227653
67235185
67276154
67294921
67363391
67364062
67372556
67376026
67409646
67420652
67565822
67571677
67656237
67660196
67662176
67662754
67684641
67698842
67720663
67723884
67777028
67789682
67844073
67872058
67898147
67959380
67973577
67976965
67989932
67993363
67994274
68034628
68042236
68047112
68051263
68059874
68064371
68150890
68191385
68232386
68255367
68258950
68264446
68334827
68337123
68341092
68359172
68372922
68419681
68428888
68441024
68478843
68496416
68518534
68541095
68601021
68630833
68677347
68753468
68775804
68898308
68923347
69004950
69022191
69073479
69075715
69095939
69154987
69210558
69259809
69322660
69346842
69501254
69562546
69771084
69791319
69823607
69869866
69964915
70011000
70035985
70070652
70080805
70094381
70276804
70292047
70311027
70317974
70342481
70472115
70493876
70523982
70525900
70589879
70814827
70823175
70864830
70879563
70895492
70902352
70935944
71123806
71163140
71179998
71297816
71321607
71458270
71512078
71535355
71709686
71719687
71801559
71829910
71842919
71906462
72072160
72083975
72170880
72223397
72233034
72245411
72322209
72406499
72492332
72521716
72528033
72567857
72810018
72812501
72872599
72879415
72900569
72938420
72947185
73005800
73129235
73178242
73284977
73295240
73323309
73409247
73513841
73617731
73672033
73911496
73925249
73963963
74041433
74090706
74183417
74236871
74272253
74277370
74299041
74377149
74407634
74422149
74493164
74616124
74712660
74830574
74885433
74902909
74939314
74966738
74998643
75051429
75096692
75126742
75212429
75256595
75462377
75650648
75716783
75810764
75834429
75866589
75905954
75958417
75970665
76095716
76116095
76117232
76195168
76212030
76228705
76432727
76462616
76473675
76490678
76714881
76742652
76787996
76880258
76892203
76907315
76934193
76942544
77076549
77086671
77124575
77140154
77246065
77271151
77278216
77289040
77323822
77335313
77337170
77364209
77411534
77443730
77465198
77493497
77496721
77554417
77560592
77608261
77650053
77657758
77666830
77667010
77695811
77701451
77809231
77830834
77880112
77930544
77945422
78000879
78010642
78015378
78098416
78125999
78180433
78183899
78212472
78233583
78254510
78345450
78350577
78362478
78367057
78386766
78511566
78528018
78539053
78581599
78588082
78627064
78669293
78722014
78788078
78874697
78912587
78957230
79033312
79087032
79102349
79131232
79196069
79198256
79271182
79294018
79300882
79301387
79303081
79362482
79398411
79419923
79427926
79477316
79570890
79599836
79613574
79667724
79698517
79722763
79762836
79815631
79850515
79881714
79948367
79983709
80048448
80059374
80066853
80127535
80153631
80216863
80259856
80274448
80291558
80324972
80452438
80456498
80530650
80565724
80584842
80633813
80674027
80674832
80703766
80706186
80718094
80744707
80766134
80790057
80800303
80801396
80821592
80822125
80825112
80827702
80843333
80865491
80870093
80977878
80986864
81070570
81110929
81246003
81251567
81276375
81284786
81322551
81325570
81446313
81474034
81523600
81530101
81553450
81602775
81651701
81660785
81695410
81705965
81741018
81744115
81747084
81804638
81804748
81810290
81829847
81852491
81854122
81920339
81922848
81995081
82033409
82041261
82061222
82073097
82092726
82112193
82195748
82254281
82258525
82394419
82402743
82462977
82573550
82634078
82711000
82760941
82810738
82821272
82841107
82842757
82859434
82881526
82923392
83004440
83014197
83035419
83046804
83049128
83051087
83053559
83059383
83063069
83092981
83100285
83131419
83133912
83193880
83208291
83233609
83236660
83287566
83299736
83302536
83316460
83344604
83384779
83402533
83525066
83537897
83538644
83546445
83574764
83614964
83641133
83657079
83672683
83683541
83704482
83715287
83740234
83744426
83754422
83757744
83787243
83833354
83935532
83955875
83959976
83963176
83977096
83991253
83995806
84002244
84015862
84018743
84026123
84027544
84035143
84041860
84060313
84065337
84078961
84091646
84097681
84105121
84139190
84161497
84224976
84276798
84389452
84395733
84493480
84532437
84537994
84574119
84689315
84711577
84714008
84767146
84810759
84862649
84864662
84923272
84970197
84983530
85050265
85070431
85076240
85101292
85114742
85120518
85153319
85184667
85305044
85309026
85313696
85388948
85401880
85422382
85423674
85444204
85456777
85472130
85565382
85570425
85593945
85608035
85613926
85661627
85692256
85730427
85795666
85882917
85920986
85941414
85949751
85957887
85995397
86058003
86130495
86145637
86145765
86148520
86203465
86204558
86262194
86275253
86295291
86302278
86349819
86354041
86411351
86493367
86498528
86519707
86533584
86534345
86547965
86553019
86639608
86660155
86664226
86706309
86711810
86772293
86799717
86828225
86847603
86849827
86905351
86917317
86943916
86945157
87002684
87046716
87075365
87115123
87117598
87173992
87183660
87207304
87221095
87270978
87275662
87290819
87346520
87354145
87362843
87435532
87451740
87454148
87456863
87457604
87481313
87491867
87513475
87539495
87567454
87601957
87603867
87628836
87649277
87649432
87681347
87701255
87711495
87729592
87750781
87814348
87847804
87852282
87857630
87929016
87965820
87993565
88032884
88038119
88038206
88041955
88048476
88071447
88074449
88083420
88086425
88133897
88149123
88151501
88154050
88155391
88162457
88221237
88240509
88244349
88269687
88298077
88340967
88350951
88370910
88389827
88394801
88413599
88449009
88494520
88540002
88585926
88613992
88686553
88691270
88702825
88759049
88783294
88835650
88840959
88880937
88909629
88942993
88961630
88995381
89039669
89050208
89100614
89110003
89125365
89142945
89144937
89151195
89178772
89196806
89227904
89263202
89281305
89334779
89346880
89393056
89411038
89502433
89509945
89559881
89610147
89634667
89657886
89661569
89709404
89715158
89715441
89729485
89742710
89743482
89799624
89831012
89909185
89911483
89923004
89948133
89986972
89993575
90043604
90095780
90108735
90115387
90154239
90158248
90161822
90167551
90235106
90280232
90297179
90300576
90323039
90366548
90385860
90471742
90492385
90493117
90509384
90530365
90633851
90635374
90690044
90695568
90702913
90714988
90734790
90754108
90810828
90822438
90905150
90921117
90966624
91046716
91081958
91110070
91112519
91126789
91194738
91212804
91220833
91245349
91248032
91261454
91326845
91342072
91366146
91401468
91407908
91443839
91503196
91519730
91539268
91591678
91598226
91664094
91714468
91747149
91753866
91771683
91784756
91786147
91806855
91816066
91820795
91830426
91871461
91891969
91980257
92040607
92056736
92080796
92101372
92133658
92161601
92195939
92229504
92230983
92299509
92362529
92375523
92395101
92415714
92426015
92444107
92448643
92482689
92485342
92559970
92572969
92582368
92597249
92624896
92628215
92643479
92655050
92700641
92717203
92717729
92792703
92854579
92891689
92948512
92993670
93025918
93038568
93070482
93122309
93131135
93184183
93239709
93244140
93260844
93518754
93557385
93574478
93581891
93614758
93667375
93679808
93798525
93803509
93899749
94163958
94311063
94423424
94437876
94444227
94469374
94480765
94509655
94552984
94617047
94655496
94767798
94774524
94943174
94945338
94968971
95152448
95298454
95325243
95557027
95777246
95899225
96006620
96032038
96352704
96531009
96549278
96787574
96809207
96816157
96818991
96835792
96992463
97066418
97252729
97286073
97384544
97445618
97477062
97486748
97655346
97696622
97709488
97731459
97765284
97833347
97845204
97890086
97896311
98002701
98022959
98100730
98176284
98177808
98181748
98403170
98434695
98475228
98633256
98808669
98861521
98900348
98940698
98995956
99186740
99291882
99424013
99473406
99524255
99567855
99651296
99757140
99831093
99843213
99892171
99964738
100014173
100108338
100147630
100240170
100253627
100254191
100254817
100369836
100389666
100391341
100462576
100474800
100477419
100478311
100507325
100534973
100647704
100652275
100794815
100835676
100920113
100951627
100983599
101016805
101062014
101094654
101098603
101140641
101141734
101152155
101210797
101226502
101271012
101331708
101443114
101481680
101558016
101613916
101747809
101855552
102006929
102071219
102107877
102343750
102399952
102420459
102469352
102495553
102507274
102569919
102773761
102781518
102825747
102859831
102876740
102979798
103074076
103075485
103096991
103105020
103275584
103296461
103360969
103361819
103369707
103391327
103414829
103420924
103449099
103675819
103704743
103734230
103740119
103755094
103829802
103870582
103885642
103892943
103900407
104035382
104095135
104129770
104283696
104322454
104325590
104328823
104369289
104415593
104420117
104428590
104478007
104482057
104739714
104853452
104876434
104995496
105031618
105179006
105196017
105214088
105235447
105323984
105380838
105440199
105472575
105546613
105646353
105664073
105834405
105867638
105912844
106042907
106212949
106249561
106423142
106462263
106557584
106798069
106895546
106909273
106931172
106984731
106998325
106999238
107035036
107038889
107048134
107091333
107138522
107198283
107223417
107271956
107327498
107337658
107707876
107738373
107859424
107918450
107949026
108091644
108099867
108109559
108196169
108265631
108281495
108396036
108463524
108472003
108526773
108609031
108624150
108659693
108673120
108700583
108740136
108747235
108796695
108870495
108882048
108925844
109098163
109144200
109234030
109255150
109261857
109276877
109289921
109318334
109399748
109677648
109695903
109705496
109734188
109745612
109769249
109796995
109837186
109839613
109847710
109848065
109929605
109931573
109942622
109998577
110010191
110036679
110065963
110068929
110084658
110110434
110191160
110211622
110295097
110332451
110345666
110367688
110390510
110443806
110492675
110519239
110528537
110560065
110671941
110819838
110827426
110867546
110951974
111035844
111037445
111055849
111090968
111101152
111117730
111142987
111160767
111163367
111164541
111188445
111200672
111260963
111307101
111311055
111396321
111403656
111449830
111523399
111542809
111545098
111550118
111589124
111612586
111616778
111644735
111755001
111781601
111857050
112044175
112074969
112120205
112240270
112284926
112316949
112325450
112343265
112355175
112371647
112540783
112577722
112606103
112638080
112716895
112745232
112818713
112847618
112913030
113011528
113025915
113050288
113120808
113160962
113220550
113265285
113266050
113323805
113324317
113509435
113526470
113566441
113570774
113678778
113705743
113738843
113752361
113781819
113784737
113792708
113984420
113993189
114043965
114074885
114167461
114175797
114213970
114250895
114273618
114327818
114436670
114440601
114490564
114597571
114627454
114728053
114728618
114752381
114765489
114770492
114853550
114913964
114980817
115032640
115136425
115145649
115171997
115270044
115300740
115375913
115382587
115395693
115400283
115422844
115426852
115430042
115470777
115501937
115551393
115573000
115586751
115647703
115846954
115855326
115960311
116095008
116115656
116188410
116207773
116236184
116236993
116305930
116315084
116348457
116414376
116494333
116572224
116573081
116638041
116646419
116679144
116689405
116776710
116841533
116845345
116846405
116888542
116906232
116954958
117049349
117070933
117138181
117184317
117226025
117301913
117346015
117347742
117464574
117467517
117553711
117884747
118013574
118138341
118246888
118294840
118573898
118709584
118720502
118784610
118826839
118871464
118888887
118968679
119016433
119029679
119040041
119086481
119112314
119249472
119258166
119382626
119452702
119523594
119577678
119722672
119732367
119734926
119832759
119861985
119874911
119875782
119878798
119893122
119987550
120023703
120026212
120043477
120080442
120101917
120103945
120107258
120212134
120378044
120383267
120390983
120448145
120468233
120517192
120673095
120687120
120729000
120808120
120846379
120848899
120889326
120897803
120897912
120954752
121077733
121079682
121131072
121195038
121245114
121281380
121377794
121408314
121418520
121463162
121468073
121486852
121566262
121608633
121612542
121619689
121653029
121670358
121672603
121708592
121711041
121722409
121740987
121760200
121847486
121915552
122000132
122000442
122044486
122090467
122109923
122118085
122164832
122181326
122217803
122227200
122232688
122260971
122272718
122303652
122315142
122344398
122360018
122365725
122380864
122431474
122442786
122467612
122508549
122540857
122624016
122643198
122730208
122732740
122811759
122820101
122843367
122845147
123143073
123180062
123198624
123231543
123275493
123315619
123327887
123346691
123399200
123425909
123529333
123563280
123607299
123638343
123805545
123813377
123867030
123875774
124057536
124066584
124274292
124321933
124355218
124365596
124373823
124487026
124535424
124642388
124662006
124774148
124781147
124806848
124825689
124828831
125093469
125124876
125155202
125166437
125185279
125208658
125286270
125406734
125420953
125504665
125538639
125567196
125585933
125642223
125667461
125761702
125765674
125891178
125906140
125922175
125924799
125989270
126048930
126061517
126187342
126234365
126286042
126381376
126382220
126436571
126472603
126516058
126584552
126620511
126773303
126793894
126795829
126818130
126878821
126903037
126966243
126979668
126996161
127116456
127133330
127172640
127189439
127354208
127457107
127536529
127554847
127581083
127618587
127770496
127778241
127868570
127957929
127959896
128075315
128084179
128202910
128241466
128245588
128276176
128309338
128335403
128370230
128454806
128474830
128515296
128573763
128590438
128626506
128688951
128716067
128808056
128861090
128901870
128962947
128968478
128969603
129061864
129062271
129135969
129140802
129166589
129171485
129175644
129192199
129235659
129259871
129280821
129347207
129465129
129476530
129496068
129534401
129589723
129642977
129651625
129661507
129699606
129723122
129724704
129788807
129789753
129795294
129809758
129847365
129850281
129877512
129912766
129919465
129928321
129952105
129981095
129984419
130039022
130084450
130091553
130120478
130126940
130162330
130254470
130281356
130292954
130325050
130343883
130344591
130360515
130364880
130408238
130495641
130566526
130576835
130707233
130750876
130927320
130968659
131017586
131055981
131085877
131096696
131164245
131177703
131185120
131188457
131207768
131221693
131278258
131279318
131297220
131372974
131375605
131394800
131436329
131505021
131510579
131525266
131528508
131538412
131579958
131608690
131630339
131652374
131675173
131753739
131756067
131767755
131796108
131824098
131862247
131867367
131918409
131925224
131935357
131941405
131947138
132003423
132022484
132029268
132035776
132036584
132058951
132067243
132123015
132240179
132266387
132297741
132317017
132358615
132387557
132401450
132518167
132665532
132714599
132732880
132764210
132787920
132812671
132817161
132819351
132874020
132976191
133195381
133351330
133358116
133376968
133434035
133434300
133529788
133580956
133621017
133737814
133740615
133805452
133816803
133837704
133849709
133858900
133916803
133964683
133965131
133965288
133965316
133977132
133985498
134014666
134037339
134052409
134059335
134126133
134150383
134153032
134198066
134249317
134263304
134271606
134289045
134314381
134336230
134391253
134434746
134436415
134461067
134476701
134484636
134489530
134618815
134623624
134626682
134658343
134664089
134699719
134718174
134763076
134788288
134811180
134851627
134870733
134892743
134902518
134932198
134943893
134968970
135006420
135022309
135036155
135082787
135121293
135135527
135156297
135164412
135173204
135287333
135350071
135413605
135450115
135466483
135491663
135601210
135638659
135717615
135719040
135732982
135813586
135824698
135859179
135902902
135934781
135991227
136001683
136006330
136008362
136032960
136065414
136070422
136114953
136189059
136243364
136361751
136384388
136422113
136427333
136431997
136465178
136487709
136539951
136544810
136551484
136590268
136603388
136617244
136617310
136644356
136646430
136749213
136750718
136756431
136818374
136912293
136944976
136990053
137069813
137104103
137229935
137243600
137256889
137289148
137305808
137307105
137323924
137354468
137366016
137395539
137402053
137458199
137490098
137540177
137544295
137570360
137592006
137652838
137687606
137701280
137733180
137771324
137801162
137810836
137863986
137905083
137937422
137977076
138039701
138053017
138097478
138129482
138177499
138177616
138201625
138211386
138215969
138240539
138294652
138323852
138325705
138347472
138613718
138626403
138697680
138977019
138997631
139011938
139030720
139213063
139301504
139304692
139478853
139499463
139523331
139547795
139634734
139675903
139700658
139700730
139768440
139790718
139842311
139916849
140038216
140082234
140126964
140263420
140264916
140272742
140322808
140511687
140596500
140669739
140710311
140973258
140993823
141016758
141161369
141442435
141469880
141585408
141672082
141778690
141939910
142007929
142090284
142120242
142124234
142267105
142444745
142506164
142511323
142565047
142610233
142640315
142707264
142767797
142830656
142880257
142966074
143005385
143395490
143397312
143459392
143513331
143723694
143794170
143835208
143864473
144022263
144150618
144157770
144187033
144262363
144419192
144496424
144524730
144638120
144662709
144662992
144706358
144721285
144865761
144894736
144993184
145040755
145093172
145149528
145246133
145455983
145471078
145476455
145505440
145553371
145562945
145593792
145596288
145615911
145764508
145884151
146030897
146256514
146278613
146309049
146328960
146330151
146349313
146385663
146402432
146525361
146552165
146585102
146603134
146664133
146676992
146732737
146736412
146767490
146838484
146922265
146924441
146962733
146993963
147119678
147120926
147124354
147138650
147149535
147181059
147270110
147310891
147410523
147493053
147538179
147608168
147621275
147671277
147696950
147699478
147772685
147792070
147825417
147831639
147865392
147900897
147910935
147975457
148018769
148138494
148169441
148173338
148316289
148340994
148365726
148407604
148455397
148473353
148477973
148600050
148612488
148644353
148648492
148650210
148718583
148743068
148763972
148805300
148814343
148840966
148852320
148890907
148933439
148940214
148967086
149052258
149083658
149144002
149179661
149302523
149348118
149401325
149412921
149520638
149521666
149563553
149579540
149587208
149629991
149630437
149669526
149679446
149699430
149862592
150057880
150077237
150160029
150222302
150229671
150412876
150549506
150552791
150567953
150575359
150605040
150712673
150719004
150749067
150749416
150812031
150887328
150901343
150939632
151026893
151053440
151136165
151252224
151369313
151440444
151627359
151689044
151735515
151787984
151792574
151896467
151953386
152012206
152078406
152161312
152170346
152195804
152204244
152219617
152260907
152283617
152284650
152307196
152361303
152428300
152562313
152577021
152613875
152652257
152700927
152827644
152840151
152869941
152969044
153003209
153006121
153100811
153135797
153236706
153243938
153248845
153305443
153330752
153364052
153373616
153377054
153423390
153497185
153519806
153590817
153612812
153773213
153900632
153990446
154043885
154052216
154056612
154137314
154215004
154254901
154307743
154308548
154409381
154488238
154495135
154503330
154601962
154625066
154638842
154783844
154941628
154980222
154996252
154996957
155047243
155205164
155222765
155361244
155431587
155457944
155490102
155543658
155552710
155752724
155859104
155866489
155869770
155927614
155954546
156133897
156275909
156480355
156492687
156529986
156560388
156668112
156823264
157057279
157191582
157196919
157276321
157389123
157399589
157463262
157485885
157540283
157701766
157703640
157718810
157742632
157792137
157863504
157904649
157921108
157954246
158304910
158352445
158355872
158458783
158547878
158574187
158683116
158846997
158896816
159035790
159222877
159549666
159563681
159599114
159820707
159901622
159965166
160036567
160140004
160152985
160196691
160200714
160219512
160247637
160353061
160375781
160408096
160519397
160855745
160884907
160968168
160979107
160989561
161031973
161108924
161296284
161336646
161469288
161481240
161510083
161522953
161709468
161724552
161893034
161920375
161937018
161950371
162029077
162037869
162114848
162130990
162227453
162324048
162360592
162453272
162475812
162497167
162698095
162706535
162743847
162757656
162770164
162824997
162956636
163019107
163092892
163211291
163246597
163254738
163444256
163449674
163530364
163534563
163542337
163642296
163661834
163709459
163739799
163752599
163797513
163901882
163960012
163990661
163995045
163997154
164098410
164132066
164152726
164196287
164507177
164508616
164572751
164585024
164592542
164691524
164812419
165001721
165025784
165031454
165076693
165083778
165170695
165173312
165189275
165274994
165299076
165308964
165316963
165490882
165522784
165539223
165683431
165697062
165743999
165788356
165888381
165952778
166119845
166133386
166318842
166330143
166331902
166433766
166542879
166621780
166665240
166672726
166727301
166735352
166740589
166800445
166819844
166904481
166908601
166950492
166952932
166968189
167089443
167115101
167135240
167289499
167380580
167386552
167491800
167954107
167979525
167996970
168036705
168039483
168067357
168077641
168092741
168142314
168145132
168212758
168219557
168297019
168310437
168321192
168327134
168422373
168658858
168678685
168749704
168754705
168798847
168835198
168888378
168892009
169152671
169285757
169333159
169505952
169526752
169569019
169698049
169790857
169817797
169857834
169967350
170034241
170082056
170172223
170248223
170304066
170316541
170334463
170409183
170514648
170585259
170700031
170812222
170966714
171007335
171152189
171214632
171222905
171232893
171325595
171334939
171372788
171410880
171435994
171436828
171453700
171548931
171719616
171734399
172084806
172328776
172793728
172833855
173116972
173262243
173296769
173401664
173483376
173584570
173667935
173673069
173682986
173798147
173814206
174397751
174563544
174578533
174586238
174636919
174718723
174886785
174949773
175114240
175152353
175264697
175437885
175481284
175591066
175753744
175785181
175792459
175810817
175889537
175899550
175938711
176027005
176045693
176172636
176268548
176299731
176428192
176462653
176466596
176704450
176771581
176878660
176931992
177001180
177053086
177245059
177312734
177397300
177533822
177534109
177636103
177665724
177676700
177706758
177746531
177898193
177900444
178006654
178013255
178225585
178360292
178429287
178524474
178571027
178796505
178886719
178906137
178916223
178929697
178974628
178975963
178984266
179007745
179012206
179098575
179110947
179155454
179308601
179329796
179462749
179502742
179504098
179521240
179633184
179729742
179793444
179840996
179863045
180095001
180216092
180228639
180229830
180236846
180242470
180331964
180582138
180640260
180810266
181064383
181109727
181194820
181325324
181455615
181599037
181631833
181655659
182045759
182086323
182693637
182744003
182748581
182879457
182979219
182990082
183156802
183295385
183334781
183392461
183708593
183735186
183750655
183803270
183813390
183861130
183933994
183943473
184002042
184108534
184162383
184174878
184242661
184352068
184422497
184807499
184914141
185119305
185150242
185174845
185224819
185277164
185292864
185337824
185393614
185454470
185460915
185564413
185774836
185801214
185827169
186128643
186190143
186216752
186437879
186488532
186625909
186751718
186996993
187027104
187027148
187108351
187134620
187174625
187234842
187251775
187297286
187332737
187394986
187459256
187658325
187699463
187785364
188007140
188060032
188334261
188377244
188476473
188650270
188659495
189145429
189210521
189344601
189365256
189602987
189660966
189758898
189826041
190055203
190076382
190142271
190162581
190190872
190328223
190459779
190555267
190574006
190687711
190779990
190795648
190797191
190799661
190815086
190905470
191285957
191393486
191412161
191693917
191714430
191797542
191943152
192154430
192247105
192440019
192458593
192462170
192622368
192683481
192715262
192732510
192940925
193013577
193071748
193182462
193300347
193329944
193587831
193608511
193817026
193833894
193839080
194060670
194119887
194274277
194635864
194662834
194686375
194722892
194813926
194914875
194949860
195005993
195043761
195276663
195493217
196054302
196092956
196327257
196370108
196534405
196701444
196705611
196949063
197039332
197288920
197309795
197566105
197610587
197780687
197796485
197910549
198082493
198171169
198212984
198300387
198375024
198619239
198722556
198774972
199265959
199341541
199440929
199788024
200160954
200221282
200232062
200348639
201147752
201596897
201729664
201935366
201983972
202205250
202209767
202233722
202442469
202670660
202685539
202702331
202708705
202750469
202830265
202843937
202852502
202917957
203269242
203339944
203350973
203432134
203566916
203982849
204273546
204500996
204705060
204894143
204935587
204974624
204983933
205501534
206488605
206601983
206794888
206970537
207057408
207251646
207306491
207643458
208134270
208423712
208439778
209205211
209238297
209520550
209623778
210797915
211892800
211946362
212459642
212859684
212866908
213352639
213834878
213969597
214156793
215096957
215254789
215318592
215484225
215513251
215723330
216167395
216627838
218932290
220276831
220535587
220785311
