217506239
217085054
216921601
215672477
215081123
215068130
215049281
214986721
214854016
214648191
214374716
213946273
213643522
213352639
212868511
212859684
212804962
212738683
212540356
212538593
212489534
212024546
211745760
211561915
210948064
210938047
210030854
209895078
209790623
208502206
208278685
208272260
208248767
208182790
207555239
207346590
207341987
207306491
207014499
206690234
206509382
206287972
206056520
205954532
205753541
205562072
205540926
205034971
204850879
204694847
204654661
204621729
204549343
204417184
204268505
204238951
204107258
204078783
203670877
203156261
203143463
203137724
203096704
202917957
202734779
202705209
202495031
202376969
201983972
201838534
201475428
201109915
200479767
200112544
199621207
199617079
199434147
199265959
199081632
199071946
198819530
198675901
198619239
198277593
198253244
198229622
198103431
198099751
197986242
197919779
197796485
197751402
197445385
197393835
197016254
196771191
196443801
196399838
196396076
196246697
196185543
196057354
195989208
195866014
195585190
195554975
195543484
195520546
195516213
195333626
195305556
195280025
195005993
194996939
194938298
194885500
194824150
194797793
194714847
194702373
194586781
194433237
194428976
194423940
194398561
194298048
194255013
194248055
194205013
194183400
194164291
194101223
194096094
194060670
193961211
193867037
193839080
193778764
193598411
193587831
193434011
193329944
193304218
193282047
193229513
193181457
193056414
192912126
192871212
192841620
192807252
192788803
192706203
192661972
192635976
192600288
192581067
192440446
192440019
192407460
192283272
192243189
192073502
192039555
192039158
192002980
191755558
191688638
191685984
191566347
191550574
191511327
191486705
191477863
191396798
191381373
191362270
191345871
191345338
191290916
191200628
191192095
191180219
191131489
191090054
190853289
190779990
190698342
190534613
190516390
190510742
190504908
190423138
190368867
190345238
190332020
190243277
190228506
190100685
190065099
189968742
189857685
189829741
189813858
189784508
189668576
189656668
189647893
189568540
189553962
189367221
189269909
189233635
189233473
189224109
189156166
189145429
189081335
188918725
188807055
188662192
188597954
188596613
188509369
188427552
188412313
188335589
188187327
188083414
188060032
188047619
187982677
187639402
187627739
187563804
187487644
187392588
187344316
187307035
187297286
187108351
187075660
187023275
186959294
186919503
186893407
186838821
186751718
186611729
186598693
186595304
186569656
186464020
186288492
186267632
186206166
186154970
186085272
186042465
185953274
185774836
185773938
185733363
185671607
185624614
185623965
185400378
185277164
185226063
185214273
185174845
185156960
185087354
185071253
184707572
184698310
184494040
184422497
184421192
184420755
184414109
184352068
184340414
184330860
184322652
184289689
184278944
184242661
184217201
184174878
184133576
184123235
183953814
183915053
183895130
183876295
183857608
183801478
183566784
183560520
183515756
183500016
183432007
183346447
183313858
183282749
183281795
183140752
183016689
182979219
182971814
182965942
182769952
182758324
182744003
182652254
182415365
182256315
182224372
181901624
181876506
181604093
181522557
181510253
181454954
181393234
181367614
181109727
181096903
181008846
181008716
180940878
180924773
180841446
180810266
180767485
180657649
180642199
180590139
180539204
180441421
180430392
180355012
180236846
180216092
180183945
180107773
180074339
180071702
180026354
179957200
179953132
179824215
179734903
179720819
179687195
179615004
179482280
179453795
179356987
179284186
179277567
179274793
179259844
179249153
179212143
179167100
179142207
179098575
179013348
179011503
178870339
178865655
178699655
178621705
178524474
178494384
178429287
178296439
178281478
178060990
178039814
177969768
177900444
177836628
177713419
177706758
177683124
177636103
177533822
177530588
177475963
177448852
177404941
177312734
177311587
177160742
177115565
177012134
176861531
176850623
176782883
176752825
176700508
176585189
176575911
176569129
176529181
176520951
176475558
176462653
176448549
176433626
176428192
176400340
176374531
176337053
176269120
176207803
176195980
176175149
176126602
176027005
175987674
175931396
175908932
175879078
175859139
175808712
175792459
175745956
175652719
175602554
175491073
175486270
175398243
175385240
175371749
175338081
175303882
175290256
175161488
175141665
175138442
175138203
175121351
175076009
175062633
174938487
174758680
174746124
174730643
174678737
174667866
174654966
174617608
174612273
174589830
174479165
174477109
174407750
174397751
174395041
174380026
174357454
174216726
174184482
174174193
174170312
174158659
174143815
174114998
174081499
174027448
173973144
173966543
173930907
173843895
173780718
173774206
173751619
173693330
173653417
173646637
173552696
173507904
173493566
173486911
173303320
173266527
173232714
173173027
173152490
173116972
173092515
172989862
172957241
172919990
172813226
172793728
172774910
172768921
172716861
172691774
172544543
172462242
172452584
172384972
172362633
172354111
172354054
172342190
172339761
172302063
172257815
172254989
172247107
172194756
172175990
172126439
172058552
171987233
171945931
171784662
171674059
171582361
171578982
171548852
171535551
171481705
171476068
171405772
171375185
171362408
171359104
171350194
171322921
171318111
171253771
171211185
171205914
171077538
171004313
170923137
170864425
170812222
170811653
170754204
170700031
170676868
170620417
170585375
170585259
170583573
170530059
170514648
170489521
170361081
170338271
170322527
170316541
170234182
170226985
170187296
170159101
170129316
170107021
170010695
169974278
169931800
169901730
169857834
169817797
169790857
169758858
169712583
169702476
169629680
169565008
169453332
169401977
169354660
169291898
169283590
169180478
169103102
168945020
168892166
168882637
168799501
168745275
168577346
168515282
168478503
168469606
168445012
168421363
168407561
168390714
168384161
168365877
168349294
168321192
168300329
168275918
168245616
168212758
168153019
168142314
168102091
168053760
168047587
167922590
167852424
167844983
167833377
167829749
167797245
167768022
167730346
167728375
167713141
167655748
167617483
167549695
167461631
167459781
167422386
167317437
167273116
167220964
167203249
167135240
167079333
167022406
167009975
166908601
166840668
166773473
166740800
166735352
166727301
166596703
166588799
166528880
166513977
166481702
166480537
166475918
166446074
166442806
166416294
166380761
166331902
166330143
166297469
166289705
166278917
166268375
166202418
166200414
166155431
166067715
166047603
166004795
165973055
165905770
165887134
165886674
165869624
165837213
165811601
165725239
165719723
165714216
165699484
165683431
165682791
165593818
165528563
165527359
165522784
165431358
165400644
165312573
165219645
165170695
165158373
165116985
165114028
165071765
165068166
165007992
164974930
164919755
164842118
164814523
164812419
164812234
164805717
164794531
164792353
164772292
164731680
164607977
164605835
164508234
164507177
164435447
164435295
164375547
164358588
164338518
164323471
164287074
164196287
164140626
164131718
164045393
164011518
163997154
163969390
163771783
163752599
163749509
163743191
163646804
163534563
163534479
163516470
163427838
163382970
163361261
163350604
163347558
163340683
163325733
163234676
163207232
163193864
163181205
163092892
163041322
163019107
163013434
162959355
162856790
162765278
162760106
162661945
162538218
162497167
162475812
162407524
162360592
162345385
162334950
162247896
162246651
162178173
162145092
162137284
162136900
162049828
161995071
161959503
161954811
161893034
161872788
161867341
161831844
161762664
161752111
161730335
161575399
161531115
161487850
161445144
161385354
161341560
161332741
161329397
161321282
161306853
161277250
161183343
161121537
161071086
161001302
160958442
160893374
160732776
160696711
160685802
160576789
160519397
160474970
160449382
160375781
160358579
160353061
160332484
160324339
160309514
160308907
160285396
160233619
160221503
160213960
160202029
160188787
160090098
160044391
160025164
159981415
159922444
159908474
159899008
159897114
159893313
159843799
159788779
159715756
159633643
159630280
159626783
159549666
159545068
159367643
159303643
159282063
159280054
159201577
159161419
159035790
158896816
158885716
158875486
158855004
158846997
158795595
158722400
158713964
158699836
158574187
158566480
158553677
158547878
158495276
158491290
158486214
158485900
158471274
158434266
158396114
158362112
158351045
158325127
158290054
158228114
158216154
158182052
158179531
158095898
158063927
158040907
158035851
158019505
157952882
157944810
157903350
157895705
157861636
157842279
157813923
157779392
157664142
157565194
157562346
157547691
157540134
157502543
157485885
157466649
157463284
157459570
157436843
157436456
157396348
157381963
157207725
157204601
157196919
157073943
157063844
157022878
156924787
156893295
156834821
156816863
156809670
156775785
156760240
156714424
156711557
156629727
156601948
156586346
156560343
156557253
156510683
156453899
156430161
156383317
156374077
156371931
156371808
156355050
156297586
156291501
156260115
156162708
156151010
156132446
156127414
156121905
156103789
156045483
155978259
155967703
155900556
155859104
155819103
155776709
155685245
155676873
155656531
155635491
155611816
155603021
155474318
155457944
155438483
155424900
155367035
155361244
155345941
155338321
155322058
155302113
155222226
155205164
155143727
154897892
154887962
154848851
154838047
154788466
154788008
154774881
154646772
154635830
154576621
154569116
154555342
154542974
154487853
154438238
154411005
154378931
154374967
154346328
154288753
154279927
154277857
154241962
154227516
154214490
154149411
154133299
154085025
154062371
154040850
154021135
153982496
153959464
153912653
153901159
153836686
153828273
153823679
153815685
153764544
153746750
153658871
153612812
153497185
153487323
153439291
153419046
153397648
153376397
153364463
153330752
153306551
153282291
153270846
153254965
153195130
153179428
153160835
153146708
153124692
153041362
152997866
152971440
152917959
152869941
152861858
152842529
152822190
152809441
152740534
152725525
152703090
152677296
152518400
152510732
152503030
152428300
152307196
152257482
152204244
152187348
152150702
152119314
152118663
152076888
152037182
151921198
151890436
151856120
151836851
151755975
151735515
151651454
151490874
151468415
151456352
151454245
151399896
151357095
151307266
151266363
151265055
151235774
151182229
151165130
151147311
151121200
150984062
150915851
150908172
150861362
150856599
150805722
150804167
150766203
150755139
150750286
150712673
150683204
150668566
150605040
150531913
150531669
150474167
150421683
150396615
150340274
150296584
150227358
150226569
150205508
150174755
150159637
150093421
150040043
150035393
149927248
149836592
149825118
149701059
149680346
149679446
149640700
149603340
149490746
149478447
149476194
149466069
149428657
149348118
149331829
149288041
149260949
149254932
149221138
149218136
149126379
149042845
149038418
149000411
148946075
148913086
148908107
148895151
148886099
148859047
148852320
148830126
148824030
148778557
148691335
148648492
148607132
148569374
148457632
148440220
148424300
148407604
148402868
148380207
148327959
148298085
148297833
148280675
148227838
148210036
148180195
148045365
148018322
147966572
147926654
147906491
147901628
147890926
147875263
147864601
147840551
147809245
147793829
147747539
147732436
147649686
147616420
147608168
147548986
147538179
147502727
147465202
147429717
147422434
147398572
147268376
147242057
147230144
147202458
147176849
147149535
147057040
146976595
146944694
146927775
146919035
146856723
146839649
146802308
146778224
146725192
146720904
146664133
146661271
146610014
146603134
146587455
146580028
146572448
146563755
146443430
146402432
146310701
146299810
146256514
146241887
146231121
146230872
146223226
146207668
146141426
146116577
146084118
146068989
145977581
145956446
145949386
145941733
145884151
145881828
145858971
145819741
145756791
145738990
145737877
145647744
145628095
145612004
145598601
145593792
145542216
145540420
145476455
145432762
145378788
145334352
145186769
145169799
145113251
145023066
144999070
144935331
144909661
144896046
144894736
144893662
144877670
144830215
144769555
144743426
144734462
144724261
144720643
144662992
144638120
144579743
144525110
144486330
144432976
144423880
144377208
144356774
144338570
144262363
144225658
144194399
144185242
144157770
144136254
144105304
144088417
144039242
144015682
144005062
143938984
143909017
143885486
143870587
143790902
143790512
143720763
143711133
143587427
143548347
143534657
143531487
143509660
143475353
143459392
143423947
143327229
143294708
143256091
143191230
143168775
143105964
142986378
142974664
142898715
142894588
142857843
142842341
142794362
142744672
142741620
142610926
142578297
142532479
142507150
142506164
142484927
142471766
142384181
142374898
142281084
142267105
142234358
142229282
142197344
142120242
142109593
142063486
142013703
142004740
142004133
141978789
141863988
141862459
141847997
141781971
141778690
141764351
141738142
141737122
141724120
141719525
141717917
141713933
141660807
141624865
141569704
141542602
141536278
141528315
141493609
141480343
141470034
141461424
141456702
141427026
141393195
141319899
141273692
141216602
141192280
141154711
141150374
141145702
141031679
140991791
140910761
140884030
140854045
140794104
140793172
140767369
140735914
140611780
140606025
140589680
140582808
140570082
140541650
140536056
140535089
140519712
140376955
140322808
140298655
140276699
140270895
140270457
140114412
139978017
139955073
139911430
139889248
139851336
139824011
139809495
139791532
139785118
139773659
139743303
139733788
139731545
139713571
139700730
139700658
139665111
139656608
139650486
139634734
139628189
139607862
139605762
139562203
139547795
139492525
139469605
139456691
139419949
139402754
139373794
139264136
139246594
139232524
139231926
139230063
139202006
139192206
139182309
139178887
139163048
139123602
139037453
138985318
138973186
138960931
138918043
138915795
138883299
138879766
138820001
138809791
138786612
138717056
138705723
138697680
138676384
138668006
138637419
138630534
138629393
138626403
138598971
138583056
138575009
138551648
138546347
138513574
138504774
138465285
138464764
138405883
138404758
138378401
138262353
138233846
138216472
138203793
138129482
138066857
138034202
137992926
137975238
137951929
137928424
137922264
137898348
137866477
137857752
137842178
137820048
137736955
137716043
137701280
137667025
137636953
137594636
137540177
137527300
137490098
137477287
137466813
137435516
137427108
137416375
137407365
137394953
137390039
137386892
137355057
137311621
137302953
137159843
137140052
137113482
137109938
137080472
136986821
136956356
136946613
136946408
136940841
136891598
136891563
136883339
136873371
136756431
136736271
136718456
136705309
136656158
136640778
136624741
136584152
136539951
136463231
136460083
136431997
136427333
136326093
136321897
136315989
136276049
136243364
136231751
136229174
136228732
136217738
136209642
136200857
136107769
136104563
136083502
136001683
135987171
135934781
135902902
135849568
135825955
135824935
135820260
135792648
135691693
135663989
135639302
135595338
135574643
135553117
135548217
135538486
135525751
135498744
135467122
135456822
135453767
135399771
135378696
135326120
135289712
135288331
135265444
135255727
135173204
135121440
134989622
134966646
134966539
134933354
134925136
134827403
134658343
134634010
134633325
134631638
134448281
134383465
134333384
134296518
134279843
134263304
134217399
134186323
134183913
134179179
134165774
134153032
134141636
134133191
134126133
134052409
133985498
133979373
133977132
133951303
133938386
133937256
133924285
133898361
133864718
133851438
133846000
133824596
133792430
133708663
133685958
133682164
133569571
133566070
133512672
133484434
133476028
133430330
133415212
133390126
133350503
133349381
133344356
133280538
133232897
133195381
133176483
133097167
133046359
132985622
132983961
132934893
132902644
132892975
132882670
132852338
132830193
132817518
132798914
132786611
132777839
132764210
132732880
132731207
132730767
132706719
132661887
132598795
132576596
132563751
132459919
132447925
132445467
132443949
132401450
132392396
132354387
132317017
132310423
132266387
132092904
132052537
132045578
132037325
132035162
132022484
131989278
131944072
131868881
131781658
131714848
131693850
131661960
131635217
131634193
131626779
131616491
131538412
131525266
131516627
131504263
131484940
131459546
131375605
131344466
131310479
131256559
131195202
131185120
131018570
131007192
131000715
130993512
130855009
130832883
130747824
130707233
130688305
130653142
130651306
130563282
130561047
130527425
130334380
130281356
130250161
130220906
130194901
130186378
130090557
129984419
129941586
129854503
129795251
129788807
129699606
129690817
129557905
129487129
129395655
129334048
129297440
129173603
129171485
129140802
128969603
128962947
128901870
128866372
128639185
128574977
128510442
128508891
128489418
128446406
128427580
128412943
128315520
128297671
128282170
128276176
128242294
128209708
128133645
128035892
128011935
127998115
127994720
127922696
127802845
127795810
127712112
127702624
127690146
127683218
127611084
127609794
127554847
127492515
127489503
127482390
127480265
127468714
127464146
127460824
127375061
127371045
127267567
127258111
127257573
127246424
127215937
127181450
127121595
127116456
127097277
127092391
127036063
126996161
126979668
126880895
126878821
126873985
126837313
126793894
126779294
126768316
126756661
126733305
126698532
126665569
126649412
126633114
126620511
126573377
126548361
126474012
126445300
126439289
126385094
126361441
126315086
126274923
126274495
126252817
126208834
126208426
126198913
126175027
126147044
126081419
126062039
125977260
125975550
125974400
125948830
125830384
125765280
125761702
125703325
125659654
125571401
125555429
125547604
125486252
125451330
125401009
125372705
125353571
125316179
125309451
125282518
125208658
125182556
125132327
125056868
125052804
124990662
124974182
124971426
124960380
124958519
124875915
124687166
124667780
124619748
124587282
124519278
124471668
124396708
124373823
124356777
124352111
124185301
124141843
124086361
124062226
124060091
124021041
124001958
123972070
123968404
123941284
123849903
123803329
123789540
123753954
123746951
123722906
123663963
123620344
123613712
123575971
123459460
123425909
123388673
123379700
123378541
123346231
123337394
123164147
123141047
123114360
123071518
123063630
123047890
123044000
123007483
123004918
122958945
122936924
122935122
122875333
122837103
122836161
122821329
122815496
122802042
122735611
122732740
122730208
122690674
122642625
122602080
122467612
122448892
122434565
122425976
122402593
122365978
122313345
122302815
122279375
122273967
122254239
122233675
122230959
122136248
122101391
122090307
122054598
122033060
122032344
121983176
121979719
121941857
121910916
121861663
121829876
121825045
121812611
121809442
121760200
121748457
121721825
121708592
121700551
121697825
121631124
121612731
121608633
121549119
121536319
121479448
121458494
121409401
121406879
121398319
121309159
121288791
121199828
121199446
121123165
121077733
121060670
121052161
121031942
120968413
120937066
120897912
120896633
120892480
120873474
120857430
120839104
120741546
120674723
120673095
120624001
120600392
120517192
120437877
120412006
120386460
120378044
120301104
120274272
120252715
120244160
120241419
120167742
120153085
120145854
120126495
120107258
120101917
120088357
120076715
120064990
120033099
120017991
119985436
119934753
119916240
119871039
119865651
119824891
119822122
119806939
119790018
119660890
119628860
119568414
119444357
119425207
119407323
119384663
119380509
119376182
119362049
119323485
119321511
119318569
119304674
119195161
119181051
119176266
119162818
119153352
119129501
119070302
119043795
118976162
118910537
118865972
118842083
118835323
118834221
118825263
118738653
118697541
118687814
118674347
118665952
118654995
118653190
118613215
118521343
118464932
118434649
118392164
118349995
118344451
118301006
118265651
118259614
118258717
118227253
118217293
118205131
118184430
118179380
118163777
118119356
118044364
118032793
118001945
117996282
117990402
117947337
117935099
117921125
117908570
117857282
117805865
117804027
117790909
117789478
117789212
117788438
117742944
117730276
117684680
117655909
117632232
117622894
117524026
117476218
117467517
117422983
117338518
117332636
117329595
117198398
117184317
117131245
117125079
117110099
117107114
117099782
117020134
117011587
117001824
116953852
116938924
116906232
116874951
116867969
116849933
116773067
116762149
116758913
116712684
116654282
116642761
116603843
116578697
116529799
116499372
116371667
116350641
116349788
116337862
116335295
116315084
116305398
116238298
116201342
116188410
116143553
116114598
116082981
115980188
115943529
115937088
115930334
115905967
115881107
115838308
115835727
115826166
115803224
115780320
115767071
115763066
115739904
115589757
115578057
115567892
115530325
115470777
115457863
115370082
115341023
115205166
115174777
115171997
115145649
115138758
115090801
115087982
115061823
115032640
114980817
114945426
114944335
114890809
114863874
114860189
114853435
114810017
114805140
114801380
114799807
114790403
114788632
114771732
114750890
114728053
114700668
114684285
114660670
114617026
114610786
114592399
114471319
114466819
114453761
114452608
114406728
114405295
114401945
114393492
114386399
114379854
114368918
114327390
114323579
114310631
114303313
114241057
114238577
114236311
114201298
114190552
114179006
114175642
114113438
114094862
114088392
114048582
114037061
114017204
114006903
113987782
113933757
113874093
113857660
113846312
113802953
113756713
113738160
113730590
113705743
113696192
113678756
113673825
113637158
113611048
113608296
113607587
113597797
113582912
113555974
113553669
113530406
113508953
113508330
113489594
113481956
113452126
113398783
113388978
113382408
113348834
113346456
113289469
113287783
113272123
113256842
113251179
113250308
113249947
113241666
113239130
113211785
113047015
113042774
113022422
113018787
112970200
112959580
112957514
112949566
112913030
112843922
112842883
112781365
112763929
112731853
112714989
112714327
112678507
112669081
112604724
112533843
112527483
112485032
112484542
112424178
112420516
112405338
112369752
112355175
112343289
112342302
112328495
112318564
112284989
112278608
112253506
112251025
112230021
112225758
112217213
112191360
112125773
112107098
112089441
112065653
112043985
112007568
111995197
111961945
111959993
111933305
111900003
111833090
111830933
111811262
111801143
111795709
111747772
111744014
111725417
111710539
111709574
111685842
111635039
111622088
111590598
111574241
111550118
111512525
111510939
111507003
111493275
111434656
111383925
111348904
111342301
111332883
111311055
111310298
111287068
111251498
111247068
111240664
111238812
111215620
111211759
111167850
111145804
111130469
111065244
111063084
111052100
111049487
111041240
111038716
111038376
111038244
110971579
110966330
110951974
110939794
110917944
110906933
110905686
110890661
110861718
110856350
110844136
110813710
110807627
110778907
110775068
110745873
110741897
110727456
110709215
110609013
110596836
110582349
110549452
110489558
110465593
110442789
110436680
110396711
110369306
110353593
110318451
110313672
110294860
110279768
110267785
110242955
110216619
110204251
110166803
110136440
110100027
110094887
110068929
110051963
110051167
110043169
110031183
109993571
109980322
109959333
109949273
109944207
109907826
109906102
109879145
109853543
109837751
109822021
109795344
109785393
109784500
109770317
109745527
109734188
109722901
109681398
109669368
109669142
109618713
109588432
109572295
109512241
109507534
109505359
109486837
109472605
109386342
109339438
109323481
109294859
109270853
109261555
109221545
109166795
109144200
109118974
109076809
109056272
109056267
109048161
109041531
109019394
108920677
108894248
108892341
108889356
108875104
108860834
108806800
108777831
108765688
108763763
108740136
108728825
108725589
108707111
108659518
108643770
108640495
108583798
108579348
108562309
108534423
108525984
108480579
108472682
108463524
108430000
108408654
108395578
108393744
108372858
108313928
108239852
108233751
108225811
108201816
108158251
108109254
108098229
108089733
108018668
107964382
107963926
107931477
107898328
107879892
107857033
107847837
107841100
107837606
107807785
107761468
107680522
107657100
107604882
107601210
107595114
107568085
107561509
107553687
107551697
107535230
107473770
107467513
107434939
107433068
107415850
107381426
107376475
107371046
107363255
107315789
107301659
107282640
107281136
107275994
107223417
107217936
107184584
107174577
107164372
107150446
107148200
107119657
107087726
107051989
107007660
106947365
106907025
106867112
106866641
106860686
106828494
106824939
106821074
106815144
106806778
106735706
106720269
106693493
106672919
106649460
106641996
106615695
106563797
106561106
106535406
106531407
106523308
106451205
106439225
106380083
106378241
106376179
106360233
106321197
106218513
106210645
106119348
106113637
106107987
106089932
106089399
106064282
105998517
105987161
105976498
105951424
105933216
105925832
105861850
105833715
105816984
105778390
105770583
105757138
105699349
105633375
105629910
105621047
105598056
105589639
105537230
105535525
105513105
105494465
105456630
105440199
105387312
105352736
105323287
105283924
105281514
105256073
105251994
105241140
105172000
105162122
105101398
105079905
105025379
104995496
104984338
104954543
104936131
104919798
104909236
104904663
104900800
104900062
104876434
104863185
104847335
104762023
104748761
104747412
104682955
104679837
104625942
104611026
104544125
104515801
104507458
104468003
104404022
104384683
104370673
104313746
104306839
104298461
104290980
104282724
104247107
104233642
104205668
104108501
104076717
104071196
104018192
103991444
103983092
103981582
103974508
103963808
103887572
103870413
103861845
103800973
103779549
103727782
103588362
103583443
103579282
103551314
103526724
103524910
103499663
103493142
103474099
103439951
103413764
103410965
103403023
103391327
103370913
103311343
103285011
103273269
103265000
103264332
103263541
103243166
103207453
103182513
103167921
103167341
103153353
103138043
103119864
103111491
103105020
103098866
103083468
103069461
103063076
103055420
103031565
103024064
103010548
102979798
102958239
102954666
102920818
102892916
102862639
102789150
102771029
102744562
102726858
102602216
102570628
102569347
102502508
102489911
102469352
102459465
102446737
102438880
102435867
102434325
102431979
102427912
102374478
102365612
102331825
102329332
102312786
102300112
102298242
102293323
102266699
102254973
102248044
102187163
102184113
102170672
102163653
102139554
102134276
102107877
102093888
102067163
102038513
102023195
101997349
101870910
101828594
101789997
101771828
101724305
101708787
101683211
101607873
101595727
101564366
101501707
101491585
101463681
101451866
101443277
101380379
101347406
101263250
101228036
101210797
101132901
101122448
101112959
101103454
101054395
101011018
100955888
100926998
100918121
100890541
100879343
100807085
100784972
100766542
100750060
100644889
100637073
100631964
100609680
100602384
100529608
100518827
100477419
100462576
100416830
100407201
100387198
100350364
100337156
100319579
100252069
100250291
100159170
100147630
100118380
100114834
100074119
100071862
100028836
100008427
99978690
99948431
99921397
99883170
99869412
99856384
99818194
99792156
99780337
99758383
99723632
99723399
99699596
99695664
99682186
99677941
99668679
99641777
99638340
99613579
99612658
99540377
99536948
99501741
99493136
99492712
99473587
99453852
99451540
99427697
99408816
99382060
99349452
99315985
99265139
99258703
99255249
99215813
99204869
99128703
99100298
99095325
98963950
98898037
98867855
98863217
98787471
98710800
98695154
98667623
98628408
98612743
98601274
98472440
98447207
98415789
98386638
98320384
98315271
98264049
98087867
97966398
97936275
97903495
97896311
97882369
97856695
97854486
97818022
97807612
97762599
97720410
97697196
97690025
97640007
97567319
97547506
97480401
97460602
97448844
97445618
97410599
97409935
97333935
97225441
97214278
97186904
97120206
97019761
97013714
96974908
96908857
96893871
96822622
96818991
96816569
96812728
96666438
96622004
96588639
96582655
96578297
96529104
96514761
96491370
96429699
96384503
96333760
96276090
96270598
96240130
96216510
96136534
96121412
96083553
96080798
95943189
95874112
95859427
95854345
95853090
95840294
95791435
95784266
95700626
95666435
95654076
95642485
95600811
95584090
95551513
95507586
95465162
95441954
95399617
95377419
95372903
95273782
95235748
95220759
95211672
95199046
95166806
95096677
95021129
95000427
94961670
94899721
94870393
94865850
94860183
94856439
94778887
94767798
94764298
94720900
94693882
94636281
94621088
94565685
94513696
94511028
94460663
94404385
94294081
94252717
94168203
94150011
94126056
94121751
94115326
94050425
93844873
93796990
93785955
93718580
93656733
93574766
93563006
93485926
93439467
93431745
93414085
93394816
93371997
93337054
93289219
93265480
93259072
93244455
93199935
93045300
93038568
92993670
92929206
92919521
92852378
92845086
92838173
92781060
92779355
92774244
92696566
92685230
92675685
92675430
92663777
92605838
92514622
92446104
92412550
92399276
92393031
92372192
92363368
92360022
92355446
92337000
92252782
92243254
92185969
92176226
92101846
92056444
92022277
91968863
91931872
91881462
91816066
91808061
91782547
91685853
91566106
91503196
91447796
91443839
91366146
91363666
91302045
91296717
91263299
91260867
91255088
91249198
91245062
91238337
91227873
91189238
91157312
91132066
91110070
91036253
91018324
90987811
90974943
90962644
90961063
90959345
90876140
90859368
90855401
90766493
90754108
90727721
90714988
90702060
90682174
90680798
90679803
90659351
90561170
90388104
90374003
90346439
90326783
90289507
90276678
90236432
90227955
90227781
90221382
90206239
90193580
90178754
90174496
90162820
90145609
90122579
90118815
90112467
90108735
90080533
90079416
90011439
89991104
89958891
89941980
89923004
89917417
89902753
89871089
89839488
89798783
89779586
89777880
89742617
89742079
89711845
89700217
89679297
89675223
89671612
89614465
89601858
89583689
89506700
89501634
89496767
89491907
89485518
89478854
89475540
89403325
89393056
89373828
89364996
89351961
89349265
89318906
89309160
89293903
89281305
89243614
89218942
89217727
89186645
89179214
89172308
89160960
89128130
89122694
89100614
89073132
89067126
89043520
89036542
89023589
89017343
89002914
88963387
88956947
88954209
88918082
88880937
88880465
88862572
88860504
88848438
88835139
88830400
88772430
88765277
88759049
88753798
88753433
88749856
88703681
88703490
88631958
88607938
88575531
88570022
88555118
88541859
88497138
88481340
88465985
88459101
88436434
88413599
88360341
88347102
88326256
88303093
88289745
88289571
88288470
88276975
88263316
88251736
88214820
88213706
88202699
88189184
88156436
88148266
88135965
88092623
88084188
88078372
88059229
88057547
88018672
87989820
87980318
87976450
87950463
87938876
87907653
87833176
87829468
87827875
87826479
87814496
87814348
87748968
87702437
87680538
87589442
87585729
87576667
87570456
87524515
87454148
87444859
87393754
87313070
87283842
87267935
87235555
87229829
87222331
87181989
87146098
87145349
87131791
87110324
87110165
87075650
87056489
87053184
87022239
87000426
86998903
86966967
86945157
86915655
86903113
86897827
86894729
86887068
86872244
86869990
86865074
86816534
86809121
86806726
86788388
86775753
86759345
86751961
86748069
86722731
86677524
86653765
86651194
86641236
86615814
86557992
86540726
86532776
86527135
86519707
86493398
86486680
86473850
86461081
86449303
86418651
86402912
86362322
86325562
86321718
86302278
86266046
86245082
86229288
86194393
86175273
86134080
86106128
86092180
86070753
86043676
86028312
85986013
85975034
85957887
85941414
85926219
85900884
85861490
85821338
85804136
85779171
85768088
85759549
85759343
85731741
85717439
85639483
85549172
85548960
85490434
85454919
85448247
85431673
85424218
85388948
85370904
85351048
85328443
85309026
85290521
85286297
85285214
85274844
85265911
85258108
85229164
85176530
85147897
85129551
85128867
85123162
85119289
85027155
84943058
84923852
84923272
84917306
84907486
84823430
84777915
84748183
84708008
84703197
84615161
84581664
84560217
84529939
84516586
84512900
84473017
84453624
84441554
84441259
84379401
84365959
84324005
84282402
84272647
84269511
84262874
84235641
84187961
84174407
84162701
84147810
84130495
84126143
84110379
84089349
84018743
83995009
83954776
83871925
83861294
83847285
83845832
83843138
83815385
83786095
83760214
83745315
83718422
83679898
83649919
83634920
83599275
83596912
83585160
83584367
83574764
83504779
83304501
83302536
83281352
83259071
83208749
83149640
83140752
83131419
83073079
83072388
83072308
83068903
83059944
83043928
83041971
83007037
82999258
82980949
82903341
82898674
82871730
82863642
82846094
82842787
82837798
82830329
82821272
82806871
82793799
82769473
82762133
82709111
82637717
82622517
82609763
82561108
82457196
82422351
82395962
82339958
82336872
82303881
82280080
82266326
82254915
82238154
82236127
82234816
82231405
82218134
82216824
82178325
82173211
82169175
82131126
82119837
82092726
82082776
82073097
82004077
81977431
81918675
81909331
81868397
81842752
81742286
81718359
81717939
81613120
81606063
81531734
81502159
81497416
81491682
81482153
81380219
81347087
81339965
81324396
81312100
81284786
81263794
81250690
81241456
81227576
81226155
81202579
81201975
81165556
81142852
81120381
81068204
81046764
81038848
81013802
80998446
80991977
80953891
80926714
80911310
80879766
80878670
80875893
80855186
80822125
80808212
80775135
80755522
80755019
80753324
80720917
80715702
80697466
80691545
80680491
80669332
80616261
80606748
80580692
80577907
80567071
80505197
80496874
80460583
80404925
80373946
80366036
80357534
80289802
80237173
80232398
80217526
80207729
80192569
80172091
80144014
80140204
80135280
80127535
80124530
80099306
80087573
80024436
80007584
79969583
79941203
79923168
79886888
79883892
79879157
79858660
79849068
79843962
79830997
79789707
79778955
79764779
79764715
79750062
79727888
79722763
79721065
79700555
79683629
79654962
79634989
79604984
79601460
79590234
79582225
79568020
79555317
79545629
79521132
79515664
79454481
79440148
79439464
79430286
79393593
79353999
79348780
79348628
79330197
79318979
79246247
79244857
79198420
79178422
79177678
79131232
79091507
79069139
79035850
79006603
78967400
78950038
78935917
78894964
78888659
78879585
78873520
78822003
78818099
78718890
78710252
78694363
78678024
78665354
78653581
78631761
78626289
78621426
78620572
78613580
78607601
78520594
78494321
78419953
78417504
78387232
78375239
78369376
78345222
78310995
78310589
78286851
78253184
78237898
78220690
78188152
78181364
78160923
78138556
78122353
78102737
78098416
78074655
78054860
78017646
78005133
78000879
77923501
77901297
77849945
77826622
77818402
77770386
77724718
77720072
77711921
77702901
77672728
77658927
77643952
77615170
77597808
77543913
77543183
77532893
77506460
77501174
77484801
77354693
77332129
77324098
77297705
77253245
77250816
77198981
77139353
77135840
76932530
76929444
76894691
76891248
76688463
76685004
76642700
76609358
76568802
76522175
76481022
76401323
76348175
76336207
76335397
76331123
76330187
76317235
76295606
76213893
76116095
76114942
76100967
76066288
76023803
76011946
75982145
75964101
75952787
75945476
75906498
75904835
75884183
75882067
75868559
75815632
75800239
75756255
75755233
75733325
75715075
75709705
75700767
75667231
75660961
75645860
75595128
75518217
75508214
75493042
75438477
75405101
75370235
75347253
75335111
75284454
75205953
75172067
75161020
75147770
75143346
75094113
75038462
75021497
74976879
74944378
74929978
74898054
74884375
74857641
74856183
74805532
74796764
74771061
74728108
74722745
74707490
74693794
74656519
74650920
74523240
74489315
74472089
74449079
74386373
74356847
74331445
74235078
74218312
74173334
74172180
74147554
74081376
74057588
74039176
74002393
73915409
73908481
73825482
73781354
73712195
73684801
73622609
73553830
73551851
73546453
73414794
73413524
73408835
73372677
73345337
73295240
73280867
73204078
73184080
73175816
73107566
73088661
73078143
73059751
73058805
73054872
73053762
73007509
72963315
72938406
72925768
72881075
72839357
72835966
72831445
72824357
72773176
72741311
72687840
72598346
72572188
72551538
72486040
72484118
72420449
72419724
72406499
72311807
72283528
72252916
72219796
72211389
72188584
72173614
72166931
72124785
72020755
72015294
72011441
72006386
72002585
71982454
71976198
71932040
71930990
71918248
71822064
71770878
71622070
71611583
71570746
71556100
71523041
71519377
71425885
71406763
71403476
71397843
71393686
71364411
71361343
71321607
71278260
71260228
71248617
71211192
71182043
71162897
71123012
71097747
71065867
71050321
71049344
71030473
70995657
70940934
70940521
70932195
70914049
70895151
70889111
70809756
70734631
70701099
70598843
70465035
70459198
70442750
70342481
70337173
70317974
70215842
70158342
70156902
70122805
70108075
70059100
70022819
69960735
69899820
69708142
69686422
69656349
69589092
69552187
69389043
69388026
69378803
69280420
69260685
69190323
69186356
69147581
69121330
69101939
69088087
69073479
69030990
69007918
69004950
68963070
68950149
68939217
68923347
68892275
68848620
68822289
68811870
68785491
68748874
68746016
68639225
68614449
68557471
68551774
68494240
68407284
68386886
68374289
68372922
68334827
68309258
68303625
68285603
68239714
68233365
68191461
68162356
68137880
68127174
68116845
68074548
68068101
68059874
68057933
68050883
68004277
67973577
67959380
67953808
67928217
67865971
67844073
67839617
67830557
67822003
67810400
67808550
67756812
67723884
67672678
67662754
67628712
67556861
67543403
67533719
67523438
67486138
67482690
67436669
67436015
67398351
67394344
67348185
67337520
67244383
67204094
67200737
67185165
67124544
67122525
67021980
67017279
66969173
66959218
66918443
66875078
66845437
66793665
66784477
66746756
66726971
66723223
66699903
66662638
66633581
66586296
66569279
66535173
66510747
66434821
66352812
66349533
66336670
66299588
66262433
66213301
66187599
66176542
66167140
66139012
66130259
66073329
66063358
66053271
66044453
66042962
66024870
66014806
65994323
65975408
65967978
65811355
65807364
65750168
65706231
65681366
65664942
65646196
65591788
65582988
65578865
65553285
65546835
65500971
65483448
65471002
65449716
65432711
65409232
65405531
65404582
65344184
65342267
65330167
65315148
65312808
65305785
65303951
65282802
65268841
65235583
65177270
65159287
65104103
65079423
64997271
64985861
64926261
64859593
64852249
64831057
64809240
64784047
64767986
64744281
64707702
64694169
64680869
64679088
64664128
64605703
64604907
64596582
64498554
64493836
64471028
64455161
64415079
64397162
64366023
64348804
64294505
64274663
64266249
64264544
64212102
64195322
64186191
64156609
64147314
64118968
64078929
64069382
64054728
64053431
64049686
64049506
64024999
64022151
64019167
64001889
63995805
63911882
63887222
63870071
63830063
63828204
63786989
63758098
63741612
63734052
63719380
63667610
63665804
63635999
63629529
63592843
63543433
63532610
63508931
63464000
63447112
63435835
63432286
63429389
63389731
63380682
63362755
63306704
63297079
63272148
63256728
63189885
63169856
63156256
63140689
63048535
63044729
63032329
62972447
62875996
62857438
62856983
62832224
62828227
62781221
62727216
62662732
62646903
62625662
62533608
62474484
62445315
62422016
62404432
62401725
62372864
62360126
62359105
62358260
62349395
62340849
62315137
62308092
62305468
62219291
62188805
62175915
62170952
62163516
62159020
62152946
62117991
62073810
62055007
62044684
61996323
61979295
61962235
61886419
61734338
61712203
61684175
61681740
61681602
61681008
61492861
61483707
61398328
61392514
61311263
61291840
61273126
61267743
61266632
61246075
61240032
61214036
61163134
61129737
61118109
61108426
61058338
61016352
60986913
60943906
60926266
60889664
60872051
60770425
60769014
60757972
60754790
60746795
60733662
60717297
60708674
60688604
60675482
60651367
60638483
60613219
60551384
60528576
60442865
60414501
60406327
60392123
60367165
60314778
60292262
60273936
60225936
60205583
60188637
60182653
60171096
60139437
60103655
60050612
60019310
60010796
59983539
59884806
59874532
59863827
59836197
59830342
59822356
59819462
59817964
59813913
59779940
59723732
59719219
59643308
59638097
59583543
59581823
59505408
59459758
59449293
59437744
59434349
59365673
59364139
59362551
59349777
59281671
59277759
59276169
59275897
59260616
59233548
59068421
59066258
59009804
58922480
58911070
58871521
58813731
58792934
58772748
58724557
58703345
58660599
58635081
58592121
58587936
58580594
58521959
58505263
58437026
58423078
58417813
58411464
58406045
58398539
58385846
58336121
58290276
58246219
58169249
58132070
58108609
58079591
58052937
58015114
57963377
57941782
57917542
57914121
57904294
57897810
57895032
57768217
57710513
57674325
57599613
57581042
57559635
57549698
57522639
57521015
57479824
57465374
57452003
57434717
57373500
57366213
57352253
57318121
57245024
57222058
57196651
57165478
57156608
57141999
57090170
57090082
57031256
57025888
57018683
57001716
56968030
56954238
56911937
56900477
56869688
56859536
56848244
56829611
56754200
56750656
56703520
56691925
56658001
56633991
56618158
56608273
56588737
56561846
56561585
56560228
56556128
56539583
56525309
56416666
56408606
56407020
56405441
56397270
56351501
56337666
56334819
56331385
56265404
56245061
56157367
56145083
56061878
56042334
56021131
56014813
56007685
55981516
55940037
55921485
55844960
55839756
55834191
55820854
55753877
55751487
55749980
55733546
55674774
55621527
55589273
55532212
55515801
55468823
55432753
55407368
55397486
55382060
55332283
55286027
55277658
55217532
55203914
55191709
55139089
55105989
55082773
55068570
55055131
55003338
55001546
54993845
54863828
54819867
54817211
54807611
54805828
54753990
54718027
54648313
54579575
54564879
54559096
54539320
54538836
54345767
54329496
54244437
54233070
54204329
54174195
54169152
54150438
54117915
54060723
54058545
54007495
53980391
53903212
53790658
53777046
53685953
53678889
53604871
53599662
53590563
53560854
53548114
53425081
53423661
53376854
53366480
53352745
53315342
53309073
53307065
53306952
53299863
53286059
53270793
53260938
53258399
53221873
53219998
53212803
53159497
53152433
53096107
53031298
53028520
53003566
52971012
52930205
52907008
52886402
52853872
52825476
52705617
52671216
52619967
52601330
52594920
52547813
52544672
52460349
52428753
52348043
52343989
52342292
52292869
52289846
52237782
52229759
52210367
52182603
52100681
52019996
52008390
51966100
51875675
51875110
51832171
51757311
51747566
51724762
51713796
51706106
51681298
51648738
51620938
51566604
51478213
51473216
51448946
51340682
51337602
51325068
51311806
51218256
51213349
51188823
51163018
51151345
51151255
51134013
51040741
51010762
50960190
50949582
50947791
50940534
50927731
50893547
50837723
50821254
50746237
50723219
50682949
50681396
50679370
50653535
50646396
50619611
50548248
50527109
50521127
50483961
50472347
50440626
50433133
50425823
50395398
50370027
50331043
50290763
50285208
50273368
50239920
50232292
50227499
50128160
50113412
50092212
50092146
50061091
50053041
50050738
50030955
50024805
50022146
50020739
50014907
49996206
49995026
49989908
49849803
49798874
49739743
49711595
49684673
49681727
49668148
49579969
49557585
49551699
49507805
49501825
49371616
49326594
49298590
49288408
49266728
49262336
49251569
49228862
49207104
49169778
49140081
49098781
49073563
49013763
48997794
48968089
48962681
48950397
48948834
48886014
48875360
48847871
48794743
48789817
48773688
48769230
48737959
48729234
48692965
48689601
48610235
48589861
48557978
48555573
48529193
48512733
48483196
48475675
48383591
48351983
48313412
48297424
48213245
48212355
48210814
48202847
48192552
48171985
48139073
48132392
48122275
48071414
48061116
48057986
48043617
48037647
48019263
47962337
47961379
47959201
47957847
47950622
47938907
47936392
47852022
47845306
47809812
47808995
47801187
47800054
47719494
47640287
47592796
47588440
47575803
47553124
47436375
47391242
47372044
47369869
47323673
47321591
47318935
47274150
47227165
47222664
47220287
47208585
47199867
47196951
47193825
47186138
47154687
47134247
47110701
47109349
47103574
47092036
47087675
47077805
47067069
46957991
46916137
46882420
46861917
46810305
46773976
46743824
46659058
46657575
46652452
46635483
46587956
46572011
46544957
46534458
46504702
46490195
46487930
46471204
46464145
46452523
46441925
46428547
46402245
46335784
46301386
46234683
46206078
46195425
46153961
46148039
46139692
46091945
46059227
46048066
45987321
45909209
45864691
45847820
45829877
45828287
45780439
45708693
45698968
45671159
45630663
45625230
45589509
45559963
45521763
45475711
45462644
45423542
45416087
45401887
45397385
45390261
45363380
45343627
45311547
45311049
45262121
45203416
45173205
45167767
45128101
45120928
45120589
45114782
45096992
45089216
45076740
45015043
44956193
44920185
44912194
44888718
44872451
44804230
44803627
44792306
44787064
44713908
44703107
44639551
44632107
44610066
44606040
44540436
44516744
44496244
44486063
44485684
44465694
44464697
44456426
44439347
44411200
44410253
44409160
44377746
44315159
44312753
44278483
44273328
44231978
44216235
44184204
44183927
44170666
44163158
44126795
44110326
44108268
44036531
44021785
43996254
43925025
43924911
43917729
43901066
43833732
43821130
43724470
43711170
43683729
43678698
43667987
43646857
43632483
43631791
43593357
43565548
43560397
43553118
43545553
43543700
43472923
43469892
43468062
43449812
43417681
43414355
43412068
43410978
43339389
43295217
43259219
43237541
43182936
43139507
43134649
43128754
43113114
43102715
43099757
43087955
43075311
43065219
43057660
43057083
43050718
43034421
43028105
43028099
42992541
42956234
42949121
42943833
42901787
42879963
42869316
42862158
42861741
42828590
42778892
42767684
42700547
42661330
42634291
42607427
42569991
42557397
42521652
42496849
42495794
42492718
42469434
42450401
42426692
42421008
42415103
42408637
42407685
42397952
42375343
42356616
42344384
42321764
42307660
42306954
42261105
42233067
42207543
42196146
42131486
42129105
42119517
42078626
42065365
42043681
42006515
41982232
41980125
41977996
41977725
41977086
41967619
41955172
41954184
41947854
41935165
41903486
41882658
41862449
41830465
41819142
41800641
41791291
41789143
41783763
41772561
41769394
41746367
41743004
41741172
41734691
41728773
41688227
41682003
41673828
41670239
41643902
41617848
41616079
41601585
41595422
41594624
41586053
41520781
41511354
41496603
41489164
41477683
41468985
41456212
41441577
41437667
41429171
41392582
41387283
41375569
41345021
41334330
41322946
41281689
41269515
41242818
41241373
41201343
41152862
41121919
41100883
41071268
41034588
40990445
40946169
40937974
40929778
40911768
40853645
40831184
40815647
40812051
40803718
40789377
40780805
40733473
40724925
40713059
40707195
40696286
40688569
40688161
40656134
40642920
40613023
40582094
40552725
40510594
40503785
40487695
40463851
40453038
40432635
40425015
40417755
40397931
40391135
40382852
40373577
40335207
40326616
40319235
40275613
40235311
40222718
40196220
40082598
40071791
40020364
39967275
39950442
39919984
39903572
39869242
39853156
39846471
39840221
39832051
39826659
39821335
39812162
39789133
39781175
39722675
