2893007
3222839
3234284
3239984
3290700
3420836
3659250
3879321
3959498
4177456
4333549
4479468
4983856
5223124
5335198
5401393
5428922
5439068
5467832
5569389
5583838
5600243
5728919
6100674
6129365
6337163
6372206
6486695
6486773
6509842
6515257
6523021
6652352
6684386
6729609
6739666
6761571
6777894
6811387
6866312
6871256
6891754
6901503
6962073
6975945
7027516
7051077
7082856
7136361
7364653
7485659
7570787
7606210
7737925
7761465
7780060
7973497
8109411
8410579
8482495
8500741
8755293
8762719
9480095
9600858
9643259
9661285
10032813
10463752
11440014
11459245
11519176
11547282
11623915
11719512
11733390
11770035
11810889
11864647
11918421
11924048
11962551
12036342
12053233
12078071
12106100
12135944
12146009
12272620
12284386
12291066
12303171
12304195
12305162
12317320
12345344
12346360
12369391
12408955
12409386
12441507
12448062
12492069
12506524
12510523
12512544
12533316
12543302
12557884
12561012
12575846
12578570
12602090
12613686
12618818
12638092
12657310
12669238
12746307
12805249
12887907
12894821
12942498
12972069
12994690
13020064
13022329
13093410
13104438
13131808
13221002
13253345
13269825
13275261
13292634
13361371
13419336
13421343
13564186
13588936
13654712
13727100
13740316
13756317
13829764
13965210
14071360
14112477
14822735
14928464
14973100
15019119
15074549
15120237
15179217
15221398
15294339
15315570
15343799
15359702
15362379
15395670
15407907
15418398
15421363
15477815
15487569
15721884
15738063
15768456
15794534
15848231
15856014
15899831
15925807
15936163
15963141
15980687
16021243
16107886
16164861
16221137
16268479
16275637
16388231
16397106
16524449
16538461
16575970
16622249
16624541
16673677
16692938
16740844
16886589
16896955
16920618
16951606
17051618
17064669
17133494
17236213
17299141
17314658
17345798
17405538
17424394
17434789
17468025
17495508
17503703
17623161
17645789
17661801
17696123
17738731
17764384
17768704
17791646
17798364
17817285
17831163
17881167
17997404
18028649
18150790
18210991
18241984
18316617
18355342
18362075
18382306
18406883
18473871
18587753
18607557
18631648
18775903
18775988
18864858
18963578
19012600
19068263
19116415
19220091
19256092
19272355
19313027
19323456
19376717
19389280
19491882
19533721
19658014
19761966
19830044
19846520
19964295
20002273
20060517
20254910
20355380
20599424
20738607
20763696
20797671
20902171
20946041
20973979
21079331
21163325
21217202
21239708
21338506
21628563
21646526
21671605
21725423
21918267
21961579
21973823
22160653
22178174
22451513
22532851
22544267
22663379
22694353
22710202
22791499
22842772
22869434
22924409
23039830
23070746
23071849
23100641
23230370
23261352
23284711
23287118
23382895
23400415
23448306
23460617
23480110
23522140
23528017
23545975
23567629
23668544
23700311
23828194
23888116
24023484
24030224
24056732
24090430
24105925
24147540
24289563
24347414
24349157
24397427
24512283
24551459
24594007
24658056
24715155
24856436
24856472
24897524
24996381
25025786
25057021
25134496
25305398
25315291
25336248
25340081
25355394
25367512
25373300
25426515
25600815
25622142
25814726
25835739
25857050
26181350
26190381
26323253
26351192
26359526
26363639
26423151
26554323
26559259
26603520
26657167
26744530
26753393
26827543
26842114
26865692
26936471
26950748
27160735
27220959
27347369
27364161
27409758
27448369
27528592
27571983
27660544
27676436
27718391
27721979
27723422
27738163
27774612
27843648
27993492
28017013
28075766
28076185
28143289
28314913
28356001
28891709
28892083
28961469
28989276
29032439
29093014
29114401
29282422
29456463
29534110
29618521
29637706
29748992
29848293
29864329
29954365
29954922
30009833
30061788
30089045
30128947
30177673
30252534
30291354
30419712
30452521
30473508
30483625
30653706
30818838
30843669
31000965
31201107
31222217
31223064
31283308
31301088
31381528
31450859
31462591
31478979
31578908
31599485
31649510
31848049
31926454
31956379
32114014
32180254
32221797
32231918
32256266
32652202
32659901
32703754
32793177
32807881
32883541
32918870
33187559
33313030
33333211
33663599
33796295
34560725
34691371
34733484
34930050
34997583
35001858
35018501
35043498
35096211
35598973
35657401
35658546
35834838
35854154
35923523
36033698
36052076
36152563
36289992
36360991
36545069
36563414
36664307
36707016
36774097
36991788
37183592
37206601
37258859
37342662
37434838
37485132
37582102
37615219
37628842
37701456
37729188
38072844
38175889
38351126
38392123
38440857
38464154
38493845
38531539
38600296
38793697
38795170
38813483
38921434
39184393
39205129
39270233
39310630
39339893
39350340
39393645
39441780
39481990
39577506
39593720
39677093
39730346
39781175
39785469
39857566
39923589
40066878
40165420
40169731
40334724
40362997
40422087
40573049
40641373
40827542
40917662
41039246
41097450
41108223
41241373
41260136
41293313
41345259
41446881
41456131
41457948
41603444
41638491
41656504
41664928
41688227
41884753
41932982
42030419
42110405
42176199
42331393
42378445
42399622
42443397
42614100
42713466
42840135
42934908
43034228
43139507
43254505
43295820
43495361
43643265
43649880
43821130
43988967
43996959
44058673
44157996
44230987
44328881
44429758
44439347
44442580
44456589
44711916
44712813
44743713
44850150
44851732
44889450
44898990
44946410
45089921
45306549
45335893
45443373
45494284
45649590
45765566
45890808
46012617
46048066
46225277
46240127
46242560
46247356
46309932
46385722
46451426
46478249
46481426
46635154
46743824
46846739
46869674
46947275
47022213
47067069
47143336
47199867
47206901
47341946
47434720
47441666
47500036
47558782
47617277
47660294
47669369
47765660
47800612
47957847
47959201
47962337
47962720
48114808
48202847
48324388
48394848
48503676
48596201
48640373
48645671
48788426
48948834
49113946
49117598
49342408
49695540
49919758
50201454
50206457
50682949
50684377
50689756
50733496
50748952
50780579
50909137
50941348
51110884
51157538
51392129
51455305
51542707
51565292
51667748
51950394
52000110
52055990
52292869
52307072
52791096
52813831
52889512
52893400
52958037
53059831
53220119
53316791
53548114
53586513
53691616
53707401
53980391
54011430
54048534
54122491
54156096
54204329
54397193
54434456
54680011
54793847
54824714
54950968
54977234
55207364
55264891
55335646
55495986
55515882
55570020
55607710
55771379
55851410
55963515
56157367
56560228
56624085
56640761
56685116
56789271
56819526
57088414
57245024
57326114
57352253
57596831
57862593
57986115
58000337
58060783
58181159
58182358
58218257
58297552
58303825
58330195
58346066
58348922
58392832
58431871
58488370
58517860
58518513
58522891
58554158
58732770
58760114
58997391
59042589
59112628
59260616
59349383
59490960
59571411
59598684
59609900
59623722
59808338
59819462
59897345
59946099
59959886
60066197
60191115
60256478
60261273
60432437
60521271
60531891
60670074
60716858
60717297
60727060
60737735
60745142
60761917
60775809
60805558
60875790
60986485
61104470
61330102
61407782
61537417
61572166
61728848
61774793
61880182
61899420
62091235
62169226
62169783
62175401
62175548
62401725
62514816
62602354
62673974
62973416
62977069
63044729
63082444
63138230
63160680
63225757
63231930
63246481
63364028
63532375
63543433
63629529
63728776
63894251
63895787
63997762
64006168
64062952
64169554
64204128
64208249
64306868
64436344
64566009
64664128
64813402
64938010
64963128
64980984
64987610
65161395
65261342
65367237
65452208
65496833
65546835
65564087
65609661
65782152
65916625
65954618
66119678
66130259
66136675
66164540
66262433
66392829
66454724
66701755
66778740
66810974
66864899
66998933
67014816
67016396
67033442
67132561
67157610
67325949
67352573
67376026
67392886
67494945
67497819
67513445
67668951
67680536
67740892
67870398
67985275
68150890
68191385
68317132
68365029
68405061
68441024
68632742
68677347
68747615
68748874
68796509
68873612
69004950
69073479
69280420
69308192
69352769
69378803
69535929
69600012
69700223
70041731
70176063
70199441
70317974
70335709
70457469
70515248
70526751
70626153
70671456
71182043
71295231
71321607
71399245
71525929
71564012
71672891
72025360
72129296
72186333
72257407
73030746
73044248
73183017
73552223
73587732
73693492
73717372
73763055
73775599
73812844
73958931
74033588
74055004
74062650
74356847
74502201
74644241
74717591
74755080
74872428
74883803
74946585
74979953
75046513
75099242
75243127
75263673
75365998
75415107
75627075
75756255
75872026
75927459
75952787
76076493
76193233
76364570
76498586
76834703
76862873
76928752
77124575
77189232
77278216
77309423
77419632
77428857
77494514
77527694
77576629
77735307
77746834
77778447
77793095
77796401
77843057
77869904
77937710
77945155
77981487
77996469
78098416
78116111
78116526
78178254
78213083
78237715
78267379
78274845
78339957
78362584
78489868
78578318
78613076
78626289
78631761
78742387
78818099
78876423
78885168
78892595
78940568
78967025
79099591
79128212
79189762
79271182
79301387
79383415
79471948
79517069
79551312
79576021
79582225
79599836
79698517
79700113
79715152
79722763
79726659
79768012
79807851
79827216
79838027
79898196
79932570
79937094
79954475
80066853
80087573
80090037
80245580
80290112
80294379
80319627
80402604
80504554
80561280
80616261
80642677
80704373
80758101
80770985
81029747
81038017
81044751
81123116
81146396
81150002
81165846
81339162
81400842
81489292
81607011
81630404
81682891
81758554
81769102
81773554
81795991
81811043
81944489
81951567
81994749
82091202
82185527
82208460
82210519
82244813
82263178
82502337
82578485
82628928
82636748
82641747
82701816
82702838
82735400
82739712
82782912
82788264
82808022
82866088
83022027
83035627
83043928
83059944
83131419
83156776
83302536
83398984
83443253
83460123
83651751
83706842
83788328
83793304
83811496
83814011
83815385
83862549
83897107
83939112
83978985
84035143
84060313
84071314
84149672
84254104
84325582
84348116
84430521
84472281
84534776
84543206
84561735
84687799
84701840
84831078
84872665
84917306
84923272
84979448
85033362
85100071
85217798
85272762
85343312
85362080
85370904
85397284
85412954
85422382
85432921
85467545
85591118
85686889
85767545
85841984
85857847
85869573
85994022
86068680
86113304
86153029
86206857
86250459
86302278
86308704
86321718
86345647
86352775
86357595
86433829
86493398
86540726
86614310
86653650
86654747
86784260
86801980
86861147
86921146
86974437
86981636
87033668
87054203
87095877
87153081
87181989
87219248
87220636
87274886
87335997
87348160
87362086
87410075
87410148
87454148
87469788
87504515
87530688
87549061
87626433
87714820
87814348
87844388
87956061
87969920
88005924
88016806
88113342
88140350
88149925
88175235
88191131
88195262
88213706
88254696
88343605
88359006
88362884
88414226
88423557
88449009
88535647
88592173
88600285
88620447
88628064
88703715
88788119
88838336
88865501
88891840
88903966
88944574
88988831
89031526
89043520
89128130
89172831
89176447
89243745
89284414
89289153
89296737
89309160
89321129
89373828
89411213
89559881
89567689
89590242
89616386
89648137
89746072
89760854
89805888
89871726
89983102
90049449
90086304
90108735
90124370
90177759
90206819
90312002
90321082
90447135
90455485
90509946
90528589
90561653
90633571
90660357
90702512
90727721
90846981
90876140
90910564
91351190
91407259
91503196
91556510
91592938
91651580
91747748
92013792
92037029
92045869
92188473
92256167
92372728
92395101
92455219
92611990
92709238
92709548
92774244
92779355
92855046
92886231
92897770
92938746
92993670
93119462
93244455
93324161
93325017
93491979
93614758
93785955
93818793
94177188
94233920
94371659
94519413
94545050
94680215
94760728
94767798
94790471
94816472
94904923
95106276
95110741
95187133
95216676
95584313
95618200
95670619
95690729
95835480
95988957
96018787
96027335
96033567
96332943
96832452
96856569
96860221
96911175
96919050
97445618
97510785
97550204
97594481
97640007
97646404
97676336
97689197
97763195
97906175
97934479
97978959
98131576
98204176
98267944
98315271
98386638
98415789
98472440
98530087
98552532
98552978
98567212
98743435
98931353
98955253
99061261
99128703
99192590
99271687
99274483
99305871
99325266
99380689
99449716
99570011
99682895
99686915
99756847
99769984
99869412
99940853
99978690
100084179
100145292
100147630
100270639
100318357
100319579
100356794
100396602
100402778
100422361
100484116
100598677
100637211
100688221
100776237
100786384
100798547
100906745
100979355
101079859
101114646
101152155
101205014
101336037
101410291
101430427
101495188
101513510
101595727
101675861
101747809
101923369
102038513
102115562
102133549
102187163
102257778
102322108
102395617
102492809
102529219
102549493
102568612
102600533
102685097
102755080
102929624
102948265
102979798
102984952
103105020
103110060
103265000
103396534
103554067
103579282
103675819
103747583
103813439
103892943
103930984
103965057
104057767
104110566
104162509
104193892
104258496
104283696
104346165
104357140
104628974
104709198
104798070
104904663
105117583
105151180
105277071
105535525
105685394
105833715
105925832
105950737
106064282
106236449
106318534
106405363
106541592
106561519
106593489
106668407
106672919
106779995
106788523
106823087
106824939
107223417
107304173
107377156
107512053
107604882
107659128
107673273
107680522
107807785
107829147
107857033
107870394
107882121
107933692
107985629
108062528
108079045
108139535
108142184
108224818
108298046
108377165
108396036
108410556
108424452
108452092
108530460
108562309
108595695
108642820
108652837
108689818
108740136
108758915
108812857
108884314
108896190
109056272
109115519
109118974
109255150
109317861
109535204
109543451
109555202
109669577
109745612
109754365
109761060
109861414
109863035
109874628
110100385
110130064
110138461
110156628
110182560
110313672
110318463
110369306
110415223
110465593
110555713
110562213
110576881
110616315
110775068
110793480
110797008
110799704
110954334
110971579
111037445
111049487
111138692
111142680
111170963
111191652
111218017
111441543
111499068
111543105
111628870
111667533
111709574
111710670
111747772
111809823
111820743
111947500
112053324
112111817
112175344
112296614
112325430
112336869
112355175
112405338
112409813
112445324
112596953
112658121
112665605
112669081
112708276
112854117
113017959
113452126
113458331
113472105
113489594
113527296
113596233
113658601
113678778
113705743
113748606
113752361
113868769
114130001
114175466
114241057
114303868
114309837
114401945
114612005
114627454
114680161
114700668
114728053
114763617
114771732
114785280
114800371
114906695
114932322
114944335
114980817
114990536
115022270
115076792
115087982
115100979
115151159
115171997
115180892
115184808
115220588
115248876
115283778
115358505
115450163
115468865
115470777
115491404
115493523
115533689
115567892
115573000
115602237
115636870
115647703
115690199
115721535
115742305
115745728
115759354
115857975
115864325
115887767
115913694
115983042
116108229
116181131
116315084
116348989
116430591
116580877
116642761
116663314
116741745
116824798
116849933
116877609
116906232
117016657
117034876
117065516
117070933
117125079
117184317
117285746
117327559
117467517
117553711
117608910
117693014
117805189
117893810
118044364
118059186
118089024
118120484
118145727
118184430
118484217
118527389
118573898
118582659
118685568
118766337
118918188
118976162
119162818
119205398
119209916
119376182
119378490
119440846
119720873
119794326
119798224
119878798
120043477
120049861
120245412
120252715
120378044
120428271
120671577
120729000
120807707
120897912
120953027
121000956
121085537
121116000
121125782
121176197
121200001
121288791
121418294
121419868
121608633
121612731
121635686
121638534
121653029
121708592
121790454
121861886
121869134
121887311
121983176
122029165
122101391
122109923
122173091
122179715
122232688
122254239
122373779
122398749
122406333
122448529
122586629
122609383
122686221
122730446
122732740
122742250
122764000
122781864
122832846
122840393
122867832
122935122
123046260
123087397
123116467
123164147
123231543
123337394
123343034
123378541
123403220
123549101
123596371
123607299
123656902
123706592
123745423
123753954
123773386
123819887
123854132
123972070
123982334
124005363
124294929
124305529
124352111
124373823
124412414
124494628
124512308
124590304
124630399
124749156
124761258
124812579
125052804
125093124
125163032
125208658
125261332
125264778
125282518
125342562
125365569
125404539
125602267
125659654
125677563
125761702
125887741
125961849
125974400
126036174
126063577
126141157
126245214
126310373
126315086
126341206
126360808
126439289
126444453
126519113
126523687
126555361
126593269
126604048
126716271
126779294
126793894
126847566
126865109
126979668
126996161
127029852
127109616
127116456
127133330
127142040
127209853
127242006
127257061
127371045
127495872
127548607
127573103
127583286
127747454
127796541
127879395
127922696
127994720
128123902
128211198
128262569
128276959
128288215
128297671
128308770
128522550
128553853
128755825
128760797
128765713
128822211
128834059
129014545
129122903
129176857
129219681
129247203
129276096
129352043
129385819
129406412
129430788
129452984
129461744
129478159
129586703
129610983
129788807
129978231
130095264
130192222
130194901
130250161
130259556
130281356
130297680
130329329
130344080
130527425
130628951
130688305
130703416
130753527
130757102
130784990
130915372
130992562
131045583
131086986
131185120
131192401
131252728
131287297
131310479
131454130
131470168
131525266
131539668
131767755
131824098
131840089
131925224
131941405
131998656
132010509
132022484
132025912
132029367
132031413
132092904
132210952
132261048
132266387
132308876
132486396
132498119
132660442
132732462
132764210
132809049
132817161
132842775
132860601
132913456
133009551
133015242
133046359
133159075
133163123
133195381
133238883
133247686
133376968
133389259
133484434
133544938
133633162
133637138
133642963
133650033
133682164
133685958
133726803
133768008
133781919
133803748
133805452
133924102
133985498
134081630
134126133
134194377
134217158
134272481
134289045
134360634
134461067
134493323
134646211
134867023
134882011
134882703
134896352
134949243
135063341
135173204
135196992
135233304
135264880
135287333
135517968
135536062
135579783
135623302
135705153
135711999
135748584
135851549
135902902
135910567
135932041
136198905
136208539
136243364
136337987
136377860
136427333
136431997
136544810
136576859
136644356
136723980
136740309
136904266
136999830
137083869
137203677
137395665
137397320
137402053
137409155
137435516
137490098
137502775
137544295
137570360
137646501
137701280
137729629
137820048
137860665
137890143
137935972
137983710
138075646
138099429
138126751
138173918
138177616
138203535
138215969
138253386
138262353
138328406
138399076
138445656
138535336
138545618
138572937
138613718
138626403
138627606
138697680
138814750
138828476
138855745
138985318
138986723
139003107
139030720
139232524
139236031
139368354
139428924
139433721
139477780
139536677
139597736
139602054
139605762
139659081
139675903
139700730
139795231
139851336
139889445
139922106
140072378
140178233
140196100
140294366
140322808
140366119
140385093
140414199
140414307
140465093
140548407
140567226
140611780
140710311
140754346
140761730
140793172
140946401
140952384
140969769
141031679
141145702
141147202
141156712
141167764
141291511
141450398
141491652
141528315
141653795
141752297
141778690
141789750
141999222
142012801
142130534
142180969
142200602
142232316
142244376
142255779
142267105
142272261
142361615
142412554
142506164
142610594
142614103
142640315
142683457
142704552
142856539
142857843
142905591
142915036
142926140
143200649
143226147
143265305
143339138
143357721
143377310
143418268
143423947
143446635
143459392
143509660
143533577
143700227
143767745
143793598
143864473
143897863
144000465
144029870
144069856
144157770
144178228
144185242
144225658
144248372
144262363
144318815
144342115
144356774
144380924
144391375
144411584
144508070
144525110
144547046
144561870
144579743
144638120
144839269
144877669
144894736
144909661
144974064
145132926
145149642
145186991
145252898
145253130
145345425
145345766
145392674
145442341
145476455
145647744
145738990
145884151
145941733
145994938
146112919
146237117
146328960
146363776
146400840
146402432
146440965
146473090
146603134
146625280
146661186
146720904
146767490
146877483
146928368
147053985
147095927
147120926
147123694
147202458
147279047
147310891
147322083
147427439
147465202
147496131
147513760
147538179
147609904
147621275
147864601
147873837
148173338
148180195
148210036
148280675
148298085
148354971
148395135
148402868
148455397
148525767
148615460
148644353
148652373
148745336
148852320
148859047
148859230
148890907
148967921
149074694
149252613
149446265
149448250
149512008
149549857
149570667
149587865
149631041
149730728
149800443
149836592
149938685
150040043
150061604
150229281
150229671
150461007
150712673
150766782
150813189
150955184
150986460
151165130
151322084
151490874
151581842
151645868
151689044
151735515
151997703
152023538
152087057
152176339
152395497
152503425
152565866
152700927
152725525
152977888
152978351
153007943
153123328
153124692
153130406
153179428
153246321
153248845
153270846
153392504
153497185
153768193
153776160
154254901
154259251
154417644
154458706
154566595
154589398
154625066
154881764
154927912
155062953
155091139
155123385
155205164
155242375
155274532
155277656
155361244
155400722
155438483
155457944
155531868
155572310
155728253
155828621
155853577
155920856
155954608
156107954
156132446
156158417
156235829
156510683
156575813
156721956
156748297
156760240
156785067
157017844
157032788
157062132
157196919
157207725
157227106
157291751
157383699
157398382
157407081
157485885
157540283
157547691
157643455
157670045
157683384
157817353
157820188
157954138
157963787
158031707
158137524
158149230
158182052
158201047
158216154
158227413
158228114
158471274
158507033
158547878
158574187
158686757
158703612
158807313
158896816
159035790
159160786
159336515
159367643
159374003
159473125
159515268
159530411
159549666
159561293
159626783
159725168
159760998
159777798
159783084
159800197
159809767
159836496
160124408
160285336
160353061
160375781
160414469
160451978
160468969
160519397
160601340
160700855
160809642
160966507
160989561
161183343
161402337
161471029
161605889
161673948
161750044
161772439
161798402
161824437
161837403
162036295
162037241
162099133
162178173
162316151
162334950
162407524
162449611
162475812
162528294
162538218
162658960
162765278
162770164
162886256
162983829
163019107
163249167
163306842
163402424
163534563
163623263
163625809
163752311
163793296
163881394
163942885
163969016
164131718
164196287
164295201
164355598
164410213
164435295
164507177
164528599
164607977
164772292
165025784
165031454
165068166
165085016
165127651
165134509
165135453
165173312
165252120
165274994
165303806
165338533
165437538
165522784
165547549
165630944
165683431
165694960
165724003
165866528
165888381
165959615
165959934
165974718
166004795
166036508
166079230
166096026
166110812
166133386
166177216
166198376
166200414
166202418
166302950
166330143
166331902
166446074
166474433
166531747
166588957
166727301
166819844
166844895
166904481
166950492
167042436
167066207
167121988
167135240
167141678
167149100
167175632
167439495
167606979
167651009
167658265
167747441
167789630
167833377
167958404
168069355
168093311
168188569
168204274
168214492
168310437
168326353
168402479
168437983
168758333
168816551
168976155
169148266
169195780
169283613
169354660
169539177
169576209
169581353
169702476
169707237
169823329
170088512
170226985
170316541
170514648
170614014
170676785
170676868
170696228
170761411
170787090
170804490
170812222
170871135
170961902
170971446
171007335
171127043
171152189
171188809
171334939
171359104
171372788
171401104
171606194
171670687
171769651
172334653
172366634
172385398
172389917
172462242
172469860
172680636
172698435
172716861
172726898
172772089
172828239
172833855
172851043
172891469
172891873
172956960
172968314
172983192
173056914
173116972
173232714
173242846
173256753
173296769
173337794
173407436
173463405
173493566
173553645
173646637
173667935
173783630
173868899
173907929
173999774
174070841
174111976
174114848
174287415
174380026
174397751
174498579
174586238
174602228
174617608
174669505
174684673
174701958
174756959
174832297
174832878
174902831
174938487
174974993
175024686
175113384
175132876
175239410
175290256
175314725
175420514
175454532
175602554
175635641
175741601
176027005
176061346
176237002
176252479
176326318
176408099
176428192
176433626
176462653
176475558
176520951
176575911
176704450
177002460
177095149
177160742
177274660
177278270
177291722
177300625
177470878
177494337
177524074
177636103
177747516
177792544
177965045
178003982
178006654
178039814
178060990
178206924
178257553
178281478
178289335
178350804
178404235
178497694
178531030
178625470
178709141
178752459
178886719
178916223
178929697
178940224
178983337
178984266
179013348
179167100
179521240
179524508
179571176
179824215
179963149
180192235
180216092
180477369
180582138
180681922
180885608
181074499
181243279
181297454
181302710
181371018
181522557
181590912
181708109
181842687
182083415
182149264
182260888
182353773
182377561
182432456
182436857
182709118
182716333
182744003
182767752
182778196
182787304
183194810
183330990
183395959
183468127
183555319
183560520
183627352
183997204
184040309
184133576
184217201
184228165
184242661
184428665
184570757
184792983
184846282
185062547
185214273
185326004
185342298
185414203
185428914
185454470
185623965
185833513
185872270
185981020
186016025
186110463
186528354
186549514
186566420
186571969
186838821
187108351
187148873
187163100
187163803
187223013
187234842
187354614
187365109
187392588
187487644
187506283
187533084
187658325
187831587
187908421
187943235
187991706
188074650
188126146
188134782
188161762
188261579
188276722
188309344
188601037
188679067
188801943
189098870
189167233
189233473
189263873
189265710
189315741
189450873
189678021
189918713
190368867
190752487
190934700
191135320
191290331
191415201
191659423
191851298
191960725
192039555
192041922
192084163
192201534
192577250
192600288
192663749
193045917
193108095
193156887
193173356
193573821
193785957
193811866
193811991
193816585
193901241
194029857
194079485
194261863
194507466
194592929
194647810
194702373
194782563
194797438
194797793
195025253
195111383
195127128
195489373
195520546
195555871
195837092
195866014
195963228
196609566
196783364
196975555
197097920
197266181
197481495
197542270
197602335
197830402
197853856
197866360
197902174
197986569
198099751
198499744
198515491
198729509
198778790
198951746
199724348
199984088
200079624
200157736
200920646
201815397
201834941
202055331
202107073
202424381
202680423
202739399
203292794
203598886
203975197
205421442
206395074
206610242
206962460
207163813
207566269
207640034
208134533
208502206
208685277
208840253
209457825
209923875
210053596
210520388
210559613
211157441
211466237
212336191
213124896
