2893007
3151060
3209190
3222839
3234284
3290700
3326095
3391627
3413195
3544179
3601937
3767480
3879321
3899692
3920239
3925792
3959498
3993105
4060273
4111897
4173714
4177456
4207770
4273255
4308456
4379161
4444149
4447928
4461329
4479468
4508201
4510801
4512616
4520972
4529613
4558507
4583797
4585706
4655219
4669001
4710199
4720236
4761006
4846338
4880735
4915849
4969036
5035046
5054738
5075325
5081045
5109175
5132974
5137876
5194025
5210669
5223124
5226698
5244092
5280215
5302313
5335198
5341335
5357559
5381532
5397660
5401393
5406147
5409639
5418894
5423621
5428922
5449702
5452040
5457389
5467832
5479771
5486656
5488078
5561686
5563408
5576815
5583838
5587504
5600243
5602375
5607327
5621080
5641811
5642492
5670472
5698712
5809370
5820447
5823372
5844461
5849733
5851378
5881391
5919526
5935992
5940660
5956272
5971624
5974032
5974480
6001735
6059997
6065250
6085412
6096470
6099923
6100674
6115424
6119605
6124463
6144939
6164557
6166950
6173114
6178526
6195482
6197215
6201801
6220696
6229005
6237152
6237502
6240022
6268715
6269013
6269503
6274972
6319138
6357815
6366227
6372206
6388415
6392997
6419337
6422758
6423400
6425706
6434203
6444562
6445604
6477550
6497962
6509842
6512448
6516596
6523021
6526129
6527311
6572621
6583266
6587679
6592167
6597989
6630976
6652695
6677023
6688278
6695052
6761571
6784789
6803135
6811387
6813987
6828387
6850790
6918281
6952028
6981680
7023771
7051077
7079083
7088874
7092071
7103336
7137008
7177561
7212751
7254134
7412165
7460832
7493891
7497850
7500735
7510931
7570787
7571482
7574312
7595837
7599012
7667240
7678425
7687233
7705888
7707771
7725181
7755519
7775445
7798907
7812190
7845726
7885472
7922345
7932358
7968536
7973497
8040489
8068416
8163001
8294534
8366941
8371406
8418950
8441309
8482495
8507065
8520192
8564186
8584268
8589338
8593852
8700267
8745827
8822713
8974779
9046459
9055712
9198240
9470401
9600858
9725733
9853604
9893521
10033266
10762888
10807738
10917318
10988058
11004774
11049107
11071121
11125551
11157875
11204043
11204274
11244879
11258317
11294351
11307829
11370316
11394226
11408497
11422350
11440014
11444171
11456786
11461328
11480179
11484626
11488560
11491691
11497910
11519176
11556915
11592303
11640682
11651090
11664727
11683058
11691146
11691722
11699544
11713555
11723793
11732810
11733390
11740459
11746930
11748393
11764845
11804463
11828969
11838324
11851945
11853176
11874801
11891864
11900042
11910091
11918421
11924048
11925360
11931525
11939830
11943068
11945591
11947284
11954326
11965109
11971242
11976074
12018760
12021874
12023242
12051946
12052490
12056669
12062094
12078071
12087475
12088437
12097577
12099841
12105306
12108471
12126823
12130857
12154992
12160728
12166597
12173034
12190971
12192571
12192906
12193679
12213933
12222353
12225881
12241710
12246007
12251519
12253897
12257610
12264421
12276251
12280855
12283727
12284211
12288297
12291066
12298927
12302388
12305162
12306403
12317320
12323880
12325849
12327918
12346360
12348290
12359524
12372064
12374016
12393337
12395272
12401598
12413035
12415635
12432164
12432612
12436071
12449528
12453968
12464660
12492069
12493299
12494139
12495551
12501709
12508035
12509556
12512544
12518902
12532925
12546881
12564872
12569794
12578570
12582202
12584091
12613686
12619860
12627071
12630201
12631133
12635457
12643060
12644455
12664450
12669238
12687870
12695883
12699078
12700834
12704664
12704836
12721094
12723725
12724940
12734329
12741871
12746307
12751479
12755347
12758310
12763550
12766617
12786500
12787066
12805249
12810577
12819383
12819584
12833000
12833761
12850746
12855266
12865173
12878552
12894821
12907751
12919877
12920218
12925602
12926120
12932568
12937567
12943707
12949407
12954294
12958185
12963833
12964563
12966086
12972069
13028837
13034532
13042324
13043929
13051732
13061189
13071325
13118625
13130424
13135161
13146818
13165114
13167712
13190110
13225635
13252484
13260885
13266666
13269825
13275261
13275801
13280868
13298901
13359260
13361349
13361371
13396004
13412347
13419336
13438332
13493768
13493884
13562020
13564186
13581156
13588936
13656828
13696166
13714077
13739423
13740316
13756317
13760609
13761570
13763136
13912066
13941821
13953892
13965210
14039037
14060222
14063069
14077955
14123585
14144594
14144943
14159228
14186318
14207371
14244223
14246709
14309677
14372225
14575734
14635753
14822735
14850899
14873272
14883534
14892688
14909423
14917427
14928464
14965754
15021297
15027947
15046476
15075787
15101652
15120237
15178075
15230834
15231665
15238749
15262731
15279467
15280324
15339266
15360481
15362379
15362542
15366135
15372655
15374487
15418398
15421363
15430881
15440042
15451145
15487569
15488449
15501162
15538741
15564407
15618710
15624503
15676375
15690968
15728784
15754379
15768497
15772249
15794186
15794534
15810611
15848231
15922311
15924986
15925479
15946262
15956668
15979510
15980687
15982521
16003313
16009651
16021243
16058948
16069006
16079114
16080517
16107886
16112774
16120533
16122851
16152075
16167699
16170428
16176352
16191812
16206051
16210922
16211989
16215193
16220197
16268479
16304280
16311323
16320716
16325119
16330976
16362968
16373666
16387706
16397069
16426020
16433302
16433943
16496425
16498386
16502306
16530197
16531422
16570347
16575188
16575970
16589667
16590613
16599989
16600708
16602505
16610330
16618558
16622249
16628255
16653911
16663128
16673677
16687103
16691084
16692938
16694860
16705796
16714002
16754012
16786621
16801078
16807872
16815272
16828517
16838524
16845236
16859219
16863859
16871908
16880200
16886589
16888161
16909178
16915121
16933442
16938187
16940149
16940729
16941689
16982944
16990684
17009021
17014120
17039357
17040440
17041442
17060029
17073963
17078172
17082939
17107116
17122238
17128461
17133494
17156986
17167420
17210642
17210853
17268036
17272824
17282468
17289503
17319373
17335325
17339284
17354092
17379339
17391525
17399123
17416122
17434789
17436026
17446428
17449357
17477030
17495508
17509163
17531564
17537583
17550300
17582562
17584162
17586591
17593386
17605903
17660761
17661801
17701066
17702674
17719597
17723232
17730760
17735168
17735194
17738731
17738836
17742252
17765074
17769977
17774935
17781411
17804386
17807691
17824643
17831163
17832226
17865957
17885247
17894983
17898958
17902308
17906799
17912827
17921546
17932009
17944531
17969966
17974341
17994052
17997404
18002610
18025562
18028649
18044096
18057285
18072920
18073493
18078429
18117331
18121288
18132886
18141224
18170116
18201300
18202085
18205557
18214424
18215900
18217505
18231065
18231866
18241984
18260828
18268521
18282991
18294181
18316617
18340683
18362075
18364012
18387180
18418616
18422077
18428126
18439118
18484436
18521592
18524275
18528069
18531121
18560558
18573770
18576068
18624656
18656805
18670393
18679879
18686468
18746060
18747227
18761385
18805364
18807343
18828493
18829664
18864858
18939036
18957934
18963578
18966626
18967423
18967583
18991978
18995718
18999084
19006220
19010035
19012600
19043558
19045010
19051535
19068263
19086011
19091858
19141119
19162213
19214922
19217329
19240786
19253551
19272355
19282774
19313027
19327117
19353153
19370505
19387290
19404285
19423880
19473788
19492878
19510275
19514928
19533721
19537724
19542068
19560615
19620041
19620547
19622207
19627750
19656604
19658014
19667373
19713688
19734195
19734747
19752088
19761966
19772788
19774442
19846520
19857471
19875147
19945501
19953635
19958920
19961591
20002273
20082745
20170252
20200976
20212508
20226821
20238892
20246260
20255408
20276189
20304864
20312331
20345462
20374094
20376469
20392993
20418827
20460898
20511538
20527963
20574515
20599424
20620889
20661220
20675455
20700208
20725686
20741079
20772814
20780738
20831470
20856385
20879766
20964370
20990874
21006295
21020369
21024690
21119178
21119739
21144561
21146863
21151942
21163325
21165780
21167835
21169418
21178963
21189259
21196456
21214938
21217202
21235192
21238086
21265300
21273579
21274066
21293484
21302923
21338506
21347346
21394074
21434050
21439693
21491955
21502197
21506230
21550615
21559503
21566092
21581548
21585747
21616093
21619807
21628563
21656389
21660997
21672164
21673148
21675709
21693162
21715240
21724152
21724701
21725423
21742544
21742670
21765061
21778731
21779138
21781386
21937464
21942972
22000823
22029413
22044927
22068430
22115722
22165349
22170795
22199708
22232019
22253393
22283922
22339072
22392682
22400697
22445476
22509096
22525468
22529652
22535591
22544267
22546137
22547190
22600074
22603096
22617793
22631144
22635113
22680900
22694353
22700018
22711770
22789252
22797007
22816792
22835901
22842772
22869434
22872694
22895786
22932744
22948382
23021480
23042521
23071849
23100641
23116902
23134221
23144111
23233752
23241501
23261810
23276315
23278125
23283902
23289679
23301450
23342328
23380220
23400415
23419733
23456398
23473729
23479354
23480110
23512428
23513744
23522140
23533852
23544449
23545332
23545975
23558670
23560198
23564730
23567629
23570984
23598851
23639227
23644110
23665502
23714071
23738036
23753037
23757501
23764884
23772573
23793276
23831174
23866019
23887696
23912552
23921073
23933950
23963523
23964657
23975171
23995607
23997528
24039319
24056732
24117050
24174723
24188518
24205765
24209001
24238960
24248742
24249938
24259605
24278618
24282652
24290884
24307183
24321003
24328429
24340248
24341774
24344106
24346149
24347414
24365095
24397400
24397427
24487267
24498843
24516531
24531620
24541957
24545200
24575280
24579839
24583642
24594007
24653533
24658056
24664647
24715155
24784697
24855227
24888180
24963527
24982834
24986220
24986640
24991164
24991190
24996134
24996381
25006508
25008291
25021522
25025786
25034837
25035852
25039666
25057021
25073818
25087731
25104268
25121615
25174413
25188272
25193741
25213616
25255989
25268173
25310248
25324474
25347111
25359771
25401016
25401843
25405043
25407637
25424216
25432458
25454467
25454518
25467235
25483022
25496993
25551737
25568967
25571415
25600815
25622976
25638074
25641515
25675445
25683880
25689439
25717650
25725555
25732998
25753607
25756484
25769540
25814726
25835739
25842653
25857050
25858205
25863247
25867558
25870553
25874704
25933439
25934330
25946880
25998135
26025514
26028458
26048200
26055354
26073775
26092589
26095251
26135399
26163599
26175630
26175753
26178397
26179764
26190381
26203546
26209061
26211094
26222983
26227639
26262598
26279145
26317826
26323253
26341045
26341851
26342157
26362493
26363639
26402899
26415409
26420285
26423151
26425215
26431005
26441306
26475848
26496452
26503517
26539959
26559259
26564573
26587661
26590157
26598195
26603520
26605442
26673775
26701567
26743148
26751885
26775996
26776938
26783498
26794281
26819839
26828974
26858269
26882773
26887484
26890976
26898918
26899735
26907009
26908346
26921057
26936471
26976945
26990441
26996319
26997267
27010513
27025483
27031603
27071041
27090612
27115928
27185237
27205700
27220959
27277884
27282251
27287886
27346881
27349042
27364161
27365033
27407770
27414709
27448369
27455349
27471741
27474330
27509337
27528592
27557711
27571983
27600854
27627143
27638674
27676883
27697195
27698970
27703368
27709269
27738163
27764870
27774612
27843648
27860695
27864675
27869562
27884051
27930057
27980101
27999514
28015402
28066255
28070635
28076185
28111602
28111725
28117818
28132738
28174020
28188054
28216437
28247086
28264571
28320062
28321128
28333572
28364674
28366407
28373078
28396180
28410574
28416511
28433454
28462577
28474084
28522591
28524708
28527643
28531594
28551042
28553957
28584430
28588195
28589949
28591404
28636345
28655501
28657105
28659905
28675243
28717418
28750850
28759437
28779078
28811468
28873293
28882752
28892083
28897758
28904394
28929969
28932794
28969257
28989276
28997745
29015790
29032439
29033933
29059308
29061191
29063806
29066069
29087824
29114004
29119324
29122451
29126153
29173020
29173357
29181411
29239970
29247267
29249162
29273987
29274931
29307039
29323789
29337936
29362002
29362295
29382525
29389654
29413210
29432151
29439770
29441193
29455057
29456463
29482360
29484514
29485243
29485378
29534110
29552797
29577445
29578228
29593822
29606946
29619680
29624717
29635592
29637311
29637706
29644764
29651829
29666639
29689957
29700871
29712563
29749987
29750098
29750521
29754518
29756172
29767634
29770718
29788600
29841451
29841882
29842798
29845688
29847615
29859770
29861058
29894118
29912763
29921753
29936840
29949191
29987806
30006582
30057569
30110019
30138439
30140184
30144585
30147485
30233281
30316941
30339236
30377359
30387291
30403425
30404936
30406956
30417643
30419712
30475072
30480775
30515934
30522300
30539816
30560357
30565728
30585860
30596704
30654529
30711419
30740887
30742485
30780792
30803739
30812822
30823573
30840847
30871744
30872112
30874178
30906387
30913383
30950266
31013336
31064713
31090233
31090523
31167142
31212191
31223064
31225725
31227617
31234121
31254020
31263294
31273188
31283308
31296073
31334274
31381528
31385008
31385408
31436269
31450859
31460457
31473015
31535672
31550951
31570602
31599337
31607303
31651177
31654119
31700446
31709853
31729524
31736688
31761876
31780290
31838356
31838523
31843269
31853782
31855006
31887323
31887673
31917249
31962073
31973935
31974645
31978325
32013092
32019205
32038050
32060510
32108860
32114014
32117160
32120631
32145537
32159321
32169606
32174144
32187811
32202041
32220267
32221797
32256266
32256857
32270975
32278454
32290443
32293020
32302746
32319969
32320866
32330141
32347832
32368409
32373181
32374333
32385568
32406473
32419772
32446577
32457336
32478928
32494006
32500780
32502741
32521408
32533503
32551706
32558039
32572956
32610902
32621125
32643302
32693887
32699758
32703754
32704466
32775336
32776260
32776675
32784004
32796736
32807881
32834404
32845369
32854504
32856131
32856398
32883541
32913092
32918870
32921212
32945513
32974406
32987712
32992027
33020424
33115199
33197507
33249995
33309145
33333123
33333211
33336095
33355289
33370332
33391774
33455355
33492997
33499577
33516419
33589671
33663599
33678193
33720901
33753358
33796295
33804947
33821850
33823436
33879745
33891711
33915526
34025827
34037531
34041190
34104112
34110057
34111520
34200030
34217423
34267276
34270425
34337564
34421746
34473376
34476366
34535778
34536507
34648946
34710256
34747010
34768171
34772502
34811958
34818431
34858725
34865647
34877582
34922511
34925933
34937237
34946981
34949847
34996362
35001858
35018501
35029844
35061646
35107348
35182149
35241522
35283702
35299945
35319326
35325111
35329073
35350791
35362981
35390020
35402510
35429394
35456781
35465934
35473792
35547666
35555122
35635272
35658546
35660751
35712608
35719425
35784068
35795525
35797395
35834838
35881175
35923523
35960568
36053098
36060008
36082155
36083502
36094598
36125183
36137850
36180175
36180748
36189985
36190528
36209325
36214827
36231372
36250935
36252844
36306122
36350409
36360991
36374386
36392039
36404531
36415215
36420874
36475788
36494645
36499773
36504809
36533260
36544085
36672798
36675264
36675443
36683161
36745503
36760200
36774097
36888372
36904248
36970792
36999116
37030477
37031765
37032035
37047901
37071595
37091985
37094425
37100710
37138513
37143796
37146216
37174573
37183592
37206601
37218105
37241159
37243746
37309719
37342809
37345049
37345174
37357785
37358737
37402915
37404431
37413978
37428539
37435155
37468612
37471051
37518343
37540681
37546571
37551045
37565748
37573220
37584401
37595690
37607048
37648404
37687775
37701456
37727111
37744984
37751858
37789043
37790155
37804990
37839993
37843572
37844904
37845864
37862261
37878258
37898960
37912595
37916633
37925383
37933848
37941264
37944250
37955579
37973051
37985338
38016624
38019100
38019317
38019847
38025021
38028611
38084194
38085612
38094192
38131086
38135063
38260496
38262767
38264067
38299860
38345259
38350515
38392123
38402593
38430485
38444205
38464154
38464905
38465064
38471668
38472900
38493404
38527954
38600296
38624997
38637296
38650662
38666217
38666867
38695458
38700107
38795170
38801116
38813483
38864658
38865974
38876349
38877993
38909788
38924095
38931832
38935635
38936655
38938655
38966040
38967089
38970022
39073489
39075994
39092466
39093074
39096935
39102433
39145568
39152411
39165958
39200993
39205129
39217084
39222523
39226474
39236600
39252420
39269241
39273027
39274995
39284912
39301752
39310769
39312473
39322464
39332670
39337835
39338958
39350340
39361408
39365199
39368245
39427347
39440104
39440686
39444229
39481990
39487066
39498762
39503670
39527502
39531260
39532310
39542238
39543748
39594876
39602818
39606089
39633369
39645702
39677093
39680282
39691625
39712506
39734882
39755581
39757016
39765573
39779158
39785469
39815915
39823269
39826659
39842603
39848476
39857566
39869671
39887370
39901049
39921449
39923044
39923589
39932813
39950442
39996297
40031108
40043103
40062640
40065258
40066878
40140036
40152029
40156742
40169731
40196224
40224758
40235311
40246319
40274945
40301957
40301990
40329161
40336191
40338026
40355751
40362997
40404287
40408864
40413707
40418756
40427014
40463745
40494171
40545409
40545937
40552104
40561720
40579235
40678690
40683232
40719151
40767752
40802401
40803718
40823743
40827542
40829668
40861145
40872670
40894150
40917662
40921240
40970046
41005766
41060920
41074878
41097450
41108223
41133623
41139606
41177262
41213410
41217354
41220323
41247293
41253740
41298748
41346688
41359069
41359895
41368596
41370511
41373777
41375569
41377471
41406812
41484172
41493761
41511667
41517115
41519872
41525804
41613208
41614003
41617301
41667257
41670239
41704911
41716005
41737487
41744463
41763099
41774278
41807568
41830478
41841326
41909641
41930932
41955005
42022579
42030419
42070555
42117045
42123641
42127366
42149324
42152532
42159461
42172722
42176199
42177587
42242699
42245402
42250406
42261396
42295633
42304337
42308135
42331393
42345852
42347765
42351111
42354023
42356616
42372276
42375343
42397952
42446359
42452475
42497281
42542995
42555589
42557397
42578130
42585316
42589030
42593229
42598205
42604881
42645958
42648434
42741680
42780172
42820723
42828236
42856139
42861741
42902447
42922279
42927133
42941907
42992889
43022681
43027547
43028708
43054192
43057083
43066047
43066571
43067833
43072476
43086130
43125100
43134649
43139300
43161569
43171753
43172989
43200484
43253053
43254584
43268704
43288792
43298286
43299506
43368819
43371291
43424503
43439863
43457733
43532041
43569994
43600564
43619055
43619843
43643022
43643265
43655376
43686631
43693596
43700470
43738468
43750396
43753577
43800796
43809343
43821179
43822434
43842252
43855079
43871480
43888438
43907958
43916502
43926563
43977312
43988967
44005687
44015000
44036776
44044392
44052812
44053899
44071540
44096622
44121699
44125940
44131739
44169657
44193913
44208808
44219020
44246902
44257204
44259672
44312240
44312753
44319286
44334779
44365640
44409160
44409997
44410253
44434420
44453973
44464105
44468771
44471648
44481623
44482274
44484063
44502742
44506182
44513117
44532600
44612774
44641803
44643139
44745643
44774223
44778320
44793186
44825798
44850150
44875114
44895870
44899513
44958208
44980204
44996355
45016026
45028707
45056423
45073361
45073421
45076879
45167767
45212142
45223262
45229615
45233696
45234262
45239794
45263600
45269546
45295629
45316499
45326587
45335893
45363380
45374119
45407418
45421879
45441023
45443373
45452933
45501306
45509702
45545587
45558435
45621303
45621340
45643184
45676092
45690936
45696207
45698968
45701811
45736292
45800840
45826188
45827731
45830594
45860632
45860984
45916973
45927546
46012617
46114582
46125717
46149591
46155452
46207789
46223365
46225767
46240127
46247356
46282348
46291027
46293383
46317275
46318238
46319834
46369482
46385722
46391917
46405669
46428605
46435329
46439837
46480284
46483938
46485381
46505930
46526532
46571715
46577336
46596595
46635154
46649821
46668453
46672160
46700106
46725289
46766797
46780630
46808551
46837893
46869674
46920992
46943028
46963840
47009383
47022213
47040685
47067069
47077805
47105276
47111830
47147594
47206901
47221133
47285761
47309784
47362313
47412793
47441084
47474247
47520512
47522504
47548227
47558782
47585796
47588440
47656502
47660294
47670220
47674441
47685613
47690618
47719494
47721346
47756908
47765660
47800612
47801187
47838465
47894071
47973117
47981126
47986974
48011989
48028911
48046590
48071414
48130433
48132021
48166782
48187756
48192552
48237411
48264453
48316767
48387031
48406693
48408239
48416309
48430163
48436610
48483196
48532419
48553193
48554307
48649696
48686781
48703016
48707255
48736727
48763759
48794047
48802885
48847871
48871720
48880746
48901636
48911426
48945486
48979808
48984800
48986742
48994258
49039839
49053474
49066490
49124774
49167943
49186957
49198910
49222526
49269978
49283117
49342408
49412818
49429382
49501197
49502871
49543276
49543619
49548988
49563077
49570963
49598898
49608352
49628479
49649070
49676397
49695540
49709373
49753536
49755330
49784827
49801992
49854049
49858588
49865615
49897813
49898836
49902852
49912794
49919758
49922446
49940103
49959155
49966831
49979759
49985336
49996206
50047453
50078545
50106792
50106925
50108660
50115139
50115500
50143339
50201454
50206713
50215537
50222241
50230880
50258080
50277850
50310413
50325192
50358955
50359645
50378406
50383495
50425489
50450091
50484256
50524892
50654386
50668256
50689331
50689756
50713602
50723219
50733496
50735041
50748952
50760043
50773327
50780579
50877990
50879505
50895673
50895696
50901290
50941348
50960747
50995984
51017039
51077459
51079426
51102297
51115052
51129029
51162700
51227990
51228309
51261199
51296031
51312063
51367157
51373296
51392129
51407659
51466039
51466289
51531487
51542707
51566604
51579593
51589402
51652204
51666644
51676686
51683475
51746961
51774997
51779574
51862337
51875614
51878381
51903329
51952301
52009942
52054239
52061518
52163096
52186602
52204736
52283522
52283650
52302168
52307072
52335178
52338488
52364428
52404456
52428753
52492859
52503254
52503756
52545503
52568453
52576848
52594271
52611116
52617413
52706155
52753333
52760658
52772396
52832225
52838689
52862172
52902816
52913992
52930205
52944301
52970801
52980631
52995186
53001697
53005079
53044498
53059831
53063068
53086366
53125572
53159497
53183191
53220119
53284025
53294286
53384378
53385739
53422902
53460686
53465386
53482617
53491655
53506640
53620883
53627040
53627552
53691616
53707401
53786455
53831279
53854793
53988818
54122491
54251579
54263896
54264182
54268112
54327392
54366927
54391850
54434456
54444525
54470565
54516972
54568058
54579575
54666864
54732470
54753990
54759021
54761872
54793847
54824714
54842919
54853144
54858095
54950968
54977234
55039286
55046608
55082773
55087282
55137835
55142804
55234781
55262062
55304332
55347670
55374650
55375962
55383097
55402392
55407368
55429401
55467858
55564367
55565621
55588718
55603111
55626508
55644665
55646115
55692624
55731232
55771910
55777202
55792062
55834959
55851410
55878749
55880308
55909495
55929390
55932484
55955187
56002847
56013267
56020221
56042334
56045819
56052301
56054829
56057234
56077459
56082814
56099670
56155331
56157367
56186207
56219083
56248206
56300228
56317548
56337666
56365535
56414720
56440661
56447242
56447803
56451595
56462572
56480608
56497272
56511967
56529531
56549601
56585776
56614531
56672191
56796657
56805233
56819526
56863234
56887482
56899365
56957313
57093302
57113178
57159159
57168222
57205235
57293675
57297757
57325022
57350986
57372072
57373147
57374929
57391446
57431825
57434717
57435244
57436914
57437301
57445991
57451144
57487967
57499391
57510185
57525833
57547318
57559064
57599613
57629817
57635292
57678762
57694267
57715306
57749201
57751831
57771266
57772302
57774800
57789934
57824799
57907880
58000337
58015548
58022545
58054909
58070456
58079748
58094318
58107201
58113952
58123735
58137295
58146021
58148906
58154166
58166481
58180005
58182358
58189582
58192685
58218257
58230210
58246675
58276079
58285404
58290895
58305039
58308494
58375838
58398876
58400504
58422353
58425320
58451873
58488370
58488662
58489605
58491435
58515338
58517860
58524328
58551665
58554158
58580644
58606991
58639533
58681450
58695553
58703345
58720433
58720874
58742738
58743283
58791030
58843860
58853649
58860792
58905565
58911070
58918352
58960512
58990248
58994131
59002091
59027581
59038790
59042589
59073519
59076687
59117935
59123495
59152112
59155120
59172190
59243574
59259717
59307990
59314757
59329888
59365673
59374739
59396996
59406604
59409518
59411665
59421122
59430779
59431844
59443019
59455775
59464595
59512446
59525874
59559542
59593971
59609900
59613810
59618640
59625645
59648364
59666669
59672048
59713928
59727034
59787907
59850596
59913361
59952569
59958692
59959886
59963635
59980416
60021649
60047228
60055556
60070507
60073865
60086040
60093129
60109865
60117242
60126708
60130630
60160440
60173422
60189418
60193259
60256478
60332171
60341406
60351067
60353003
60358695
60432437
60522480
60541006
60598367
60604843
60608204
60631254
60631637
60664010
60698045
60702414
60727365
60739018
60761917
60773972
60775809
60836683
60838575
60843476
60858397
60889771
60890482
60905878
60968122
60974150
60976619
61026890
61045927
61048579
61056736
61104470
61112139
61114869
61118074
61122899
61175456
61180219
61181570
61199594
61201660
61208117
61223149
61235645
61235836
61236847
61282723
61330134
61336822
61353844
61362516
61365828
61396549
61407782
61421705
61456350
61471990
61486298
61516372
61524898
61569057
61580620
61619893
61632264
61667789
61685344
61689564
61709507
61721436
61728848
61751064
61761734
61761846
61762235
61770577
61771305
61772000
61774793
61791017
61797609
61854661
61875479
61889290
61899420
61916951
61948334
61960298
61967836
61979734
61983039
62017316
62020827
62057864
62087593
62091235
62092318
62092502
62104041
62144118
62152803
62169783
62180034
62185322
62221142
62223468
62227274
62234222
62234249
62240854
62254344
62280297
62306839
62387959
62425973
62452196
62470756
62476902
62477243
62569668
62588288
62595613
62602354
62606658
62649048
62668414
62688066
62701270
62709761
62750965
62773788
62776146
62779280
62799704
62819617
62830834
62832669
62836542
62846824
62917159
62942922
62990092
62995246
63040503
63044729
63070011
63082444
63083295
63136329
63138230
63202819
63206071
63225757
63246481
63256728
63265719
63283580
63338430
63364440
63405641
63421294
63427882
63467828
63475352
63475513
63486683
63487897
63493995
63547070
63557768
63559257
63607048
63622987
63627001
63630803
63658343
63673923
63676231
63677864
63714215
63728776
63737690
63790096
63795902
63796402
63836460
63946335
63955065
63979000
63982247
63984742
63997762
64006168
64028341
64049506
64050575
64054728
64066995
64093430
64107790
64173177
64177774
64204128
64263704
64294505
64306868
64325818
64344504
64347277
64347547
64360474
64374554
64382650
64397497
64408168
64489199
64508634
64520071
64532137
64539393
64547844
64572304
64577560
64594474
64601625
64705626
64726225
64742051
64746494
64774182
64791930
64797898
64835488
64903948
64929100
64958825
64963128
64964949
64972390
64987610
65085223
65090157
65174729
65187353
65193649
65221669
65239290
65319894
65394056
65397232
65438025
65457771
65469753
65490373
65495569
65524475
65535081
65545853
65564087
65595003
65609661
65611493
65629068
65634853
65648709
65661836
65685201
65699654
65706231
65710084
65726714
65775986
65782740
65798779
65923593
65999460
66041677
66059643
66062788
66083945
66119678
66129410
66136675
66164540
66177259
66198246
66296677
66392829
66409253
66424163
66428051
66451441
66455738
66477016
66513919
66523259
66531195
66571713
66633581
66691169
66699279
66701755
66716681
66734163
66736821
66740242
66745052
66748295
66758902
66769885
66781404
66784714
66795780
66796923
66820316
66858940
66863591
66870226
66870740
66872989
66923930
66954913
66959229
66992582
66998933
67023899
67033442
67093048
67099564
67121147
67128063
67132561
67133214
67147712
67198896
67243489
67262400
67264867
67273598
67295148
67329010
67335352
67341984
67347906
67396788
67402941
67436669
67439453
67446847
67454921
67467648
67494945
67556569
67564224
67585345
67590147
67601501
67616500
67663110
67668951
67680536
67684641
67697221
67705182
67708322
67712124
67722371
67739458
67740892
67757093
67773567
67792005
67849058
67868538
67870398
67876607
67890965
67901229
67912303
67916986
67996924
68000637
68007231
68046483
68098048
68109310
68137614
68144285
68148897
68157247
68169253
68191385
68205218
68223746
68241354
68244799
68252047
68255137
68257310
68275555
68290925
68292149
68292236
68293816
68294048
68295551
68300385
68302865
68305313
68315992
68316513
68322042
68323545
68325279
68334827
68348773
68364607
68365029
68365616
68372559
68376963
68379151
68389845
68393630
68439201
68440947
68441024
68483834
68544059
68565396
68582520
68585854
68595841
68632742
68651650
68657382
68677347
68681059
68699278
68703559
68714241
68732842
68739255
68757664
68794559
68796509
68840412
68906529
68923347
68943584
68969806
68970588
68990442
69008276
69017731
69050280
69154122
69160392
69178173
69180584
69230609
69280264
69308192
69357608
69363077
69388111
69395822
69417481
69469478
69547050
69562807
69600012
69610374
69660486
69700223
69709277
69718566
69749759
69796336
69845364
69871322
69926465
69942211
69955896
70021832
70022819
70029908
70063216
70090647
70150136
70150384
70176063
70181284
70199111
70309168
70353618
70365157
70414994
70419951
70458114
70484165
70491750
70515248
70565431
70676499
70688481
70736710
70757634
70776369
70792373
70931054
70935913
71047801
71081883
71124566
71205802
71219375
71297038
71388462
71399245
71440773
71456157
71548744
71640044
71650296
71651455
71658006
71740210
71752607
71795438
71810142
71937842
71969529
71990373
72000208
72165030
72169204
72185114
72210183
72219796
72257407
72287867
72306228
72390570
72395783
72465153
72483967
72490700
72496716
72507730
72610286
72638889
72660523
72679719
72708818
72720069
72824123
72841307
72841431
72881075
72935841
72976460
73016082
73030746
73058686
73167387
73244168
73246291
73262804
73286174
73310849
73316267
73316894
73334419
73343303
73379721
73465491
73486231
73533801
73534687
73540000
73552223
73587732
73616951
73621565
73639685
73643650
73664589
73686601
73693492
73700153
73763055
73765102
73793425
73802298
73806256
73811140
73812431
73812844
73859563
73886133
73924839
73945994
73956857
73959635
73989302
73999100
74057588
74067065
74224879
74286005
74287851
74346997
74402416
74504468
74511102
74623532
74672117
74687318
74690740
74693590
74717591
74755080
74782575
74886841
74896789
74926001
74946585
74976558
74978876
74979953
75012011
75031892
75034320
75041616
75044106
75046513
75099112
75138084
75156397
75170403
75175882
75208682
75211068
75222441
75243127
75246919
75263673
75264932
75275433
75321986
75392898
75479214
75502619
75538816
75559921
75597327
75627075
75629213
75713554
75762115
75789535
75817094
75872026
75875297
75913161
75986207
76000251
76004056
76026520
76066288
76073121
76100967
76116095
76152365
76193233
76223765
76327290
76368585
76401323
76484593
76518800
76607824
76642906
76656909
76659771
76692886
76702459
76775450
76785828
76822677
76868673
76902274
76937923
76995184
77000786
77067019
77098992
77115281
77119491
77123504
77150673
77156113
77189232
77212593
77227407
77244230
77277484
77278216
77279110
77296719
77326128
77326130
77341842
77360209
77376706
77386702
77419632
77423436
77427631
77441168
77454386
77462353
77471069
77484801
77523423
77527694
77540564
77545167
77550159
77573839
77574358
77576867
77577999
77588430
77596048
77603680
77610537
77625970
77648432
77656856
77657614
77676527
77694731
77709237
77720072
77730993
77742610
77746834
77750355
77764881
77765748
77770000
77770610
77778447
77784273
77789711
77793095
77811850
77818402
77830512
77835264
77836373
77838095
77842223
77856878
77879090
77886147
77890226
77893234
77912050
77913615
77925971
77937710
77947388
77962088
77977569
77990735
77993357
77996469
77997267
77997616
78000879
78004755
78005615
78027344
78040144
78055058
78061325
78061771
78075827
78090062
78098703
78103231
78103411
78107920
78112719
78135885
78137010
78169201
78183312
78189261
78199374
78201837
78213083
78215236
78228781
78237715
78239279
78242169
78267379
78273325
78278606
78286851
78303219
78308703
78322832
78323668
78330065
78343537
78362584
78407092
78417872
78433075
78455918
78466995
78485445
78489868
78510610
78526799
78532364
78540211
78547175
78555340
78602375
78619628
78631180
78631761
78653844
78669268
78680883
78687117
78690082
78697574
78708750
78719056
78742387
78764588
78766204
78780800
78782700
78786253
78791412
78792752
78809042
78814988
78819468
78831955
78844301
78852360
78856460
78859774
78862617
78876115
78887208
78896841
78902208
78905805
78937888
78940568
78945612
78957203
78965825
78966509
78970836
78974455
78980461
78998690
79025204
79031923
79044351
79067312
79104620
79112973
79113932
79114130
79129964
79138867
79164732
79165961
79183538
79198256
79220685
79226939
79230484
79246515
79254060
79282693
79301387
79303861
79340468
79347572
79376685
79379852
79383415
79386068
79397722
79401019
79402162
79502862
79517069
79551312
79554129
79565300
79566924
79578293
79586191
79599836
79646338
79700113
79701077
79711659
79712147
79714853
79714965
79717124
79727573
79737127
79746558
79752761
79764277
79768012
79800372
79807851
79817191
79827216
79829164
79843962
79844149
79845478
79869253
79876180
79883049
79883892
79905332
79910851
79922591
79926115
79933967
79949676
79989797
79999215
80002826
80040294
80041931
80066853
80079388
80087573
80090037
80095871
80096510
80099509
80102069
80127161
80142608
80143810
80144014
80146133
80162603
80168108
80173612
80203059
80290112
80304336
80307559
80328173
80367286
80420155
80421929
80433227
80436978
80459773
80465146
80485135
80496236
80521910
80530378
80531286
80531733
80547509
80554277
80561280
80566757
80589773
80593546
80633354
80641774
80656460
80661195
80665739
80704373
80750101
80756181
80758101
80768027
80775135
80790618
80829318
80832362
80844566
80864246
80876943
80881205
80906835
80916650
80922143
80929457
80957046
80966774
80967747
80989898
81003102
81029747
81044751
81046764
81099855
81108782
81123254
81154887
81169142
81228837
81246410
81290375
81301047
81301067
81322349
81325883
81338679
81339162
81353417
81375946
81400842
81408091
81428137
81447774
81448106
81451306
81454172
81466503
81481659
81487708
81489847
81500594
81532137
81534199
81557900
81566858
81584650
81594167
81596438
81615511
81632361
81639976
81650199
81654518
81656823
81656969
81675128
81682331
81683235
81684388
81773554
81776694
81785359
81798953
81811043
81813610
81816151
81825917
81844984
81864873
81871767
81908817
81925366
81951567
81960599
81964606
81971369
81979178
81994749
82006279
82043072
82044105
82054569
82091202
82104405
82119657
82125476
82130410
82143705
82147625
82174935
82177129
82178647
82223323
82228023
82231529
82253262
82271129
82292779
82302281
82318408
82325687
82332311
82364247
82364987
82395721
82414504
82430249
82432446
82485012
82487265
82519329
82557496
82578485
82586519
82593184
82599606
82612841
82636748
82640589
82689815
82690064
82696385
82698155
82720151
82729943
82744228
82766967
82784695
82791169
82832151
82866088
82867407
82873496
82907279
83021192
83024361
83035627
83059862
83060651
83073912
83114523
83156776
83157258
83161528
83166527
83169676
83178968
83182200
83206232
83208749
83225613
83240970
83241512
83253577
83257496
83279380
83280296
83281352
83282525
83294936
83302536
83307305
83314921
83320037
83339304
83356169
83362776
83365445
83417858
83435474
83484809
83500360
83524488
83542904
83544807
83563066
83570515
83574764
83575336
83580792
83589000
83618368
83640191
83647295
83651751
83686705
83737732
83745221
83787243
83805640
83815385
83822407
83832488
83843892
83845979
83860392
83862549
83865320
83894373
83897107
83899000
83907912
83938887
83950582
83976711
83978985
83983448
84017560
84018743
84051705
84052808
84071314
84074389
84093465
84160793
84166068
84172512
84173224
84177991
84207862
84210201
84237767
84243430
84243628
84245135
84268735
84272647
84275431
84279786
84287847
84288328
84312264
84318392
84325582
84341145
84364787
84367784
84430521
84442185
84454240
84491895
84513878
84543206
84546346
84548953
84561735
84567961
84581753
84618506
84635591
84638342
84656832
84659636
84675773
84687799
84703382
84750809
84775833
84779688
84792878
84831078
84831512
84845817
84891021
84894839
84900454
84905241
84947066
84955592
84966426
84979448
84995353
85007047
85014316
85015481
85024422
85032496
85035925
85037158
85038681
85054937
85067770
85072714
85093833
85100071
85100718
85108742
85138510
85141625
85185076
85185442
85211311
85212678
85231522
85238656
85270728
85281191
85282450
85291092
85360414
85362080
85374586
85382617
85383450
85401914
85432921
85451084
85499034
85514637
85547325
85555674
85556710
85574950
85607174
85635635
85639483
85646874
85686889
85733018
85748122
85765861
85811831
85827046
85829605
85852411
85856199
85856614
85882917
85918107
85929844
85934821
85939826
85942474
85955220
85957887
85977466
85993274
86000698
86017019
86019451
86024773
86028601
86055610
86068680
86071802
86106309
86106542
86113304
86116155
86121099
86121190
86124750
86153093
86157114
86180805
86186362
86208504
86218715
86277018
86308704
86319419
86340326
86357595
86389851
86390967
86408555
86416318
86426079
86433829
86459035
86468534
86477992
86481403
86484902
86497691
86497989
86515890
86532250
86545312
86550972
86555654
86559973
86560453
86582746
86614310
86620614
86667192
86685178
86686578
86749564
86766198
86771515
86793724
86804469
86818724
86824260
86840134
86853638
86855040
86883653
86909116
86915259
86921146
86932251
86955087
86965381
86974437
86981180
87039515
87060475
87065800
87072549
87078459
87088480
87090852
87105052
87107708
87109151
87129301
87153081
87157403
87161915
87168965
87188091
87211405
87219248
87229829
87234566
87241217
87274886
87283834
87308508
87362086
87380381
87390915
87392029
87404210
87428348
87442595
87457605
87466876
87469979
87470350
87482203
87491616
87505309
87523205
87527717
87530688
87531823
87547162
87555940
87563812
87580822
87586213
87586276
87597955
87607900
87609860
87626111
87628613
87632100
87635043
87650075
87657115
87664852
87680538
87683432
87685117
87690610
87695589
87706812
87715139
87746085
87763523
87765470
87782811
87810941
87819182
87833176
87839669
87852157
87875453
87893813
87905091
87908573
87933531
87945380
87977438
87982909
87989188
88000002
88005924
88010819
88016806
88032228
88049539
88061792
88091202
88096190
88098171
88105311
88120285
88121091
88132382
88142368
88149925
88163838
88191074
88191131
88209341
88210273
88210288
88220001
88222338
88222499
88226783
88233726
88237341
88239235
88242205
88242837
88274114
88276772
88290203
88295042
88298963
88300418
88303093
88342756
88349713
88351971
88359006
88359132
88369750
88371389
88382782
88396213
88400606
88423557
88432995
88438712
88445514
88477373
88477601
88497346
88501410
88545057
88554814
88559522
88561664
88566017
88568131
88573374
88592173
88600285
88606097
88615616
88639489
88639806
88658339
88669412
88685919
88688126
88710558
88717985
88727993
88737724
88756832
88758691
88761824
88773473
88782083
88796725
88801824
88803235
88811134
88813278
88816891
88838336
88841731
88851175
88857054
88866377
88869466
88870145
88873056
88883646
88891840
88905333
88907327
88919617
88921437
88933955
88938461
88944031
88946414
88946639
88953985
88964927
88971233
88975488
88980224
88988979
88992958
89003592
89013631
89017373
89019550
89026207
89030974
89031526
89063170
89067095
89073090
89089953
89099586
89130941
89146850
89159585
89174433
89176447
89185822
89219744
89248770
89254303
89270977
89277501
89278750
89287318
89312191
89321129
89326817
89326942
89329535
89339071
89371233
89375649
89386688
89411213
89422555
89433884
89453182
89491360
89501059
89503372
89514779
89519712
89527904
89539779
89548400
89554815
89556193
89567689
89571303
89573692
89599581
89600511
89609366
89618501
89624747
89634902
89637701
89645157
89654430
89656001
89672091
89697919
89722655
89723647
89731373
89747202
89760854
89793119
89805888
89836542
89849567
89864447
89868801
89871089
89873792
89878495
89892952
89897655
89900070
89921662
89960929
90016737
90049449
90086400
90094917
90110753
90123516
90127628
90134883
90187168
90204160
90219268
90268657
90276678
90281602
90306453
90310594
90321082
90351871
90368673
90424327
90452864
90458126
90459141
90470301
90509946
90537248
90585193
90593606
90633571
90665210
90669032
90702512
90734393
90736875
90792177
90799909
90815925
90819143
90881442
90914938
90982076
91188502
91276256
91300535
91339508
91351190
91366146
91380324
91407259
91468298
91495494
91499294
91559428
91592938
91655286
91659021
91740629
91747748
91790497
91820489
91821048
91826538
91909030
91990413
91991537
91993875
91994582
92013792
92035603
92037029
92045869
92052328
92139481
92188473
92214832
92220059
92243254
92256167
92286482
92290528
92304990
92313162
92316076
92328049
92372728
92388570
92417847
92444107
92471682
92533537
92550752
92565532
92654238
92693543
92708020
92709548
92712938
92739650
92741064
92810066
92855046
92871321
92886871
92887078
92938074
92938746
92994725
93045203
93050632
93100434
93115360
93119462
93187834
93248672
93251066
93289108
93325017
93436313
93517181
93549039
93555187
93556661
93577919
93612861
93672585
93692628
93754025
93818793
93828383
94043147
94053024
94155204
94177188
94233920
94297981
94324730
94374728
94438712
94545050
94579990
94602366
94612553
94621685
94680215
94752025
94755372
94760728
94767798
94795466
94887484
94904742
94904923
94943102
94959847
94968971
95019588
95020999
95176390
95202872
95238814
95318623
95349501
95372903
95412421
95613028
95670619
95835480
95855965
95877606
95934407
95935152
95967391
95988957
96012737
96020549
96122479
96154601
96264656
96269133
96315625
96344010
96543227
96590570
96591581
96592337
96643129
96740240
96824217
96857519
96886747
96890433
96961248
97066418
97155911
97216218
97238607
97303208
97434095
97510785
97558065
97676336
97693232
97697196
97700453
97726926
97745990
97755009
97755747
97824760
97836902
97846674
97873168
97882777
97896498
97903795
97906175
97908304
97909798
97932818
97934479
97939556
97941808
97966398
97978959
98033168
98045438
98081938
98091725
98092786
98204176
98238811
98241793
98251917
98267944
98326157
98373017
98382103
98390607
98391743
98404336
98530087
98576079
98576527
98580274
98598491
98600427
98632754
98632944
98661229
98662163
98669752
98709241
98723347
98740147
98743435
98751310
98755154
98773383
98783952
98791945
98845281
98855489
98894478
98898740
98905036
98918969
98931353
98940803
98980003
98989677
99076564
99083200
99192590
99239132
99254190
99316358
99325266
99325464
99368917
99380689
99384238
99419022
99429333
99466954
99492712
99505345
99524385
99542235
99583476
99592082
99628108
99669325
99682895
99712785
99746800
99756847
99791892
99794819
99831374
99839759
99851757
99877627
99967588
99995252
100017343
100060450
100073406
100076506
100145292
100166621
100203327
100245031
100270564
100281901
100294332
100390287
100396602
100399850
100402778
100411410
100429954
100439151
100466675
100490154
100509210
100520113
100570497
100598677
100599707
100616523
100637211
100655347
100662303
100688221
100715402
100731642
100736844
100775765
100786384
100793398
100829180
100848813
100874779
100895710
100904814
100940498
100950299
100965575
100971639
100979355
101047595
101069280
101074154
101084701
101111469
101118971
101139646
101152155
101175310
101175686
101205014
101210442
101249580
101253073
101260470
101336037
101389129
101410291
101410508
101415479
101495188
101505774
101507695
101513510
101549652
101575017
101578035
101609494
101640137
101674993
101688791
101699300
101781599
101783312
101784425
101798798
101799024
101844718
101851980
101898189
101946889
101947102
102035531
102079300
102115562
102199406
102308124
102315159
102320491
102322108
102345037
102377407
102388710
102395617
102406324
102412175
102420459
102429128
102446597
102492809
102499510
102504585
102507274
102514005
102521410
102529219
102542212
102549493
102552683
102602287
102664931
102685097
102699561
102710580
102720751
102735693
102740930
102788073
102919436
102937718
102965586
102998107
103007671
103013024
103027160
103058762
103074076
103110345
103131664
103153353
103168693
103173869
103276754
103283755
103300946
103319381
103348568
103374253
103387242
103446924
103481823
103484458
103488799
103497355
103527106
103554067
103575063
103627381
103655327
103670679
103675085
103715665
103740119
103747583
103780819
103809731
103825168
103905320
103923927
103930984
103941450
103965057
103972487
103985019
103992148
103994072
104059207
104074367
104087115
104094129
104109074
104154784
104170983
104193892
104208819
104229550
104283696
104284694
104298497
104298775
104346165
104358100
104390925
104435190
104458226
104467756
104477640
104517049
104569449
104577290
104612519
104628974
104649321
104664204
104710906
104711690
104742744
104756142
104756691
104779370
104802415
104820370
104822375
104832209
104844106
104853943
104899007
104902963
104955811
104976949
104991224
105012754
105019212
105024139
105078668
105101267
105117583
105154336
105177851
105189177
105271064
105272139
105285214
105332872
105352736
105443430
105473966
105535976
105561346
105574869
105673784
105691110
105692498
105823156
105827320
105839189
105854094
105905934
105924816
105926962
105950737
105970354
106000219
106001458
106022647
106041009
106085589
106194679
106196058
106236449
106275786
106286970
106292602
106295766
106336895
106389209
106405363
106448167
106448246
106484474
106511225
106525772
106539474
106582554
106593139
106664997
106726605
106736312
106758729
106788523
106826457
106860749
106911527
106957007
106981275
107051989
107059942
107072228
107075528
107088666
107183668
107187340
107272150
107293476
107294340
107304173
107362107
107402120
107409463
107489238
107566874
107603141
107647430
107659128
107673273
107716328
107721029
107721167
107737000
107740856
107744531
107786853
107807785
107870394
107874745
107882121
107896745
107929048
107931477
107985629
107985768
107998458
108020915
108038290
108062528
108069498
108071435
108211762
108226743
108236842
108265570
108298046
108305190
108348522
108369291
108375481
108424452
108446522
108463524
108489634
108592194
108595695
108630707
108642820
108654271
108703165
108709211
108721929
108763763
108767611
108787656
108795514
108806355
108811159
108811854
108834313
108836388
108854083
108896190
108925190
108945828
108946401
109041531
109046886
109113540
109115519
109150551
109165569
109171953
109249205
109255150
109297795
109305372
109317861
109349415
109406753
109454008
109472605
109525310
109535204
109543451
109557504
109575479
109578785
109734188
109802086
109813164
109823025
109830574
109832400
109874628
109888037
109903977
109924514
109929371
109946654
109964820
109985300
110035948
110089308
110109146
110122432
110123430
110130064
110144325
110149733
110157411
110182560
110254237
110273635
110332451
110345666
110355651
110360281
110363435
110365192
110367688
110415223
110423809
110500318
110525146
110543200
110576881
110590344
110616315
110629214
110677629
110741789
110755809
110759018
110793040
110793480
110797008
110799704
110874912
110890661
110952576
110953275
110979801
111019974
111048414
111052100
111059876
111063742
111066489
111090753
111094406
111117822
111142680
111159333
111254433
111255119
111277165
111290706
111299597
111314331
111344330
111350336
111383925
111384908
111454928
111455685
111466474
111477432
111550032
111550118
111592706
111598300
111628870
111748242
111822241
111874050
111883241
111948275
111957573
111960583
111988355
111998292
112020218
112061972
112071169
112094830
112102179
112111817
112148952
112152902
112175344
112178570
112178691
112182871
112183736
112190954
112220266
112258135
112307140
112325430
112326769
112336869
112415184
112462399
112463973
112488452
112511331
112513902
112596603
112596953
112601746
112614433
112635286
112664526
112665605
112678232
112693198
112699693
112708276
112721800
112729051
112787771
112843922
112854117
112860203
112870368
112885736
112913030
112931899
112953219
112960132
112999317
113023296
113047015
113048487
113075592
113090908
113145947
113161596
113165364
113211785
113219692
113244574
113250916
113266626
113272291
113307338
113362721
113398783
113432398
113458331
113472105
113509435
113540866
113544740
113566000
113579084
113596233
113677086
113678778
113688909
113716021
113769190
113769413
113802953
113867020
113868769
113878569
113880325
113978211
114006903
114023173
114052298
114075744
114097565
114099040
114115331
114129701
114144242
114147556
114179006
114250895
114265057
114285568
114291658
114303868
114323579
114326934
114373545
114393492
114401945
114402366
114407002
114436246
114543095
114564128
114613688
114627454
114635601
114657216
114680161
114697894
114716422
114728053
114763617
114768077
114816840
114822402
114860260
114907157
114926465
114932322
114980412
115011117
115022270
115026074
115094391
115100979
115117497
115166528
115174005
115184808
115215041
115220588
115222433
115227715
115240077
115327238
115337316
115358505
115386306
115419651
115449919
115451269
115467134
115488340
115491404
115573000
115594208
115602237
115636870
115644740
115721535
115759354
115826166
115846954
115884681
115887767
115891490
115913694
115943529
115974119
115986947
115993806
116014634
116035224
116057799
116062419
116067399
116106473
116114531
116166679
116176800
116180935
116197898
116242050
116332900
116350641
116369574
116400145
116410697
116430591
116470589
116528009
116555453
116693925
116741745
116744128
116752643
116770946
116824798
116854399
116877609
116885375
116926942
116950872
117033234
117034876
117065516
117070933
117156226
117283099
117326848
117332862
117338518
117364217
117370328
117431812
117528503
117528648
117533844
117556180
117568594
117597737
117608910
117632232
117647931
117693014
117731551
117744692
117788438
117804027
117819357
117846646
117851346
117893810
117894434
117902046
117908570
117909603
117996282
118050078
118059186
118145727
118184430
118227253
118270389
118418727
118439191
118442595
118484217
118582659
118586931
118627245
118630679
118750737
118838052
118843821
118878102
118897158
118910354
118918188
119165741
119170299
119209916
119257338
119261236
119268667
119318569
119440846
119442126
119477870
119504440
119516998
119531190
119534570
119630918
119639340
119682890
119720873
119798224
119801741
119808781
119842208
119916240
119927083
120036749
120049861
120075104
120148023
120234918
120294423
120428271
120459044
120460471
120492086
120545850
120558643
120568388
120599640
120611644
120650297
120671577
120726282
120729000
120786600
120800133
120800541
120819619
120820637
120902939
120995685
120996067
121000956
121001567
121010757
121077733
121085537
121106405
121111325
121120625
121150190
121176197
121210167
121217896
121298323
121326975
121350329
121353830
121357365
121370732
121378840
121409401
121418294
121429952
121438066
121475322
121524293
121589090
121608633
121621450
121655973
121694136
121698750
121712136
121777785
121790454
121791176
121869134
121901485
121907526
121912826
121953794
121978775
121983176
122014392
122029165
122041407
122047996
122082332
122109923
122120899
122148490
122155099
122169422
122173091
122197518
122225125
122246643
122362572
122373779
122402593
122454015
122686221
122724468
122730208
122730446
122742250
122749926
122764000
122791773
122802042
122802811
122811706
122832846
122846522
122867832
122925651
122958945
122996996
123017593
123046260
123059210
123078637
123103067
123114360
123130993
123139675
123179411
123231543
123279322
123327395
123343034
123344152
123403220
123418897
123425909
123493355
123535646
123549101
123620344
123646226
123656902
123669908
123706592
123722906
123735162
123744748
123753954
123764111
123792962
123819887
123858561
123861848
123917669
123990693
123998053
124049142
124050530
124060069
124062226
124086361
124134115
124295065
124353314
124412414
124443149
124584397
124613179
124630399
124642388
124710572
124781147
124920275
124968192
125035115
125062012
125111917
125126821
125129956
125191203
125196702
125212287
125264778
125293533
125298013
125331155
125352850
125365569
125483681
125497180
125568134
125606451
125607076
125623786
125657287
125677563
125731502
125739706
125749057
125874624
125882816
125907509
125930690
125941570
125947778
125991472
126036174
126054056
126157486
126163708
126174461
126245214
126310373
126358749
126360808
126397880
126427331
126436524
126444453
126485630
126517694
126528698
126538117
126573377
126583218
126585502
126604048
126608863
126655930
126667016
126678324
126716271
126755124
126766159
126773303
126835470
126847566
126910897
127000244
127021141
127044840
127059413
127085664
127092391
127109600
127109616
127118459
127141041
127142040
127148464
127209853
127215937
127257061
127257573
127350513
127354208
127382133
127385395
127393837
127467090
127548607
127554847
127573103
127693490
127697206
127702624
127702683
127719457
127747454
127783336
127796911
127851944
127867519
127880269
127922696
127927802
127943365
127946427
127995341
128058396
128180286
128226812
128262569
128276176
128276959
128286143
128308828
128379117
128478295
128499082
128570148
128749258
128755823
128760797
128765713
128819525
128822211
128881117
128913041
128921782
128923341
128962947
128969603
129014545
129046399
129048459
129084374
129114884
129115939
129140802
129171485
129173603
129251283
129334048
129347393
129352043
129385819
129395791
129397254
129406412
129452984
129461744
129488847
129671586
129722092
129788950
129942671
129984419
130220016
130259556
130263083
130320717
130344080
130524780
130557711
130604904
130707233
130722016
130732737
130742183
130757102
130769771
130784990
130809852
130822357
130854088
130862858
130869928
130913414
130945930
131042522
131082440
131090473
131114167
131118160
131127043
131128036
131167161
131177358
131192401
131224422
131252728
131294511
131298541
131330739
131367367
131368299
131370345
131454130
131469486
131497466
131507664
131525266
131558399
131581230
131622579
131664013
131686953
131704107
131739505
131767755
131785505
131824098
131838277
131840089
131843252
131848135
131941405
131998859
132010509
132013143
132025912
132031413
132058100
132064150
132162715
132261048
132263468
132266859
132308876
132432610
132448135
132502846
132514565
132631554
132637754
132660442
132682969
132781769
132782673
132842775
132890504
132901458
133009551
133015242
133050162
133134070
133238883
133315946
133322382
133347631
133350503
133450156
133468489
133484434
133567414
133642963
133682164
133717336
133768008
133786141
133803748
133805452
133864718
134156214
134173204
134190854
134200784
134203798
134216620
134216727
134224782
134263304
134314381
134346101
134461067
134493323
134580236
134600902
134609649
134624595
134639238
134646211
134664898
134672344
134691577
134716493
134718965
134782135
134801711
134882011
134882703
134938094
135019576
135046048
135051408
135051785
135062232
135150692
135181005
135211118
135264538
135287333
135395375
135425139
135517968
135536062
135551537
135559225
135575035
135579783
135587221
135604442
135673638
135691693
135711999
135748584
135801397
135805516
135825555
135827692
135831372
135908832
135910567
135951876
136001481
136001683
136031449
136047198
136171154
136183658
136204758
136208539
136217738
136243481
136311512
136337987
136387588
136412284
136451819
136465178
136523510
136539951
136572298
136644356
136697366
136698378
136740309
136772862
136791491
136827101
136882862
136903405
136956485
136999830
137043655
137087324
137115000
137144333
137203677
137242700
137265139
137309444
137362444
137392677
137409155
137444271
137502775
137544295
137570360
137590173
137592186
137602678
137637765
137640691
137650387
137695403
137729629
137769950
137784229
137808264
137826875
137860665
137867467
137983710
138146748
138166144
138203535
138253386
138277048
138316883
138528787
138535336
138545618
138550253
138572937
138640357
138688058
138717056
138753413
138771992
138811458
138814750
138828476
138855745
138896787
138928779
138930534
138932095
138967274
139003107
139030720
139051184
139101729
139222779
139236031
139303463
139303531
139318398
139342313
139348588
139371234
139439840
139449571
139525812
139536677
139565078
139566941
139634734
139657030
139659081
139700658
139757045
139758781
139773769
139787489
139846507
139889445
139896076
139919075
139922106
139955073
139983909
139992804
140016277
140024258
140113227
140178233
140196100
140219512
140227817
140228218
140229864
140241496
140283257
140294366
140366119
140387357
140465093
140493001
140530034
140534895
140554172
140567226
140680802
140707245
140710311
140754346
140782925
140794903
140800522
140946401
140952384
140969769
141127258
141131525
141147202
141156712
141158372
141167764
141307367
141335928
141354414
141391671
141429015
141438822
141450398
141457230
141468516
141550137
141634393
141644033
141692408
141736288
141789750
141797146
141816650
141862012
141982475
141999222
141999478
142013163
142057858
142111000
142119063
142200602
142289593
142292793
142295401
142412554
142432767
142480056
142511323
142569319
142672042
142683457
142704552
142735936
142737896
142743331
142747112
142778207
142856539
142857843
142894588
142901708
142905591
142915036
142934962
142988971
143049407
143152047
143195316
143202764
143233168
143254622
143350684
143357721
143371477
143377289
143377310
143455266
143461140
143473983
143511970
143528379
143533577
143573114
143623756
143627002
143782679
143844935
143897863
143925794
143989259
144055893
144069856
144102024
144188961
144248372
144304992
144318815
144338570
144356774
144380924
144464655
144476446
144477789
144519201
144537417
144547046
144561870
144596407
144686873
144693648
144701543
144708945
144734459
144826810
144839269
144903059
144903788
144946995
144958379
145100348
145113875
145130305
145132926
145149642
145235141
145252898
145253130
145317308
145345766
145384156
145392674
145418172
145474537
145505440
145583771
145631661
145709304
145713477
145723385
145747054
145840787
145994938
146117962
146179645
146292766
146330977
146344387
146400840
146420818
146458369
146473090
146551111
146625280
146660133
146661186
146665591
146692347
146725192
146757788
146797902
146812874
146816178
146822043
146886545
146886717
146911088
146928368
146968626
147005753
147053985
147057040
147068829
147070168
147125521
147321869
147322083
147339581
147351804
147423227
147470585
147513760
147684781
147730321
147796962
147864494
147883361
147936558
147940972
147986829
148089197
148142041
148173338
148186049
148202745
148210914
148223738
148313709
148350883
148354971
148362026
148388575
148455397
148525767
148553815
148599919
148610827
148615460
148646877
148652373
148662820
148689634
148745336
148874397
148890907
148916224
148967086
148967921
149009937
149074694
149144002
149162509
149188870
149306752
149328795
149333845
149393862
149427462
149436421
149451621
149512008
149549857
149570667
149577761
149587865
149631041
149652891
149730728
149800443
149810051
149900346
149978740
150036736
150049835
150061604
150085607
150229281
150382810
150403907
150461007
150463948
150468636
150522628
150531493
150584033
150593464
150681925
150693675
150785300
150842547
150846613
150863766
150917920
150922644
150955184
151027183
151051968
151059334
151071005
151089884
151167359
151179850
151215517
151402100
151444965
151462905
151474234
151481663
151499791
151645868
151689044
151706940
151711166
151740992
151746168
151756865
151870104
151943734
151959051
152040236
152087057
152104606
152135040
152186662
152195804
152256637
152327498
152357118
152395497
152565866
152614251
152645334
152700927
152732210
152787642
152838140
152860421
152869941
152978351
153007943
153014855
153022467
153032564
153088011
153102502
153123328
153125989
153130406
153137807
153141678
153167643
153179428
153192706
153195779
153246321
153345690
153392504
153524031
153662205
153711543
153776160
153801566
153951421
153982411
154043458
154062204
154132337
154259251
154284618
154289814
154293307
154328755
154439748
154458706
154479162
154566595
154589398
154604240
154617935
154635830
154718673
154727583
154777508
154850374
154881764
154910275
154973999
154987320
155005750
155091139
155103099
155188775
155261480
155262675
155277656
155331788
155356383
155371202
155386210
155400722
155409791
155444359
155447142
155634695
155665065
155728253
155824036
155828621
155868741
155920856
155942737
155954608
155969389
156107954
156128545
156158417
156171789
156241184
156305557
156361737
156376101
156452675
156470367
156475487
156496642
156522572
156580986
156616987
156741448
156748297
156751284
156782696
156785067
156880242
157002134
157017844
157032788
157062132
157095350
157175680
157205377
157311252
157360953
157364577
157383699
157398382
157477534
157481319
157531304
157611938
157629431
157670045
157683384
157782301
157827684
157860851
157902577
157954138
158031707
158035851
158041304
158057383
158113738
158137524
158138207
158140720
158149230
158182052
158193721
158201047
158357922
158360896
158378860
158418910
158431614
158436831
158458783
158507033
158538190
158556858
158583220
158689702
158830478
158833722
158896816
158953771
159032577
159038286
159075201
159177589
159283776
159336515
159364278
159374003
159389859
159436828
159506522
159515268
159523528
159527865
159530217
159530411
159557396
159561293
159567507
159632795
159711918
159758779
159783084
159809767
159836496
159880221
160060592
160110260
160124408
160174055
160189482
160210885
160215729
160250277
160282030
160293070
160406436
160415422
160633255
160722937
160802413
160882074
160966507
160989561
161005759
161062723
161077852
161111880
161277250
161346270
161353201
161402337
161405971
161543656
161613844
161673948
161754632
161756571
161824437
161837403
161931487
161950371
162031931
162037241
162168557
162178173
162211337
162242280
162246651
162270974
162274524
162316151
162360001
162450508
162474001
162478441
162480079
162497167
162500604
162528294
162658960
162689997
162700172
162709204
162845741
162886256
162961922
162973616
162982790
162983829
163018989
163024573
163041043
163041322
163211291
163230753
163249167
163354000
163381988
163402424
163602449
163625809
163639960
163752311
163793296
163827323
163881394
163969016
163969390
164011518
164049922
164052963
164056112
164157502
164160681
164287074
164327876
164355598
164406733
164410213
164421654
164525173
164568067
164587696
164592518
164613126
164683581
164788428
164974930
165044828
165055294
165056115
165068166
165073629
165085823
165127651
165135453
165172417
165198561
165216081
165252120
165274994
165413619
165522083
165526201
165625482
165630944
165646102
165811601
165928419
166026335
166038886
166162947
166177216
166198376
166298520
166302950
166474433
166531747
166532784
166624580
166667117
166735352
166747070
166762869
166834888
166963690
167032447
167051186
167097476
167141678
167145409
167159309
167160119
167185789
167267777
167273399
167370963
167448435
167595039
167617483
167747441
167764707
167858400
167923879
167929260
167987026
168069355
168093311
168110057
168142314
168188569
168212758
168300329
168307032
168311007
168318812
168326178
168349294
168437983
168472514
168475815
168665307
168695368
168755205
168764309
168798847
168816551
168848449
168867291
168896924
168970086
168976155
168985841
169035042
169077345
169106886
169213757
169265273
169283613
169311042
169373960
169415878
169538266
169539177
169576209
169578353
169581353
169634551
169636622
169641455
169653390
169715954
169802892
169823329
169857834
169903395
169925291
170070579
170079620
170088512
170176569
170248223
170255248
170284630
170305870
170314505
170432219
170579775
170614014
170667568
170668361
170735202
170741413
170787090
170864425
170888490
170961902
171022667
171081683
171127043
171152189
171245508
171264372
171298768
171329206
171358732
171397986
171401104
171430642
171492576
171750217
171769651
171816658
171827421
171841227
171855699
171906910
171945931
171962959
171979055
171979178
172038863
172063038
172213589
172230499
172285853
172366634
172385398
172389917
172392363
172559833
172706417
172726898
172730112
172772089
172801562
172828239
172853919
172871751
172891469
172956960
172968314
172983192
173056914
173109951
173198279
173225629
173242846
173256753
173307335
173322869
173407436
173429877
173463405
173486911
173545730
173553645
173677043
173699256
173783630
173873951
173907929
173999774
174025957
174027642
174070841
174111976
174114848
174241833
174287415
174304501
174387167
174477109
174498579
174602228
174605300
174655175
174701958
174743633
174746709
174832297
174832878
174869964
174902831
174968644
174974993
175024686
175054946
175110741
175113384
175239410
175303882
175385240
175390342
175528163
175534035
175594053
175602554
175658936
175741601
175795396
175828433
175897986
175911263
175960523
176061346
176175149
176237002
176252479
176295662
176326318
176480214
176520951
176689692
176758752
176850242
176859635
176878660
177002460
177049225
177086502
177095149
177259292
177278270
177280359
177291722
177300625
177312734
177379007
177470878
177524074
177528623
177543543
177594232
177596257
177747516
177775452
177914806
177969693
178003982
178006654
178011690
178033408
178059658
178152553
178168930
178186841
178206924
178257553
178350804
178404235
178514789
178531030
178541095
178543122
178623037
178625470
178709141
178728799
178733699
178752459
178847824
178850377
178929697
178983337
178984266
179012230
179012414
179191283
179212143
179301532
179427497
179520654
179521240
179567806
179571176
179608777
179694777
179768380
179827445
179863045
179869139
179963149
180033840
180089907
180155760
180248411
180349852
180397952
180425761
180461891
180657649
180793097
180859587
180896323
180951004
181043361
181057091
181074499
181103169
181139460
181243279
181266138
181297454
181302710
181371018
181442017
181544931
181571983
181590912
181640065
181689945
181693236
181708109
181711958
181720885
181748365
181768781
181789593
181817116
181830451
181901624
181904738
182000254
182027361
182083415
182149264
182314661
182344138
182353773
182362581
182377561
182429795
182432456
182521115
182613590
182664231
182709118
182716333
182760190
182778196
182787304
182799109
182830881
182836067
182937521
182990082
183005363
183112392
183194810
183275761
183330990
183346447
183395959
183406679
183458318
183468127
183555319
183560520
183663120
183688537
183730953
183750629
183818475
183831122
183838470
183843263
183857608
183878298
183997204
184040309
184043589
184056372
184092288
184111101
184126143
184189572
184228165
184298098
184324978
184332399
184352068
184387822
184426776
184428665
184552461
184570757
184606564
184658965
184707572
184792983
184846282
184874704
184884254
185062547
185174845
185277164
185277753
185326004
185342298
185414203
185428914
185464432
185623965
185721167
185833513
185872270
185981020
186016025
186020077
186169877
186229182
186240337
186374523
186420760
186431591
186439635
186528354
186549514
186566420
186674117
186845863
186854426
186868385
186921830
186927037
186951437
186962105
187148873
187234842
187299915
187354614
187365109
187385438
187426686
187458851
187487644
187506283
187566106
187576054
187594781
187658325
187696257
187771229
187824189
187831587
187864148
187905736
187991706
188060032
188126146
188150597
188161762
188238097
188261579
188276722
188299026
188452836
188496721
188596474
188636335
188674755
188801943
188807055
188832848
188839368
188845257
188877651
188884881
188996428
189053144
189107994
189115898
189167233
189188752
189263873
189269909
189315741
189450873
189515972
189535752
189584001
189608634
189633781
189647893
189678021
189761092
189818509
189842005
189848613
189918713
190030748
190090410
190309807
190417082
190438853
190446417
190471879
190504908
190507953
190522609
190524911
190569416
190572977
190737551
190746343
190753897
190855320
190882300
190932000
190944177
190976728
191060014
191070356
191135320
191169359
191187619
191200628
191233153
191268334
191290331
191332492
191345871
191387374
191398359
191415201
191494073
191507700
191550574
191645133
191660100
191717839
191851298
191949742
191960725
192041922
192084163
192185806
192201534
192286051
192305887
192336991
192398541
192440019
192548915
192600288
192606563
192663749
192807252
192807583
192871212
192913300
192963024
192963053
192979936
193045917
193143504
193145152
193156887
193394913
193687977
193778764
193785957
193811866
193811991
193816585
193867037
193901241
193917361
193977580
194028210
194040237
194055500
194079485
194183400
194256923
194280364
194282613
194304787
194386212
194507466
194647810
194652247
194694254
194701453
194705390
194746454
194782563
195005993
195093899
195111383
195127128
195271117
195489373
195520546
195555871
195688989
195714283
195911544
195963228
196057354
196082241
196084872
196094229
196113963
196151040
196210624
196310592
196468780
196508916
196539372
196609566
196698855
196714902
196783364
196929791
196975555
196977834
197076214
197097920
197138613
197155776
197228321
197393835
197432663
197467721
197542270
197602335
197660963
197664676
197732385
197755195
197830402
197856384
197902174
197963290
197986569
198015178
198065790
198084037
198277593
198344891
198499744
198501665
198515491
198527671
198729509
198735139
198778790
198951746
198964247
199149961
199157383
199229898
199435750
199512440
199562728
199568633
199643369
199722809
199729787
199984088
200155753
200157736
200517366
200543227
200591142
200743133
200763433
200764350
200872666
200899236
200920646
201147752
201298873
201476153
201502139
201572548
201815397
201834941
202055331
202107073
202233722
202337221
202341445
202381702
202415528
202424381
202474601
202615610
202628158
202636745
202734779
202830265
202874537
202917957
202919208
202931448
202968230
203052904
203136161
203143463
203155131
203292794
203319240
203554499
203576352
203581217
203598886
203745192
203975197
204117692
204169438
204306820
204317092
204558842
204563165
204631076
204652035
204704857
204821561
204885562
204923097
205018809
205161019
205196026
205212036
205214236
205411801
205529916
205634970
205881480
206142364
206155112
206197799
206220031
206395074
206582011
206601983
206610242
206813447
206962460
207163813
207221051
207306491
207479998
207640034
207701690
207736922
207765371
207798463
208134533
208248767
208469727
208537599
208693567
209065787
209296031
209481828
209512609
209603046
210008284
210013796
210053596
210514428
210559613
211090883
211125891
211157441
211466237
211545893
211725087
211725157
212041156
212108604
212332828
212358878
212489534
212738683
212857693
212859684
213009437
213272895
213580002
213694623
213735906
214115554
214178431
214304926
214360060
214410242
214648191
214729153
215019875
215190847
215284100
215638044
215750112
216439298
217272896
218020450
218181664
