113678778
113969516
114203560
114303868
114326934
114850745
115300908
115361677
115491404
115573000
115721535
115909464
115913694
116160333
116271403
116358934
116430591
116860026
117095661
117359784
117547826
117556279
117756152
117893810
118040733
118050078
118059186
118070379
118328234
118401865
118486023
118520726
118906483
118923047
118929795
119384989
119523305
119733885
119833527
119884547
119927083
119974679
120007543
120028066
120102728
120671577
120729000
120793870
120803431
120808120
120840307
121001004
121016779
121085537
121150190
121204525
121458840
121527971
121901485
121932753
122026108
122044090
122109923
122120899
122148490
122169422
122173091
122197518
122373779
122414126
122467852
122605147
122686221
122724468
123285786
123299324
123321946
123383596
123403220
123523369
123921436
123990693
123998053
124034163
124049142
124061361
124091112
124165403
124230642
124414252
124435134
124512308
124630399
124642388
124930868
125264778
125273425
125352850
125410222
125488504
125882816
125907509
125951152
126016068
126245214
126310373
126552239
126593269
126604048
126773303
126825011
126910897
127010578
127109616
127141041
