142217481
107094277
62621663
77320272
108130056
16230024
120291766
31437782
107605139
8223972
93721471
147643966
118659868
57161312
56035002
127885556
14605495
79148404
8781722
12066311
53381745
52077613
74987394
99462883
87624678
37552836
137410819
145313985
204881729
12306645
74212746
24640258
19456607
40635970
106146554
12617022
205280498
19189708
7022354
13293354
9733349
125305372
19043100
75653786
195246517
119171477
206691455
16647280
49518573
52282141
73774228
7251164
123104514
204918729
159506175
11566155
39308946
23410447
127018510
183888361
12026379
96042820
104469724
72102885
21620695
33919128
20356644
178830076
28085018
29257051
141932011
219632473
224097026
22132267
44776112
40744537
56627695
210223486
21692061
23675788
210279761
94313759
219165176
161087221
6949655
117328414
46168153
90050418
178077845
182748009
85519287
65508467
85467839
6547884
106753745
166516793
174298957
