115887767
115909464
116959578
117005417
117065516
117150429
117321498
117332862
117399577
117516334
117710132
117739354
117747265
117865989
118252804
118308829
118328234
118385828
118447480
118481478
118549275
118712869
118750737
118784762
118860764
118920200
118929795
119151344
119159074
119183881
119500072
119656474
119764030
119781882
119865461
119927083
120007543
120023703
120036193
120245225
120383105
120671577
120695899
120793870
121054673
121256855
121418520
121790454
121999320
122047996
122109923
122148490
122373779
122424617
122467852
122686221
123285786
123299324
123383596
123403220
123523640
123578853
123731297
123749959
123917669
123990693
123998053
124049142
124091112
124630399
124914728
124986219
125109937
125155808
125285885
125352850
125354534
125359879
125404852
125562815
125882816
125994203
126045824
126206676
126366004
126552239
126566611
126773303
126851980
126981652
127109616
127187095
127501802
127548607
127610284
127697896
127709512
128031626
128180286
128351402
128379117
128478295
128570664
128941118
129014545
129461744
129498301
129833935
130038845
130411987
130676889
130697841
130757102
130851378
130956744
131042522
131114167
131192401
131212207
131340844
131394800
131558399
131767755
131848135
132010509
132127942
132261048
132263468
132302778
132308876
132851117
132901458
132990288
133050162
133203860
133642963
133727866
133802668
133805452
133852029
134081630
134194377
134203798
134260386
