24574330
24626558
24698010
24715155
24772005
24783050
24832348
24873030
24896990
24939308
25017412
25046607
25089814
25096996
25268597
25374588
25388785
25405575
25495933
25588721
25623089
25691355
25791380
25811487
25813406
25824207
25890104
25992627
26027964
26135829
26147548
26306142
26320442
26378321
26391656
26429181
26454497
26628643
26776184
26838303
26875795
26879156
26899528
26907555
27032097
27118626
27121039
27130667
27506802
27612779
27639101
27760835
27766304
27780156
27835712
27837833
27993135
28230325
28252794
28254230
28410838
28732253
28755876
28919518
29028381
29174105
29184711
29241301
29275938
29279107
29384868
29385324
29413335
29430492
29503798
29526576
29576417
29624122
29745168
29927237
30015762
30054275
30133930
30134425
30187094
30312570
30448612
30562441
30588564
30600733
30613241
30619757
30629376
30682278
30682975
30704358
30707619
31009575
31259201
31305404
31336270
31376239
31463147
31807690
31877543
31927869
31994678
32059676
32061637
32117357
32310075
32324627
32601511
32715040
32721611
32747692
