9930468
11146671
11750441
12445532
12563350
13229783
13306106
13408137
13540584
14137725
14234861
15246531
15578391
15802441
15904327
16223513
16258874
16532162
17136050
17908912
18385702
18555039
18995223
19106229
21526180
21862811
22919393
23045759
24320031
24820548
25850678
27094752
27345222
27469499
30465730
30503510
31070855
31842239
32567821
33533633
33844232
34487965
34868878
40145996
40298351
41771832
44511455
44782778
47314968
49280335
49383210
51891740
51939544
52324955
56676380
56903482
61863749
61928888
63170380
67824882
68138983
71175780
77893008
78201202
78265038
78746643
78877453
79003604
79089069
81233161
81892887
83732149
88979713
89105054
91440195
91814468
92669054
92956503
93421593
93874131
96533732
98884473
103073605
104033704
113857356
126491584
143341181
