79717124
79755191
79768012
79779567
79801829
79819795
79916224
79957048
79982942
79989797
80014901
80041892
80066853
80087133
80219230
80265277
80304844
80370499
80459773
80545059
80561280
80652940
80760267
80765589
80830349
80843142
80898334
80910093
81007191
81134845
81192535
81237693
81243683
81322349
81400842
81431562
81506646
81526090
81550708
81593560
81738374
81755074
81778212
81825917
81848247
81908933
81924626
81951567
81986442
81994296
81994749
82091202
82099993
82111190
82207330
82267986
82282032
82283351
82410666
82663581
82679177
82734733
82808469
83035627
83169676
83285202
83398360
83709288
83787243
83897107
83911804
83950582
83967466
83979176
83998880
84082825
84167496
84361751
84430294
84715367
84914529
84950202
84973821
85063356
85299763
85427510
85474689
85570471
85686889
85794562
85860274
85929664
85986458
86028601
86058039
86068680
86255877
86421860
86678245
86698333
86770140
87013573
87219248
87241146
87265946
87680497
87683432
87794212
87891148
87930707
88005924
88170916
88191222
88265052
88375388
88488093
88539068
