167747441
167998219
168204274
168256082
168263838
168265677
168296820
168326353
168348321
168472514
168515282
168523282
168539536
168691725
168759158
168862637
168863121
168882637
169035042
169083536
169148266
169195780
169304758
169389992
169539177
169543571
169545498
169576209
169629680
169653390
169663893
169715954
169897982
170109524
170176569
170229923
170284630
170305870
170314505
170432219
170514903
170569268
170577124
170614014
170693954
170787090
170804490
170888490
170934024
170971446
171033007
171077545
171087987
171088695
171216491
171224579
171298768
171329206
171392026
171430642
171473732
171610032
171715956
171769651
171816658
171846236
171849173
171891581
171913591
171962959
172038863
172063038
172142957
172231448
172234894
172366634
172385527
172692971
172726898
172772089
172828239
172853919
172983192
173056914
173112249
173126006
173198279
173239816
173256753
173266140
173385736
173407436
173463405
173502199
173553645
173677043
173783630
173866924
174028095
174070841
174111976
174287415
174304501
174380467
174426393
174444620
174490217
174498579
174553663
174602228
174605300
174701958
174814166
174832297
174832878
174838452
174902831
174937642
174948095
175024686
175113384
175237937
175239410
175338205
175389751
175393194
175534035
175593319
175594053
175645936
175685993
175764787
175823344
175839073
175891496
176077486
176106196
176233627
176237002
176295662
176313126
176326318
176407816
176412758
176610956
176740756
176785109
176845948
176859635
176874110
177088628
177280359
177300625
177342443
177524074
177594232
177788098
177817270
177969693
178003982
178006654
178145930
178186841
178206924
178257553
178289335
178302968
178399270
178404235
178514789
178530753
178531030
178541095
178543122
178613190
178695085
178697616
178707429
178728799
178752459
178796505
178805338
178819855
178847824
178902077
178929697
178940224
178983337
178995599
178995730
179037193
179111385
179113123
179134504
179155410
179191283
179294423
179301532
179305853
179308601
179334142
179427497
179465097
179521240
179522844
179571176
179608183
179670891
179814973
179827445
179963149
180033840
180148941
180242470
180289446
180297732
180349852
180397952
180406024
180437203
180461891
180557126
180577957
180637290
180672489
180759471
180965187
181005070
181033884
181074499
181103169
181119469
181147439
181243279
181280674
181297454
181302710
181341846
181371018
181520537
181544931
181571983
181708109
181711958
181748365
181765868
181768781
181904738
182000254
182020655
