111142680
111455685
111628870
111948275
112111817
112152902
112175344
112183736
112325430
112336869
112513902
112596953
112665605
112678232
112708276
112854117
112860203
112913030
113472105
113540866
113596233
113678778
113867020
113868769
114303868
114326934
114627454
114657216
114680161
114932322
115184808
115220588
115358505
115491404
115573000
115602237
115721535
115759354
115887767
115891490
115913694
116106473
116430591
116693925
116741745
116877609
116950872
117034876
117065516
117070933
117332862
117608910
117851346
117893810
117894434
118050078
118059186
118184430
118270389
118484217
118582659
118627245
118750737
119440846
119442126
119534570
119798224
119927083
120049861
120428271
120545850
120568388
120671577
120729000
120996067
121000956
121085537
121150190
121217896
121326975
121350329
121418294
121790454
121869134
121901485
122029165
