2769172
2848779
2954965
2989013
3222839
3234284
3591113
3776428
3967911
4048056
4171211
4177456
4337619
4595117
4669001
4870744
4894694
4956681
4969036
4981094
4985362
5081715
5109175
5173517
5210669
5223124
5275835
5309098
5457389
5600243
5607494
5684822
5735183
5971624
6024442
6025126
6100674
6268715
6276610
6295914
6336119
6373284
6492872
6497962
6621248
6695368
6752963
6811387
6828387
7033180
7137008
7159288
7160511
7198239
7212581
7324793
7369279
7401044
7493891
7657245
7811136
7897414
8055329
8077408
8347494
8458363
8477913
8699148
8864833
9198240
9480095
9600858
9702750
9954788
10023551
10884368
11233150
11238818
11309564
11357907
11540877
11562642
11628976
11664727
11881237
11907668
11924048
11946391
11951216
11962161
11965166
12028522
12066796
12074067
12114668
12127051
12142580
12233586
12270018
12279077
12283960
12291066
12301894
12340919
12357881
12407355
12416527
12510901
12512131
12578570
12589142
12593705
12602838
12614112
12638092
12679902
12706722
12709726
12766617
12807493
12833761
12867465
12888983
12894821
12969445
13043929
13047208
13072737
13075435
13096283
13120485
13147766
13158778
13162232
13192935
13251638
13285980
13319707
