20320449
20323764
20325999
20327883
20355806
20366085
20406524
20426361
20513367
20531522
20532027
20542022
20545630
20584323
20594907
20598074
20602694
20622618
20632212
20676419
20680095
20752662
20854846
20882996
20887260
20906822
20959076
20967790
20974040
20987857
21009149
21033374
21065532
21105466
21132374
21149273
21151335
21177913
21182525
21218338
21225112
21270074
21285311
21309127
21348126
21421127
21474953
21529231
21529297
21565111
21583504
21663585
21703342
21725423
21732540
21752169
21792497
21817847
21845256
21861235
21876109
21878621
21927855
21973549
21978854
22028279
22091453
22116243
22130493
22132510
22154421
22160653
22161099
22174860
22198263
22224697
22253393
22254416
22266654
22383573
22388038
22457622
22482467
22511998
22613847
22617284
22634071
22655693
22684366
22696061
22711695
22724502
22749439
22766370
22773654
22865217
22877404
22918689
22928745
22952254
23002480
23022262
23113741
23122210
23150796
23181538
23195262
23223435
23225940
23380220
23394423
23400415
23408475
23439418
23442892
23487222
23564065
23590858
23599153
23639227
23710539
23721253
23727749
23787991
23818353
23828432
23893408
23952733
23964657
23978588
24025221
24035753
24088598
24138040
