116868892
31643586
27528869
20384261
24745740
68084370
156085201
20729761
116188102
94319750
44256149
79531978
130790406
79206221
77463425
36669015
129775643
38541055
11534224
128268443
35095508
48368258
175705682
13578119
123510562
25236762
108485500
26645978
25845832
33634490
204087377
5662938
21801031
19699009
20839147
144574345
130766332
17737714
157114785
26085824
50749837
117072328
20719308
198308059
23886283
92401655
152000530
227455484
28552717
79124540
77841649
164522053
29375168
184198491
108632304
147627319
15372301
192298790
201503375
20133898
174754559
132341389
229780253
168274147
79901750
128023015
194560700
195395416
35907772
146827383
12009606
40507223
229164414
79418668
22424335
12098644
26506110
30894593
144476397
176709055
123791223
57785029
226429126
15071878
170045953
41915561
5741805
28317216
184283069
131351735
181878953
84852103
88688490
33621435
17699134
88683505
85190477
71204374
72401186
