2769172
3222839
3234284
4177456
4337619
4669001
5210669
5457389
5600243
5735183
6276610
7159288
7401044
8077408
8477913
11357907
11540877
11881237
11946391
12510901
12638092
12888983
12969445
13120485
13532482
13756317
13820966
14059278
14152834
14226594
14501929
14921747
15763920
15794534
15935236
16150208
16157572
16833090
17351628
17419956
17549821
18186390
19460442
19804267
19846520
19922342
20599424
21183870
21725423
23380220
24699514
24894613
25021870
25824207
26215981
27220959
27536792
29991172
30070589
30380392
30522300
31488962
31656992
32421604
35150750
37237061
40123026
40985024
41013822
43301997
45802588
45940381
46181731
46453364
46914982
52088118
52637963
53174371
54101281
57091051
57562425
57659328
60947767
63944136
69161063
69793408
75913447
76263704
77925061
79973180
80066853
80232029
80765589
81606763
81920371
82982121
83290408
83787243
83816664
83979176
84715367
84979448
