107667991
107807785
108298046
108406921
108523853
108833979
109050307
109161769
109210105
109255150
109274673
109874628
109876949
109907337
110457321
110576881
110793480
110797008
110822358
110856461
110861577
110907537
110977367
110998537
111000502
111038482
111628870
111667533
111718045
111947500
112161970
112190534
112325430
112447799
112484780
112596953
112601760
112665605
112678232
112693406
112754373
112854117
113066727
113319000
113365387
113385067
113489485
113540866
113678778
113682466
114171132
114303868
114736729
114794086
115067168
115220588
115300908
115540963
115573000
115599263
115627107
115721535
115846491
115887767
115909464
116959578
117005417
117065516
117150429
117321498
117332862
117399577
117516334
117710132
117739354
117747265
117865989
118252804
118308829
118328234
118385828
118447480
118481478
118549275
118712869
118750737
118784762
118860764
118920200
118929795
119151344
119159074
119183881
119500072
119656474
119764030
119781882
119865461
119927083
120007543
120023703
120036193
120245225
120383105
120671577
120695899
120793870
121054673
121256855
121418520
121790454
121999320
122047996
122109923
122148490
122373779
122424617
122467852
122686221
123285786
123299324
123383596
123403220
123523640
123578853
123731297
123749959
123917669
123990693
123998053
124049142
124091112
124630399
124914728
124986219
125109937
125155808
125285885
125352850
125354534
125359879
125404852
125562815
125882816
125994203
126045824
126206676
126366004
126552239
126566611
126773303
126851980
126981652
127109616
127187095
127501802
127548607
127610284
127697896
127709512
128031626
128180286
128351402
128379117
128478295
128570664
128941118
129014545
129461744
129498301
129833935
130038845
130411987
130676889
130697841
130757102
130851378
130956744
131042522
131114167
131192401
131212207
131340844
131394800
131558399
131767755
131848135
132010509
132127942
132261048
132263468
132302778
132308876
132851117
132901458
132990288
133050162
133203860
133642963
133727866
133802668
133805452
133852029
134081630
134194377
134203798
134260386
134314381
134462982
134646211
134716493
134882703
135211118
135485816
135517968
136047198
136185426
136611898
136999830
137203677
137220217
137242700
137342961
137592186
137650387
137860665
138143632
138228477
138268100
138463327
138696951
139003107
139051184
139057806
139348588
139536677
139565078
139580691
139773769
139847263
139889445
139923688
139992804
140219512
140241496
140294366
140525205
140558339
140639944
140707245
140710311
140969769
141148131
141156712
141703520
141780158
141804066
141839636
141999478
142121316
142261814
142412554
142718557
143137383
143441112
143461140
143573114
143989259
144187033
144331152
144432113
144839269
144881641
145146075
145747054
145953527
145994938
146133943
146152022
146274845
146341708
146400840
146426553
146890139
146891945
146968626
147001454
147149076
147231856
147322083
147362078
147684781
148173338
148313709
148347534
148528221
148781968
148825033
148967921
149009937
149069305
149093105
149103215
149162509
149333845
149549286
149706510
149732869
149754964
149800443
150022674
150468636
150911144
151422047
151444965
151471899
151581842
151747537
151756865
151782995
151959051
152256766
152300487
152335591
152565866
152700927
152787642
152842529
152978351
153032564
153048055
153100941
153123328
153192706
153195556
153230343
153246321
153517527
153598263
153625584
153798580
153903893
154125547
154289814
154341183
154850374
155013143
155057563
155092736
155274538
155400722
155475688
155620133
155954608
156014872
156125625
156158417
156241840
156308459
156475487
156644716
156748297
157050449
157428444
157477450
157531304
157561212
157670045
157817353
157974313
158037794
158240148
158538190
158617520
158628131
158762727
159015968
159075201
159106242
159160786
159272213
159283776
159539598
159725168
159764703
159809767
159818065
159842775
159894047
160060592
160415422
160654157
160840501
160882074
161353201
161616850
161690737
161824437
161965841
162031931
