51381691
30611509
200550290
173525937
142665370
97341528
29651264
59223288
40985724
33399617
37904495
221697607
141215332
21367783
16731545
104158707
25392283
110124224
40410447
22033951
87763830
56074033
12513762
118014969
9307176
116247969
212884065
7136467
4717580
20941391
67082725
24736734
61299840
144625663
17331904
42558199
16689799
30206890
89250326
144870624
18226464
109158859
27474182
6089737
36436944
48559135
43490927
138514592
200480155
227534977
205750432
111059737
96420840
198946343
56284607
7875850
13209816
134548935
169614866
36113755
111773672
28831342
167814129
62585978
19626474
6870970
59002438
44583267
161866045
62056416
7203562
107499733
26972894
11381234
140417063
