217506239
214986721
214648191
213643522
213352639
212859684
212738683
211561915
208182790
207555239
207346590
207306491
206509382
204268505
203143463
202705209
197751402
196396076
196057354
195520546
195516213
194938298
194714847
194205013
194096094
193778764
193304218
193056414
192600288
192440019
192073502
191550574
191511327
191362270
191200628
191192095
191131489
190534613
190504908
190065099
189668576
189647893
188807055
188662192
188597954
188509369
188412313
187627739
187563804
187487644
187297286
186611729
186598693
186464020
185623965
185277164
184217201
183560520
182415365
181522557
181454954
181367614
180642199
180074339
180026354
179212143
178296439
177969768
177530588
177160742
176585189
176520951
176337053
176175149
175987674
175303882
175138442
172919990
172768921
172462242
172452584
172339761
172302063
171476068
170811653
170583573
170010695
169629680
168882637
168515282
167461631
166588799
166528880
165714216
164794531
164045393
163427838
163013434
162360592
162247896
162246651
162145092
161954811
161277250
160213960
159630280
158885716
158855004
157861636
157502543
157459570
157436843
156371808
156151010
155345941
155338321
154576621
151490874
151182229
150861362
150683204
148859047
148607132
148402868
148327959
148298085
148045365
147538179
147176849
145949386
144356774
144157770
144039242
143938984
143191230
143105964
142120242
139562203
139230063
138705723
137820048
137701280
137540177
136986821
136640778
136624741
135553117
134925136
133682164
132852338
131007192
130220906
129941586
128901870
128282170
127922696
127609794
127121595
126361441
126062039
125353571
124619748
124062226
122467612
121861663
120624001
119362049
118976162
118184430
117789478
115937088
115826166
114799807
114660670
113857660
113388978
113289469
113211785
112913030
112355175
111933305
110313672
110068929
109980322
109669368
109618713
109588432
107931477
107898328
107807785
107535230
107467513
107371046
105987161
105537230
104290980
103311343
102569347
101347406
101103454
98601274
97720410
96822622
95943189
95853090
94865850
93656733
93038568
92696566
92372192
92360022
92252782
91931872
91685853
91189238
90206239
89485518
89172308
89160960
88759049
88413599
88263316
87235555
87000426
86915655
86722731
86540726
85957887
85821338
85804136
85424218
85176530
85129551
85123162
84615161
83815385
83007037
81742286
81347087
80875893
80720917
80217526
80087573
78935917
78098416
77923501
77615170
77332129
77135840
76066288
75945476
75709705
75493042
75172067
74656519
74449079
74356847
73825482
73551851
73078143
72963315
72824357
71570746
70914049
70895151
70156902
70122805
70108075
70059100
70022819
69960735
69899820
69708142
69686422
69656349
69388026
68374289
67533719
66746756
65975408
63256728
62727216
61392514
59983539
59281671
58437026
57768217
57196651
56525309
55105989
54007495
52348043
52008390
51832171
51473216
51040741
49501825
48997794
48886014
48037647
47067069
45076740
44639551
42861741
42661330
42375343
42356616
42306954
42043681
41800641
41152862
40275613
