47436795
47474726
47475576
47533664
47539115
47612856
47614870
47621818
47622938
47667672
47687653
47710686
47875112
47910043
47911014
47916154
47951127
47951636
47957847
47970992
47984828
48002156
48053111
48067400
48077151
48087626
48097760
48103686
48125744
48142274
48171902
48193824
48196728
48200667
48205867
48259676
48269194
48288897
48293001
48302748
48305352
48323204
48394848
48413733
48418848
48420363
48450267
48461754
48488576
48504835
48539648
48545698
48564175
48577640
48612314
48641168
48663524
48668307
48688342
48698647
48718606
48759387
48762268
48762919
48771738
48778820
48780026
48780650
48782262
48790523
48839942
48841576
48841605
48856591
48861402
48867273
48867581
48939182
48954023
48954691
48985435
49015320
49028484
49036278
49053202
49063258
49118377
49128873
49187577
49193271
49238668
49244114
49271045
49279519
49282497
49299084
49304069
49305923
49348311
49349183
49367864
49459902
49472026
49478529
49505524
49522072
49573329
49606046
49609716
49615681
49626854
49637569
49668647
49687761
49699342
49701329
49719964
49721860
49727930
49735022
49739337
49745466
49746034
49765991
49776104
49784659
49804847
49834164
49839583
49841420
49851648
49885699
49910448
49913304
49920495
49926108
49933331
49944963
49985326
49996206
50005754
50016592
50030851
50040277
50102677
50108921
50113412
50163832
50176935
50221677
50239656
50316803
50366181
50375946
50417215
50467099
50471606
50486371
50496046
50504452
50513374
50514499
50593945
50599974
50621795
50629221
50643346
50662727
50672025
50706497
50718461
50738541
50748780
50753991
50764571
50805694
50809694
50829367
50838880
50864252
50867251
50891135
50895760
50900340
50907409
50925957
50958828
50965030
50975846
50996963
51058045
51109034
51145277
51165596
51172013
51226753
51299453
51308844
51325068
51339941
51387045
51817757
51914330
52024955
52031220
52130555
52335597
52357284
52531773
52703052
52706393
52786526
53068541
53093778
53107183
53138126
53163969
53223447
53254472
53269857
53303605
53489742
53503112
53556407
53572207
53584003
53599929
53732048
53753772
53769898
53781514
53827809
53994538
54349157
54871974
54879781
54925738
54980884
54981422
55070682
55079271
55106672
55127355
55129692
55350459
55414299
55484155
55613753
55864167
55957757
55981177
56089246
56187872
56367777
56412984
56453585
56724983
56784948
56812189
56828096
56855504
56864513
56869219
56882186
56902441
56955485
56962249
56989091
57104793
57166010
57420451
57577193
57584926
57617973
57896607
57956653
57963485
57974882
57979035
58056799
58095745
58159103
58171025
58223332
58252932
