2848779
3222839
3234284
3367345
3776428
4132956
4177456
4185111
4337619
4352906
4595117
4644395
4969036
5055509
5058305
5223124
5309098
5321526
5328009
5355567
5382094
5457389
5539117
5600243
5684822
5735183
5735655
5780868
5851378
6048665
6126110
6187189
6218869
6231028
6268001
6295914
6367727
6439486
6497962
6523021
6682535
6695368
6828387
7159288
7212581
7308612
7625307
7642116
7811136
7897414
8055329
9198240
10884368
11170660
11238818
11290466
11357907
11491091
11511249
11540877
11562261
11628976
11664075
11664727
11670383
11681995
11881237
11951089
11958979
11965166
12028522
12102313
12114668
12142580
12245271
12264421
12270018
12291066
12340009
12340919
12362155
12379779
12390013
12416527
12468436
12477340
12512131
12523743
12548584
12578570
12593705
12638092
12679476
12679902
12680336
12766617
12807493
12870790
12894821
12981752
12996836
13072737
13081316
13130047
13147766
13158778
13162232
13269825
13319707
13493768
13511206
13614629
13632744
13689021
13740316
13756317
14186207
14186318
14501929
14689384
14976590
15100916
15235724
15334276
15362379
15416023
15456108
15609839
15644921
15794534
15913543
15952167
15956668
16085167
16225457
16251037
16307614
16389124
16565286
16622249
16632781
16655799
16776464
16807872
16809901
16869414
16874487
16978413
16985407
17160544
17355323
17608424
17706497
18078183
18087120
18311027
18441101
18690961
18885539
18977556
19071761
19132412
