189450873
190211414
190681324
191233153
191339301
191398359
192073502
193022252
193687977
194337494
195104520
195405066
195520546
195555871
195996637
196718986
196811400
198084037
198499744
198877305
199512440
199753464
200591142
200736777
200872666
201476153
202337221
202557496
202662821
203910406
204184474
204250938
204843039
204885562
205161019
205268770
206582011
206962460
207058754
207163813
207644227
207811811
208475650
209497055
209663615
209900864
210053596
210211009
210514428
210855137
210934818
211466237
212408320
212893633
