22542370
22559039
22643024
22645014
22677868
22796322
22819969
22840725
22845858
22871400
23037633
23060202
23337799
23677978
23748153
23846680
23971140
23976387
24022081
24042084
24094771
24141502
24150210
24183806
24186247
24205152
24298306
24302112
24305059
24335406
24356304
24445682
24537557
24570401
24929595
25136772
25163881
25256504
25357471
25562808
25755197
25761480
26191337
26329397
26346003
26353701
26579028
26595191
26774748
26787599
26855038
26872640
26931330
26978338
27006975
27154335
27439690
27688829
27767112
27856145
28108224
28227227
28329901
28601706
28655543
28683939
28685350
28688180
28811516
28938987
28953603
28982466
29012542
29113048
29138081
29187610
29226189
29351260
29386610
29436222
29602405
29628802
29842284
30019686
30237899
30501881
30533706
30574975
30690880
30926652
30993188
31046519
31162113
31199773
31217782
31358469
31575208
31721097
32028385
32329827
32345856
32437511
32589731
32819460
33125636
33399823
33629209
33679918
33718208
33914076
34107072
34120749
34235597
34516257
34783395
35285103
35390579
35522976
35640888
35719832
35784935
35931534
36168278
36314833
36413097
36474926
36765563
36815945
36835736
37262757
37647503
37675368
38023275
38345914
38450119
38504464
38652809
38803792
38878888
39074499
39196668
39337713
39436448
39503141
39930615
40208093
40237895
40250869
40407713
40581630
40628616
40846864
41125417
41515777
41668169
