79978851
80011088
80011766
80026033
80040161
80050348
80066853
80074801
80080902
80091955
80099306
80116522
80126651
80217526
80304440
80304844
80328173
80354350
80393458
80401222
80404486
80409749
80430980
80496236
80507759
80513316
80575147
80579174
80720917
80765589
80775135
80809839
80810755
80833470
80838868
80841034
80863125
80910030
80935056
80994838
81011498
81021270
81038848
81044751
81068204
81108685
81139052
81153954
81154887
81169296
81185153
81201975
81254139
81277404
81308095
81314479
81347087
81380219
81400842
81472798
81474254
81476056
81476591
81490064
81551020
81555539
81571220
81623020
81641314
81657238
81666097
81681611
81682181
81705590
81741018
81754134
81773266
81774000
81852726
81857907
81924650
81941963
82073097
82091202
82092726
82094249
82166413
82201517
82209484
82236055
82240465
82296528
82303881
82339958
82394376
82411040
82439020
82452768
82508142
82565911
82573550
82584333
