3367345
3462133
3890201
4191442
4821009
5210669
5224067
5887021
6493622
6802201
6974591
6994372
7948323
8063587
8342343
8950555
10581833
12077528
12194632
12461387
12502579
12505829
12675525
12733579
12979952
14343458
14787544
15098028
15423697
15775442
15877979
16276226
16611385
16891323
16956271
17048587
17281640
17447729
17564488
17951391
17965334
18088124
18298826
18593271
18767284
19237983
19333415
19890731
20334602
20500167
20722218
20731926
20782640
20833064
20903822
20940354
21079486
21295987
21438752
21576053
21576332
21667699
21739169
21790361
21973063
22026915
22098873
22137353
22200355
22237742
22303981
22477411
22755983
22800804
23233265
23254364
23370219
23400288
23411183
23700074
23878739
24008241
24211779
24293881
24370507
24391527
24438197
24510544
24520433
24740060
24917434
25167175
25214749
25578882
25615101
26121885
26426801
26461514
26519734
27012493
27440581
27695426
27790337
28011974
28260770
28350012
28510973
28616512
28761011
28895229
29005900
29040475
29219535
29301260
29551044
29608927
29656931
29978118
30052526
30179782
30265689
30581160
30713062
30757862
30804145
30951035
31009865
31098469
31268937
31640837
32613249
32905598
32913106
33064194
33076637
33138012
33573309
33727888
33796645
34875820
34889555
35600739
35753654
36425954
36622006
36792185
38247779
