35797585
35830161
35847402
35878019
35880192
35895934
35924616
35954584
35989750
36025880
36032852
36033698
36106284
36113909
36121627
36147722
36164875
36187346
36206958
36266345
36280930
36304086
36360991
36368256
36375606
36390357
36424497
36425954
36463665
36503111
36538805
36539986
36582835
36589525
36626075
36649228
36660486
36669481
36685335
36727789
36755153
36775249
36803669
36825547
36833990
36841356
36869581
36935058
36982427
37025741
37034952
37036486
37073446
37082743
37088626
37157416
37179735
37222032
37232257
37236088
37373754
37385285
37414697
37440169
37474075
37491687
37500010
37658366
37666362
37681964
37691925
37713145
37778719
37789043
37803279
37809716
37845297
37874772
37884743
37955015
37960098
38025021
38065421
38069368
