2768208
3222839
3459836
3608133
4155360
4177456
4272808
4300820
4773427
4865688
4942390
4969036
5210669
5223124
5309098
5599153
5600243
5615605
5684822
6210861
6293842
6367727
6373284
6382229
6811387
7427801
7442377
7652459
7673662
7831140
7865370
8055329
8300160
8826180
9198240
10233388
11007664
11127810
11238818
11274386
11664727
11829998
11840754
11946604
11958979
11965166
11966038
12028522
12245271
12367440
12416527
12455194
12577723
12578570
12638092
12680336
12707260
12786824
12819584
12845725
12888983
12919421
13024070
13057012
13123130
13158778
13190199
13319707
13493768
13588188
13614629
13632744
13640000
13756317
13820966
13881083
15046476
15245395
15683347
15717832
15794534
15956668
16076032
16182685
16252392
16255707
16324177
16935027
17133494
17134030
17385553
18011487
18489346
18549223
18593172
18867198
18885539
19132412
19150704
19533721
19667373
19844829
19846520
20618772
20921688
20980744
21152017
21155209
21306942
21562589
21641351
21986317
22253393
22519679
22724502
23100641
23102575
23283167
23301335
23380220
23522771
23721253
23924234
23973304
24028683
24143351
24498840
25011572
25046607
25186269
25600815
25691355
25756898
25824207
25992627
26640585
26648761
26747729
26776184
27031127
27032097
27220959
27370460
27864675
28023575
28582097
28785798
28865332
29186696
29259223
29403652
29503798
29560353
29608292
29793318
30314689
30912214
30939270
31488962
32222816
32721611
32747084
32829320
32982659
33229884
33781191
33790241
33808480
33840368
34810996
34868878
35654640
35855054
35923523
35989186
36024687
36286302
36360991
36375606
36783919
37126451
38052202
38465120
39134210
39321150
39398008
40123026
40312892
41197034
41474792
42341350
42356616
42476963
42979606
43101001
43619843
43693596
44147784
44621844
44731237
44746645
44891456
44954562
45048425
45087786
45443373
45543289
45940381
46181731
46819087
47067069
48365762
48668223
48777445
49023758
49249220
50522975
50740163
51406583
51542707
51905469
52886954
54858506
54950968
56536713
56819526
57091051
57148765
58231363
58369955
58991475
59077171
59421408
59959886
60526507
61396549
61534122
63236396
63285418
63667184
65511789
65602709
65871322
67126360
67698842
68191385
