31142908
31370149
31371963
31463262
31496286
31566177
31735924
31810908
31832548
31857926
31972158
31986971
32069241
32129152
32154074
32256039
32257440
32527261
32603308
32609847
32633335
32658813
32711330
32728690
32757257
32771488
32780105
32925601
33082788
33400643
33438308
33465414
33483239
33562376
33565535
33749551
33866259
33921101
33935597
33964095
34001233
34140189
34364853
34478267
34483983
34549739
34565986
34709633
34874488
35098750
35117141
35158912
35186241
35190609
35261331
35305454
35685663
35752600
35783455
35796516
35888416
35923523
36050955
36111388
36153490
36189556
36260147
36282164
36287929
36359575
36542153
36559111
36606123
36641086
36699506
36754835
36922841
37049750
37236088
37239812
37310695
37328011
37329936
37518343
37542735
37552764
37626392
37726941
37786307
37788819
37794132
37795549
37838681
37839050
