101618610
101720161
101866541
102125291
102267476
102288704
102371715
102450049
102495668
102589632
102670985
102706692
102806134
102857558
102959679
103204907
103254006
103290667
103299762
103310964
103373610
103513886
103878497
104061616
104091824
104410802
104645362
104834841
105708663
105766761
105909915
105915657
105945554
105957862
106259111
106285850
106351538
106377544
107050348
107073484
107428492
107473105
107523312
107532055
107537685
107616024
108129547
108176173
108214324
108327437
108397785
108528410
108538138
108646132
108701412
108787006
109016399
109212790
109331594
109509002
109531407
109715164
109781084
109830574
109856525
109874628
110112324
110192346
110212444
110305060
110847900
110856461
110966301
