43693596
43888773
43909730
44221583
44453326
45087786
45111809
45148858
45175410
45760641
46073605
46441467
46516597
46596595
46642556
46666399
46681945
46693351
46810305
46813688
46833508
46932121
46986078
47017857
47027426
47097911
47160745
47205695
47207161
47315315
47405817
47506754
47520458
47613244
47626400
47719494
47757313
47843171
47863476
47919323
47925087
47946843
47957847
48060474
48099838
48125962
48194889
48202847
48213529
48394848
48420427
48519780
48585026
48614584
48628670
48667751
48679292
48709342
48851484
48851743
48900834
49347116
49387084
49568230
49666373
49710555
49842874
49966831
50061091
50163349
50167853
50531969
50733496
50770546
50821254
50923322
51055856
51101597
51121034
51293238
51312454
53158753
53171158
53302761
53315342
53376555
53386817
53431896
53521849
53548861
53572564
53586672
53656479
53672938
53770479
53980391
54020218
54051798
54131131
54149351
54234134
54254623
54306158
54950968
55243546
55357584
55404549
55491090
55491238
55561422
55602269
55604740
55654572
55687938
55806040
55879472
55959904
56075204
56217632
56248206
56315712
56407020
56441393
56560228
56673798
57734775
57913517
58046784
58520253
58824674
60686694
60809258
60854081
60960219
61127326
61247827
61285378
61308964
61448739
61468591
61472523
63370168
63466546
63839257
63935768
63947283
64018345
64123062
64151366
64171430
64237331
64396131
64505974
64585961
65162922
65381759
65743148
65772919
66457828
67372556
67698842
