5253267
5268693
5275835
5298554
5309098
5321526
5328009
5340410
5367782
5382094
5401393
5446068
5449130
5457389
5468723
5537046
5539117
5549721
5583838
5592066
5600243
5600601
5602043
5605656
5607494
5610920
5613689
5615605
5623956
5624186
5648492
5658137
5684822
5694393
5734311
5735183
5735655
5746203
5766540
5780868
5817336
5823835
5850266
5850514
5890694
5919526
5926276
5934180
5938814
5946759
5962944
5970522
5970986
5971624
5977181
5999695
6025126
6035060
6048665
6051117
6052455
6067911
6068296
6100674
6112573
