83787243
83897107
83927624
83979176
84239617
86068680
86440708
86458363
86923327
87188927
87219248
88905333
88967073
89028125
89208805
89398273
89457951
89704210
90309047
90493448
90509946
90694249
90889336
90913370
91001846
91351190
91495494
91534224
91559428
92256167
92316076
92372728
92444107
92455219
92577248
92605694
92696566
92709548
92918304
93052192
93119462
93662590
93885627
94545050
94605662
94690329
94752025
94943102
95495235
95670619
95988957
96042085
96907479
96913491
97316503
97487228
97632113
97909798
98204176
98394369
98560119
99192590
99869412
100329631
100402778
100890860
100904814
100944499
100979355
101513510
102070667
102223370
102549493
103110060
103507144
103767498
104265805
104283696
104548919
104782503
105198993
105388593
105632229
105816984
105853710
105858528
106224303
106553779
106784337
107129169
107659128
108191452
108298046
108523853
108659700
108714882
108876247
109090254
109210105
109249113
109255150
109434920
109830574
109832400
109874628
110000525
110035948
110346387
110382793
110576881
110714782
110735082
110997829
111072888
111444111
111795316
111947500
111962441
112089366
112325430
112513902
112596953
112989909
113128654
113678778
114303868
114610052
114850745
115250885
115361677
115491404
115573000
115721535
115909464
115913694
116152245
116160333
116271403
116358934
116430591
116857836
116860026
117141939
117173707
117756152
117757051
117893810
118040733
118059186
118328234
118486023
118906483
118923047
118929795
119269697
119384989
119523305
119884547
119927083
120007543
120028066
120102728
120294423
120671577
120729000
120793870
120808120
120840307
121016779
121150190
121204525
121580448
121901485
121932753
122026108
122109923
122120899
122148490
122169422
122173091
122197518
122373779
122414126
122686221
122724468
123258336
123299324
123321946
123383596
123403220
123523369
123921436
123990693
123998053
124049142
124061361
124091112
124165403
124170557
124230642
124414252
124512308
124630399
124642388
124930868
125264778
125273425
125352850
125410222
125907509
125951152
126016068
126245214
126310373
126552239
126593269
126604048
126740876
126773303
126792426
126825011
126894771
126910897
127010578
127109616
127141041
127291153
127548607
127557256
127610284
128118075
128180286
128276959
128379117
128384689
128478295
128765713
129014545
129046399
129135381
129236782
129352043
129452984
129461744
129577842
130250161
130344080
130524784
130733357
130757102
130784990
131017586
131042522
131167161
131192401
131212207
131249612
131469486
131767755
131848135
131878521
131941405
132001595
132010509
132031413
132113337
132142105
132261048
132263468
132468979
133015242
133637138
133642963
133805452
133991561
134194377
134203798
134314381
134342866
134461067
134493323
134672344
134996965
135081201
135203316
135517968
135542874
135663833
135801397
135910567
135977192
136054646
136185426
136208539
136320150
136387588
136465178
136644356
136740309
136799720
136999830
137008341
137137952
137397320
137544295
137553207
137592186
137650387
137729629
137860665
138024726
138143632
138463327
138545618
138644075
138814750
138928779
139003107
139030720
139051184
139057806
139101729
139348588
139565078
139734602
139773769
139851753
139889445
139947965
139992804
140174088
140178233
140219512
140223943
140241496
140294366
140366119
140538991
140639944
140707245
140710311
140805928
140969769
141131525
141147202
141150004
141156712
141167764
141179397
141291511
141723669
141740447
141780158
141789750
141839636
141999478
142147273
142200602
142261814
142718557
142804824
142812403
142856539
143137383
143251261
143441112
143515934
143533577
143573114
143583078
143615435
143760035
143938984
143989259
144055893
144069856
144187033
144331152
144356774
144380924
144390539
144432113
144547046
144585419
144717030
144839269
144881641
145146075
145173080
