143461140
144187033
144356774
147322083
148408382
148745336
149732869
152373907
153340846
153776160
154831510
155268184
155400722
155920856
155954608
156413900
158507033
159374003
159539598
159668766
161377384
161690737
162752629
164144080
164220518
165270604
165413619
166651399
167379148
167474515
167987026
168326353
168472514
168691725
169026852
169148266
169373960
169578353
169581353
169641455
170365602
170804490
170971446
171077545
171127043
171329206
171715956
171841227
172000332
172551423
173112249
173123052
173502199
174025957
174027642
174070841
174241833
174602228
175603861
176520951
177291722
178189578
178289335
178983337
179111385
179427497
179521240
181119469
181540913
181544931
182799109
183000944
183330990
183658478
184428665
186110170
186451854
186727611
186732047
186927037
187011391
187229843
187299915
187370000
187395890
187658325
188126146
188134782
188276722
188299026
188982483
190138812
190417082
191013151
191070356
191660100
191684069
191852164
191877218
192073502
192606563
193045917
193488362
194261863
195111383
198949920
199984088
201215591
202107073
202341445
203940251
204563165
205556382
206189473
206835749
208475650
210566301
