38032665
38086159
38161401
38529403
38744433
38841309
39087566
39089126
39105994
39129878
39252542
39579622
39593529
39636790
39642254
39764234
39816659
39834265
39910717
39976634
40206142
40320025
40436116
40468406
40575804
40680158
40805701
41019205
41123011
41155196
41267777
41486557
41647583
41680994
41690012
42014596
42680133
42899766
43165997
43195347
43199523
43257761
43293506
43321745
43472005
43511342
43543543
43715856
43904622
44057969
44150467
44483151
44526516
44656498
44753281
44999892
45147023
45207048
45286633
45537255
45547877
45894256
45928934
46178170
46386554
46466280
46490950
46602648
46697854
46751994
46820714
46987904
47206766
47263501
47506971
47580285
47848444
48200714
48229847
48248100
48320431
48374654
48523688
49002223
49448163
49724732
50440179
50849946
50978562
50997831
51102978
51135248
51267020
52018804
52175394
52347382
52355559
52575120
52582070
53025105
53536918
53624137
54012511
54992747
55110984
