25993833
25999337
26033048
26051472
26068832
26088879
26090115
26138741
26172819
26191347
26203707
26205539
26218619
26220175
26236168
26279145
26285060
26311061
26320641
26327489
26361274
26369855
26375955
26400239
26411700
26431451
26460511
26465722
26468191
26524323
26537024
26538638
26567970
26573069
26585512
26627961
26639717
26640585
26668473
26678128
26745185
26749593
26754323
26771399
26771847
26776184
26789776
26805020
26826021
26852334
26865357
26895998
26921057
27004386
27015173
27017174
27029145
27046263
27091749
27165489
27213793
27220047
27220959
27228973
27295994
27340277
27349551
27398192
27403208
27435080
27468428
