117950668
118524500
120939907
121414514
122026565
122589657
126635921
128118075
128208995
131007192
131477164
132060621
132127942
133131146
133438470
133642963
134884779
135801397
136513951
137020164
137233079
138620923
139057210
139111846
139960440
141280332
141381613
143586289
144135012
148872815
149277530
149660511
150238390
151069265
151471899
152206228
152390994
153451278
155251708
155277656
155304015
156544425
158538190
158784502
161321494
161880139
162296507
162830383
163402424
163404648
164495707
164667097
164766487
165993926
167806390
168517875
169042509
169792382
171170046
171264372
172506142
172869617
173198279
174027642
174068922
174605300
174688602
174902831
175393194
175593319
175608920
175654515
175880421
176090336
176090717
176227133
177086362
177285224
177948771
178469159
178668949
178984266
179019277
179191283
179522844
180406024
180577957
181115787
181147439
181748365
181904738
182353773
182613590
182756527
183112392
183724455
183997204
184295150
184696993
184740429
184760513
185774836
185782620
186511375
187381203
187744203
187843868
187982677
188347251
188496721
188807055
189665831
191033485
191338313
192979936
193013577
196578403
197108453
197207145
197527612
198065790
198277593
198949920
199568633
200160954
200529062
200728322
202705209
203554499
203975197
204306820
204694847
205634970
205744515
208306655
209512609
209937501
