12213764
12224357
12257721
12300687
12303734
12305162
12407699
12494748
12565516
12578570
12621028
12648859
12648908
12661241
12754480
12775677
12833761
12843946
12848830
12851166
12861035
13047208
13249594
13261601
13307457
13405372
13421343
13424222
13428603
13482792
13638823
13640000
13997084
14009405
14099840
14275569
14804872
14807664
15120237
15238203
15319317
15925676
15959768
15962586
16107886
16167699
16202487
16231887
16252260
16266846
16379171
16401292
16469919
16472486
16551977
16614520
16663007
16708411
16834922
16866452
16992218
17075140
17081553
17133494
17161975
