68387527
68677347
69198904
69250657
69433246
69811502
70317974
70380695
70473329
70487380
70509259
70563845
70654159
70741152
70788268
70837421
71544028
71644696
71800542
71863446
71879990
71933130
72257407
72702199
72976460
73339370
73894353
74033588
74216234
74804463
74926001
75158454
75263673
76002764
76692886
76968068
77142152
77273803
77787949
77811850
78366339
78582604
78650455
79095670
79118181
79254192
79307445
79410294
79658000
79883756
80005389
80239559
80408122
80464371
81122021
81825917
82091202
82873776
83035627
83285202
83485102
83647295
83687420
83887748
84246122
84454240
84488727
84829690
84914529
85050168
85240421
85460470
85686889
85746311
86271660
86458363
86495393
86660727
86899963
86955087
87219248
87683432
88077919
88188129
88632431
89567689
90470301
90509946
91351190
91495494
91958270
92248727
92415330
93209729
94053024
94194068
94680215
96412234
96794458
96890433
98204176
98390456
99192590
99407355
99533761
99955910
100770039
100944499
100979355
101255280
101303025
101482630
102288978
102624503
103110060
103250092
