123148347
56573409
58606559
18722744
42708010
150068579
30634617
147627799
12623013
110796122
64461209
61923566
139321632
32184153
32284993
176025516
69582023
15221364
18416243
78310707
108930527
74565184
19669550
37200009
144655937
12820817
74213280
83553602
39316404
50732286
9778363
229162084
22573563
106315730
249921790
157985169
57580711
41482053
107202257
11988983
71088513
17155941
22445230
87866679
101478834
252927037
38832589
119991269
125402835
124170830
43709076
207409644
19540196
61227747
87139204
75593092
92887975
56243974
62847575
50388667
126701329
49975829
119928984
215200127
154630407
146895172
6254735
20746800
7722240
103663417
99739751
92549674
217374887
17933730
215594637
149401921
180251065
32165880
23177119
71208811
163740976
16083833
22412607
59896273
19003545
41950034
35758060
137661198
11772720
108202138
47788661
106213659
21601890
11222001
135123113
15639916
42804864
33770193
224664535
167011544
27334192
217076387
28663965
110535074
110559755
57036549
153161196
33204060
102515265
233433088
54055374
89765748
