29721315
29751543
29830250
30065670
30434591
30568788
30671997
30926725
31089694
31133315
31267408
31556994
31644390
31788976
32171416
32258508
32263343
32324627
32491909
32590980
32721611
32746711
32785485
33299497
33425032
33507997
33523202
33539149
33674089
33749634
34010577
34060079
34172641
34386591
34406862
34443669
34569813
34611029
34727137
34834965
34839216
35209274
35214767
35336293
35573844
36074748
36111388
36172277
36360991
36466220
36559111
36883016
36927778
36934375
37025160
37157416
37158137
37253867
37426422
37482125
37518343
37597909
37833636
37910640
37930755
37946832
37956650
37986147
37986818
38084194
38238810
38273908
38303527
38479222
38520962
38700107
38751751
38954827
39028567
39243660
39375076
39551035
39848379
39928523
40086741
40117245
40224758
40714136
40822435
40876085
40895232
