194211645
194261863
194309119
194418267
194429542
194507466
194553733
194589785
194647810
194652247
194690239
194714501
194754854
194778588
195104520
195111383
195405066
195555871
195656314
195911544
195963228
196007897
196028996
196082241
196151040
196179483
196783364
196900324
196948826
196975555
197067872
197155776
197266181
197277892
197387265
197481495
197660963
197661893
197902174
198063266
198084037
198499744
198514432
198515491
198729509
198778790
198949920
198951746
198959234
199165988
199435750
199584291
200008130
200157736
200181152
200228923
200513309
200686916
200764350
200786373
200872666
200911257
200920646
201215591
201224897
201229350
201270116
201387047
201449125
201615261
202051171
202107073
202341445
202424381
202628158
202662821
202855679
203011620
203292794
203598886
203945627
204250938
204563165
204631076
204843039
204885562
205161019
205218148
205268770
205556382
206189473
206962460
207163813
207470434
207566269
207640034
207748670
207867553
208134463
208134533
208138112
208366116
208432355
208475650
208693567
208840253
209163487
209168226
209296031
209363008
209497055
209663615
209923875
209937501
210008284
210559613
210855137
210936735
211157441
211466237
212336191
212385056
212408320
212825536
