16828775
16844048
16852114
16852625
16889587
16907963
16923183
16923929
16959341
16973728
16978413
16978722
17051349
17057004
17058810
17059194
17082828
17087403
17091501
17104145
17106021
17119994
17127588
17128702
17146323
17152396
17156427
17159974
17160544
17178026
17187182
17200122
17240193
17255693
17299242
17300124
17311801
17324796
17326763
17364369
17368757
17393751
17395152
17399004
17426755
17433787
17458461
17474889
17490027
17499642
17512040
17513623
17529535
17597749
17611525
17621324
17642973
17659361
17666740
17671126
17684797
17695193
17708375
17712312
17714378
17737197
17738731
17774530
17779627
17780965
17792537
17792690
