198880208
198951746
199040367
199165988
199229898
199360878
199410802
199435598
199435750
199557906
199584291
199618902
199658797
199729787
199762729
199800869
199934032
199984088
200000712
200079624
200084273
200154711
200297817
200375706
200434000
200434263
200505206
200529062
200544567
200686916
200728322
200808200
200856090
200870950
200981196
200995967
201089585
201090434
201100247
201123906
201147752
201193797
201215591
201241917
201322385
201387047
201398244
201476153
201635972
201674581
201834941
201878015
201914284
201939976
202051171
202107073
202143566
202337221
202424381
202474601
202521174
202628158
202705209
202739399
202742299
202812941
202833559
202841612
202852502
202855679
202874537
202981022
202987572
203143463
203218100
203269242
203272199
203292794
203804993
203821750
204045989
204050025
204097318
204105500
204114058
204123817
204167690
204209546
204273546
204280265
204315914
204417184
204443626
204645668
204655176
204704857
204754570
204843039
204885562
204961432
205029781
205103942
205137598
205196026
205268770
205688488
205706787
205949379
206009567
206071958
206075297
206395074
206582011
206610242
206697159
206813447
206845562
206856090
206957147
206962460
207026278
207091655
207120161
207221051
207251646
207302377
207328694
207364150
207365561
207367076
207379143
207390038
207399773
207427126
207554919
207566269
207640034
207701690
207724343
207748670
208106312
208134463
208220920
208408136
208475650
208840253
209065787
209205211
209296031
209332760
209345244
209367161
209497055
209520550
209623778
209661992
209923875
209926758
209937501
210001799
210030854
210053596
210142585
210211009
210514428
210530009
210566301
210603911
210629061
210718088
210720539
210797915
210853890
210934818
210960730
211125891
211168057
211211480
211286392
211545893
211632441
211803388
211820486
211867625
211953819
212336191
212341886
212489534
212519233
212584451
212603356
213089920
213120188
213248350
213272895
213489563
213496153
213580002
213646277
213721692
213734682
213786631
213823740
213851522
213892133
213975868
214068794
214156793
214360060
214916415
214968645
215019875
215049281
215093765
215415842
215513251
215516639
215672477
215723330
215887297
216062146
216080699
216277948
216324954
216329506
216351906
216439298
216562020
216627838
216893603
217019838
217085054
217087136
217272896
217417151
217470202
217520192
217628033
217628061
217703168
217835770
217931199
218011900
218020450
218118588
218189830
218266246
218514274
218528868
218607011
219120859
219489989
219526819
219528413
219774561
219875971
220358397
220444733
220452862
220564450
221305157
221429312
221479485
221551132
221911806
222238497
222584384
222985697
223088800
223196705
223197661
223330237
223537730
223604706
225295391
225343998
225489407
225678431
226978623
