143377310
143461140
143533577
143583078
143615435
143700227
144055893
144380924
144390539
144717030
145132926
145173080
145253130
145292246
145408802
145631661
145746737
145953527
145994938
146152022
146400840
146426553
146433501
146890139
146891945
146928368
146984590
147053985
147231856
147402820
147513760
147796962
148014833
148173338
148230680
148236431
148347534
148354971
148380357
148408382
148448839
148455397
148615460
148733658
148781968
148872815
148967921
149103215
149113807
149162509
149333845
149427462
149480171
149549286
149570667
149592998
149621893
149660511
149664276
149754964
150022674
150272446
150454019
150580153
151008740
151263516
151422047
151450516
151471899
151645868
151722065
151745857
151747537
151782995
151855851
152031444
152156212
152300487
152355179
152395497
152509012
152565866
152692799
152697427
152700927
152957125
152978351
153014855
153123328
153130406
153192706
153246321
153340846
153392504
153393592
153444494
153776160
154125547
154239053
154259251
154328755
154341183
154353015
154409669
154508874
154753272
154831510
154932767
155261105
155274538
155277656
155334257
155371202
155430665
155475688
155514003
155556949
155618533
155620133
155920856
155954608
156026995
156125625
156151010
156158417
156305557
156308459
156413900
156475487
156605290
156748297
156785067
157017844
157117101
157269431
157383699
157398382
157407081
157428444
157561212
157670045
157732050
157817353
157927212
157954138
158037794
158137524
158201047
158221351
158240148
158298942
158628131
158762727
158778147
158954158
158990131
159032577
159077142
159106242
159160786
159283776
159374003
159406298
159527865
159528387
159539598
159563681
159668766
159770307
159783084
159809767
159818065
159836496
159842775
159879566
159965672
160054375
160087157
160133045
160146836
160293070
160369186
160381875
160415422
160654157
160813152
160899492
161002759
161008523
161054685
161353201
161495630
161754632
161772439
161824437
161959503
162031931
162037241
162152987
162178173
162237499
162316151
162332791
162397585
162421680
162441295
162450508
162528294
162545554
162608977
162752629
162877779
162886256
162936517
163249167
163402424
163969016
164061732
164131718
164144080
164184173
164204314
164228167
164273410
164307363
164355598
164410213
164508616
164613126
164630513
164809095
164849052
165091804
165127651
165163334
165252120
165270604
165274994
165333019
165338533
165413619
165526201
165547549
165579500
165625482
165755093
165857320
165949195
166050890
166102099
166158981
166198376
166302950
166380761
166527586
166528880
166531747
166652205
166792867
166814079
166908601
167121988
167141678
167171210
167199654
167239656
167448435
167482197
167676680
167683590
167730346
167736468
167778432
167903505
167998219
168142314
168214492
168326353
168472514
168503762
168534307
168539536
168554697
168816551
168820695
168862637
168867291
168894095
169040515
169041176
169083536
169148266
169214494
169283613
169288911
169304758
169373960
169539177
169543571
169545498
169629680
169641455
169715954
169897982
169980736
170070579
170085409
170300227
170305870
170312623
170314505
170365602
170514544
170569268
170577124
170693954
170741413
170787090
170804490
170847886
170888490
170934024
170971446
171033007
171050850
171077545
171087987
171105270
171264372
171298768
171392026
171401104
171405772
171430642
171606194
171769651
171816658
171855699
171962959
172000332
172038863
172142957
172184653
172231448
172234894
172339761
172385527
172392363
172551423
172692971
172726898
172828239
172891469
172983192
173112249
173116972
173123052
173170558
173283845
173463405
173553645
173579449
173677043
173704354
173866924
173997023
173999774
174017313
174025957
174027642
174068922
174070841
174111976
174241833
174304501
174426393
174462284
174490217
