26162537
26116273
25701969
25674910
25469413
25431236
25191554
25126522
24779352
24761665
24713956
24680161
24672215
24649358
24627323
24609118
24580190
24498919
24417981
24377300
24311026
24239346
24228534
24218260
24133718
24032502
24029684
23988228
23916270
23795882
23775329
23759208
23750176
23704655
23675127
23669529
23604911
23505563
23475676
23311775
23310834
23239633
23190815
23165440
23103604
23068616
22897915
22855942
22795517
22789129
22711231
22697404
22695881
22674955
22661255
22585570
22504289
22477567
22369988
22340060
22305472
22238512
22233699
22220797
22163488
22033540
21980123
21973616
21957526
21935923
21909933
21907975
21863233
21836698
21805714
21797098
21789102
21783267
21752192
21693591
21693046
21628563
21598940
21589572
21511098
21367541
21360425
21318259
21304187
21266446
21234405
21200798
21132600
21087351
21086718
20878326
20874375
20844703
20777356
20660862
20647311
20512864
20346839
20328232
20250793
20221299
20188903
20094296
19957271
19878645
19872011
19846520
19757837
19749777
19736506
19671784
19526360
19453743
19283748
19245171
19138157
19065002
19055535
18976431
18958403
18892865
18820274
18722067
18546110
18449684
18440718
17653700
17576656
17572162
17546809
17453995
17396026
17395752
17376026
17161975
17133494
16992218
16866452
16708411
16663007
16614520
16472486
16469919
16401292
16379171
16266846
16231887
16167699
16107886
15962586
15959768
15925676
15319317
15120237
14807664
14804872
14275569
14099840
14009405
13997084
13638823
13482792
13424222
13421343
13405372
13307457
13047208
