41260039
41291888
41303243
41369227
41403262
41525100
41527773
41579965
41584939
41692811
41716136
41758044
42052450
42188038
42235004
42261379
42296453
42458545
42712869
42752735
42757783
42809054
43004770
43285725
43304709
43306899
43311275
43482507
43508485
43587738
43606719
43641090
43720234
43803324
44159402
44161733
44175480
44299805
44597978
44631098
44723169
44770112
44901029
44906481
44945111
44984736
45006568
45032797
45111456
45134657
45297490
45327511
45355516
45455276
45648453
45706743
45740998
45783390
45789957
45797315
46022632
46247008
46430850
46443948
46457688
46537852
46546080
46616576
46646320
46705905
46735803
46965047
47204353
47264163
47495276
47574745
47655012
47701449
47762524
47815616
48689233
48971126
48978809
49119802
49304712
49386594
49789101
50280203
50344851
50541948
50824419
50879505
50995844
51043740
51115894
51154464
