3222839
3302516
4510801
4529613
4552910
4773427
4942390
4963299
5082351
5223124
5386870
5530833
5600243
5684822
5709874
5821742
5919526
5997183
6045346
6060958
6081496
6176297
6229391
6312344
6320554
6323944
6324501
6346800
6349662
6373284
6516596
7013538
7159288
7228243
7392444
8007784
8224283
11232751
11290466
11350092
11572052
11958979
11965166
11993548
12061030
12233586
12245271
12305162
12318945
12421901
12638092
12766617
12974909
13123130
13643908
14110812
14261330
14454538
14976590
15046476
15060134
15074549
15794534
15870631
15956668
16102098
16147283
16407711
16488576
16494937
16506146
16552286
16555388
16558925
16564277
16567017
16569369
16583087
16589770
16592171
16623164
16791351
16801509
16803848
16874487
