183981015
183970220
183920513
183726795
183382756
183082540
183036290
183012588
182257584
182158086
182044234
181930583
181172111
181110129
181042443
180798598
179752493
178006654
177962898
177954332
177438128
176584924
174450063
173925130
173455615
172760080
172291014
171955206
171705923
171405107
171266230
170244814
169848916
169440104
167836335
167789855
167523019
167020345
166385003
165543067
165310885
165244361
164679370
164467960
163905332
163712594
163346463
162971037
162475622
161988276
161620177
161495495
161430810
161119085
158924184
158262565
157413023
156151010
155426761
155322671
154829895
154563717
154391610
153616062
153293695
151514823
151263388
151042374
150671684
148883074
148877348
147559392
145849357
144725743
144674824
144540327
144224507
143947485
143897863
142232123
142136770
141747494
141188018
140767369
140485776
140428728
140264916
138254565
138196718
137799245
137729629
137311312
136477419
135578172
135292985
134906364
134096346
131921905
131658984
131393305
131088669
130475837
130091553
129985073
129238958
129196525
125341785
125032723
123244606
123059044
122690141
122531805
120901429
116115656
115097336
113498228
112290791
111994456
111392183
110588346
