75833645
75913447
76343384
76692886
76868839
77273803
77321748
77413199
77472848
77642800
77789302
77797745
77811850
77925061
77989120
78032014
78096243
78243628
78426972
78486193
78697574
78803585
78849939
78850016
78872943
79009332
79044351
79301387
79353548
79392523
79511779
79700113
79788681
79885118
79916224
80304844
80325358
80390516
80393162
80477840
80479370
80548155
80554277
80591194
80609935
80626347
80652940
80802122
80950549
80954442
81044751
81150998
81169354
81284214
81322349
81339162
81382846
81400842
81404853
81495052
81500594
81593560
81594016
81773554
81825917
81892967
81951567
82099993
82242077
82252618
82364987
82530199
82560951
82620075
82679177
82734733
82782912
82833240
82873282
83035627
83159693
83169676
83356169
83499981
83563066
83651335
83666680
83787243
83897107
83922585
83966912
83979176
84071314
84337113
84578871
84715367
84793771
84820332
84898226
84914529
84953787
84979448
85146038
85418502
85986458
86028601
86068680
86121099
86294373
86368731
86421860
86426079
86668614
86835204
87232827
87235868
87360661
87680497
87683432
87761710
87774869
87858647
88005924
88071958
88103421
88170173
88478111
88488093
88539068
88758008
88773986
88788827
88846464
88949393
