155931539
88729820
64943236
202713201
77847054
8044955
203239855
228131876
7204147
211576043
86634871
32748662
18118981
23515264
12951929
187911586
221879252
38878569
88495648
122498427
206576916
176813125
35548748
113096887
235561026
82247688
17919979
160394810
188446437
7524763
30180086
39566299
89959099
7310686
158300339
27474182
16910802
143502442
8848542
67877539
21542631
7035266
233573315
92092134
51046483
179136244
23023788
18530949
36982338
26082695
133657274
19478666
125448123
210885027
8685984
226709172
174290048
211195118
7294828
8792924
17567618
139297990
103388809
17078366
75382954
242118237
87979394
215350676
184677079
11987662
96678331
230591678
46964231
229215842
227702424
238953626
6575936
214414332
115251189
214660809
54836919
191227530
32976502
98197949
71988903
140153626
209143768
8975748
90577747
155868489
136713868
38220574
216557842
25057562
159002255
56686360
7477505
16741391
16435642
