94297981
94340633
94440887
94772728
94880674
94883639
95106276
95405378
96047907
96122215
97246210
97357587
97581239
97597128
97761263
98111814
98115783
98684270
99072015
99208812
99511208
99583234
99669325
99839759
99896689
100119898
100219899
100243580
100312414
100673983
100770128
101115140
101507358
101999159
102964802
103108003
104682906
104803449
106687948
106951961
107535230
107607407
108974504
109154116
109509762
109654947
109780069
110309575
110513894
111182814
111584034
111878659
111905422
112435072
113431105
113585079
113588880
114337918
114649694
114774526
114825150
114986699
114988278
115085564
115243868
115350294
115729401
115976674
116533955
116564885
116577092
117789478
118794288
119526165
121145317
121263852
121709904
122029165
122366373
123200403
123315619
123449958
123485178
123852658
123906725
123980630
124295521
124454236
124461920
124505551
125058184
125233609
125464911
125627058
126289741
126622506
126838904
127235382
127518504
127728796
127860491
129340298
129572723
129951150
130029039
130057794
130089857
130109042
130842051
131423513
131541458
132043927
