135801397
135944881
135976011
136465178
137203677
137397320
137502775
137729629
138148259
138228477
138253386
138309808
138696951
138928779
138946940
139051184
139057806
139311680
139372251
139459613
139960440
140269893
140394800
140478662
140754346
140912197
140969769
141014273
141050373
141337288
141739308
141839636
142171154
142201232
142945347
143108094
143583078
144331152
144585419
144631660
145121502
145253130
145292246
145447837
145457166
145631661
145964036
146142648
146152022
146235477
146252190
146480733
146625280
146890139
147168672
147513760
148103999
148173338
148184653
148236431
148319392
148347534
148434850
148708551
148745336
148859764
148967921
149277530
149660511
149732869
150006899
150955184
151174167
151263516
151762994
151997703
152905969
152978351
153053828
153246321
153392504
153405388
153727445
153808284
153819654
154243074
154289814
154328755
154341183
154408150
154522759
155006586
155268184
155954608
156241840
156519807
157407081
157529777
158538190
158617520
159032577
159374003
159581736
159929782
160097239
160146836
