3222839
4177456
5223124
5382094
5600243
5735183
6024622
6463561
7050147
7281249
7440801
7640386
7934537
8034976
8986782
11477388
11483604
11593233
11611768
11855306
11978281
12085133
12170634
12214073
12299155
12303734
12326268
12367440
12467521
12577723
12578570
12583841
12894821
12989108
13013126
13036234
14034894
14403060
14689384
14768328
14883376
14960240
15026579
15120237
15122350
15448192
15504661
15509813
15621726
15759015
16036246
16053925
16187643
16526732
16589597
17172348
17220089
17576707
17586683
17861921
17898176
18112977
18140851
18177029
18562914
18824415
19021164
19140896
19539009
19712666
19812602
19935822
20010517
20461883
20709157
20748961
20749062
21217754
21331565
21466312
21671173
21904717
22065517
22130660
22330635
22536136
22709423
22794952
23055624
23079193
23263128
23288662
23327209
23760012
23964657
24178392
24318738
24377937
24671693
24947581
25021861
25179015
25550509
25643333
25949648
26157552
26254076
