238609506
225617278
200859342
194262743
192073502
192073324
191892357
191282728
190572977
190257918
187229722
180415428
178775445
175572726
174575333
167215586
166558721
162264282
157906386
157785154
152221873
151460291
150267078
149511669
147898661
147710337
145735313
145503695
145312507
145068528
144157770
142503385
141688679
140698630
139967634
137334557
136501438
135270174
132857668
129671196
129063397
128173995
128130979
128081258
128047084
127893101
127174797
127114359
126260084
125478738
124776541
124293480
124043715
123987196
122375616
121974057
121753598
120438871
120378044
120254244
120188160
118858103
117576615
116639842
116572224
115869987
115548858
115531047
115511841
115268294
114563235
114303868
113742095
113628128
113429517
113372437
113088552
112946740
112805755
112349104
112320358
111949866
111260402
110759779
110319723
110293903
109752133
108863770
108783156
108316942
108154854
107976122
107393104
106462263
106013009
105267774
104676658
104562653
104378737
104088912
103960319
103821964
101967203
101161068
100713082
100692847
100049613
99866428
99856384
99611887
99554417
99122997
98581913
97630430
96494248
96127727
95779096
95550756
95344231
94117111
92897770
92740984
91685010
91610150
91409560
90611334
90126388
89989799
89449670
89448009
88302740
87507936
87491710
87416160
86916379
86676794
86646666
86545892
86448303
86417649
86063933
85824632
85646460
85278902
85248358
85197724
85134213
84464764
84356580
83912141
83899527
83136143
82768100
82555377
82163763
81798427
81201975
81160830
80394324
80167166
79699917
79448812
79196069
78168350
77863387
77019251
76597644
76332326
76244344
75500320
74976953
73599446
72813853
72674495
72095351
71030089
71023079
70958238
70219523
69933323
69634776
69013059
68484750
68441024
67799289
67357505
66723880
66163425
65050427
63497851
63332713
63210462
61530354
61118571
61101217
58926292
58624358
58406468
58111933
57546552
57534748
57329627
56584897
56468536
56405225
56142089
55796554
55733726
55029891
54825224
54002151
53961459
53325539
53168019
52989604
52142573
51959714
51783809
51639764
51506340
51493034
51367414
50908838
50095832
49487325
49435586
49361197
49313758
49019972
48958692
48810465
48769427
48520936
48473546
48396542
48212889
48002042
47941797
47777531
47493973
47464293
47215489
47211192
47028313
46924532
46871019
46765046
46397269
46270027
46258941
46196351
45288862
45156062
45054890
44893237
44522160
44416423
44308575
44045136
43927244
43837471
43805761
43788742
43567844
43410684
43353965
43121081
42753826
42645243
42448860
42175668
42126371
42086884
41672413
