3234284
3328680
3550307
3585904
4076431
4119100
4173670
4177456
4259457
4562417
4627270
4640241
4885037
4902325
4942390
4969036
4997958
5125882
5158569
5175642
5178038
5327418
5387857
5400126
5477439
5549850
5551032
5590998
5600243
5601470
5684822
5721051
5888298
5911521
5922404
5936486
5949558
5966703
6023018
6076194
6126110
6201801
6237302
6325337
6333162
6367727
6386353
6594000
6652517
6937231
6981692
7041858
7073509
7137008
7160511
7291601
7309259
7311497
7493891
7703669
7854787
7923970
7987287
8020829
8110344
8253056
8294534
8356388
8412858
8492639
8610841
8619034
8875547
8926812
9268863
9480095
9967395
10061505
10184340
10192941
10404426
11508367
11550600
11562608
11616338
11659696
11796115
11803433
11820021
11943225
11951574
11955132
11965166
11997675
12025776
12088595
12108675
12146009
12230862
12233586
12267595
12305162
12340919
12380295
12403322
12416527
12485268
12508441
12542396
12546564
12578570
12594683
12618056
12641950
12649338
12678909
12680336
12686071
12737712
12797833
12819872
12853501
12863714
12867465
12888983
12893755
12920288
13075137
13075435
13156420
13167393
13242393
13361371
13396859
13756959
14689384
14776399
14976590
15248629
15378955
15447265
15485131
15674134
15683347
15789325
15886214
15926663
15944421
15970968
16107886
16138093
16148477
16150208
16167699
16175439
16431876
16438991
16498211
16501036
16511296
16559014
16613337
16622249
16759551
16814015
16851808
16874487
16881780
16995834
17139712
17187182
17241180
17279460
17279517
