52028364
52254843
52548564
52650466
52848910
52886954
52948163
53105046
53117745
53169805
53460686
53465386
53551709
53585806
53593800
53691616
53880794
53993713
54030678
54122491
54237522
54254473
54625998
54729523
54858484
54863943
54875288
54918871
54950968
55262680
55263152
55269519
55347789
55581660
55585788
55602636
55626508
55680937
55706686
55838046
55914592
55947554
55981177
56013267
56098617
56098811
56138183
56157690
56314276
56318594
56380823
56469810
56536713
56687645
56819526
56864394
56916260
56949210
56983201
57091051
57109082
57219892
57323363
57525833
57584926
57632029
57671345
57703044
57750435
57810171
57858654
57938040
58004509
58123062
58177286
58321500
58474233
58488662
58612609
58701501
58745519
58828828
58888856
58940120
59178981
59187901
59189558
59343231
59380574
59396932
59425425
59451315
59453318
59624004
59627765
59857558
59959886
60029997
60051869
60183413
60185044
60404063
60428565
60480934
60570994
60626018
60762454
60843003
60931825
60941570
61010299
61024849
61176217
61225712
61235645
61251740
61327830
61344876
62085229
62099520
62104041
62180034
