16576882
16596131
16613843
16639662
16645544
16668547
16674737
16677528
16717367
16758169
16760937
16774886
16775763
16783564
16803227
16806286
16816996
16828775
16844048
16852114
16852625
16889587
16907963
16923183
16959341
16973728
16978413
16978722
16981549
17051349
17057004
17058810
17082828
17087403
17094738
17106021
17114484
17119994
17128702
17152396
17156427
17159974
17160544
17178026
17187182
17200122
17240193
17298033
17299242
17300124
17324796
17326763
17337443
17364369
17390184
17393751
17395152
17399004
17412583
17426755
17433787
17458461
17499642
17512040
17513623
17529535
17567822
17574916
17621324
17642973
17659361
17666740
17671126
17684797
17708375
17714378
17737197
17738731
17764298
17779627
17780965
17792537
17792690
17896381
17911143
17916346
17917456
17922555
17946053
17952336
17955139
17963008
17976820
17981324
18011445
18012561
18018621
18029911
18062234
18069571
18076658
18080659
18087120
18104037
18118767
18123120
18142787
18143933
18151622
18154684
18167189
18219365
18230990
18235560
18260828
18278873
18292611
18303408
18352796
18364384
18372224
