26576326
26608762
26646537
26648263
26656747
26659469
26701908
26703188
26721373
26776184
26798259
26802799
26817266
26830238
26854083
26879708
26887772
26911435
26945534
26961151
26970996
26974214
27023936
27031127
27082091
27102558
27106163
27191283
27214051
27246254
27349649
27470196
27470722
27478734
27489974
27513682
27517846
27547866
27562683
27644692
27649425
27681625
27698869
27701401
27702080
27773623
27861879
27893265
27950563
27992708
28082606
28184078
28221772
28245208
28265697
28345090
28359243
28365373
28420586
28434293
28437376
28447063
28551611
28572671
28581931
28610661
28662289
28671257
28745457
28755524
28757050
28769765
28830314
28923035
28924578
28927863
28949466
28956893
28972369
28982423
28983659
29089116
29139909
29179618
29181809
29184533
29221836
29225597
29258226
29271073
29293336
29304638
29306506
29330316
29357195
29387542
29411695
29533243
29594286
29619651
29670953
29683069
29722177
29764730
29774095
29833925
29940542
30027623
30194268
30208644
30229268
30235812
30280233
30318634
30328218
30333452
30343403
30344780
30428099
30448599
30463939
30574921
30592164
30671585
30684249
30685212
30746015
30772790
30806748
30814878
30827194
30831743
30844475
30936256
30983905
31083795
31100378
31110138
31118556
31133551
31159734
31192152
31277897
31361484
31393379
31401220
31427593
31453784
31564884
31650082
31796637
31806863
31818632
31857992
31920021
31937967
31950967
31954517
32007336
32034009
32037531
32057886
32082425
32107371
