2954965
3948839
4018661
4076431
4177456
4183796
4203738
4357906
4514775
4969036
5223124
5242553
5276182
5465469
5591807
5600243
5605535
5634330
5684822
5757916
5764884
5775122
5922404
5941491
6068036
6080384
6083488
6113785
6126110
6159364
6306535
6325337
6432977
6436291
6761143
6783745
6851747
7041503
7075688
7435802
7478233
7670634
7690180
7804618
7865476
7904542
8161888
8201569
8253056
8334626
8761850
11144849
11538732
11577897
11644334
11801902
11873195
11981742
12047520
12050201
12050768
12080470
12147246
12208327
12221208
12256930
12257765
12262254
12278551
12296487
12299731
12304195
12305162
12306162
12336415
12344558
12442679
12459320
12544503
12555799
12578570
12608472
12609565
12609575
12633122
12633416
12678909
12729592
12765748
12822203
12853501
12860691
12920663
12940557
12984287
13104438
13133213
13421343
13462819
13501882
13541125
13614629
13756317
13838879
13879418
14178083
14501929
14925073
14969165
15263443
15324116
15357056
15594037
15635696
15652043
15670856
15781079
15790988
15829945
15856940
15933277
15940067
15948667
15969229
16083008
16150208
16207240
16395112
16449020
16470525
16749698
16754776
16806057
16828293
16832782
17065895
17113038
17351628
17373929
17394067
17394143
17445801
17446067
17504894
17623209
17639066
17773730
17805351
17851385
18055848
18069582
18090934
18148153
18232785
18347265
18409099
18657282
18771995
18952967
18977556
19012048
19041092
19052731
19261892
19361766
19404261
19541012
19602872
19762655
19819151
19854350
