20029673
20030086
20195723
20212763
20228808
20348023
20479650
20775473
20930962
21000216
21164295
21204040
21223537
21603164
21605443
21667643
22035197
22172004
22253393
22302172
22462231
22487893
22674749
22724502
22811222
23085901
23102575
23203670
23279401
23331904
23475089
23484134
23488597
23504934
23640955
23648641
23704245
23718314
23759057
23766719
23853946
23943960
23963972
23966851
24068021
24097182
24143661
24179491
24234533
24299374
24360798
24565815
24583435
24633107
24704625
24755271
24963311
25000582
25299246
25421162
25433285
25780217
25932135
26107514
26428715
26485073
26608355
26622025
26648263
26688074
26697139
26818352
26826591
26830238
26851741
26875030
26955757
26974749
27012384
27020724
27040020
27045945
27062279
27115928
27123178
27175663
27227595
27241057
27419019
27486994
27719859
27972691
28044026
28217717
28245208
28246272
28263290
28365373
28581858
28731483
28767991
28888886
28898947
28912840
28928081
28956691
28960758
29034776
29044099
29089116
29180734
29304638
29402203
29687103
29800801
29987337
29998789
30020793
30119652
30143627
30170562
30174396
30189858
30190520
30239420
30257079
30319366
30438807
30489570
30663145
30674904
30769110
30814878
30831743
30983905
31047042
31182803
31262473
31265055
31269119
31364322
31453784
31511264
31585340
31623608
31751140
31774202
31937967
32288278
32543223
32583747
32619737
32703428
32721611
32824889
32867540
33025512
33300791
