37916608
38057202
38065337
38072169
38084194
38111415
38218586
38381660
38418369
38461723
38482343
38540524
38557635
38566341
38573037
38654793
38700107
38935478
39092211
39168887
39265472
39298622
39529536
39594394
39597484
39672645
39745919
39809286
39860838
40211125
40224758
40272078
40303807
40322493
40571675
40785352
41013318
41066977
41099762
41121452
41146244
41197034
41260039
41291888
41303243
41314251
41369227
41403262
41525100
41527773
41579965
41584939
41716136
41758044
41767246
41839809
42052450
42107606
42188038
42261379
42275437
42458545
42564286
42712869
42752735
42757783
42809054
43004770
43285725
43304709
43306899
43311275
43344456
43362323
43424762
43482507
43508485
43606719
43641090
43683144
43720234
43803324
43867260
44092000
44159402
44161733
44175480
44299805
44543897
44597978
44631098
44703860
44723169
