187237970
22952270
5110376
20439063
16713243
21229967
95732054
200601724
46586182
35812113
109263144
8825988
158433949
46278655
110895634
89906119
113349120
63435107
119365144
126102515
232768570
6380365
191526569
172759007
147111900
159790288
39317840
7090947
67032999
55550962
206068505
124832988
214840147
12359134
24072831
103342663
76716617
84074095
5274890
21126616
56437124
152302530
32317185
73061278
149726730
60272300
30090222
49458095
230115129
55906744
184364096
169672229
227416963
38355713
183599669
53914738
103801322
232227201
14060994
103187493
133217638
57716267
29969261
110032979
42419780
12626389
12227012
89575780
177479954
15976657
36588973
41490335
