45362774
45386247
45422337
45443373
45495346
45501033
45504670
45641194
45671159
45678635
45713800
45722380
45846895
45850092
45851334
45880593
45888640
45912756
45921732
45924794
45932281
45946824
46006058
46012617
46084307
46091431
46100035
46124301
46126756
46153362
46197233
46208855
46248843
46352314
46371588
46566572
46596595
46613495
46647856
46648376
46777089
46819087
46844846
46848311
46853104
46893729
46895175
46910622
46914982
46917565
46929139
46986697
47000762
47028549
47115736
47144863
47175981
47177792
47204353
47205695
47245143
47266922
47267320
47350913
47353507
47354131
47401309
47401849
47411497
47480405
47519397
47550136
47576236
47602567
47624545
47761860
47774851
