148619341
149236250
149287531
149630594
149645729
149648958
149655308
149941198
149969896
150107857
150156185
151258179
151345253
151674302
152098715
152184591
152321561
152366606
152743957
152925169
153049710
153086096
153619671
153898239
154519582
154531605
154618657
154715419
155091574
155392842
155409131
155415411
155618807
155713821
156097960
156101811
157115098
157750855
157848287
158933269
159142632
159165717
160027198
161195904
161511262
161553591
161756571
162874683
163208621
163373312
164311497
164689221
164767954
165150236
165541449
165814238
167083341
167602417
167681599
168129583
168773886
168893890
168945963
169793349
170220792
170251570
170383833
171641436
172669722
173479794
173796795
174082743
174333931
174723632
174791996
175070423
175412290
175416111
176929290
177630476
178023555
179743285
179928598
180331989
180360067
181302109
182018025
182089611
185244677
185486647
186242084
188433916
189494387
191657362
191810146
192358806
193849755
193924292
194672321
194983553
200366779
201567640
203226271
206610944
