41190173
41359124
41394509
41457514
41568108
41589026
41831554
41915742
41955916
41976196
42068798
42816816
42948539
43575211
43736062
44190668
44237169
44284585
44621844
44681567
44829624
44837318
44917522
45087786
45145397
45159335
45171298
45222062
45253803
45334486
45443373
45588272
45791834
46180996
46405127
46460736
46506779
46573309
46715873
47402797
47607415
47635657
47911684
48273768
48668223
48783238
49846818
49919758
50012020
50075698
50131432
50165894
50196658
50664820
51229551
51321207
51384938
51417437
51459207
51472681
51487419
51570957
51615355
51637246
51889140
51905469
52624469
52858727
52930976
52972894
53034895
53113313
53230514
53404833
53479636
53538115
53548114
53585806
53834471
54544409
54737542
55948547
55985685
56432933
56819526
57088414
57653314
57682504
57824961
57960246
58097819
58511427
58626463
59077171
59504321
59871314
59959886
60460114
60477722
60510787
61262308
61919941
62044962
62116823
62353403
62676287
62680892
62928107
63467435
63517589
63553959
64002169
64516414
64841521
65602709
65716598
65734376
65975408
66141752
66291239
67439439
68191385
68305821
68522296
68677347
68796509
68957107
69041885
69139342
69571043
70626491
70627224
70746677
70933932
71122769
71242749
71259271
71841026
71863446
72025879
72109110
72233034
72595668
72708818
72715738
73122283
73441100
73586827
73594216
73873436
74001598
74055527
74202488
74279271
74349252
75042639
75181998
75493042
75542409
76188607
76213893
76255410
76280779
76335397
76360200
76373768
76380921
76412221
76534438
76547364
76682348
76872624
76939526
76942544
77226928
77368624
77372021
77373583
77375986
77411953
77555441
77571583
77684279
77732589
77735919
77940499
78025332
78096243
78199667
78204167
78266477
78369452
78505391
78644997
78721236
78902733
78917537
78935537
78975651
79391427
79513892
79546622
79574279
79699499
79949338
80288438
80462488
80903405
81008875
81095395
81221404
81308777
81391690
81475722
81500594
81547720
81576032
81604917
81693463
81972486
82099993
82147452
82169873
82278941
82578903
82592982
82745102
82768040
82885550
82970435
83356169
83398360
83749607
83897107
83956848
83979176
84040376
84041960
84321049
84557177
84881367
85227308
85439690
85533071
85537807
85698010
85718032
85745509
85796425
85824859
85945041
85957887
86257314
86318801
86326340
86351126
86458363
86504683
86609701
86831621
86929571
86984516
87129531
87180707
87182588
87232827
87404827
87489398
87583437
87712699
87763780
88262859
88276316
88289964
88314834
88317310
88462177
88560540
88582461
88711516
88745728
88777342
88832867
88905333
89061580
89119520
89172751
89522752
89571303
89858143
89910689
89996991
90010959
90313770
90470301
90791759
90929437
91104763
91129277
91134753
91193809
91441878
91486943
91561178
91669873
91701441
91717444
91740113
91816066
91824246
91855063
91882557
91931872
92048051
92079679
92430734
92462139
92708069
92738039
93068686
93081781
93102139
93119462
93195547
93244140
93325017
93530597
93609514
93736342
94254715
94545050
94943102
95009638
95277189
95474306
95943189
95994817
96173349
96406895
96468817
96623131
96850225
97137422
97482585
97737650
97754618
97764596
97792173
97889200
98020199
98221414
98402149
98445977
98483918
98624896
98743435
98865900
99008260
99196422
99222357
99262287
99601979
99709007
99762704
100000638
100304477
101088833
101268337
101607169
101614550
101842667
102171894
102223497
102464815
102582768
102620951
102685097
103033690
103300946
103316763
103329225
103359575
103486404
103616441
104130605
104283696
104352626
104556285
104769549
104840506
105590978
106234266
106236449
106431641
106560376
106637829
106849644
106850393
107062071
107165607
