72468777
72664162
72701894
73739180
73770201
73950324
74016014
74091419
74209460
74411834
74427584
74470504
74997456
75294026
75495157
75552722
75980605
76055597
76056630
76080791
76250942
76497734
76532152
76663279
76780183
76884174
77374404
77403195
77808464
77932473
78024271
78046018
78180009
78527943
78795676
78921037
78935748
78944812
79139386
79220338
79334359
79352754
79738551
79738822
80050221
80196031
80459745
80533713
80992606
82214234
82238260
82298852
82350070
82527489
82581068
83160285
83442555
83537698
83591505
83723952
84053743
84176479
84521899
84912072
85031668
85528456
86433492
87363995
87962201
88336850
88844001
88893091
89035780
89082748
89304423
89306841
89365381
89897473
89954949
90221339
90743240
90780578
90894467
91180750
91404840
91584234
91598876
91618666
91791832
91897873
92932413
93037211
93263508
93338890
93429117
93520316
93656733
93981991
94970691
94982727
95858040
97683044
97900810
98789768
99709073
100046319
100312579
100363428
101301555
101358764
101691230
101822298
102831284
102938410
103229171
103297616
103346902
103571891
104109200
104163472
104384303
104535322
104830602
105196017
105201195
105250997
105285011
