41148423
92220806
213115394
153359760
53287520
249576543
191167271
12369141
178888765
114388663
104229017
179358444
78458741
16129321
104725187
22512924
209695547
58414870
52770741
179915503
48813202
80911381
45885545
199282217
43984477
44328681
4834517
235900322
16625562
36886426
212525163
32291647
128965091
57224574
17629109
125499395
9008957
97707303
238966978
118751805
232949561
110446343
50329315
171086307
224195686
129875380
8826437
7845178
24394481
50049828
141814987
117958526
16720703
152035808
174878902
87221329
107274681
54505038
19235451
50926836
40412885
4920840
26970056
191657163
37539153
38746154
218189815
19182548
82236055
163171364
154105615
61504909
123892224
185324812
