68677347
68827124
69050280
69097963
69159958
69308192
69977559
70914049
71506333
72117791
72390446
74755080
74844709
75817015
76529531
77165898
77642800
77849715
78144715
78189539
78854196
78880204
78885972
79768012
79916224
80111763
80116522
80304844
80544037
81079331
81920056
82154400
82720872
82856069
83059862
83159693
83233609
83356169
83979176
84031559
84979448
85355334
85698010
85986458
86406907
86504683
87232827
88064993
88462177
89061580
89287318
89443286
89457951
89547039
89715925
90470301
90866604
90889336
91066481
91441878
91747149
92316076
92696566
92749855
93038568
93609514
95501701
95793636
95835480
95927811
96241113
96853999
97487856
98204176
98639288
98743435
99192590
99339994
100323636
100328013
100358450
100770128
100890860
100904814
100944499
101091648
102001776
102500241
102549493
102740930
103074076
103396534
103745389
103985019
104014111
104283696
104346165
104769549
105587662
105632229
106234266
106637829
107374294
107489238
107739592
108191452
108371399
108822037
108876247
109255150
109295072
109403610
109434920
110030471
110382793
110430160
110513894
110515206
110576881
110616315
110793480
110797008
110822358
110998537
111574371
111628870
112152902
112183736
112320358
112325430
112398235
112441216
112552324
112596953
112678232
113440937
113540866
113564769
113678778
113952863
113965443
114303868
114326934
115111330
115408548
115573000
115690879
115722438
115855615
115913694
116860026
117265556
117486239
118473307
118750737
118920200
119362049
119865461
120248165
120428271
120671577
121345021
121414514
121790454
122109923
122148490
122152271
122589657
122724468
123403220
123990693
124394134
124630399
125285885
125833152
125882816
126546057
126552239
126566611
126773303
126910897
127109616
127141041
127142040
127557256
127709512
127895002
128186948
129014545
129048459
129456997
129577842
130344080
130524784
130556601
130697841
130757102
130782725
130852875
130956744
131249612
131340844
131469486
131541458
131655547
131848135
131878521
132010509
132043927
132127942
132263468
132266387
132302778
132308876
132317017
132432610
132579213
132901458
132909167
133009551
133637138
133693589
133768008
133814466
133815262
134153618
134162260
134194377
134314381
134342866
134419226
134462982
134672344
134681653
134882703
134902518
135081201
135101637
135517968
135711999
136054646
136185426
136208539
136427333
136740309
136799720
136999830
137008341
137203677
137342961
137544295
137592186
137644915
137650387
137710252
137860665
137963274
138365903
138440037
138724382
138905003
139057210
139057806
139565078
139648490
139734602
139889445
140172107
140178233
140223943
140241496
140254070
140357670
140385093
140478631
140538991
140567226
140639944
141131525
141147202
141381613
141388381
141493089
141680707
141723669
141780158
141789750
141999222
142200602
142261814
142412554
142683457
142804824
142812403
142856539
142905591
143129122
