17321101
184086245
50095936
85213100
123898390
117148076
51217654
161836094
69926056
102077679
99839614
79060719
118563055
53727136
33416676
69562746
233873663
6027242
93960813
3257259
89861819
205778433
148187968
183994132
99044378
117884316
134771991
92764126
76682961
21216899
43618861
42237442
233835873
40239432
116219089
81590527
182817436
76381410
13048938
96250695
80484251
4358955
233083170
22177332
202122841
23908380
225354651
102213070
59326205
15728870
52987996
120585314
121842643
10005394
117863977
196139741
60386566
50972669
142255495
224427448
111037843
174787039
168220535
118298288
7328805
30954497
134779845
40397290
43798322
6745547
42544476
69517189
23570799
69172360
147899805
11410293
21506994
70714028
23641870
64300010
41924781
62396188
235262774
