6126110
6126543
6143151
6187189
6189030
6206038
6231028
6242482
6245059
6268001
6276610
6293842
6295914
6309329
6325337
6336119
6343290
6367727
6373284
6379433
6385282
6426510
6433479
6439220
6439486
6442037
6475226
6483373
6492872
6497962
6512448
6516596
6517195
6523021
6527683
6554235
6555402
6561554
6563587
6577001
6578484
6617285
6621248
6621556
6652352
6695368
6701698
6705544
6711937
6728799
6751219
6761571
6782178
6785344
6811387
6826027
6828387
6857223
6868121
6871256
6871430
6894212
6909149
