87609959
116853498
186488532
24699514
29480902
87342044
3234284
5275835
6682535
7730368
15302422
15518081
21421127
23102575
41197034
48481336
59271832
72390446
80189140
82450183
90470301
93763917
103985019
111274054
158275346
181297454
182805998
183658478
183997204
185464432
186020077
186045104
186127787
187365109
187823275
187853487
188299026
188580883
188798639
189033580
189051475
189694004
191332492
191645133
191960725
193173356
193687977
194028210
194174888
194589785
196698855
196718986
196948826
197138613
197986569
199753464
200375706
200505206
200544567
200872666
201147752
201476153
201633991
202919208
203249466
203272199
203598886
204289305
204451993
204558842
204885562
205196026
206075297
206376864
206856090
207058754
207701690
208593859
209497055
210211009
210720539
210934818
212408320
213089920
213272895
213580002
214970176
216062146
