2848779
3038580
3067731
3161492
3195783
3204498
3234284
3476811
3502038
3586890
3736002
3846199
3900134
3967911
3975277
4044507
4108893
4119100
4150723
4171211
4177456
4214190
4221948
4222845
4390449
4410951
4477652
4497649
4530509
4581153
4870744
4870822
4931666
4942390
4969036
4998923
5033683
5058305
5130826
5148778
5195979
5223124
5320100
5414680
5425259
5517040
5528344
5539117
5551032
5560872
5600243
5673419
5684822
5687834
5694393
5721051
5762194
5784887
5923612
5944005
6032794
6088451
6102161
6225372
6234991
6268715
6274382
6325337
6339573
6382785
6386353
6394861
6428974
6433085
6443365
6492787
6602987
6635380
6672965
6690325
6720608
6828387
6840470
6875316
6933194
7160511
7228256
7260474
7272838
7272894
7290409
7311497
7454936
7493891
7550471
7652459
7716643
7760887
7809920
7830268
7834693
7865157
8040246
8088438
8095710
8294534
8303047
8312444
8349315
8360584
8393635
8579840
8686307
8966978
9025340
9031223
9120289
9316418
9480095
10915309
11020912
11072720
11133518
11149457
11397825
11440406
11466705
11485164
11494158
11550600
11581841
11591888
11706832
11782226
11803433
11851628
11856139
11860910
11926534
11965166
11971565
11989668
12010599
12159444
12161940
12233586
12258347
12298137
12305162
12340009
12375018
12443548
12449540
12485268
12508441
12578570
12593408
12636076
12640647
12654557
12655292
12728774
12745675
12853501
12902117
12907747
12981752
13072737
13075435
13149003
13178476
13191897
13246295
13354102
13417317
13436568
13600114
13641690
13756317
13891526
13997890
14017390
14037476
14100256
14106796
14113856
14157089
14194916
14267764
14484106
14570039
14689384
14716999
14817839
14976590
14982891
14985627
15001392
15077414
15091547
15117934
15120237
15155851
15189035
15190063
15230163
15235724
15273091
15345983
15355640
15385187
15513742
15660341
15666152
15668977
15683347
15692439
15780786
15794534
15829495
15832400
15853749
15906652
15913891
15946262
15994597
16036775
16047822
16053629
16077935
16175976
16180383
16195068
16211077
16239011
16260931
16272686
16305929
16308468
16309698
16380028
16407812
16419869
16447055
16494264
16530230
16543333
16576882
16596131
16613843
16639662
16645544
16668547
16674737
16677528
16717367
16760937
16774886
16775763
16783564
16803227
16806286
16808040
16816996
16828775
16844048
16852114
16852625
16889587
16907963
16923183
16959341
16973728
16978413
16978722
16981549
17050899
17057004
17058810
17082828
17087403
17094738
17106021
17114484
17119994
17128702
17156427
17159974
17160544
17178026
17187182
17200122
17281712
17298033
17299242
17300124
17324796
17337443
17364369
17390184
17393751
17395152
17399004
17412583
17426755
17433787
17458461
17512040
17513623
17529535
17567822
17574916
17621324
17642973
17656009
17666740
17671126
17684797
17708375
17714378
17737197
17738731
17739915
17764298
17779627
17780965
17792537
17792690
17857350
17911143
17916346
17922555
17941561
17946053
17952336
17963008
17981324
18011445
18012561
18018621
18062234
18076658
18080659
18087120
18104037
18118767
18123120
18142787
18143933
18148641
18154684
18167189
18219365
18226984
18230990
18235560
18260828
18278873
18292611
18303408
18352796
18364384
18372224
18410439
18411845
18430894
18442880
18444555
18482428
18491233
18508094
18548254
18549223
18584325
18598690
18635020
18648559
18660321
18661726
18711477
18716570
18724151
18829979
18839628
18860827
18862603
18869695
18882974
18886658
18888302
18891867
18899626
18907562
18926742
18977556
18983297
19012600
19016745
19022150
19048871
