23173164
23288001
23296311
23321466
23346567
23367693
23371835
23388942
23394190
23402625
23441362
23443372
23471681
23485143
23513112
23522771
23536766
23561746
23597044
23638703
23648210
23671800
23686374
23745782
23756990
23776519
23781345
23849191
23876500
23877878
23887696
23896387
23896473
23916332
23924234
23933356
23936911
23946809
23951205
23954310
24065474
24076533
24092379
24188518
24230999
24233445
24236278
24238641
24241405
24266912
24321849
24343389
24357493
24467327
24497708
24498840
24582874
24587155
24623666
24677307
24768955
24771929
24795895
24823585
24842486
24894613
24913594
24921052
24937451
24942079
24971171
24980169
24994213
25021870
25054708
25174413
25186682
25190322
25205888
25217880
25271536
25314041
25331183
25352969
25361678
25374387
25389733
25403243
25412647
25445798
25467633
25471833
25491260
25499111
25503001
25526474
25616412
25674635
25681770
25709500
25718458
25728779
25784046
25803630
25806712
25824904
25835343
25859019
25952907
25963605
25983784
25985104
26017504
26020714
26043884
26073401
26106685
26130552
26138769
26171032
26177804
26186266
26186314
26234212
26238909
26281369
26311917
26317826
26374119
26386602
26404341
26443388
26458051
26459650
26486451
26529341
26562039
26618863
26619882
26670320
26716388
26717286
26717423
26741051
26895936
26935414
26985336
27008440
27041097
27060106
27065037
27128093
27146489
27196975
27204189
27282251
27283349
27299391
27319671
27354188
27354775
27364872
27378423
27378777
27389522
27413019
27433357
27434811
27484155
27499803
27515485
27528592
27536792
27551788
27572578
27597826
27608538
27638917
27660629
27713517
27742545
27803760
27806927
27817035
27832038
27857330
27861829
27880554
27905723
27912555
27914553
27920371
27933603
27979312
28040479
28042251
28051460
28134011
28137006
28158348
28161316
28194592
28197489
28203484
28297517
28318915
28319571
28371094
28408577
28461521
28504037
28513431
28522482
28538231
28545749
28553314
28566679
28584208
28585842
28594072
28599919
28670016
28703915
28708857
28721278
28727621
28754893
28795834
28825178
28830891
28843683
28864619
28941377
28943131
28962284
28964768
28967939
28991250
29008081
29020484
29050725
29056054
29097238
29102468
29130944
29164125
29168089
29188552
29244332
29271913
29295643
29299452
29362295
29374173
29376203
29385405
29404608
29458409
29555014
29594071
29604675
29615174
29626915
29647977
29678491
29706680
29729912
29842749
29846324
29878195
29885284
29901649
29913409
29991172
30150076
30175235
30265859
30316941
30318826
30338544
30371752
30380392
30387291
30387468
30388526
30393019
30408346
30427203
30438807
30446053
30466586
30495420
30513584
30543012
30567197
30682679
30700521
30732263
30736979
30768678
30836937
30844532
30852278
30859094
30879612
30903634
30980473
30984840
31060955
31113859
31118054
31128237
31134888
31235643
31250102
31262919
31265383
31278492
31296389
31328182
31455607
31458489
31488962
31530849
31538251
31547794
31553348
31561458
31651108
31724513
31733301
31788903
31790843
31874789
31928982
31974778
31995506
32000771
32016640
32049194
32076917
32098525
32104263
32137937
32154943
32298082
32379966
32421604
32434239
32473888
32568569
32690984
32717540
32726382
32736105
32784690
32831205
32844161
32863808
32866509
32931800
32945318
33006589
33059577
33069279
33087581
33140637
33148631
33285635
33307529
33333211
33371711
33390274
33454224
33456469
33475780
33503131
33562524
33638148
33658606
33680274
33692998
33701678
33714051
33743639
33771295
33773440
33776147
33829443
33832767
33853791
33868128
33920149
33956099
33961263
33987123
33993789
34013245
34035522
34101103
