2848779
3038580
3067731
3161492
3195783
3204498
3234284
3476811
3502038
3586890
3736002
3846199
3900134
3967911
3975277
4044507
4108893
4119100
4150723
4171211
4177456
4214190
4221948
4222845
4390449
4410951
4477652
4497649
4530509
4581153
4870744
4870822
4931666
4942390
4969036
4998923
5033683
5058305
5130826
5148778
5195979
5223124
5320100
5414680
5425259
5517040
5528344
5539117
5551032
5560872
5600243
5673419
5684822
5687834
5694393
5721051
5762194
5784887
5923612
5944005
6032794
6088451
6102161
6225372
6234991
6268715
6274382
6325337
6339573
6382785
6386353
6394861
6428974
6433085
6443365
6492787
6602987
6635380
6672965
6690325
6720608
6828387
6840470
6875316
6933194
7160511
7228256
7260474
7272838
7272894
7290409
7311497
7454936
7493891
7550471
7652459
7716643
7760887
7809920
7830268
7834693
7865157
8040246
8088438
8095710
8294534
8303047
8312444
8349315
8360584
8393635
8579840
8686307
8966978
9025340
9031223
9120289
9316418
9480095
10915309
11020912
11072720
11133518
11149457
11397825
11440406
11466705
11485164
11494158
11550600
11581841
11591888
11706832
11782226
11803433
11851628
11856139
11860910
11926534
11965166
11971565
11989668
12010599
12159444
12161940
12233586
12258347
12298137
12305162
12340009
12375018
12443548
12449540
12485268
12508441
12578570
12593408
12636076
12640647
