34818431
35001858
35018501
35299945
35390020
35465934
35834838
35881175
35923523
36360991
36415215
36675443
37183592
37357785
37518343
37701456
37862261
37878258
37925383
37973051
38016624
38084194
38262767
38392123
38402593
38600296
38700107
38795170
38813483
38877993
38966040
39205129
39284912
39481990
39602818
39677093
39785469
39923589
39996297
40066878
40224758
40246319
40301957
40301990
40355751
40463745
40829668
40861145
41074878
41097450
41108223
41373777
41406812
41737487
42176199
42250406
42331393
42347765
42452475
