65930186
66271066
66332059
66565229
67000627
67279362
67698842
68043794
68365029
68441024
68716135
68900382
69349150
69396831
69556192
69662500
69793408
69929423
69943716
70251911
70266773
70499615
70829428
70851668
70904852
71234131
71318357
71350843
71480675
72129296
72390446
72708818
72761999
72914585
73032850
73515774
73763055
74033588
74693590
74926001
75222441
75228795
75277858
75564992
76620020
76692886
76861461
76939526
77165898
77240912
77750571
77797745
77811850
77909539
77932552
77989120
78103282
78243628
78261648
78697574
78803585
78849939
78872943
79009332
79029211
