115813288
215715369
11467886
11534965
114012518
137940152
12066311
172899476
225456278
222119975
156056665
26506439
117424955
68359331
117659761
224308944
170651853
24836520
119271714
119276962
79564787
172027048
48036764
215809463
78888611
120232005
161098906
15364879
15527472
27806695
156346053
65767110
20728633
30746263
113151106
31529351
102805489
24702602
84992886
43856956
232316260
60214947
226755876
17778179
132059193
173860826
20553830
169015866
19976629
31780124
5568280
20425843
105611529
