6447116
6447335
6449866
6450382
6454868
6455018
6457920
6458618
6462937
6467084
6469222
6473101
6476665
6477731
6477868
6480812
6481380
6482758
6483598
6486500
6488195
6490971
6494120
6500077
6507104
6509635
6512448
6514013
6515257
6516596
6518778
6524701
6530051
6540417
6542691
6552477
6552551
6554429
6560706
6565024
6567170
6577521
6586147
6588086
6591010
6592167
6592225
6598149
6599419
6604276
6612585
6613040
6628015
6630112
6634454
6634750
6638080
6640361
6641314
6642058
6645547
6650035
6650528
6654525
6654680
6655543
6657463
6660285
6661037
6663118
6663419
6670015
6670686
6675678
6677092
6687487
6688502
6689264
6690468
6691064
6691757
6702929
6704513
6707923
6720131
6732770
6747947
6750008
6750409
6753485
6753995
6754810
6755195
6755501
6761571
6762563
6767037
6783149
6784193
6827528
6828387
6840613
6840870
6844511
6846664
6854665
6855616
6861793
6865346
6867498
6868674
6870969
6871256
6871385
6873399
6883389
6886052
6893781
6905090
6908283
6908485
6915752
6917248
6919478
6919848
6922816
6922931
6926074
6935570
6935904
6942948
6943300
6945534
6953567
6964749
6968547
6970563
6978480
6988986
7005011
7007454
7012266
7013355
7023207
7026079
7026386
7027006
7029178
7035322
7040595
7056071
7057823
7062243
7069128
7074998
7088861
7090770
7097727
7100361
7111043
7111260
7111536
7113329
7116668
7129838
7135535
7136704
7137008
7146528
7152146
7152238
7155989
7163394
7164118
7168517
7171616
7173039
7175059
7188595
7201134
7207418
7213247
7213363
7219866
7222957
7223264
7226688
7236218
7242867
7245317
7245502
7261977
7265837
7266520
7268252
7274510
7275124
7275832
7277683
7277869
7279135
7282522
7284178
7284537
7285641
7288429
7291192
7291601
7297979
7310088
7335047
7337868
7340749
7349881
7353996
7354792
7356773
7359054
7363177
7365060
7366178
7367330
7369279
7371352
7376195
7389569
7392097
7394708
7401672
7404232
7404313
7407780
7410525
7418408
7423301
7430016
7437567
7440269
