32721795
32770443
32840831
32982659
33000311
33361624
33604923
33625559
34262804
34508446
34925876
34947860
35004685
35159340
35249936
35654640
35780673
35783455
35855054
35923523
35989186
36060788
36142281
36602261
36783919
37024038
37199671
37593555
37921245
38064636
38146311
38166619
38188398
38476960
38952504
38981722
39060041
39134210
39231299
39284912
39301691
39306479
39324719
39393019
39677093
39938221
39995671
40123026
40283704
40478097
40602302
40985024
41866051
42095130
42335512
42341350
42454592
42688804
42978553
43031365
44294088
45046821
45196770
45423421
45443373
46060368
46603546
