117217976
143953762
20575099
38736421
179781713
68683643
196164679
49565230
111241118
61298513
66050888
42082897
126680486
162412313
13615169
78115758
110548636
203853206
174901305
111060265
187337375
49318876
191430719
66569123
113372747
71585812
20606918
217962586
65486597
30687451
140188431
4765707
164310712
134380079
231697860
15197877
111686732
76185766
7251033
83513889
208046008
45027479
139457092
193910395
80349670
200433874
42089886
106465197
222901337
28981837
76037840
210556826
198806881
201820583
105327543
35508658
80400060
36206616
186966086
186746887
158338143
114531158
113359175
16227829
57973820
33665789
5824637
13165863
