147584651
148014833
148173338
148236431
148347534
148408382
148416109
148455397
148615460
148781968
148814343
148967921
149009937
149069305
149103215
149113807
149162509
149333845
149388102
149427462
149496485
149570667
149592998
149602642
149732869
149754964
150022674
150188558
150267078
150876354
150955184
151008740
151069265
151444965
151450516
151581842
151645868
151747537
151959051
151987323
152031444
152087057
152206228
152228755
152335591
152390994
152541240
152842529
152881013
152957125
152978351
153007943
153032564
153130406
153340846
153392504
153393592
153451278
153890257
154259251
154289814
154328755
154508874
154850374
154957260
155198561
155277656
155400722
155475688
155514003
155620133
155728253
155817014
155920856
155942737
155954608
156051042
156125625
156158417
156605290
156748297
156785067
156940896
157017844
157349386
157383699
157398382
157428444
157579060
157670045
157732050
157817353
157870759
157906386
157954138
158137524
158507033
158617520
158762727
158784502
158800426
158888514
159032577
159075201
159106242
159153685
159283776
159374003
159522531
159528387
159530411
159539598
159668766
159725168
159770307
159809767
159965672
160054375
160060592
160146836
160293070
160369186
161008523
161321494
161353201
161651550
161690737
161824437
161880139
162031931
162278311
162360592
162405745
162441295
162450508
162480079
162500604
162528294
162538789
162608977
162752629
162830383
162886256
162945586
163171593
163249167
163354000
163374796
163402424
163404648
163625809
163701646
163793296
163881394
164061732
164144080
164204314
164228167
164327876
164587696
164630513
164675368
164766487
164813448
164878454
165163334
165236676
165270604
165333019
165413619
165547549
165579500
165694960
165993926
166034400
166038886
166050890
166102099
166302950
166474433
166527586
166528880
166532784
166651399
166740589
166815988
166963690
167141678
167215586
167379148
167448435
167474515
167806390
168204274
168214492
168256082
168296820
168326353
168515282
168517875
168631818
168759158
168862637
168863121
168867291
168882637
169035042
169040515
169083536
169148266
169184089
169195780
169283613
169304758
169389992
169408912
169539177
169545498
169578353
169629680
169641455
169653390
169715954
169890521
169897982
170109524
170176569
170229923
170365602
170514903
170569268
170614014
170693954
170696228
170787090
170888490
170913470
170934024
170971446
171077545
171087987
171127043
171216491
171264372
171606194
171769651
171841227
171849173
171852637
171913591
172000332
172025599
172063038
172127712
172184653
172261983
172366634
172385398
172385527
172506142
172692971
172828239
172891469
172956960
172983192
173060397
173109951
173112249
173123052
173157708
173198279
173239816
173407436
173429877
173502199
173545730
173553645
173677043
173704354
173858954
173933370
173999774
174025957
174027642
174068922
174070841
174111976
174224529
174306058
174493505
174498579
174553663
174570177
174605300
174789869
174832878
174893259
174902831
174974993
175024686
175110741
175138442
175199076
175239410
175248908
175338205
175393194
175528163
175534035
175645936
175685993
175688253
175764787
175823344
175880421
175971292
176069039
176106196
176175722
