27702080
27834826
27950768
28053065
28105102
28121708
28133432
28149608
28233293
28670367
28976578
29275874
29346545
29456376
29572050
29757924
29757948
29760589
29763847
29774724
29808292
29862833
29877439
29905874
29907926
30186797
30193084
30334807
30397960
30430147
30459131
30524350
30635919
30651497
30674904
30710742
30811856
30936850
31003198
31022621
31060528
31320291
31605437
31673348
31754100
31841559
31898107
31985257
32112203
32351199
32448484
32510721
32577952
32693280
32827820
32855363
32903684
32986462
33264605
33292224
33350634
33360467
33483784
33708634
33718059
33745455
33900482
34076454
34082833
34319179
34455483
34490654
34600737
34786687
34848955
34887283
34925451
34972506
35166761
35185034
35204571
35278242
35507186
35692635
35851701
35906859
36110410
36114837
36297644
36388530
36573289
36630773
36891010
36904082
37082125
37095892
37137968
37166011
37246698
37344332
37413264
