93662590
93768456
94009704
94051158
94053024
94272629
94440887
94521240
94544672
94545050
94680215
94721419
94752025
94775129
94869404
95157878
95161954
95170843
95174058
95196482
95200576
95209097
95216354
95236935
95238460
95240220
95252701
95263673
95313565
95335742
95371622
95373828
95380386
95389656
95394986
95399838
95404837
95416487
95419198
95423525
95426214
95438148
95493767
95527747
95536575
95551513
95556310
95564664
95570810
95572664
95580121
95605259
95610621
95670619
95692437
95695072
95699331
95705309
95710663
95725026
95727386
95730396
95746303
95750672
95755171
95768319
95774725
95786794
95810244
95822166
95862022
95862085
95884997
95908868
95920733
95940418
95985471
96000663
96002080
96028860
96057121
96130807
96172617
96185225
96187267
96197664
96197872
96209238
96221027
96225674
96265664
96319167
96327023
96329925
96339741
96380326
96388361
96390422
96401341
96408527
96417009
96429850
96438752
96486466
96492164
96514618
96542149
96550600
96561101
96570007
96581086
96586297
96586812
96621703
96634568
96643198
96655181
96662589
96679327
96684484
96693144
96698675
96714043
96722185
96727090
96730963
96823200
96829595
96858054
96874812
96885785
96890433
96905052
96915837
96933533
96939272
96970579
97001112
97014672
97027922
97037189
97050562
97055249
97070042
97088892
97091998
97096902
97124285
97184741
97188855
97201901
97214278
97252729
97262643
97266287
97292001
97313791
97316503
97319207
97330751
97332450
97341434
97356820
97386142
97398151
97416899
97445618
97448844
97487228
97494627
97499836
97523857
97528268
97532091
97539039
97539713
97563480
97567614
97573020
97574628
97576644
97585033
97589798
97595540
97618850
97676986
97689197
97699448
97702911
97733044
97734579
97737210
97739081
97743279
97746088
97791648
97827599
97835972
97851208
97856695
97878436
97882220
97884871
97899110
97901158
97909798
97923439
97972275
97978610
97995176
97996007
98010551
98012638
98020762
98022989
98035703
98055460
98056642
98082861
98105217
98108098
98127801
98138879
98139674
98142771
98146660
98155281
98204176
98246855
98263550
98299426
98321755
98383393
98394369
98414324
98426884
98428475
98469574
98478617
98482923
98513095
98524569
98532146
98567996
98593767
98614432
98618598
98650106
98658059
98666655
98673829
98697232
98701148
98710800
98713600
98713788
98722977
98742674
98743027
98743435
98743794
98760523
98765512
98765584
98773532
98777301
98779702
98792299
98797169
98797171
98806305
98809576
98843354
98913349
98916108
98931353
98940698
99018419
99019836
99064876
99068292
99075614
99082845
99121105
99124317
99128703
99164978
99179536
99187730
99192574
99192590
99200672
99208993
99212558
99236306
99239119
99239132
99259033
99266616
99276580
99301920
99319256
99332385
99365694
99393392
