122742250
122867832
123046260
123231543
123297934
123343034
123383596
123403220
123449958
123485178
123656902
123732536
123980630
123990693
123998053
124034163
124049142
124091112
124136558
124230642
124454236
124630399
124993486
125109937
125264778
125432968
125464911
125836944
125882816
125985625
126045824
126138581
126163708
126310373
126360808
126383025
126444453
126546057
126565861
126566611
126593269
126604048
126622506
126716271
126724674
126773303
126838904
126910897
127095464
127109616
127136699
127141041
127142040
127155805
127187095
127209853
127235382
127299830
127548607
127557256
127573103
127709512
127728796
127851944
128180286
128186948
128276959
128379117
128396517
128478295
128570664
128576081
128760797
128765713
129014545
129046399
129135381
129236782
129352043
129406412
129452984
129461744
129482222
129577842
129660143
129976898
130004243
130029039
130057794
130089857
130199883
130259556
130324413
130344080
130524784
130697841
130733357
130757102
130784990
130956744
131017586
131114167
131192401
131212207
131249612
131394800
131469486
131541458
131558399
131574345
131655547
131767755
131824098
131848135
131941405
132010509
132031413
132113337
132127942
132261048
132263468
132302778
132308876
132432610
132619804
132901458
133009551
133015242
133125462
133243515
133423971
133637138
133642963
133693589
133761208
133802668
133803748
133805452
133880526
133908301
134081630
134194377
134314381
134342866
134461067
134493323
134664898
134672344
134801711
134810401
134882703
134996965
135081201
135211118
135287333
135370228
135517968
135536062
135579783
135611065
135663833
135711999
135801397
135910567
135977192
136047198
136054646
136185426
136208539
136320150
136387588
136465178
136493092
136644356
136799720
137015474
137020164
137070919
137173504
137203677
137242700
137342961
137397320
137502775
137544295
137570360
137644915
137650387
137695168
137710252
137729629
138024726
138053828
138143632
138173488
138228477
138253386
138406934
138422263
138535336
138545618
138644075
138696951
138814750
138850019
138928779
139003107
139030720
139057210
139132867
139198929
139348588
139379637
139536677
139565078
139648490
139659081
139734602
139773769
139851753
139889445
