14130336
14186318
14349525
14617193
14758639
14798959
14971247
14976166
15248220
15263443
15357056
15371701
15405835
15409200
15417985
15429262
15460618
15467849
15621359
15635251
15780264
15855397
15898475
15954116
16075696
16083008
16165191
16213092
16217479
16329963
16398461
16470270
16470525
16614192
16668844
16674495
16675276
16675658
16679015
16684587
16685552
16702972
16705528
16706566
16715717
16789483
16969774
16974752
17024153
17114066
17139565
17180381
17218965
17232872
17265901
17351628
17456663
17573154
17591806
17629628
17639066
17706251
17773863
17776577
