2811440
3607059
3703994
4112880
4124548
4150723
4184048
4202575
4333549
4342113
4442955
4530509
4693640
4718901
4757685
4868024
4907281
5055220
5058158
5098389
5115610
5293452
5371571
5378702
5400126
5514973
5560658
5809744
5865308
5885824
6001956
6002034
6107279
6208130
6209554
6286957
6304917
6311134
6314421
6323567
6353637
6377344
6382250
6419407
6428217
6482841
6497683
6567603
6599799
6602987
6630976
6680515
6735746
6737957
6840844
6852940
6981800
7000506
7026753
7027848
7031353
7063360
7153690
7181079
7236218
7237247
7274865
7284005
7356026
7366261
7374375
7385723
7432818
7443383
7535468
7559050
7567827
7586340
7683038
7696573
7720810
7772451
7914313
7915205
7969727
8030747
8120091
8166910
8195145
8248259
8281698
8294042
8482495
8575200
8642403
8645159
8754207
8866115
8867037
9063676
9083144
9195971
9198240
9228350
9268863
10312842
11125520
11173294
11213230
11244210
11249618
11330261
11372691
11466705
11581841
11699544
11714737
11760789
11788018
11794455
11795978
11804463
11819895
11850617
11888185
11902927
11907795
11914130
11932886
11941783
11943225
11944689
11951269
11958979
12006651
12035537
12115173
12165536
12189498
12236190
12291066
12305162
12335381
12369391
12416527
12492069
12499959
12538252
12543302
12552996
12585146
12586687
12593408
12594683
12626358
12680336
12709977
12723725
12728870
12729592
12792323
12802772
12849357
12882328
12905631
12920516
12923545
12926120
12958527
12972069
12994599
13030742
13190110
13209769
13217824
13269825
13287392
13318115
13436197
13468636
13486401
13515265
13570078
13730625
13778207
13783265
13985157
14073266
14110373
14142365
14201069
14436597
14464214
14807664
14843213
14904934
15001734
15036402
15074549
15091547
15107982
15144987
15280324
15302943
15306020
15366890
15486195
15527157
15624140
15644935
15783002
15794534
15832400
15856722
15863673
15903881
15946162
16072597
16075313
16096259
16134812
16164769
16169816
16175439
16229044
16329789
16343075
16472750
16534974
16554292
16563509
16593400
16624208
16624880
16655245
16675869
16687730
16717367
16795982
16802994
16814015
16816370
16816996
16822678
16852114
16929710
16934692
16938702
16971022
17000201
17006616
17017116
17020267
17038066
17097420
17145563
17184581
17192822
17216105
17221628
17233275
17268036
17272376
17292233
17301136
17326763
17330613
17340956
17349776
17393680
17399004
17429327
17488344
17490027
17573532
17592211
17657153
17676708
17717822
17741058
17771202
17778472
17780965
17825974
17827813
17916776
17965118
18022035
18076260
18143933
18152292
18185918
18194496
18229414
18251576
18273632
18273892
18307551
18316617
18363769
18421101
18423948
18482247
18482428
18484020
18508094
18531121
18565181
18598690
18620191
18635909
18646234
18650202
18666427
18695070
18698909
18724534
18729367
18760565
18764717
18766044
18786598
18799769
18805361
18916473
18918652
18920759
18940605
18993448
19018504
19048020
19052195
19062622
19069220
19105457
19116377
19143634
19177691
19180779
19218170
19228266
19252480
19370873
19378745
19411901
19423358
19437780
19504126
19515646
19563379
19565651
19728637
19796705
19802633
19870397
19886951
19936885
19964516
19967070
20053462
20068898
20072571
20109086
20171445
20195675
20222973
20282690
20315436
20319233
20383015
20409856
20429223
20451981
20493500
20522526
20581435
20602694
