126604048
126634161
126773303
126847566
127010578
127011699
127299830
127610284
127695560
127709512
128208995
128377682
128379117
128765713
128790445
128812729
129046399
129048459
129135381
129236782
129406412
129452984
129976898
130259556
130318252
130324413
130363884
130419153
130585641
130757102
130784990
130793515
130811953
131017586
131042522
131052813
131114167
131192401
131249612
131340844
131680547
131767755
131824098
131878521
131922592
132113337
132127942
132142105
132261048
132302778
132619804
133326470
133727866
133761208
133846975
134081630
134156214
134194377
134203798
134442076
134493323
134672344
134902518
134905793
134946428
135066609
135211118
135517968
135536062
135663833
135910567
135944881
136354490
136611898
136614718
136644356
136999830
137008341
137069813
137242700
137345572
137397320
137592186
137650387
137710252
137729629
137747853
138228477
138268100
138349456
138422263
138545618
138814750
138928779
139030720
139221182
139340213
139379637
139565078
139847263
139889445
139960440
140086662
140114021
140174088
140178233
140294366
140341603
140366119
140515174
140641299
140707245
140710311
141050373
141147202
141148131
141291511
141298253
141337288
141739308
141780158
