111574371
111584034
111628870
111667533
111795316
111947500
112175344
112231768
112298112
112325430
112435072
112441216
112513902
112596953
112665605
112678232
112708276
113289487
113440937
113472105
113540866
113678778
113718400
113867020
114303868
114326934
114337918
114825150
114949206
114986699
114988278
115111330
115184808
115220588
115358505
115361677
115491404
115522833
115540963
115573000
115602237
115690879
115721535
115759354
115887767
115913694
116236184
116358934
116405007
116661069
116741745
116860026
116877609
117065516
117070933
117452283
117516334
117608910
117724404
117893810
118050078
118059186
118184430
118473307
118484217
118520726
118750737
118794288
118920200
118929795
118956269
119526165
119733885
119798224
119865461
119927083
120007543
120102728
120125909
120671577
120729000
120793870
121145317
121263852
121350329
121351529
121414514
121418294
121418520
121790454
121869134
121901485
122109923
122148490
122176715
122197518
122373779
122414126
122686221
122742250
122867832
123046260
123231543
123297934
123343034
123383596
123403220
123449958
123485178
123656902
123732536
123980630
123990693
123998053
124034163
124049142
124091112
124136558
124230642
124454236
124630399
124993486
125109937
125264778
125432968
125464911
125836944
125882816
125985625
126045824
126138581
126163708
126310373
126360808
126383025
126444453
126546057
126565861
126566611
126593269
126604048
126622506
126716271
126724674
126773303
126838904
126910897
