3152266
3241267
3276533
3306251
3357807
3427340
3473983
3607465
3614993
4033734
4043226
4076431
4119039
4130077
4294857
4327363
4606402
4683306
4776971
4784344
4969036
5045430
5076466
5223124
5407826
5444867
5476690
5485887
5581102
5689739
5712382
5735755
5758096
5880096
6067926
6103316
6130601
6229073
6243182
6269917
6511468
6530406
6602237
6776070
6776326
6809090
6904907
6926134
6996964
7001014
7009620
7082610
7113463
7130560
7135679
7186929
7260645
7331005
7427577
7543333
7606717
7865476
8075992
8289249
9474407
10055378
10884368
11024082
11112468
11402911
11456786
11565352
11615559
11627528
11673752
11796115
11853976
11890159
11911480
11971565
11978294
11980938
11997964
12088083
12096702
12100534
12208327
12221208
12230862
12274055
12281001
12296487
12322894
12352711
12356631
12359145
12375507
12433156
12440568
12442679
12451753
12462639
12523317
12544503
12561779
12654563
12717502
12765748
12852993
12867534
12940557
12971290
13033282
13034176
13082141
13108128
13136505
13179961
13207266
13334141
13384580
13436930
13499138
14130336
14186318
14349525
14617193
14758639
14798959
14971247
14976166
15248220
15263443
15357056
15371701
15405835
15409200
15429262
15460618
15467849
15621359
15635251
15780264
15855397
15898475
15954116
16075696
16083008
16165191
16195390
16213092
16217479
16244720
16294956
16329963
16470270
16470525
16614192
16649080
16668844
16674495
16675276
16679015
16789483
16969774
16974752
17024153
17110830
17114066
17139565
17180381
17218965
17232872
17265901
17351628
17456663
17573154
17591806
17629628
17639066
17706251
17757064
17773863
17776577
18045995
18077529
18157464
18239250
18266677
18343733
18517909
18542574
18551060
18566956
18597501
18765540
18794741
18972469
19020529
19106997
19123220
19150554
19352834
19360311
19361766
19368686
19454299
19516134
