32894368
32995696
33060127
33072239
33089088
33269820
33369131
33377383
33614895
33684750
33784108
33826433
33916130
34078573
34360528
34438711
34668793
34770729
34811205
34889555
34958193
35091104
35185437
35200567
35539871
35681150
35715106
35855054
35923523
36215155
36286302
36324593
36596776
36606649
36722739
36781196
36810299
37024038
37117083
37199671
37634460
37736362
37760038
38034734
38324679
38415257
38435259
38461000
38629140
38652809
38746493
39241567
39467895
39598503
39663065
40168568
40221442
40321248
40371199
40776104
40988097
41001449
41209028
41318921
41475278
41619712
41720709
42099453
42182411
43190664
43195116
43257221
43270246
43602371
43648710
43962143
44048830
44256632
44331232
44428599
44441038
44510270
44648545
44774476
45180289
45382349
45434386
46018807
46178258
46374023
46382320
46768628
46911079
