113981544
237897947
18743478
136331070
19453716
136147563
105081360
21892462
14065508
105933267
23100081
143225322
30732699
78652971
15456488
170038597
243095169
17360236
43844350
54606340
43110512
109278336
16296928
226411620
51135885
110690854
59329644
36444949
4584170
160774001
16418818
21579061
75564135
25483882
130505565
6573820
5136825
113896965
33708101
127307132
114822901
158847463
115055542
223465560
28141968
76740834
116450770
221279353
73041987
5728759
206536177
220654908
106446903
252985698
204516401
54703755
5167180
108420701
238111822
27811220
