77808464
77932473
78024271
78046018
78180009
78527943
78795676
78921037
78935748
78944812
79029211
79139386
79220338
79301387
79334359
79352754
79738551
79738822
80050221
80066853
80196031
80459745
80533713
80687256
80992606
81347087
81400842
82214234
82238260
82298852
82350070
82527489
82581068
83160285
83356169
83442555
83537698
83591505
83723952
83759942
84053743
84176479
84521899
84912072
85031668
85528456
86042372
86433492
86660727
87363995
87962201
88336850
88467492
88844001
88893091
89035780
89082748
89304423
89306841
89365381
89897473
89954949
90221339
90470301
90743240
90780578
90894467
91180750
91404840
91584234
91598876
91618666
91791832
91897873
92372192
92869385
92932413
93037211
93263508
93338890
93429117
93520316
93656733
93981991
94732415
94943102
94970691
94982727
95858040
97900810
98789768
99239132
99709073
100046319
100312579
100363428
100979355
101301555
101358764
101691230
101822298
102070667
102126842
102938410
103229171
103297616
103346902
103414829
103571891
104109200
104163472
104283696
104384303
104535322
104802415
104830602
105196017
105201195
105250997
105285011
105478776
105697653
106126060
106232245
106328562
106518137
106907721
106960922
107377741
107489238
107500440
107620373
107731063
107945652
108138796
108167060
108191452
108245116
108270736
108677321
108822037
108833767
108857746
108876247
109011785
109165589
109170393
109194503
109251898
109255150
109372399
109703176
110270581
110274250
110346387
110382793
110502630
110981320
111056440
111071607
111135495
111175587
111177994
111181475
111224423
111248294
111335326
111426817
111483292
111655113
111689047
111699129
111894579
111902635
111924642
111969753
112065693
112278630
112279583
112321251
112514137
112521785
112596953
112724306
112961448
113252358
113327961
113422079
113542600
113617469
113648065
113807359
113930257
114303868
114498366
114506478
114640004
114642428
114712057
114849283
114860411
114932007
115123365
115170436
115263705
115483879
115573000
115831544
115943877
116065538
116102025
116171514
116243849
116364188
116661069
116765087
116864320
117033891
117084893
117360621
117421851
117608910
117883176
118193500
118255876
118365083
118904045
119452251
119460862
119927083
119995593
120102702
120155775
120428271
