115300908
115573000
115801545
115922889
116160333
116460692
116594069
116760556
116786383
116877609
117065516
117070933
117141439
117161508
117814879
117893810
117927020
118165107
118328234
118750737
118784762
119208268
119252437
119788716
120007543
120023703
120671577
120919678
121783321
122076116
122109923
122124847
123053297
124005363
124091112
124567768
124724148
125107165
125145858
126100909
126534744
126546057
126710025
126825011
127597328
127842341
127849687
127855754
127957648
128208995
128283480
128384689
128714717
129223405
130121673
130318252
130344080
130363884
130419153
130463233
130621209
130757102
130811953
131212207
131427124
131767755
132609370
133058574
133069691
133332068
133775734
134113037
134156214
134268481
134438553
134678667
134801711
134884779
134887078
