168691725
168894095
169041176
169116254
169195780
169244835
169283613
169288911
169539177
169545498
169576209
169652517
169653390
169715954
169897982
170085409
170312623
170314505
170365602
170569268
170693954
170696228
170741413
170787090
170888490
170913470
170986712
171033007
171050850
171170046
171216491
171769651
171849173
172000332
172025599
172142957
172184653
172366634
172392363
172726898
172772089
172828239
172891469
172983192
173056914
173109951
173112249
173123052
173424533
173463405
173783630
173866924
173997023
173999774
174068922
174111976
174426393
174490217
174605300
174688602
174832878
174893259
174902831
174974993
175113384
175138442
175603861
175685993
175823344
175899550
176077486
176175722
176295662
176389760
176740756
176785109
177095149
177190072
177543543
178003982
178006654
178158709
178206924
178229589
178257553
178302968
178350804
178514789
178531030
178709141
178983337
179134504
179191283
179294423
179308601
179571176
180406024
180461891
181243279
181297454
181302710
181540913
181765868
181904738
182083415
182260888
182344138
182353773
182377561
182560104
182613590
182674833
182716333
182756527
182799109
183395959
183658478
183811858
183831122
183997204
184228165
184792983
184901845
185414203
185623965
185631914
185872270
185981020
186045104
186146948
186261293
186379771
186431591
186511375
186727611
186758022
186854426
187223013
187354614
187365109
187378338
187506283
187616313
187627739
187708002
187823275
187853487
187905736
187926278
188134782
188161762
188471692
188486839
188496721
188601037
188786733
188798639
188801943
188832848
188839368
188982483
188996428
189027020
189033580
189115898
189188752
189263873
189265710
189296515
189428374
189515972
189647893
189657808
189694004
189779440
189848613
189918713
190282138
190321371
190417082
190504908
190778547
190868547
190976728
190979255
191013151
191111453
191200628
191233153
191290331
191332492
191339301
191415201
191677963
191851298
191852164
191877218
191929768
192084163
192192258
192272969
192459532
192600288
192606563
192659751
192663749
192719200
192890688
192913300
192979936
193004833
193045992
193127561
193156887
193173356
193394913
193687977
193785957
193811866
193993609
194079485
194125567
194174888
194183400
194261863
194267813
194309119
194386212
194507466
194553724
194638042
194824150
195104520
195405066
195463449
195554975
195714583
195797093
195963228
196246697
196310592
196714902
196718986
196759237
196764060
196783364
196929791
197600927
197630857
197830402
197902174
198065790
198084037
198515491
198778790
198949920
199165988
199562728
199568633
199762729
199984088
200079624
200157736
200262279
200434263
200686916
200763877
200911257
200920646
200945052
201147752
201296869
201579903
201598808
201615261
201635972
201815397
201878015
202107073
202180702
202341445
202628158
202680423
202705209
202742299
202912261
202919208
202931448
202981022
203143463
203292794
203598886
204843039
205196026
205421442
205634970
205880098
205933477
206445246
206582011
206744384
206962460
207026278
207221051
207399773
207830208
208432355
209065787
209512609
209937501
210062267
210514428
210529957
210593536
210934818
210936735
211466237
212341886
212804962
212825536
213224864
213368546
213580002
213643522
