161450379
161824437
161837403
161965841
162172649
162332791
162450508
162480079
162949393
163374796
163381988
163442131
163480968
163793296
164061732
164204314
164220518
164395793
164410213
164463828
164869048
164878454
165203498
165268313
165274994
165371421
165413619
165704655
165719829
165778204
165790470
166474433
166625257
167141678
167288218
167589595
167736468
168069355
168197037
168204274
168265677
168296820
168326353
169035042
169116254
169219565
169576209
169581353
169653390
169890521
169972255
170109524
170693954
170787090
170875009
171033007
171050850
171087987
171329206
171665514
172142957
172506142
172851944
172869967
173056914
173159776
173256753
173266140
173407436
173463405
173749043
173815784
174025957
174287415
174490217
174493505
174553663
174602228
174605300
174606204
174832297
174893259
175021150
175239410
175248908
175293680
175393194
175594053
175635641
175764787
175960523
175971292
175987848
176069039
176106196
176295662
176403073
176689692
177079788
177291722
177441920
177964683
178006654
178023851
178127446
178289335
178302968
178399270
178514789
178531030
178541095
178697616
178721261
178752459
178847824
178850377
178984266
179019277
179037193
179119898
179160579
179191283
179230012
179294423
179311331
179522844
179608183
179617204
179827445
180599139
181074499
181103169
181306066
181544931
181708109
181748365
181765868
181904738
182299623
182353773
182377561
182438006
182530893
182547829
182613590
182664231
182675271
182716333
182756527
182787304
182799109
183000944
183330990
183374569
183395959
183474194
183627352
183678566
183750629
183843263
183847923
183929609
183976736
