24490007
24496524
24496948
24498840
24543208
24543772
24545200
24594123
24606294
24643865
24658056
24700213
24703198
24714568
24726765
24763465
24763776
24804159
24805659
24810086
24855362
24856979
24917689
24949954
24963527
24964735
24991433
25017812
25017857
25039241
25047118
25047215
25066626
25109047
25128760
25134823
25149433
25161613
25163881
25167175
25167199
25168184
25193741
25196540
25197367
25254055
25263629
25296164
25312779
25364435
25391002
25393211
25413793
25445798
25454268
25481022
25514746
25547403
25571415
25600644
25613116
25620316
25655823
25663057
25691355
25704082
25725555
25726637
25733678
25764291
25786104
25798789
25819420
25848953
25856505
25858205
25871138
25871831
25875191
25880648
25935991
