19748960
19773991
19794386
19817184
19819478
19821027
19846520
19847526
19852299
19876078
19906909
19949264
19969046
20010268
20034755
20048439
20073776
20080720
20090904
20107923
20109086
20162972
20196353
20233883
20234462
20251317
20288079
20320449
20321969
20323764
20366085
20426361
20531522
20542022
20542514
20584323
20598074
20602694
20632212
20676419
20728402
20744821
20752662
20775694
20812247
20837973
20854846
20857158
20880573
20882778
20882996
20906822
20959076
20967790
20974040
21005203
21009246
21017988
