154932767
155006586
155183488
155268184
155277656
155354124
155514003
155620133
155942737
156014872
156151010
156158417
156241840
156308459
156605290
156785067
157065258
157383699
157407081
157529777
157579060
157683384
157817353
158126851
158137524
158240148
158617520
159160786
159374003
159527865
159530411
159539598
159581736
159725168
159770307
159818065
160293070
160381875
160962959
161106674
161174138
161353201
161495630
161616850
161690737
161754632
161824437
161965841
162037241
162450508
162480079
162528294
162608977
162752629
162886256
162902290
163013942
163171593
163249167
163354000
163374796
163442131
163752311
163793296
163969016
164056112
164355598
164410213
164630513
164878454
165031174
165091804
165203498
165236676
165252120
165268313
165270604
165333019
165371421
165719829
165857320
166102099
166474433
166528880
166531747
166652205
166815988
166963690
167474515
167482197
167589595
167814749
167845834
167987026
168069355
168204274
168256082
168296820
168326353
168403700
168515282
168691725
168816551
169035042
169083536
169107633
169131058
169148266
169184089
169195780
169219565
169283613
169304758
169373960
169389992
169543571
169545498
169576209
169578353
169641455
169897982
169972255
170109524
170305870
170514903
170543581
170569268
170741413
170787090
170847886
170888490
170913470
170961902
170986712
171033007
171050850
171077545
171087987
171127043
171216491
171264372
171329206
171401104
171430642
171610032
171816658
171841227
171849173
171962959
172000332
172038863
172127712
172142957
172234894
172828239
172851944
172891469
172983192
173056914
173109951
173256753
173407436
173428760
173463405
173502199
173553645
173783630
173866924
174027642
174068922
174070841
174111976
174224529
174306058
174380467
174426393
174490217
174570177
174602228
174605300
174640169
174832297
174838452
174883542
174937642
174974993
175024686
175110741
175199076
175248908
175303882
175338205
175393194
175594053
175635641
175645936
175658936
175675570
175823344
175839073
175891496
176077486
176268548
176295662
176326318
176438880
176520951
176610956
176689692
177088628
177095149
177190072
177280359
177291722
177300625
177342443
177524074
177594232
177708930
177817270
177817408
177969693
178003982
178006654
178102915
178145930
178186841
178206924
178229589
178289335
178302968
178321114
178350804
178404235
178530753
178541095
178543122
178613190
178697616
178709141
178733699
178752459
178847824
178870871
178929697
178940224
179093117
179160579
179191283
179301532
179377351
179521240
179522844
179608183
179670891
179711811
179768380
179963149
180033840
180148941
180242470
180281818
180297732
180406024
180417655
180577957
180599139
180715949
180767272
180793097
180859587
180965187
181033884
181074499
181119469
181243279
181280674
181529037
181540913
181708109
181720885
181748365
181779111
181904738
181922157
182083415
182260888
182344138
182353773
182432456
182469249
182480769
182505089
182547829
182613590
182664231
182674833
182716333
182767752
182799109
182932462
182938247
183000944
183146425
183204036
183300086
183330990
183382223
183406679
183474194
183560520
183627352
183678566
183702510
183824839
183843263
183878298
184017369
184040309
184053948
184228165
184706690
184846282
184901845
184914141
185158898
185277753
185326004
185342298
185414203
185428914
185464432
185586790
185623965
185872270
185923238
185981020
186146948
186212863
186229182
186267518
186356070
186379771
186394377
186431591
186439635
186511375
186528354
186549514
186566420
186573728
186598693
186727611
186797267
186814116
186889827
186920788
186927037
187027104
187148873
187229843
187350368
187365109
187378338
187380884
187416435
187616313
187690385
