146862836
146531575
143105964
143028086
142506164
142120242
141778690
141461424
139971047
139955073
139700730
139634734
138536796
137490098
137484406
135955715
131949145
131287297
130688305
130566665
129984419
129334048
129140802
128297671
127554847
126996161
124256291
123899565
123620344
123114360
122900190
122802042
122730208
122437042
122402593
122105919
121539065
120405504
119371776
118632208
118424485
118156160
117996282
117908570
117788438
117246097
117198749
116350641
115943529
113536096
112843922
111504013
111383925
110538730
109953305
109745612
108884146
108328042
108209461
107565294
105925832
103260660
102679697
101004770
99637611
99164978
97125712
92897770
92838057
92832458
92341462
92243254
89164780
89100614
88729683
88565994
88338328
87658363
85433048
83473089
81476591
80775135
80430980
80246641
78054860
76100967
73927410
73745656
71511810
71169734
68851610
68732765
65592113
65454113
65088646
64875587
63528736
63161664
59885080
55927244
52032137
47930603
44414043
41464593
40916243
39074077
35118717
33315864
32037406
31740060
30985138
