87056251
89061580
90612180
91915517
92010421
92048051
93028474
94254715
95269377
98019036
98624896
99722078
100628975
101431329
101949944
103329225
105950737
105986853
106234266
106493000
107165607
107659128
111046901
116335838
116720680
117573040
127709512
129444909
129660143
130150081
130199883
131114167
131848135
132302778
132308876
133727866
134194377
134260386
134646211
137020164
137139769
137860665
140223943
141147202
141388381
142200602
143831167
144331152
145186567
145741543
146473090
147024899
147053985
147491564
149113807
149720132
150955184
153392504
154353015
154408150
154409669
154413858
154831510
155334257
156329383
158049048
158458783
159783084
161673948
161992956
162296507
165350006
166034400
166180297
166531747
167676680
167736468
169890521
174544554
176106196
176785109
182488135
185342298
186754556
187332737
187457203
190152058
191339301
194782563
198407112
201123906
204662080
209923875
212519233
216062146
4950471
101253440
