23229289
212732013
83464593
138878812
192640911
70959218
42449965
11512833
148991010
12106578
34754101
30560444
16090136
130133425
130348063
44539076
169697479
18680466
29757763
153349254
36558283
198267301
29789399
6615087
61911796
23192205
14930285
45131713
7234070
180298267
156398067
183430100
92259419
7906839
118725400
13380889
55714380
68056572
157171141
235730685
67658342
49704392
202782031
34735084
185893162
198299001
7939872
181246610
145560243
187081263
124870809
145718713
82332383
170195333
24104380
31640422
28495087
156940051
37271127
160045672
149363236
137785917
134029201
206216701
160223430
25063572
11285760
22188067
128286995
40808992
40965507
157875882
218065816
22593343
222397031
