132990288
133050162
133203860
133423971
133637138
133642963
133693589
133727866
133802668
133805452
133814466
133852029
133908301
133991561
134072328
134081630
134194377
134203798
134260386
134314381
134342866
134462982
134646211
134664898
134681653
134716493
134882703
134996965
135047831
135081201
135203316
135211118
135265469
135485816
135517968
135519508
135611065
135694455
135801397
135910567
135977192
136047198
136054646
136185426
136208539
136320150
136465178
136493092
136513951
136561486
136611898
136626537
136644356
136713882
136999830
137008341
137015474
137020164
137032619
137036273
137151708
137203677
137220217
137242700
137342961
137397320
137433936
137502775
137544295
137570360
137592186
137644915
137650387
137710252
137847243
137860665
138025287
138143632
138228477
138268100
138343729
138349456
138422263
138463327
138545618
138620923
138644075
138662311
138696951
138928779
139003107
139051184
139057806
139101729
139132867
139221182
139348588
139536677
139565078
139578083
139580691
139624003
139734602
139773769
139847263
139851753
139889445
139923688
139992804
139996128
140172107
140219512
140223943
140241496
140294366
140394800
140525205
140538991
140558339
140639944
140707245
140710311
140946401
140969769
141131525
141147202
141148131
141156712
141167764
141291511
141388381
141493089
141503702
141527151
141703520
141723669
141730841
141740447
141780158
141789750
141804066
141839636
141855261
141999478
142022799
142121316
142200602
142261814
142412554
142718557
142804824
142856539
142905591
142909520
143137383
143251261
143441112
143461140
143515934
143533577
143573114
143583078
143615435
143831167
143881151
143989259
144055893
144069856
144187033
144273418
144331152
144366800
144380924
144390539
144432113
144717030
144839269
144881641
145146075
145186567
145253130
145447837
145615817
145631661
145741543
145746737
