41135196
41138478
41151167
41152717
41152862
41175859
41212289
41226799
41241373
41267052
41326106
41337241
41374052
41375569
41447868
41453508
41455028
41455561
41507717
41534193
41584765
41592429
41593563
41614495
41640760
41680994
41688227
41693699
41704223
41721939
41741172
41800641
41819142
41875552
41880157
41901013
41903486
41978338
41986973
42117396
42172894
42198256
42275437
42328258
42356616
42362851
42374901
42375343
42407685
42415674
42429297
42456593
42461126
42500677
42531648
42535878
42536544
42546625
42609629
42610754
42676003
42716460
42722902
42729507
42777111
42788635
42822015
42896902
42903422
42905515
42920826
42926112
42946762
42948164
42958308
42973219
43013956
43057083
43125100
