36767520
111057779
153346220
135995253
157516891
26064511
25986112
226823504
13174678
5791107
13610110
23451550
74483968
6110081
79810090
210672015
45011411
75348799
7977407
129926862
106343983
74429168
203675178
13047909
171478571
172024608
11362634
219377332
4986675
41962457
131648794
25117926
6350959
89718242
127344196
55103509
24349983
224199381
6060423
7211969
7328072
40781444
21717696
24543308
137183538
7018147
181562160
6198132
13801637
223300486
138108344
80950195
111761755
80272775
13936892
7482265
115071077
216853738
107077820
