80232029
80448740
80459773
80504811
80548155
80554277
80561280
80626347
80652940
80765589
80830349
80863530
80950549
80954442
81044751
81322349
81327052
81339162
81400842
81404853
81500594
81506646
81523280
81593560
81606763
81621210
81727754
81773554
81825917
81920371
81951567
81994749
82006279
82099993
82192215
82252618
82364987
82394892
82440759
82528234
82530199
82578485
82679177
82782912
82982121
83035627
83068298
83159693
83162511
83169676
83227144
83285202
83290408
83356169
83563066
83647295
83787243
83806439
83815385
83816664
83897107
83922585
83950582
83978985
83979176
84010722
84027080
84071314
84101166
84454240
84543206
84687799
84715367
84793771
84820332
84898226
84914529
84971336
84979448
85034420
85146038
85686889
85924571
86068680
86109818
86121099
86181401
86458363
86668614
86812766
86835204
86955087
87219248
87235868
87241040
87376859
87609021
87683432
87747041
87761710
87774869
87917692
88005924
88041699
88103421
88262375
88539068
88558866
88592173
88758008
88846464
88905333
88957378
89031526
89083945
89243745
89287318
89321129
89400265
89411213
89457951
89567689
89571303
89779130
89834463
89886939
90049449
90113315
