182260888
182344138
182353773
182377561
182432456
182469249
182560104
182613590
182664231
182674833
182709118
182731514
182805998
182938247
183146425
183300086
183395959
183468127
183555319
183678566
183811858
183824839
183838470
183878298
183926800
184332399
184706690
184901845
184965077
185153358
185342298
185414203
185428914
185623965
185872270
185894142
185981020
186045104
186110170
186212863
186267518
186356070
186439635
186758022
186920788
187011391
187027104
187132665
187175434
187378338
187380884
187426686
187506283
187533084
187616313
187627739
187696257
187743030
187773686
187811617
187830675
187831587
187905736
187926278
187991706
188085182
188126146
188161762
188276722
188435131
188602120
188674755
188827514
188839368
189257410
189263873
189315741
189463617
189515972
189678021
189749951
189848613
189857667
189918713
190138812
190417082
190753897
190979492
191013151
191070356
191111453
191131489
191135320
191325764
191339301
191511327
191660100
191677963
191852164
191960725
192073502
192084163
192165544
192192258
192272969
192305887
192606563
192890688
192979936
193004833
193156887
193197944
193602632
194125567
194261863
194309119
194418267
194507466
194589785
194647810
194690239
194754854
195111383
195555871
195656314
195963228
196007897
196028996
196082241
196151040
196948826
196975555
197067872
197155776
197277892
197387265
197481495
197660963
197661893
197902174
198063266
198515491
198729509
198778790
198949920
198951746
198959234
199165988
199584291
200008130
200157736
200181152
200786373
200872666
200911257
200920646
201215591
201229350
201270116
201387047
201449125
201615261
202051171
202107073
202341445
202628158
202855679
203598886
204885562
205218148
206189473
206962460
207566269
207640034
207748670
208134463
208432355
208840253
209296031
209663615
210008284
210855137
210936735
211157441
212336191
212825536
