21277393
21313480
21329617
21422410
21439763
21485180
21502707
21533318
21586129
21587597
21594160
21608559
21618987
21622794
21632722
21641136
21654426
21660071
21712357
21734053
21739169
21774976
21788388
21795235
21800620
21900965
21919739
21939249
21942883
21949346
21958348
21959666
21962103
21977527
21979265
21986964
22008760
22026915
22043936
22058012
22077887
22084052
22100000
22108727
22110048
22121657
22150745
22202695
22203397
22239229
22261999
22265499
22283832
22289340
22335317
22344642
22353909
22354403
22403495
22475724
22482230
22489320
22544301
22546128
22591309
22662239
22694353
22702955
22711770
22724502
22730377
22758319
22791561
22799650
22803466
22830175
22832237
22850711
