3652952
118030432
133628281
197828530
178062431
23617862
121714529
39929077
4386771
31857504
238456937
5226775
8453017
107054130
16937264
5605758
3745096
144079175
6323334
6338240
6462534
6734599
240568033
231780571
5395363
6801740
124398013
124594521
87073700
211387573
158616823
4982445
8146841
111058914
8748044
157638383
44759151
224855268
150025391
105173323
243240210
9323808
5165648
220681764
70670388
206923379
11126319
11242092
7320995
6648361
115996265
7152782
128840685
7534878
146784111
31137955
162988214
114395039
20589675
253273091
106456727
58165088
6481407
49757185
138620513
132179752
15790710
15893155
15927177
55229840
16171561
46370793
11478326
183120759
16991798
6036118
252492710
17597242
147700665
17828641
