104099966
104294078
104421384
104488668
104633822
104697832
104982708
105386498
105480770
105590978
106074386
106517033
106606358
106622646
106650743
106947332
107157144
107198119
107267529
107300391
107643993
107677284
107706022
107708169
108423545
108453023
108623436
108693513
108700253
108861371
108902081
109676878
109894444
110094155
110345720
110721274
110856056
111094777
111278687
111501822
111640219
111741848
111863096
112119422
112183281
112568660
112577165
112743302
112862097
112947197
113095586
113141288
113193617
113314575
113373743
113573488
113605562
113669194
113671071
113858027
113967591
113984731
114342923
114887586
115159130
115166689
115290087
115444239
115889582
115924636
116240480
116273526
116481621
116566041
116929663
116956223
117018555
117057029
117231835
117341896
117498699
117660426
117910562
117930068
117989890
118122083
118391984
118982593
119097694
119177615
119492741
119642484
119701070
119711886
119752156
120015579
120121106
120159409
120173923
120199408
120439838
120534875
120799277
120892499
121008770
121022432
121038197
121122623
121264594
121356396
121540868
121868360
122328296
122437201
122671933
122709096
123285364
123325404
123332425
123380249
123485388
123816328
124437779
124550996
124716104
125213758
125303506
125819506
