26594914
26603963
26634145
26635675
26644232
26681096
26688527
26689540
26698051
26762197
26768452
26794195
26800577
26849161
26881437
26914968
26928024
26971055
26973967
26975647
26981958
26992811
26997900
27008925
27016512
27024234
27067056
27068740
27071353
27072189
27087636
27094377
27097924
27111738
27127827
27140393
27154401
27162914
27164044
27173325
27194593
27204423
27206881
27210114
27211281
27219705
27221207
27227672
27229927
27231964
27266125
27272593
27317444
27345780
27351885
27352966
27391757
27393382
27394763
27406454
27411137
27416616
27418625
27421167
27433913
27440581
27484791
27516653
27535008
27592555
27598017
27641358
27646817
27651408
27656774
27702533
27702579
27703354
27722049
27722914
27742785
27765484
27767946
27772524
27773785
27776862
27786335
27790337
27817508
27849941
27855301
27883314
27890183
27935939
27956870
27964471
27969429
27975059
28000970
28011974
28022852
28043497
28044666
28054425
28061917
28106058
28111414
28125142
28152108
28155161
28187309
28187535
28222458
28228988
28233183
28262093
28290228
28291944
28316603
28331708
28350012
28351238
28356001
28375683
28428630
28438619
28462759
28516444
28516809
28517698
28530935
28544337
28563058
28620645
28625113
28661694
28689240
28693092
28699553
28699564
28701984
28703707
28727549
28807093
28821062
28872782
28922785
28931227
28938599
28943462
28979902
28992517
29005900
29013283
29050199
29058630
29070130
29082398
29086006
29117887
29125065
29133679
29144816
29151613
29154268
29174523
29181017
29194874
29207412
29219535
29220828
29243957
29251055
29271770
29274296
29299668
29329756
29339013
29343750
29354100
29364747
29392289
29407910
29408744
29426880
29429612
29551044
29612537
29613993
29635114
29636775
29664645
29672031
29692950
29693583
29749093
29763464
29801892
29820951
29861726
29868155
29871906
29873925
29905763
29906136
29919100
29935927
29943298
29943880
29951874
29978118
29986660
30039772
30069625
30092373
30096203
30105001
30106491
30149453
30150639
30189718
30197237
30203521
30230137
30235384
30242784
30264062
30271301
30304045
30310678
30343368
30375967
30386034
30388970
30392572
30407561
30497246
30507292
30513449
30522135
30522416
30565557
30577951
30603990
30616648
30636659
30643341
30664652
30672280
30677960
30697701
30713062
30779202
30780839
30834165
30835736
30843895
30850396
30856611
30886010
30911611
30921946
30930232
30968229
30978184
31000634
31003800
31007765
31039009
31048420
31050055
31092627
31108894
31185769
31198302
31198782
31229907
31230357
31290781
31297940
31304153
31316131
31391679
31400620
31407113
31427820
31459697
31479452
31495330
31530629
31531593
31633763
31641771
31665991
31673895
31674024
