19068623
19069220
19074799
19097212
19116079
19169661
19280272
19300578
19321505
19351414
19352855
19373840
19412249
19470078
19515133
19579688
19667373
19748960
19773371
19773991
19796021
19817184
19821027
19846520
19847526
19906909
19949264
19954435
19965555
20034755
20080720
20095198
20162972
20233883
20320449
20323764
20325999
20327883
20366085
20426361
20484367
20513367
20531522
20532027
20542022
20545630
20602694
20622618
20632212
20680095
20714285
20854846
20887260
20967790
20987857
21065532
21149273
21151335
21177913
21182525
21218338
21225112
21348126
21474953
21538351
21565111
21583504
21620481
21663585
21703342
21788719
21792497
21845256
21861235
21876109
21927855
21960028
21978854
22028279
22091453
22130493
22132510
22154421
22161099
22224697
22253393
22254416
22383573
22388038
22482467
22511998
22613847
22617284
22655693
22696061
22711695
22766370
22877404
22918689
22928745
23022262
23113741
23122210
23150796
23223435
23225940
23394423
23400415
23408475
23487222
23639227
23719377
23721253
23727749
23818353
23828432
23964657
23978588
24025221
24138040
24281414
24289250
24333024
24374580
24391629
24392193
24400718
24403358
24425921
24426635
24432731
24464789
24557516
24829869
24851982
24952515
25011572
25029321
25046607
25096612
25172415
25314467
25341338
25452092
25512068
25570146
25579663
25591811
25731030
25814726
25883928
25960110
25984134
26038996
26190381
26199959
26235880
26239219
26391656
26533238
26647995
26747211
26776184
26781894
26808591
26857374
26887772
26952783
26970081
27010395
27025809
27143129
27171903
27196245
27239480
27252653
27309827
27388428
27644001
27724512
27931108
27940428
27955324
27991471
27992784
28052208
28156886
28191610
28212959
28248836
28295665
28303477
28308571
28367849
28403066
28413536
28448321
28553546
28561139
28907203
29053289
29139592
29143313
29214064
29241658
29333802
29366849
29380374
29452112
29453930
29455118
29490430
29642009
29744285
29771625
30019176
30126917
30160390
30252028
30406698
30413411
30494792
30531234
30546969
30609966
30730683
30775240
30822303
30823573
30834513
30943450
30998384
30999718
31021946
31036794
31370149
31463262
31496286
31566177
31735924
31810908
31832548
31857926
31972158
31986971
32069241
32129152
32154074
32256039
32257440
32527261
32603308
32609847
32633335
32728690
32771488
32780105
32925601
33082788
33400643
33438308
33465414
33483239
33562376
33565535
33749551
33866259
33921101
33937597
33964095
34001233
34176052
34364853
34478267
34549739
34565986
34709633
34831122
34874488
35098750
35117141
35186241
35261331
35305454
35685663
35752600
35783455
35796516
35888416
35923523
36050955
36111388
36153490
36189556
36282164
36287929
36359575
36559111
36606123
36699506
36754835
36922841
37049750
37236088
37239812
37272888
37329936
37518343
37552764
37626392
37726941
37795549
37838681
37843229
37916608
38057202
38065337
38072169
38084194
38218586
38418369
38461723
38482343
38540524
38557635
38566341
38573037
38654793
38700107
38935478
39092211
39265472
39298622
39529536
39594394
39597484
39745919
39809286
39860838
40211125
40224758
40272078
40303807
40322493
40571675
40755996
40985024
41013318
41066977
41099762
41121452
41146244
41197034
41260039
41291888
41303243
41369227
41403262
41525100
41527773
41579965
41584939
41692811
41716136
41758044
42052450
42188038
42235004
42261379
42296453
42458545
42712869
42752735
42757783
42809054
43004770
43285725
43304709
43306899
43311275
43482507
43508485
43587738
43606719
43641090
43720234
43803324
44159402
44161733
44175480
44299805
44597978
44631098
44723169
44770112
44901029
44906481
44945111
44984736
45006568
