156275909
158458783
159563681
159965166
160989561
161469288
161709468
162360592
165001721
165274994
165952778
166433766
166740589
167289499
170082056
170248223
170409183
171152189
171435994
171719616
171734399
172084806
172328776
172793728
172833855
173116972
173262243
173296769
173401664
174578533
174949773
175114240
175591066
175899550
176045693
176268548
176299731
176428192
176462653
176466596
176704450
176771581
176878660
176931992
177001180
177397300
177534109
177676700
178006654
178013255
178796505
178929697
178984266
179308601
179329796
179504098
179521240
179633184
179729742
180228639
180242470
180331964
180582138
180640260
180810266
181064383
181109727
181194820
181325324
181599037
183750655
184914141
185277164
185393614
185801214
187027104
187234842
