40193992
70419594
215096876
136618934
23301959
85294377
105542189
35391093
36249959
49381347
20650719
231792703
26806052
93195989
232662183
37111574
32247842
172723504
162026559
104596874
195530461
18872166
129455167
124673682
221558984
39354041
129269347
20745651
41365200
11864240
206604060
50110608
54757295
76089624
79780826
121080695
129916604
27404056
222163122
77244015
142679161
224188869
13437311
38242154
96449679
241906875
119863071
21181196
28230957
126559821
56928671
123384749
18726541
216390225
105915371
19178743
149285569
49447747
101582378
112100172
26874144
