108895547
220777657
160251387
132291234
28325797
45592484
38826768
60290989
20485141
199309636
26794178
25026458
148335067
25655451
64259498
20487189
152002389
48412829
43930646
173208144
8040223
69763661
215111863
22419823
131929539
7445696
42454368
166804618
36628065
114802215
123711047
20770409
191538997
108422005
24907594
137038106
12885727
139833758
83863993
6376106
134213523
208956502
5470636
16510441
39807512
171471416
5537756
221057605
104622901
22751186
123357811
60874375
123732028
221753624
6865913
114861676
61765732
125426530
41638434
156142412
72713244
43429467
30624221
103607820
78870810
6128150
228828805
143523322
83342729
211854935
5884618
209188643
88758612
109903638
129010675
24959411
66361907
6580848
16090722
116785889
28686635
87780523
18965343
81507691
111408374
4703432
18989860
55749811
171348567
42200338
45410081
105541909
12373545
25310923
12578837
65767110
115261786
39393007
118546111
20673231
47961950
76828097
82673057
51391570
73302567
65014322
15383982
30014921
37355185
24755855
