51480383
51488855
51591521
51687226
51706145
51734976
51784884
51801431
52548564
52886954
53105046
53117745
53169805
53431069
53460686
53551709
53593800
53691616
53993713
54030678
54044871
54254473
54625998
54729523
54858484
54863943
54932253
55262680
55263152
55269519
55347789
55581660
55602636
55626508
55706686
55914592
55981177
56013267
56098617
56098811
56318594
56536713
56687645
56864394
56916260
56949210
57219892
57525833
57671345
57750435
57810171
57832584
58004509
58177286
58277401
58488662
58612609
58745519
58940120
59187901
59189558
59343231
59451315
59453318
59857558
59874660
60029997
60051869
60183413
60185044
60480934
60570994
60626018
60843003
61010299
61024849
61176217
61235645
61251740
61281237
61344876
62104041
62180034
62254487
62562121
62636312
62843529
63296282
64025966
64174270
65262976
65447608
65963878
65994855
66033363
66094190
66170721
66743981
66872933
66966537
67019859
67033376
67096530
67106713
