101933135
102335026
102474037
102519349
102549493
102740930
102801571
102865389
103074076
103396534
103554067
103622164
103744810
103745389
104214730
104283696
104301655
104346165
104370844
104482173
104517722
104528968
104550134
104614621
104769549
104886347
104899266
105032048
105189228
105244079
105285214
105337496
105625264
105751415
105764235
105882759
105950737
105978570
106199478
106222164
106311376
106719832
106737294
106963534
107118766
107153027
107155602
107359780
107460585
107659128
107667991
107807785
108149996
108298046
108371399
108406921
108523853
108754448
108833979
108894993
109050307
109161769
109210105
109255150
109274673
109346796
109761559
109830574
109847710
109874628
109876949
109907337
109909045
109925941
110346387
110414865
110456025
110457321
110513894
110576881
110698000
110738716
110793480
110797008
110822358
110856461
110861577
110907537
110977367
110998537
111000502
111038482
111250387
111628870
111667533
111735370
111795316
111988696
112065824
112161970
112175344
112190534
112325430
112374818
112447799
112484780
112596953
112601760
112608387
112665605
112678232
112693406
112751956
112754373
112854117
