32256039
32257440
32527261
32603308
32609847
32633335
32728690
32771488
32780105
32925601
33082788
33400643
33438308
33465414
33483239
33562376
33565535
33749551
33866259
33921101
33937597
33964095
34001233
34176052
34364853
34478267
34549739
34565986
34709633
34874488
35098750
35117141
35186241
35261331
35305454
35685663
35752600
35783455
35796516
35888416
35923523
36050955
36111388
36153490
36189556
36282164
36287929
36359575
36559111
36606123
36699506
36754835
36922841
37049750
37236088
37239812
37272888
37329936
37518343
37552764
37626392
37726941
37795549
37838681
37843229
37916608
38057202
38065337
38072169
38084194
38218586
38418369
38461723
38482343
38540524
38557635
38566341
38573037
38654793
38700107
38935478
39077288
39092211
39265472
39298622
39359511
39529536
39594394
39597484
39705246
39745919
39809286
39860838
40211125
40224758
40272078
40303807
40322493
40571675
40755996
40985024
41013318
41066977
41099762
41121452
41146244
41197034
