28599919
28645792
28673573
28680241
28750310
28772713
28885302
28895607
28926312
28938654
28952703
28957253
28998439
29007823
29050999
29065420
29069017
29106485
29161184
29173737
29177820
29190537
29226298
29243862
29268876
29298324
29303688
29330874
29461491
29462378
29468256
29470575
29525451
29533551
29549053
29590566
29614200
29706273
29753614
29777939
29779602
29874530
29927044
29947121
29956725
30054902
30082775
30091560
30096446
30096456
30248600
30290427
30396506
30411097
30445622
30447998
30491654
30516639
30531014
30567197
30637812
30664237
30667064
30752571
30795374
30807519
30815939
30817650
30843041
30861134
30870963
30912214
30913233
30933896
30959620
30961568
30998012
31046570
31060928
31089319
31134888
31151340
31198380
31203740
31225725
31241688
31273425
31278410
31278492
31315817
31325507
31361408
31401583
31423621
31430601
31541762
31623580
31651177
31668260
31672132
32001785
32053834
32072639
32094616
32104263
32150408
32167940
32172137
32243838
32269000
32305662
32396903
33336319
33399151
33429480
34068077
34082872
34181056
34866368
34867193
34895457
34906321
34921372
34926589
34933045
35009511
35023047
35039184
35275325
35460572
35923523
36360991
36783071
37367448
38194521
38260580
39002346
39004170
39028869
39030671
39201250
39210315
39242904
39253489
39259491
39305140
39313033
39398008
39552419
40224758
40401397
40736755
40928447
41505892
41796232
41797379
41908037
42278873
42299257
42303025
42356830
42361356
42375343
42375910
42447284
42462574
42472176
42965595
43226954
43292827
43338828
43384983
