27898282
27837028
27835932
27750104
26913525
26671260
26433277
26418468
26215361
24987426
24938937
24575039
24472170
23637097
22540358
22081261
21904739
21383289
21246809
21203588
20170089
19973556
19638167
19240745
18041181
17621044
17412295
17034812
16048838
15916027
15836999
11216604
8714460
8507021
4510801
4108811
3898134
255052223
254955580
247634395
235967002
231344097
231214912
230964666
229749422
228678082
228157180
226376131
225343553
225062397
224812358
224478364
224373767
223977280
223412728
223159899
222804825
222623581
222389764
222071650
221911806
221880670
221453755
221364541
221185143
220780481
220242364
219916286
219456167
218451805
218168026
217524443
217399932
217247495
217204736
217085054
216826474
216444363
215209251
215084437
214490972
214050922
213705376
213333864
213324781
213100920
212730547
212695885
212385056
212321499
210821426
210718088
210629061
210237638
209663615
209506225
209168226
208804447
208665696
208657880
208366116
208178774
207991797
207928139
207834537
207547729
207396624
207298946
206989992
206941908
206610249
206470378
206413003
206358825
204516370
204383264
204115889
203923501
203688712
203680278
203428096
203155131
202772838
202233722
201652040
201495086
201449125
200918960
200786373
200373010
199126794
199087936
198838140
198778790
198691052
198642776
198339180
197605179
197603627
197535853
197521229
197093890
196936578
196464046
196074510
195677442
195494512
195111383
194905708
194661776
193785957
193045992
191827402
191290331
191156803
191111453
190152058
189938154
189855649
189469182
189046187
188827514
188664693
187533084
187532876
187229843
186927957
186923453
186889022
185506163
185305349
183926800
183844085
183555319
183128005
182885347
182377561
182020655
181362376
180397952
180131273
179571176
179449013
179301802
179193846
178782605
178596973
177711993
177386139
176491791
176069039
175863458
175645936
175393194
175109892
174114848
173553645
173224620
172234894
170087790
169964726
169890521
167913622
167825152
167747441
167710127
167067183
166963690
166588103
165841392
165719829
165333019
165271904
163760289
163402424
162772341
159272213
157750112
157407081
155148246
155118424
154919454
154408150
154353015
154125547
153903893
152256766
152094696
150105619
149754964
149074694
148967921
147289421
147106545
145253130
144390539
144331152
143583078
142718557
142477387
141147202
140946401
140639944
138696951
138228477
136884904
136799720
134342866
134203798
133727866
133458058
132263468
129116840
128478295
128131831
127141041
124993486
118824717
116176435
115782245
109887723
102530244
98866611
90794354
82968123
77060788
76998972
75188834
72316441
69433900
69295378
68021008
67907611
67056689
55824990
54371892
53228464
51222018
50469905
48524185
46621578
46073076
45096519
45082391
44515380
44061529
41929155
40191592
40115038
39074199
37578358
35775054
34977601
34487921
32956703
31498904
31191878
28101877
26939618
26426651
25996564
25899391
24926466
24830785
23799448
22160447
