17106021
17119994
17127588
17128702
17133494
17152396
17156427
17159974
17160544
17178026
17187182
17191594
17225650
17240193
17255693
17299242
17300124
17324796
17326763
17364369
17393751
17395152
17399004
17402909
17423791
17426755
17433787
17443238
17458461
17499642
17509240
17512040
17513623
17516881
17529535
17550753
17592416
17611525
17621324
17642973
17659361
17666740
17684797
17695193
17705756
17708375
17714378
17737197
17738731
17750041
17779627
17780965
17792537
17792690
17812872
17896381
17906799
17911143
17916346
17917456
17941561
17946053
17948727
17955139
17963008
17973524
17976820
18011445
18012561
18018621
18024587
18029911
18054803
18062234
18069571
18076658
18080659
18087120
18104037
18118767
18123120
18142787
18143933
18151622
18167189
18209499
18219365
18235560
18260828
18265830
18278873
18292611
18313386
