71736964
71881651
72031836
72361967
72415297
72429719
72449703
72469546
72528540
72590272
72632538
72643266
72695971
72845420
73152881
73486115
73579124
74384889
74705873
75319118
75613511
75825396
75954629
76243408
76436079
76475487
76527919
76559040
76637473
76710754
76968068
77100956
77151086
77158756
77500192
77526988
77744172
77777739
77826671
77829567
77876376
77907118
77916752
77937681
77959278
77978987
77995352
77999822
78262580
78291516
78302930
78304763
78328825
78330480
78342893
78372520
78374295
78399794
78522030
78535023
78570322
78663955
78854196
79041899
79471290
79538259
79658486
79693837
79744899
79748812
79792499
79799653
79838766
79963143
79965925
80030426
80039467
80054611
80070424
80336617
80845697
80966192
80969654
81051243
81062200
81100905
81150218
81173091
81185153
81197493
81280086
81340074
82015125
82349336
82560066
82608524
82643111
82987527
83277906
83348761
83375953
83867759
83905287
83962408
83977000
84360600
84723775
84732621
84828675
