11989668
11993594
12010599
12032074
12159444
12161940
12209207
12233586
12258347
12298137
12305162
12311337
12338630
12340009
12375018
12407912
12443548
12449540
12485268
12508441
12578570
12593408
12636076
12654557
12655292
12728774
12829820
12853501
12902117
12907747
12981752
13072737
13075435
13149003
13178476
13191897
13246295
13354102
13417317
13436568
13600114
13626394
13641690
13756317
13891526
13993007
13997890
14026814
14106796
14110373
14113856
14126750
14157089
14194916
14207261
14267764
14484106
14570039
14689384
14716999
14806224
14817839
14976590
14982891
14985627
15001392
15074293
15077414
15091547
15117934
15120237
15155851
15189035
15190063
15230163
15235724
15273091
15345983
15385187
15402865
15513742
15660341
15666152
15668977
15683347
15692439
15734699
15780786
15794534
15829495
15853749
15906652
15913543
15913891
15946262
15963660
15994597
16036775
16042003
16047822
16053629
16068760
16072597
16077935
16175976
16176486
16180383
16195068
16211077
16239011
16260931
16272686
16308468
16380028
16388537
16407812
16419869
16447055
16494264
16530230
16543333
16553581
