69560487
69909161
69995401
70125216
70152432
70229564
70419951
70472056
70476545
70593594
71006709
71068076
71361379
71399867
71587207
71763001
72025360
72133550
72165664
72237942
72287867
72363806
72905115
73016082
73078379
73100141
73104584
73167368
73219776
73569363
73779605
74453574
74525418
74883816
74924478
74946585
75047276
75361814
75478191
75985684
76642927
76644151
76868839
76993158
77060240
77064329
77083439
77198209
77277436
77321748
77392752
77479763
77492978
77505071
77523423
77549106
77557430
77618031
77772016
77775950
77789302
77797617
78025969
78054279
78333683
78370181
78458335
78478958
78486193
78611980
78772676
78872943
78919956
79028532
79114292
79353548
79384811
79395211
79438173
79442930
79649588
79873618
79882592
79947814
79973180
80118223
80325358
80377973
80393162
80440381
80448740
80477840
80501175
80548155
80587024
80600374
80626347
80765589
80863530
80950549
80954442
80982731
81044751
81150998
81160215
81382846
81383069
81404853
81405107
81431562
81479145
81506646
81606763
81620758
81621210
81627646
81727754
81750816
81764814
81892967
81920371
82129108
82242077
82252618
82371031
82394892
82410666
