15621359
15635251
15635696
15780264
15855397
15856940
15898475
15948667
15954116
15969229
16072581
16075696
16083008
16165191
16195390
16212337
16213092
16217479
16304952
16329963
16373763
16451515
16470270
16470525
16529050
16614192
16668844
16672794
16674495
16675276
16679015
16749698
16789483
16795684
16874487
16969774
16974752
16995188
17024153
17061040
17110830
17114066
17139565
17179256
17180381
17218965
17232872
17265901
17351628
17456663
17573154
17591806
17629628
17639066
17706251
17773730
17773863
17776577
18045995
18077529
18132784
18157464
18239250
18266677
18343733
18451917
18517909
18542574
18551060
18566385
18566956
18692087
18765540
18794741
18801391
18838867
18848491
18972469
19020529
19066974
19106997
19123220
19150554
19253517
19260714
19352834
19360311
19361766
19368686
19404261
19442094
19454299
19516134
19545856
19632782
19643078
19654158
19667284
19689535
19696532
19697363
19718118
19721079
19723311
19725615
19762678
19765171
19782938
19810121
19856464
19873103
19890966
19911455
19931795
20007254
20126646
20192104
20195723
20284692
20307260
20348281
20431847
20440670
20495985
20542422
20563581
20632056
20688411
20718122
20725762
20794425
20815277
20819929
20831990
20939339
20978818
20992535
21007329
21043613
21047945
21103931
21106377
21114162
21117703
21169056
21223537
21273459
21356455
21364114
21396642
