3234284
5275835
6682535
7730368
13419336
15046476
15302422
15518081
15956668
19119541
21394074
21421127
22153126
23102575
23181538
30465874
41197034
44257204
47848444
48481336
51794162
52097797
57949097
59271832
60812501
67611462
72390446
73358764
73365187
77653843
80189140
80454410
81092074
81615511
82450183
83563066
85686889
88647488
90470301
92013792
93763917
94283266
97763195
103985019
104924848
105854094
111274054
130089857
135687992
143377289
150402965
153832233
157817353
158076171
158275346
162189813
163749910
164144080
166531747
167448435
170109524
177524074
181297454
182805998
183658478
183997204
185277753
185464432
185981020
186020077
186045104
186127787
186488532
186754556
187148873
187365109
187823275
187853487
188299026
188496721
188580883
188798639
189033580
189051475
189657808
189694004
189749951
191007360
191332492
191645133
191960725
193127561
193173356
193687977
194028210
194174888
194589785
196698855
196718986
196948826
197138613
197986569
199562728
199568633
199753464
200375706
200505206
200544567
200872666
201147752
201476153
201633991
202919208
203249466
203272199
203598886
204289305
204451993
204558842
204885562
205196026
206075297
206376864
206856090
207058754
207701690
208134533
208593859
209497055
209512609
210211009
210720539
210934818
212408320
213089920
213272895
213580002
214970176
216062146
