3407810
4043213
4048056
4115857
4148655
4177456
4258776
4423509
4492721
4529613
4543980
4588266
4898331
5153184
5223124
5309098
5409038
5502132
5520942
5889512
5891406
5893318
5906774
6100674
6121848
6184526
6185203
6188559
6373284
6442297
6581644
6598149
6650417
6835820
6944255
7013538
7137390
7343764
7405722
7474843
7524413
7643132
7681475
7961150
8136161
8197083
8209000
9052641
9198240
10123230
11127810
11290466
11350092
11406840
11411539
11548910
11664727
11798225
11875192
11971565
11980273
11981206
11996747
12021455
12053489
12162090
12225455
12339079
12391586
12406724
12427503
12467195
12485048
12490694
12530878
12562878
12578570
12605409
12615699
12638092
12681800
12766617
12779332
12794478
12882588
12894821
13009347
13024070
13139041
13142571
13164565
13178476
13253699
13324586
13343200
13392862
13480863
13493768
13963970
14058382
14162626
14392565
14511574
14570857
14765768
14877400
14955353
14993965
15008250
15028782
15045900
15046476
15074549
15113990
15227850
15235651
15257365
15260395
15483005
15498409
15566133
15589620
15599247
15666190
15683602
15703247
15956668
16010936
16038380
16050614
16072894
16128280
16221078
16226467
16354252
16355498
16476514
16605884
16719442
16722121
16750881
16880227
16958564
17008163
17016772
17173535
17179419
17191620
17296760
17412601
17603288
17640633
17898383
18033635
18172160
18201537
18363853
18387078
18435770
18499036
18643215
18644785
18707347
18787354
18825747
19050731
19066766
19147245
19283763
19360577
19573997
19606255
19667373
19687239
19884569
19897290
19972198
20061580
20086068
20257307
20262085
20321612
20402119
20556582
20650029
20809775
20814335
20854135
21098133
21180888
21200346
21302175
21594330
21842263
22008093
22008595
22128359
22167351
22201723
22311071
22338922
22484401
22548764
22625333
22636558
22684322
22693841
22795868
22811121
22918135
22921791
22956419
23002990
23015596
23068614
23092036
23173004
23178178
23178903
23205990
23219031
23230082
23319968
23324312
23425371
23615048
23652569
23683549
23840845
23900514
24003574
24007016
24123221
24467183
24500851
24574330
24626558
24698010
24715155
24772005
24783050
24832348
24873030
24896990
24939308
25017412
25046607
25089814
25096996
25268597
25374588
25388785
25405575
25495933
25588721
25623089
25691355
25791380
25811487
25813406
25824207
25890104
25992627
26027964
26135829
26147548
26306142
26320442
26378321
26391656
26429181
26454497
26628643
26776184
26838303
26875795
26879156
26899528
26907555
27032097
27118626
27121039
27130667
27506802
27612779
27639101
27760835
27766304
27780156
27835712
27837833
27993135
28230325
28252794
28254230
28410838
28732253
28755876
28919518
29028381
29174105
29184711
29241301
29275938
29279107
29384868
29385324
29413335
29430492
29503798
29526576
29576417
29624122
29745168
29927237
30015762
30054275
30133930
30134425
30187094
30312570
30448612
30562441
30588564
30600733
30613241
30619757
30629376
30682278
30682975
30704358
30707619
31009575
31259201
31305404
31336270
31376239
31463147
31807690
31877543
31927869
31994678
32059676
32061637
32117357
32310075
32324627
32601511
32715040
32721611
32747692
32990845
33171781
33216621
33361624
33368828
33405183
33917732
34025951
34081119
34137955
35025151
35121268
35268043
35426112
35558119
35783914
35923523
36261325
36356651
37081941
37171412
37199671
37255070
37632443
37682417
37955690
38019541
38235385
38295393
38415679
38465070
38522762
38591988
38836430
39067542
39283741
39305498
39381297
39487143
40099140
40123026
40224758
40312892
40628778
40816432
