30594805
30676246
30748893
30964758
31049497
31109289
31258415
31359143
31376818
31381031
31387866
31395513
31414235
31430182
31451382
31453400
31454263
31454403
31468002
31630530
31769186
31933469
31966972
32051077
32113543
32310232
32425368
32498035
32509440
32643072
32679975
32692540
33072098
33232610
33565854
33640445
33931186
33949164
34304433
34630257
34924301
35196184
35249545
35395878
35683712
35783455
35834931
36282651
36320460
36536535
36543882
36671341
36677975
36728909
37078121
37103787
37108363
37175281
37204730
37211217
37239685
37245970
37351512
37411952
37725580
37817846
37856305
38193534
38319196
38429961
38462963
38600200
38617359
38759684
38822982
39005782
39053680
39073037
39177408
39224880
39241806
39258466
39263190
39274996
39355485
39468769
