52349560
52756641
55262680
55371304
56819526
57088414
57406102
58378763
58825502
59077171
59784338
59959886
60139437
60251235
60372432
60574479
60794672
60870611
60873341
60879838
60903681
60951606
61899420
62865771
63285418
63427137
65315661
65602709
68085122
68090322
68561710
69034766
69889694
70105524
70546050
70593594
71863446
74503764
75133819
77551406
77678966
77728396
78038802
78040813
78098416
79266224
79409100
79418420
79420235
79436212
79477316
79498417
79506315
79691412
79699179
79768012
79916224
80116522
80477482
80878599
81138067
81292694
81367213
81400842
81416076
81420457
81447601
81491626
81492970
82006412
82208460
82256658
82280080
82339958
82417752
82433735
82436098
82460297
82460983
82527329
82720872
83551512
84083528
84491895
84494309
84522872
84555698
84673753
84717707
84741990
84745635
84783886
84786491
84793771
84979448
85035925
85317414
85986458
86533125
