2784044
3457772
4177456
4184048
4242035
4278314
4529613
4581153
4942390
5078265
5097775
5186763
5210669
5438694
5528026
5583838
5600243
5830787
5918176
5934088
5963362
5976150
6020771
6154914
6271148
6373245
6467084
6622562
6654680
6852661
6875404
7013538
7088583
7104869
7372153
7382931
7451688
7512358
7616708
7621979
7716643
7909248
8127042
8410579
8447217
8497958
8680325
8833187
8928957
9198240
9285697
9600858
11134517
11186348
11333676
11456724
11575730
11782224
11805489
12000841
12019334
12145209
12389401
12392413
12396476
12415124
12478164
12492069
12508441
12558946
12578570
12627810
12638393
12646441
12655413
12661067
12678078
12680336
12701931
12706759
12718496
12724040
12728870
12757902
12786500
12880336
12888983
12917445
12940288
12953982
13137333
13261401
13282241
13348545
13515265
13554110
13591164
13630811
13723367
13769980
13820966
13854845
13997921
14122396
14501929
14569802
14881452
14904839
15006066
15071270
15170797
15341454
15388748
15390211
15394665
15473651
15510356
15512150
15513142
15704627
15724630
15757098
15811465
15824370
15848880
15987751
16039758
16125616
16196366
16260082
16262997
16287706
16289608
16357004
16418447
16425008
16456817
16459451
16500426
16611211
16618481
16658308
16671113
16679204
16679508
16680606
16686688
16687103
16749650
16775022
16783436
16833196
16833690
16840952
16919657
16948243
17013355
17092522
17158084
17168047
17172762
17343769
17352349
17377054
17497523
17521916
17533059
17536486
17549814
17579586
17597486
17608209
17619244
17663848
17685218
17685889
17715197
17748974
17769158
17770242
17778915
17787862
17793107
17812318
17870405
17966698
17995853
18027730
18041181
18042651
18049538
18064762
18074976
18104642
18118440
18124166
18169441
18181472
18200209
18223013
18260828
18330721
18357015
18365438
18382306
18393277
18396924
18450258
18477329
18504525
18620780
18664063
18743021
18753648
18768098
18775796
18791602
18832267
18877133
18940413
18961043
18980250
18995359
19059251
19085671
19103580
19111879
19137090
19155420
19156213
19163907
19242718
19250207
19275803
19316274
19401737
19436020
19498863
19579010
19644767
19664466
19667373
19694417
19741478
19754451
19757103
19766129
19790652
19800167
19814327
19815543
19835056
19839868
19858601
19860527
19884214
19962342
20078884
20095628
20114961
20115817
20155596
20166612
20178038
20248162
20249159
20253634
20254823
20265555
20352198
20398800
20412269
20413282
20481013
20538506
20539665
20574726
20622082
20633440
20638357
20658486
20669315
20745497
20751929
20771986
20816430
20855908
20899751
20904836
20913463
20982128
21042854
21103399
21230037
21292514
21294741
21326188
21495388
21514140
21534664
21539782
21677663
21702300
21727363
21799433
21801152
21863649
21912466
21927923
21930939
21953226
21971096
21988933
22019585
22057626
22063622
22133437
22136518
22191956
22203931
22312921
22356217
