101272640
101572964
101785090
102223497
102470963
102740930
102889235
103085677
103209281
103420174
103554067
103745389
104283696
104346165
104537562
104623924
104769549
105552953
105771962
105823577
105887814
106234266
106637829
106930679
107668311
107871548
107965928
109219059
109255150
109295072
109731390
109783203
109806650
109830574
109847710
109874628
109909045
110035948
110328985
110346387
110545319
110576881
110616315
110663358
110796235
110867944
110923227
111067595
111299841
111667533
112127519
112169156
112175344
112552324
112678232
113289487
113294911
113540866
113718400
113756494
113825502
113965443
113993088
114227711
114303868
114627454
114799807
115087076
115111330
115377024
115492228
