88957378
89031526
89083945
89443286
89457951
89622206
89715925
89834463
89886939
90344483
90345089
90470301
90640764
90889336
91302748
91314145
91559428
91717730
91747748
91917697
92037029
92316076
92372192
92414308
92605694
92749855
93081674
93325017
93486830
93609514
93662590
93808909
93885627
93947876
94297981
94340633
94420703
94560573
94772728
94943102
95106276
95405378
95670619
95835480
95988957
96122215
96890433
97050562
97597128
97909798
97934479
98134028
98560119
98637683
98743435
99192590
99239132
99334528
99887738
100328013
100673983
100904814
100906745
100944499
100979355
101115140
101152155
102126842
102549493
102685097
102740930
102801571
102964802
103108003
103396462
103414829
103554067
103745389
103767498
104227849
104283696
104284694
104769549
104803449
105117583
105285214
105587662
105950737
106236449
106687948
107607407
107739068
108029268
108191452
108298046
108301213
108528775
108822037
108910628
109255150
109780069
109830574
109832400
109847710
109874628
109909045
109962787
110035948
110346387
110382793
110448621
110576881
110616315
110698000
110793480
111182814
111574371
111667533
111795316
112029574
112175344
112231768
112325430
112513902
112596953
112638080
112665605
112678232
112693406
112913030
113289487
113678778
113718400
113867020
114303868
114326934
114627454
114799807
114986699
115087076
115111330
115184808
115220588
115361677
115491404
115492228
115522833
115540963
115573000
115628902
115690879
115721535
115759354
