104570711
218258439
25639378
214722206
70407590
28328455
11855141
124815292
20969855
77824490
15986331
20940277
51231581
21409774
180681130
60177619
31618008
30701794
209844374
41379161
124280773
141556112
85619910
24016239
28971253
96136996
23029550
36355772
25637890
34135369
128073964
35435378
208791744
90088574
59025798
142808374
95825057
113760061
26358894
44733712
80945359
144541935
34724159
16799623
38815823
87655161
20112376
39280830
123878951
44121554
42569144
183928339
46763697
150785707
