15015249
15099852
15100916
15125425
15173518
15175375
15193461
15221398
15355612
15403189
15419024
15435528
15657639
15781896
15794534
15829798
15867113
15869499
15952167
15966553
15972475
15979510
15984476
15988355
16049056
16083008
16095720
16111460
16118207
16127460
16128280
16157572
16168669
16252392
16299167
16307614
16308227
16316605
16382130
16397101
16409013
16571153
16605884
16622249
16642104
16714081
16726108
16801509
16874487
16910074
16981608
17015052
17133494
17250786
17262876
17358988
17443238
17476645
17818658
17856921
18018621
18443878
18639172
19026201
19035738
19080969
19132412
19215384
19535446
19667373
19737070
19846520
19959526
20172521
20197180
20541133
20591829
20889419
21009246
21137099
21563239
21564226
21709868
21817847
