167903505
167998219
168069355
168152572
168188569
168204274
168214492
168256082
168263838
168296820
168326353
168403700
168515282
168534307
168539536
168631818
168691725
168759158
168862637
169035042
169040515
169041176
169083536
169116254
169148266
169184089
169195780
169283613
169288911
169304758
169373960
169380985
169389992
169403417
169545498
169569130
169576209
169578353
169581353
169629680
169641455
169663893
169715954
169811478
169890521
169897982
169972255
169980736
170009780
170085409
170097331
170109524
170229923
170269762
170314505
170432219
170476512
170489521
170514903
170569268
170577124
170614014
170696228
170741413
170761411
170787090
170888490
170909371
170913470
170934024
170961902
170970365
171050850
171077545
171081683
171087987
171106906
171127043
171224579
171359104
171392026
171401104
171430642
171474692
171606194
171715956
171769651
171816658
171841227
171849173
171852637
171913591
171962959
171975498
172000332
172184653
172187808
172234894
172261983
172283192
172309786
172366634
172385398
172406060
172622432
172853919
172891469
172956960
172983192
173035861
173044251
173109951
173112249
173157708
173198279
173239816
173266140
173285705
173299856
173385736
173407436
173424533
173463405
173545730
173553645
173620801
173624445
173652793
173677043
173704354
173821842
173830831
173843382
173866924
173868337
173877322
173965838
173997023
173999774
174025957
174027642
174069597
174070841
174105231
174274767
174287415
174328213
174426393
174460622
174477109
174544554
174553663
174602228
174658128
174671102
174701958
174735821
174795713
174814166
174832297
174869358
174902831
174974993
174986972
175024686
175110741
175113384
175198092
175199076
175204001
175239410
175303882
175338205
175390342
175393194
175454532
175528163
175603861
175615364
175633907
175642227
175645936
175688253
175716370
175721453
175839073
175860674
175899550
175955677
175960523
176069039
176214509
176233627
176237002
176295662
176298513
176329604
176337206
176412758
176438880
176520951
176537583
176598097
176647393
176689692
176737166
176771581
176784032
176785109
176845948
176859635
176929780
176964561
177088628
177095149
177160742
177327155
177327278
177382389
177439579
177483309
177519670
177524074
177543543
177594232
177634558
177659461
177708930
177714548
177788098
177817270
177969693
178003982
178013255
178102915
178215122
178285658
178289335
178302968
178399270
178428773
178514789
178531030
178543122
178585386
178613190
178707429
178728799
178733699
178796505
178814443
178819855
178847824
178902077
178904207
178929697
178948792
178983337
179012414
179019277
179037193
179093117
179134504
179155410
179191283
179294423
179305853
179431823
179465097
179521240
179567806
179571176
179711811
179768380
179800466
179827445
179885103
180148941
180349852
180397952
180406024
180461891
180557126
180599139
180676538
180767272
180965187
181074499
181119469
181139530
181213398
181243279
181297454
181371018
181506393
181520537
181540913
181544931
181590912
181693236
181765868
181795478
181830451
181849639
181904738
181922157
182020655
182169130
182260888
182344138
182353773
182377561
182432456
182469249
182488135
182560104
182613590
182664231
182674833
182709118
182731514
182805998
182845929
182932462
182937521
182938247
183054709
183146425
183194810
183300086
183395959
183468127
183555319
183678566
183724455
183811858
183824839
183831122
183838470
183843263
183878298
183926800
183997204
184222327
184332399
184378283
184457003
184706690
184748231
184810559
184901845
184965077
185054442
185061879
185062547
185153358
185342298
185414203
185428914
185623965
185627786
185631914
185721167
185767560
185872270
185894142
185976597
185981020
186045104
186110170
186212863
186267518
186356070
186431591
186432618
186439635
186644885
186732047
186758022
186920788
187011391
187027104
187132665
187148873
187171351
187175434
187251146
187299915
187354614
187378338
187380884
187426686
187457203
187506283
187532876
187533084
187616313
187627739
