2878611
3137589
3417524
4278477
4714305
4924520
4942390
5343236
5600243
5610120
5649790
5684822
5766053
6373284
6650440
6936552
7005618
7013538
7624003
7765984
8253056
10138958
10282133
11076356
11664727
11829998
11840754
11881237
11958979
11965166
12034323
12336696
12418344
12472701
12498134
12523812
12638092
12680336
12707260
12730969
12857956
12965491
13068032
13121435
13207785
13351049
14117151
14252555
14410580
14861136
15008710
15046476
15074549
15150350
15175375
15217990
15294882
15382756
15390433
15404573
15466217
15567434
15620780
15679018
15867113
15887240
15897352
15910325
15956668
15966553
15967785
16049138
16252392
16521810
16587834
16614431
16642104
16713857
16827966
16874487
16948690
17000608
17133494
17184412
17299308
17302739
17399646
17476645
17549821
18114813
18251144
18443878
19026201
19150704
19500870
19533721
19598168
19626109
19689844
19846520
20020048
20413824
20500990
20539665
21345181
21845826
22127896
22151030
22389727
22623366
22636558
22660192
22924732
23000806
23006385
23173435
23214391
23219053
23380220
23456265
23522643
23555649
23574809
23627186
23759765
23890384
24451277
24617021
24715155
24745922
25273609
25364435
25824207
26062841
26078882
26895998
27716178
27733661
28062552
28789868
29293030
30173062
30770961
30912214
32310075
32721611
33915686
34668035
36027222
36623629
37199671
38486953
38993784
39142131
40123026
41341292
41536730
42165933
43046511
43181130
43394168
43523452
44311207
44696004
44731237
45087786
45443373
45760060
45924794
45944240
46178258
48415433
48668223
48695130
48701094
49131230
49138256
49384034
50045351
50176356
51156127
51905469
51957738
51969702
52574223
52886954
53207896
53466205
53965290
54079085
54562034
55385797
55736741
56327047
56384480
56697399
56771384
56819526
57091051
57360150
58031144
58497159
58570574
58703133
58904900
59077171
61421775
61658595
62031793
62106641
62248566
64331454
64390948
65315661
65438630
65492417
65602709
65700356
65812851
66705375
67698842
67860046
68057483
68431950
68781363
68785187
68826269
68953696
69166758
70593594
70836780
71421983
71474542
71863446
72143331
72390446
74346528
74363730
74500784
74755080
75512327
75694660
76385261
76863119
76968068
77443194
77563521
78096243
78384698
79107322
79317615
79948212
80441812
80448123
81400842
81468656
81681558
81852726
82592982
82720872
83133032
83356169
83584073
83908034
84639691
85838010
85986458
86028601
86214331
86326340
86735962
87039195
87199931
87704414
87788185
87997680
88462177
88942464
88957378
88961342
89861936
90470301
90526389
91102113
91747149
91864290
92013792
92784444
93486830
93609514
94070443
94160104
94161321
94543104
94544672
94602333
94760728
95993368
97036654
97168216
97773614
98221414
98938590
100767553
100899060
101572964
101661567
101752319
102109738
102328086
102685097
102740930
103209281
103985019
104520586
104722788
105552953
106044972
106234266
106637829
106930679
107374294
107951815
108687269
108974504
110699136
110882012
111067595
112005728
112552324
113756494
113825502
114126686
114303868
114811941
115797759
116271829
118372649
118582659
119362944
120294423
120886804
121326975
121367831
122178296
122334905
122589657
125051366
125432968
125833104
126391401
126773303
128140902
130697841
132060621
132263468
132725625
133637138
133642963
133768008
133814466
133911002
134342866
135116019
135203316
135355597
135635539
136999830
137020164
137650387
138928779
139057210
139734602
139815823
140223943
140254070
140710311
140732842
141156712
141291511
141381613
143586289
143947485
143989259
144055893
144356774
144432113
144565019
144881641
145186567
145292246
145747054
145994938
146816178
146891945
147024899
147225652
147796962
148236431
148347534
148455397
148879770
148890907
149069305
149333845
149664276
149754964
150450140
150505643
150616820
151581842
152031444
152228755
152389149
152565866
152700927
152978351
153123328
153444494
153944525
154353015
154831510
154850374
155261105
155338321
155400722
155942737
156151010
156605290
156719717
156748297
157398382
157407081
157531304
157579060
157670045
157817353
157974313
158240148
158507033
159106242
159353382
159725168
159817409
159838227
159879566
160087157
160133045
160290784
160415422
161417450
161690737
162189813
163374796
163381988
163639960
163793296
163969016
164144080
164355598
164586417
164587696
164671836
164809095
165127651
165274994
165333019
165338533
165505344
165543334
165694960
166021117
166102099
166532784
166814079
167067183
167474515
167903505
167986325
167987026
168204274
168214492
168296820
168472514
168503762
168511749
168515282
168539536
168554697
168631818
168691725
168816551
168820695
168862637
168894095
169083536
169283613
169288911
169326977
169539177
169543571
169576209
169641455
169652517
169653390
169715954
169890521
169897982
170250672
170284630
170312623
170314505
170569268
170614014
170667568
170693954
170696228
170702028
170934024
171033007
171050850
171077545
171087987
171105270
171264372
171298768
171359104
171430642
171450191
171566455
171816658
171849173
171913591
172000332
172020601
172038863
172366634
172385527
172392363
172551423
172632534
172679676
172717182
172751993
173056914
173109951
173123052
173256753
173407436
173417215
173463405
173528833
173545730
173596598
173677043
173866924
173967032
173999774
174025957
174027642
174068922
174304501
174380467
174490217
174605300
174610195
174688602
174832878
174893259
174902831
175024686
175110741
175528163
175594053
175603861
175658936
175675570
175764787
176069039
176077486
176175722
176295662
176326318
176389760
176438880
176859635
176863712
176885037
177088628
177190072
177300625
177342443
177386976
177397300
177426983
177438128
177524074
177543543
177683124
177999704
178141005
178206924
178229589
178285658
178289335
178302968
178404235
178455837
178514789
178531030
178547649
178697616
178733699
178752459
178819855
178847824
178983337
178984266
179012885
179037193
179134504
179225518
179294423
179372288
179427497
179463454
179521240
179608183
179670891
179827445
179963149
180211472
180406024
180417655
180461891
180599139
180676538
180859587
181005070
181199776
181297454
181302710
181520537
181590912
181904738
181922157
182063433
182083415
182149264
182260888
182320060
182353773
182377561
182432456
182547829
182560104
182709118
182716333
182787304
182799109
183000944
183194810
183204036
183330990
183346447
183382223
183560520
183627352
183771517
183811858
183824839
183878298
183926800
183997204
184040309
184159003
184228165
184332399
184378283
184606166
184846282
184901845
185054442
185158898
185277753
185342298
185428914
185464432
185623965
185632819
185721167
185872270
185883916
185997444
186146948
186306534
186394377
186431591
186488532
186511375
186526361
186528354
186549514
186570428
186727611
186758022
186797267
186889827
186899193
187132665
187223013
187354614
187365109
187381203
187416435
187447824
187487644
187506283
187533084
187616313
187658462
187696257
187769714
187823275
187853487
187875000
187926278
187991706
188276722
188471692
188674755
188786733
188798639
188801943
188839368
188841360
188884881
188982483
188996428
189257410
189263873
189450873
189462566
189463617
189469182
189598094
189678021
189694004
189842005
189881323
189918713
190065099
190138812
190344470
190345238
190417082
190446417
190494215
190504908
190573549
190882300
190976728
190979492
191013151
191111453
191217539
191233153
191268334
191325764
191338313
191358383
191398359
191508217
191677963
191851298
191852164
191877218
191885762
191960725
192019985
192084163
192084716
192477351
192600288
192606563
192659539
192781583
192971185
192979936
193114134
193139916
193156887
193173356
193394913
193452390
193602632
193687977
193811866
193827889
193901241
193918224
194003539
194029857
194036115
194079485
194096094
194125567
194261863
194309119
194337494
194357366
194360053
194367986
194507466
194647810
194690239
194722892
194754854
195093899
195098611
195104520
195471439
195497461
195520546
195536077
195555871
195637967
195796431
195861807
195904482
196028996
196071377
196086670
196310592
196439697
196532367
196539372
196578403
196660219
196698855
196783364
196975555
197021115
197097920
197100911
197138613
197246960
197249058
197288920
197481495
197986569
198028629
198084037
198231190
198375024
198527671
198690254
198938484
198949920
199040367
199135790
199340395
199353450
199464453
199512440
199557906
199618902
199779888
199807885
199934032
199983345
200010834
200084273
200157736
200386802
200434000
200434263
200484109
200505206
200529062
200544567
200728322
200763877
200870950
200886504
200891362
200919309
200981196
201089585
201147752
201210705
201296869
201298873
201310767
201577856
201615261
201635972
201877811
201878015
201914284
201974510
202107073
202337221
202424381
202474601
202521174
202739399
202772838
202812941
202841612
202852502
202912261
202981022
202987572
203052904
203143463
203218100
203237299
203354441
203568756
203598886
203611542
203804993
203940251
204097318
204102890
204123817
204167690
204203977
204273546
204451993
204645668
204704857
204754570
204843039
204974347
205110627
205196026
205268770
205515685
205520695
205654436
205708683
205778617
205881480
206071958
206075297
206153095
206227672
206376864
206552600
207026278
207066408
207145432
207200565
207302377
207328694
207364150
207379143
207446709
207470434
207586360
207600001
207641468
207644227
207701690
207744505
207811811
207834537
208134463
208281046
208366116
208432355
208475650
209065787
209163487
209170913
209221125
209332760
209520550
209623778
209663615
209695552
209937501
210001799
210211009
210514428
210516837
210520388
210530009
210566301
210629061
210720539
210853890
210934818
210936735
211160164
211363751
211895227
211953819
212178983
212230787
212341886
212374392
212854725
212871708
213124896
213352639
213489563
213496153
213580002
213642500
213646277
213734682
213823397
213851522
214012738
214357028
214819551
214970176
215053892
215397314
215415842
215516639
215516642
215723330
216062146
216080699
216351906
216562020
216893603
216944320
217019838
217038620
217141154
217187132
217441408
217470202
217667773
217703168
217877573
217879427
217931199
218020450
218118588
218528868
218543174
218607011
219054243
219120859
219154114
219489989
220276831
220329924
220444733
220452862
220549120
220733055
220943867
221358756
221429312
221443650
221601057
221660444
221759228
221911806
222102652
222389764
222483907
222501378
222819809
223100543
223196705
223431871
223439935
223520835
224956002
225295391
225343998
225489407
225678431
226978623
