73122283
73441100
73586827
73594216
73873436
74001598
74055527
74202488
74279271
74349252
75042639
75181998
75493042
75542409
76188607
76213893
76255410
76280779
76335397
76360200
76373768
76380921
76412221
76534438
76547364
76682348
76872624
76939526
76942544
77226928
77368624
77372021
77373583
77375986
77411953
77555441
77571583
77684279
77732589
77735919
77940499
78025332
78096243
78199667
78204167
78266477
78369452
78505391
78644997
78721236
78902733
78917537
78935537
78975651
79391427
79513892
79546622
79574279
79699499
79949338
80288438
80462488
80903405
81008875
81095395
81221404
81308777
81391690
81475722
81500594
81547720
81576032
81604917
81693463
81972486
82099993
82147452
82169873
82278941
82578903
82592982
82745102
82768040
82885550
82970435
83356169
83398360
83749607
83897107
83956848
83979176
84040376
84041960
84321049
84557177
84881367
85227308
