23413273
23443986
23599576
23812153
23844942
23853503
24003574
24126464
24131903
24444213
24641188
24658056
24698244
24715155
25167175
25193741
25691355
25824207
26056030
26242967
26418831
26525479
27469399
27733661
28114166
28800904
28982708
29087824
29114401
29173020
29247267
29506123
29516851
29569566
29598578
29704677
29922594
30674940
30912214
32222816
32310075
32982659
34056787
35364768
35654640
35927465
36070004
36360991
37199671
38144623
38343489
38805771
38865380
38993758
39459407
39487143
39776336
39888852
40123026
40410640
40478097
41236759
43800542
44851170
44995614
45087786
45196770
45567851
46867774
48242493
48668223
50045351
50576930
