74687318
74817463
75018354
75025191
75194779
75222441
75263673
75477466
75549559
75637840
75795573
76037186
76185142
76517966
76533823
76939526
77165898
77167088
77413531
77447543
77622791
77763121
77859112
77925061
78070698
78124914
78213083
78500387
78522137
78743047
78897443
79079680
79227407
79301387
79372851
79423247
79454999
79548706
79700113
79768012
79916224
80066853
80126651
80158536
80459773
80561280
80576432
80652940
80678922
80830349
81043066
81153954
81347087
81500594
81546589
81773554
81830788
81873451
81978836
81994749
82054962
82058745
82091202
82131196
82282032
82720749
82734733
83025885
83035627
83205495
83285202
83563066
83595458
83647295
83701517
83787243
83897107
83927624
83979176
84239617
85875405
86068680
86440708
86458363
86923327
87188927
87219248
88308230
88905333
88967073
88967157
89028125
89208805
89398273
89457951
89567689
89571303
89704210
89734299
90088136
90309047
90470301
90493448
90509946
90627848
90694249
90889336
90913370
91001846
91351190
91495494
91534224
91559428
91669383
