85439690
85533071
85537807
85698010
85718032
85745509
85796425
85824859
85945041
85957887
86257314
86318801
86326340
86351126
86458363
86504683
86609701
86831621
86929571
86984516
87129531
87180707
87182588
87232827
87404827
87489398
87583437
87712699
87763780
88262859
88276316
88289964
88314834
88317310
88462177
88560540
88582461
88711516
88745728
88777342
88832867
88905333
89061580
89119520
89172751
89522752
89571303
89858143
89910689
89996991
90010959
90313770
90470301
90791759
90929437
91104763
91129277
91134753
91193809
91441878
91486943
91561178
91669873
91701441
91717444
91740113
91816066
91824246
91855063
91882557
91931872
92048051
92079679
92430734
92462139
92708069
92738039
93068686
93081781
93102139
93119462
93195547
93244140
93325017
93530597
93609514
93736342
94254715
94545050
94943102
95009638
95277189
95474306
95943189
95994817
96173349
96406895
96468817
96623131
96850225
97137422
97482585
97737650
97754618
97764596
97792173
97889200
98020199
98221414
98402149
98445977
98483918
98624896
98743435
98865900
99008260
99196422
99222357
99262287
99601979
99709007
99762704
100000638
