24751833
24791737
24974760
24976652
24986313
25040150
25118650
25163403
25173886
25225667
25317572
25401016
25464086
25556287
25562808
25578769
25598640
25700165
25859355
26098471
26137940
26197783
26404934
26646533
26739723
26758534
26820200
26835327
26889121
26997267
27035532
27063954
27087045
27169006
27284766
27368948
27458187
27470661
27516810
27544545
27553040
27571646
27580587
27590411
27591819
27643609
27676883
27684748
27692952
27700450
27708942
27728860
27729717
27730442
27734858
27749774
27751652
27764870
27786827
27793531
27796146
27797491
27800229
27811893
27840226
27844645
27846777
27854644
27867379
27884051
27906540
27927945
27933950
27937223
27994753
27995378
28010944
28024279
28032341
28036035
28041454
28046693
28055475
28063059
28065454
28067734
28075766
28118041
28131735
28140907
28143289
28143351
28156886
28190751
28191010
28200467
28200823
28204535
28205946
28206281
28235873
28237800
28243998
28244623
28246017
28261261
28262487
28267438
28293906
28313740
28323137
28324896
28328985
28335950
28342139
28343799
28346001
28352744
28353045
28362024
28366502
28388979
28410574
28419153
28421110
28429237
28455864
28459200
28460836
28474084
28509680
28514214
28529096
28530436
28531594
28563516
28574892
28575267
28584032
28584430
28589320
28602913
28608090
28673210
28699200
28705872
28722955
28756961
28759437
28761191
