15458157
15503070
15535646
15542685
15613226
15652326
15716343
15717832
15763920
15914760
15933579
15947849
16044777
16069980
16082036
16088075
16106952
16136896
16161659
16176486
16182903
16208959
16211276
16287556
16363035
16400514
16421966
16511002
16549993
16582113
16695445
16701504
16719192
16731515
16748818
16833090
16833659
16852978
16924177
16943286
16975115
17037873
17113292
17215082
17260519
17262851
17405186
17419956
17429968
17618646
17640633
17653819
17657343
17715381
17761270
17855037
18025808
18080561
18102067
18113730
18143968
18156357
18186390
18192765
18206463
18396068
18542250
18542877
18546305
18549111
18564157
18603455
18690866
19042339
19080969
19150820
19160059
19197362
19249700
19312758
19427554
19460442
19468805
19662314
19724757
19804267
19922342
19942045
20118444
20180843
20182917
20280270
20316112
20483586
20770858
20814568
20850931
20921688
20997520
21071913
21117691
21183870
21259708
21287613
21301616
21329079
21331986
21332048
21575516
21603164
21728149
21867134
21964487
22011121
22064502
22176807
22187482
22328711
22339072
22353564
22421582
22528086
22799079
22800213
22905395
22918135
22932431
23042048
