115721535
115759354
115887767
115913694
116430591
116741745
116877609
117034876
117065516
117070933
117608910
117893810
118059186
118184430
118484217
118582659
119440846
119798224
120049861
120428271
120671577
120729000
121000956
121085537
121418294
121790454
121869134
122029165
122109923
122173091
122373779
122686221
122742250
122832846
122867832
123046260
123231543
123343034
123403220
123549101
123656902
123706592
123819887
124005363
124412414
124512308
124630399
125264778
125365569
125677563
126036174
126245214
126310373
126360808
126444453
126593269
126604048
126716271
126847566
127109616
127142040
127209853
127548607
127573103
128276959
128760797
128765713
128822211
129014545
129352043
129385819
129406412
129452984
129461744
130259556
130344080
130753527
130757102
130784990
131192401
131252728
131767755
131824098
131941405
132010509
132031413
132261048
132308876
133009551
133015242
133238883
133637138
133642963
133803748
133805452
134081630
134194377
134461067
134493323
134646211
134882703
135287333
135517968
135536062
135579783
135711999
135910567
136208539
136337987
136644356
136740309
136999830
137203677
137397320
137502775
137544295
137570360
137729629
137860665
137983710
138253386
138535336
138545618
