127187095
127291153
127478673
127529749
127548607
127557256
127610284
127693004
127697471
128118075
128180286
128276959
128321166
128379117
128384689
128478295
128765713
129014545
129046399
129135381
129236782
129352043
129385819
129452984
129456997
129461744
129577842
129833935
130344080
130524784
130591693
130733357
130757102
130784990
130810180
130956744
130993178
131017586
131042522
131167161
131192401
131212207
131249612
131469486
131767755
131848135
131878521
131941405
132001595
132010509
132031413
132113337
132142105
132260045
132261048
132263468
132432610
132468979
132851117
132873238
133015242
133112708
133243515
133637138
133642963
133805452
133991561
134194377
134203798
134260386
134268481
134314381
134342866
134461067
134493323
134672344
134996965
135081201
135203316
135370228
135517968
135542874
135663833
135801397
135910567
135977192
136054646
136185426
136208539
136320150
136387588
136465178
136475248
136611898
136644356
136740309
136799720
136891502
136997599
136999830
137008341
137020164
137397320
137401622
137544295
137553207
137592186
137650387
137729629
137860665
138024726
138143632
138228477
138349456
138463327
138545618
138644075
138794473
138814750
138928779
139003107
139030720
139051184
139057806
139101729
139348588
139565078
139648490
139722445
139734602
139773769
139813728
139851753
139862178
139889445
139992804
140174088
140178233
140219512
140223943
140241496
140254070
140294366
140366119
140538991
140639944
140707245
140710311
140805928
140969769
141066751
141131525
141147202
141156712
141167764
141179397
141291511
141723669
141740447
141780158
141789750
141839636
141999478
142147273
142200602
142261814
142587782
142718557
142804824
142812403
142856539
142945347
143137383
143251261
143441112
143515934
143533577
143573114
143583078
143615435
143760035
143829612
143881151
143989259
144055893
144069856
144187033
144331152
144356774
144366800
144380924
144390539
144432113
144547046
144585419
144717030
144839269
144881641
