88648734
88749530
88814241
88949393
89031526
89033824
89077884
89083945
89098011
89119106
89208805
89299992
89330113
89457951
89567689
89571303
89609366
89695205
89715925
89744003
89886939
89912374
89982401
90059532
90100192
90104302
90250437
90331877
90344483
90346525
90420486
90470301
90509946
90543880
90577792
90634561
90694249
91019711
91351190
91495494
91680268
91747748
91800631
91809852
91811226
92013792
92316076
92435021
92493810
92709548
92742520
92744029
92749855
92851787
92938746
92948454
93081674
93239406
93434337
93527851
93624573
93656718
93720616
94051158
94053024
94425886
94521240
94544672
94680215
94752025
94775129
94818069
95157878
95238460
95419524
95451841
95536575
95544477
95584313
95621365
95670619
95835480
95844645
96581086
96722185
96751340
96880326
96890433
97050562
97107969
97124285
97316503
97487228
97510785
97539039
97574628
97743279
97752248
97909798
98105217
98204176
98394369
98637683
98743435
99192590
99239132
99269294
99271687
99334528
99365694
99441475
99700510
99850224
100066356
100111930
100122233
100328013
100396602
100733437
100843258
100944499
100979355
101172194
101336037
101386874
101439088
