3962395
4348482
5190661
5223124
5270220
5388317
5600243
5684822
6060958
6100674
6373284
6388776
6693932
7013538
7149138
7485688
10233388
11274386
11429167
11501199
11577069
11648759
11893136
11899808
12111593
12144972
12233586
12638092
12766617
12803165
12839689
12882046
12888983
12910315
13190199
13308676
13581831
13588188
13820966
13909603
13983550
14045136
14287809
14501929
14956760
14976590
15046476
15074549
15354295
15369961
15482192
15553056
15683347
15691731
16874487
17133494
17394143
18008895
18041181
18134091
18184922
18215978
18476674
18477521
18489346
18524385
18540433
18593172
18703080
18925650
18978723
19533721
19846520
20132115
20169709
21360150
21780840
22030958
22167351
22561793
22586626
22724502
23006385
23413273
23443986
23599576
23812153
23844942
23853503
24003574
24126464
24131903
24444213
24641188
24658056
24698244
24715155
25167175
25193741
25691355
25824207
26056030
26242967
26418831
26525479
27469399
27733661
28114166
28800904
28982708
29087824
29114401
29173020
29247267
29506123
29516851
29569566
29598578
29704677
29922594
30674940
30912214
32222816
32310075
32982659
34056787
35364768
35654640
35927465
36070004
36360991
37199671
38144623
38343489
38805771
38865380
38993758
39459407
39487143
39776336
39888852
40123026
40410640
40478097
41236759
43800542
44851170
44995614
45087786
45196770
45567851
46867774
48242493
48668223
50045351
50576930
52349560
52756641
55262680
55371304
56819526
57088414
57406102
58378763
58825502
59077171
59784338
59959886
60139437
60251235
60372432
60574479
60794672
60870611
60873341
60879838
60903681
60951606
61899420
62865771
63285418
63427137
65315661
65602709
68085122
68090322
68561710
69034766
69889694
70105524
70546050
70593594
71863446
74503764
75133819
77551406
77678966
77728396
78038802
78040813
78098416
79266224
79409100
79418420
79420235
79436212
79477316
79498417
79506315
79691412
79699179
79768012
79916224
80116522
80477482
80878599
81138067
81292694
81367213
81400842
81416076
81420457
81447601
81491626
81492970
82006412
82208460
82256658
82280080
82339958
82417752
82433735
82436098
82460297
82460983
82527329
82720872
83551512
84083528
84491895
84494309
84522872
84555698
84673753
84717707
84741990
84745635
84783886
84786491
84793771
84979448
85035925
85317414
85986458
86533125
88149737
88157538
88216835
88281439
88449009
88462177
88475697
88511809
88572317
88648901
88676251
88714883
88750794
89006109
90299887
90470301
90647264
90875206
90889336
93609514
93853752
94254715
95183843
95843018
96652058
97360708
97717715
97764596
98236178
100134178
100836843
101572964
102685097
104967513
105525977
106234266
106637829
106717140
109018627
109255150
110313672
112204833
112552324
112913030
113718400
113753651
114303868
115151159
116031104
116907069
117099738
117927462
118902775
119362049
120729000
121220340
122589657
123288794
129014545
130556601
130697841
131212207
131655547
132003870
132263468
132909167
133642963
134681653
135801397
136185426
136518476
136560552
136891502
137020164
137860665
138440037
138620923
138720528
138928779
139057806
139303972
139734602
139773769
140061440
140223943
140254070
140710311
140969769
141012036
141147202
141381613
141489038
141557042
141849654
142412554
142704784
143461140
143533577
143586289
143947485
143989259
144187033
144331152
144673838
145146075
145186567
145186991
145253130
145317410
145738990
145994938
146167687
146410537
146785702
146878618
146891945
148347534
148872815
148890907
149069305
149074694
149277530
149333845
149570667
149754964
150616820
151455360
152228755
152331132
152565866
152700927
152738463
153123328
153135232
153285899
153360071
153474780
153483749
153661889
153966119
154032414
154289814
154353015
154589398
154831510
