187743030
187769714
187777334
187824189
187831587
187930142
187991706
188074650
188110293
188126146
188134782
188261579
188435131
188471692
188486839
188580883
188662436
188674755
188786733
188798639
188801943
188802716
188832848
188884881
188982483
189167233
189263873
189450873
189596728
189598094
189665831
189842005
189857667
189881323
189918713
189938154
190138812
190152058
190175490
190211414
190309807
190321371
190753897
190868547
190913865
190976728
190979492
191013151
191048614
191111453
191135320
191192095
191217539
191290331
191332492
191339301
191398359
191511327
191512550
191660100
191684069
191852164
192019985
192073502
192084163
192185806
192192258
192201534
192477351
192538834
192577250
192659539
192663749
192781583
193014224
193139916
193156887
193186703
193291405
193394913
193399781
193488362
193626957
193687977
193718529
193785957
193811991
193852634
193901241
193918224
194003539
194028210
194079485
194211645
194261863
194367986
194384813
194443471
194507466
194553733
194630349
194652247
194705390
194817216
195104520
195127128
195244097
195290319
195320759
195471439
195497461
195520546
195533291
195536077
195555871
195641778
195656314
195867314
195884113
195904482
196007897
196071377
196082241
196118193
196396076
196439697
196468780
196532367
196539372
196617759
196714902
196718986
196783364
196864783
196929791
196938414
196975555
196977834
197076214
197108453
197117397
197123284
197138613
197155776
197186012
197228321
197275560
197288920
197387265
197413964
197481495
197542270
197902174
197942121
198041362
198084037
198375024
198481517
198499744
198515491
198527671
198579852
198690254
198776808
198778790
198949920
198951746
198964247
199146827
199200127
199340395
199353450
199435750
199512440
199649455
199753464
199779888
199813835
199962735
199984088
200008130
200228923
200346955
200386802
200394860
200434000
200434263
200591142
200728322
200763877
200764350
200872666
200886504
200919309
200920646
201149998
201229350
201270116
201296869
201379501
201387047
201461117
201483891
201552713
201574231
201635972
201642101
201924916
202107073
202424381
202436630
202474601
202474911
202557496
202642381
202662821
202841612
202852502
202855679
202874537
202912261
202919208
202981022
202987572
203155131
203340724
203354441
203910406
203940251
203975197
204050025
204072023
204097318
204175205
204203977
204209546
204306820
204443626
204451993
204563165
204631076
204655176
204704857
204802901
204843039
205268770
205413752
205502101
205609610
205654436
205778617
206197799
206395074
206813447
206835749
206962460
207058754
207145432
207163813
207364150
207379143
207390038
207470434
207538040
207566269
207586360
207637336
207641468
207644227
207724343
207744505
207811811
207848411
207867553
208106312
208134533
208138112
208306655
208408136
208693567
208840253
208885250
209001882
209163487
209170913
209258135
209367161
209456165
209497055
209623778
209661992
209695552
209931800
210001799
210008284
210058175
210142585
