84979448
85053786
85924571
86028601
86121099
86408506
87511012
87774869
88005924
88439036
88520660
88584749
88758008
88957378
89029538
89270424
89457951
89571303
89779130
89834463
89886939
89923859
90344483
90470301
91314145
92013792
92635129
92948512
93340761
93486830
93609514
94690329
94760728
94806272
94943102
95238460
95835480
96722185
97510785
97694342
97909798
97934479
98743435
98977618
99471540
100328013
100617760
100904814
100944499
100979355
101152155
101156899
101394012
101453280
102549493
102685097
102740930
103396462
103507144
103554067
104193892
104283696
104284694
104383266
105197643
105198993
105244079
105866535
105950737
105998642
106236449
106640794
107695030
108191452
109255150
109263376
109281440
109830574
109909045
109925941
110035948
110382793
110448621
110576881
110698000
110797008
111667533
112083042
112175344
112183736
112231768
112325430
112441216
112513902
112596953
112638080
112665605
112678232
112693406
112745251
113312995
113469637
113678778
113867020
114303868
114326934
114408504
115087076
115111330
115220588
115358505
115491404
115522833
115540963
115573000
115628902
115690879
115887767
115913694
116160333
116236184
116358934
116405007
116653618
116661069
116741745
116877609
117050391
117065516
117444821
117452283
117516334
117570729
117586079
117608910
117868810
117893810
118473307
118520726
118582659
118750737
118784762
118904045
118920200
118929795
118956269
119384989
119656474
119712124
119733885
119798224
