174544554
174605300
174610195
174688602
174789869
174832878
174869964
174893259
174902831
175110741
175138442
175199076
175239410
175303882
175390342
175393194
175534035
175594053
175764787
175839073
175880421
175899550
175960523
176056236
176077486
176106196
176175149
176175722
176233627
176268548
176298513
176326318
176412758
176689692
176720005
176740756
176785109
176790324
176845948
176859635
177088628
177190072
177278270
177280359
177285224
177342443
177386749
177397300
177438128
177524074
177652567
177692515
177788098
178003982
178006654
178145930
178186841
178189578
178206924
178289335
178321114
178404235
178530753
178613190
178625470
178733699
178752459
178796505
178870871
178902077
178929697
178940224
178983337
179012414
179038877
179111385
179134504
179191283
179301532
179308601
179427497
179608183
179633184
179670891
179884234
179963149
180115619
180148941
180228639
180397952
180406024
180417655
180793097
181005070
181033884
181074499
181297454
181302710
181506393
181571983
181590912
181711958
181830451
181904738
182083415
182260888
182353773
182432456
182469249
182480769
182560104
182613590
182664231
182732438
182760190
182787304
182799109
182932462
183000944
183194810
183204036
183300086
183395959
183406679
183555319
183560520
183627352
183997204
184085940
184228165
184332399
184428665
184457003
184706690
184792983
184846282
184874704
184901845
184970318
185072231
185326004
185342298
185414203
185428914
185572237
185586790
185623965
185785589
185833513
185981020
186045104
186110170
186146948
186212863
186229182
186356070
186431591
186451854
186511375
186526361
186573728
186754556
186758022
186889827
187011391
187027104
187132665
187171351
187223013
187266133
187299915
187332737
187350368
187378338
187487644
187524659
187532876
187533084
187596190
187604573
187616313
187690385
187785364
187811617
187824189
187853487
187991706
188074650
188126146
188161762
188435131
188471692
188486839
188498624
188636335
188786733
188798639
188807055
188839368
188855345
188996428
189027020
189033580
189051475
189098870
189263873
189265710
189313346
189450873
189584001
189665831
189694004
189749951
189830551
189848613
189918713
190065099
190138812
190152058
190211414
190309807
190321371
190417082
190446417
190494215
190752487
190753897
190868547
190908596
190976728
190979492
191024345
191046474
191048614
191111453
191192095
191200628
191217539
191233153
191268334
191325764
191332492
191339301
191345871
191358383
191645133
191677963
191851298
191852164
191877218
191943152
192017234
192084716
192185806
192192258
192201534
192538834
192577250
192606563
192781583
192807252
192963024
192971185
193004833
193131090
193141886
193143504
193156887
193173356
193291405
193394913
193525216
193574286
193602632
193687977
193811866
193811991
193816585
193827889
193852634
193901241
193917361
194029857
194079485
194102387
194125567
194174888
194261863
194287945
194304787
194309119
194337494
194360053
194367986
194386212
194417857
194443471
194507466
194553733
194576850
194589785
194630349
194647810
194668277
194689840
194701453
194705390
194722892
194744781
194755759
194782563
194808524
195093899
195104520
195144429
195290319
195489373
195497461
195504451
195505878
195520546
195555871
195688989
195826900
195904482
195943730
196028996
196071377
196082241
196086670
196310630
196396076
196526676
196539372
196698855
196718986
196783364
196811400
196929791
196938414
196948826
196977834
196995944
196997135
197076214
197097920
197100911
197108453
197138613
197155776
197228321
197246960
197288920
197413964
197481495
197630857
197661893
197664676
197792277
197830402
197902174
197974643
198028629
198065790
198084037
198277593
198306673
198375024
198385671
198407112
198451620
198499744
198515491
198579852
198690254
198776808
198778790
198813519
198825495
198877305
