185632819
185833513
185923238
185981020
186020077
186110170
186146948
186267518
186386067
186511375
186526361
186528354
186549514
186566420
186570428
186754556
186758022
186814116
186927037
187011391
187171351
187223013
187229843
187251146
187299915
187395890
187506283
187532876
187690385
187743030
187769714
187824189
187831587
187843868
187875000
187926278
187930142
187991706
188074650
188110293
188126146
188161762
188261579
188276722
188299026
188435131
188471692
188486839
188496721
188580883
188601037
188674755
188786733
188798639
188801943
188802716
188827514
188832848
188982483
189051475
189098870
189167233
189188752
189313346
189450873
189463617
189515972
189584001
189596728
189665831
189694004
189830551
189848613
189850968
189857667
189938154
190211414
190463107
190573549
190624229
190637596
190681324
190712674
190752487
190753897
190855320
190868547
190887851
190913865
190976728
190979492
191024345
191070356
191135320
191217539
191233153
191325764
191338313
191398359
191508217
191684069
191851298
191852164
191877218
192073502
192192258
192201534
192477351
192577250
192601557
192933591
192979936
193004833
193022252
193045917
193045992
193141886
193156887
193173356
193365658
193394913
193452390
193488362
193811866
193816585
193901241
194079485
194261863
194309119
194337494
194429542
194652247
194690239
194728448
194754854
195036824
195104520
195111383
195127128
195405066
195504451
195555871
195656314
195911544
196007897
196028996
196082457
196578403
196609566
196698855
196718986
196783364
196929791
196948826
196975555
197085219
197108453
197186012
197266181
197387265
197481495
197602335
197660963
197661893
197902174
198063266
198084037
198499744
198501665
198515491
198527671
198778790
198806396
198949920
198951746
198964247
199165988
199288956
199435750
199512440
199605510
199729787
199753464
199762729
200529062
200686916
200728322
200786373
200920646
200945052
201090434
201229350
201270116
201296869
201332185
201387047
201461117
201476153
201577856
201598808
201615261
201635972
201834941
202055331
202107073
202424381
202628158
202662821
202855679
202912261
203155131
203292794
203495269
203910406
203940251
203945627
203975197
204184474
204250938
204306820
204451993
204563165
204631076
204885562
205097633
205161019
205268770
205421442
205515685
205643260
206376864
206610242
206962460
207470434
207566269
207640034
207644227
207748670
208134533
208138112
208306655
208475650
208693567
208840253
208885250
209163487
209168226
209900864
209923875
209937501
210053596
210211009
210559613
210934818
211160164
211466237
211716701
212385056
212893633
213224864
213272895
214012738
