29602405
29628802
29842284
30019686
30237899
30501881
30533706
30574975
30690880
30926652
30993188
31046519
31162113
31199773
31217782
31358469
31575208
31721097
32028385
32329827
32345856
32437511
32589731
32721611
32819460
33125636
33399823
33629209
33679918
33718208
33914076
34107072
34120749
34235597
34516257
34783395
35285103
35390579
35522976
35719832
35783455
35784935
35923523
35931534
36168278
36314833
36360991
36413097
36474926
36765563
36815945
36835736
37262757
37647503
37675368
38023275
38345914
38450119
38504464
38624400
38652809
38803792
38878888
39074499
39196668
39337713
39436448
39503141
39930615
40208093
40237895
40250869
40383947
40407713
40581630
40628616
40797821
40846864
41125417
41515777
41668169
41920783
42335136
42463127
42676003
42714022
42746251
42852682
43619843
43667161
43709847
44066205
44620448
44717065
44717635
45018712
45076740
45087786
45165311
45184972
45218736
45394714
45602681
46055862
46258019
46328261
46363036
46573575
46691964
46824171
47320052
47509420
47711263
47805046
47858555
47939289
48106721
48182506
48215106
48276878
48517125
48567022
48607996
48766097
49315315
49331774
49401304
49460614
49919758
50189877
50461270
50549646
50557627
50782450
50935335
51177062
51363337
51375002
51473216
51713728
51816641
52578592
52644615
53021336
53174371
53494786
53516703
53921664
53966629
54934403
55058717
55087573
55328519
55812922
55923698
56182523
56247299
56336281
56379138
56548611
56772970
57091051
57137128
57267453
57306140
57316129
57409910
57894843
58104991
58180320
58435536
58556270
58680089
58704160
58823320
59277516
59279564
60215670
60392030
60711607
60960378
62619357
62750454
62821998
62903341
63167531
63275293
63298525
63556779
63937763
64104143
64120730
64174270
64296411
64677590
65440837
65533007
65659612
65965613
66037225
66067542
66394547
66868737
67208158
67235706
67679287
67882149
68228278
68659183
68677347
68754839
68862829
69109522
69840762
70256868
70303766
70380021
70386606
70688246
70696833
70895463
70910447
70951932
71021079
71187228
71562299
71656900
71691001
72468777
72664162
72701894
73739180
73770201
73950324
73969879
74016014
74091419
74202488
74209460
74411834
74427584
74470504
74656519
74997456
75294026
75495157
75552722
75980605
76055597
76056630
76080791
76250942
76497734
76532152
76663279
76780183
76884174
76939526
77165898
77374404
77403195
