209168226
208306655
207867553
207188387
205556382
204631076
203945627
197202850
195416000
194352031
193127561
192073502
192058459
191495081
190681324
188438688
187532876
186280831
185902015
184688964
183948156
181034449
180923580
180092446
177775678
177704422
177201417
177093388
174728838
174691782
173035843
172968549
172874843
172058190
171769732
170700474
170477026
169576209
169551136
169382268
168282306
168053886
167474515
165719304
164991647
164200221
163740551
162967932
162450524
162352879
162320891
162084946
161732207
161519836
161316919
160840501
160260954
159864791
159166509
159153685
159116360
159061526
158850307
158614178
158240148
158126851
157996910
156897916
156860902
156817341
156789276
156784438
156549528
156202691
156014872
155927123
155834564
155183488
154892006
154589398
154430245
154341183
154125547
153698517
153616901
153340846
153135926
153035816
153007943
152838774
152759730
152627022
152434948
152408132
152270443
151959051
151042751
150571236
150466781
150126256
150088670
150061604
149811295
149549857
149465769
148890907
148707538
148455397
148408382
148175874
147553145
147513760
147321024
147053985
146467745
146433501
146219841
146177963
145796869
145121502
145117142
144561870
143580300
143489598
143461140
143433578
143020867
142915036
142896060
142752812
142718557
142471324
142200602
141839636
141736739
141653437
141628651
141552183
141450398
141421764
141291511
141268704
140883921
140839072
140710311
140567226
140266942
140178233
140114021
140051034
140034671
138965713
138783519
138422263
138367748
137895101
137729629
137397320
137345572
136799720
136614718
136354490
136020121
135536062
135084127
134902518
134848724
134594522
134522617
134203798
134078085
134069493
134067364
133805452
133786346
133686785
133637138
133576270
133499615
133409881
133372823
133183325
133076579
133015242
132619804
132308876
132081373
131967149
131919223
131824098
131768798
131531646
131218233
131192401
131074503
131030378
130993749
130656546
130396829
130280504
130243773
129965031
129577842
129406412
129366006
129078243
128722783
128374716
127887350
127795508
127291153
126875227
126783497
126693215
126545730
126356673
126140725
126135123
126071843
126002939
125951152
125548845
125351254
125273130
125264778
125179255
125051116
124910433
124814622
124555687
124105020
124020899
123750323
123688037
123449958
123354812
123263368
123076872
122848847
122712996
122524387
122505871
122250487
122173091
122142381
122010111
121848811
121316614
121085537
121020935
121000681
120808120
120729000
120547651
120016350
119921552
119445849
119407888
119088259
118929795
118711452
118377831
118204255
118009552
117895734
117855037
117569313
117543346
117444821
117329098
117307541
117194179
117041797
116877609
116678511
116439487
116358934
116027420
115973969
115914812
115913694
115887767
115850786
115601738
115540963
115526083
115403299
115395012
115349277
115345887
115042597
114847844
114740645
114573860
114553454
114437399
114343047
114326934
114303868
114152369
113987643
113984354
113938320
113678778
113088552
113052482
113024913
112761103
112716998
112678232
112665605
112596953
112482749
112393794
112325430
112240206
112200476
112127026
112000312
111800057
111619984
111617467
111602791
111535803
111527412
111500328
111490233
111115140
111078374
110897944
110883592
110793480
110682875
110416928
110382793
110313943
110312952
110242953
110110888
109944177
109909045
109874628
109836024
109684170
109334503
109255150
109204410
109136629
109107492
108965861
108520385
108474164
108146868
107826157
107747230
107473858
107079949
106907689
106874319
106588586
106584004
106317974
106236449
106184292
105950737
105814483
105540401
105402545
105274474
105270496
105198993
105095466
105006784
104769549
104608337
104485982
104445583
104438586
104372655
104284845
104284694
104216912
104160098
104054030
103848995
103837180
103526094
103377491
103326960
103211000
102545072
102288978
102204718
102101709
101782638
101243782
100990596
100904814
100119898
100040042
99819545
99075487
98743435
98596288
98214912
97527229
97420055
96898846
96890433
96724858
96643198
95931844
95855954
95492695
95195838
94943102
94928472
94699052
94460875
94433471
94358297
94101471
94053243
93871137
93486830
92387861
92316076
92045507
91795639
91747748
91556830
91372537
91088415
91019711
91009347
90969160
90545528
90533410
90509946
90487177
90077503
89567689
89166373
88959390
88844642
88334444
87730655
87721287
87663382
87537886
87455992
87040480
87032406
86947790
86748760
86642502
85964870
85845155
85457120
85443007
85265780
84803061
84393743
84315722
83787243
83563066
83454008
83411968
83277101
83035627
82627219
82578485
82171769
82123227
81773554
81322349
81284915
81069701
81044576
81012918
80766890
80727665
80656708
80561280
80558638
80539051
80174432
79278404
79204274
78890098
78714442
78697574
78480232
78099781
77969962
