66743981
66872933
66941226
67019859
67033376
67096530
67106713
67295021
67489050
67535995
67606836
67848260
68079687
68191385
68393676
68441024
68550604
68560862
68584897
68656878
68659183
68675683
68677347
68720998
68783543
68796509
68881725
68885362
68983778
69002739
69027717
69041885
69172189
69209883
69393985
69449303
69505358
69516172
69877732
69936524
70259056
70318647
70487771
70649579
70776369
71037044
71070120
71139949
71266705
71385398
71428207
71535590
71633985
71698090
71737916
71807501
71808750
71863446
71866965
71884032
71909234
72082759
72257407
72364980
72507187
72507730
72510998
72518314
72557456
72624757
72730263
72808430
72821504
72861767
72881047
72890999
72976460
73030059
73104479
73114967
73422683
73574457
73587732
73635696
73638273
73763055
74027226
74033588
74236369
74287108
74313494
74370535
74469227
74591350
74687318
74878795
74976032
74991545
75046513
75128635
75129152
75260988
75263673
75275433
75455311
75626439
75729176
75734200
75833645
75893400
75920056
75940385
76427125
76441032
76465337
76497601
76630836
76676839
76738451
76944037
76964327
