166102099
166528880
166531747
166625257
166814079
167067183
167448435
167487360
167530673
167683590
167736468
167763306
168539536
168554697
168820695
168947314
169035042
169083536
169195780
169539177
169966062
170365602
171033007
171050850
171105270
171264372
171392026
171769651
171816658
171913591
172025599
172038863
172385527
172551423
172891469
173109951
173424533
173858954
173933370
174111976
174902831
174968928
175110741
175393194
175528163
175741601
176298513
176389760
176520951
176785109
177285224
177386749
177524074
177999704
178206924
178302968
178448261
178514789
178697616
178752459
178983337
179308601
179608183
180406024
181904738
181978974
182353773
182664231
182716333
182799109
183194810
183330990
183627352
183724455
184054160
184217201
184332399
184965077
185277164
185342298
185721167
185981020
186020077
186394377
186528354
186566420
186754556
187223013
187229843
187395890
187416435
187487644
187533084
187690385
187696257
187708002
187853487
187991706
188636335
188679067
188807055
188832848
188996428
189265710
189450873
189665831
189749951
189918713
190138812
190152058
190979492
191033485
191111453
191192095
191200628
191325764
191339301
191511327
191677963
191877218
192017234
192201534
192269362
192440019
192601557
192606563
192781583
192913300
192963024
192979936
193394913
193827889
193918224
194079485
194096094
194159119
194304787
194367986
194576850
194661776
194702373
194705390
194722892
194782563
195005993
195044963
195098611
195288553
195795072
195826900
196086670
196396076
196718986
196938414
197138613
197207145
197413964
197630857
197902174
197916123
197929643
198407112
199353450
199557906
199658797
199729787
199762729
199779888
199962735
199983345
200010834
200502609
200544567
200644529
200728322
200736777
200919309
201123906
201147752
201296869
201379501
201483891
202064779
202143566
202154964
202402996
202457491
202474601
202557496
202812941
202841612
202981022
203272199
203354441
203940251
204123817
204203977
204273546
204280265
204662080
204704857
204974347
205029781
205361643
205421442
205688488
206075297
206126856
206153095
206582011
206744384
206813447
207135894
207221051
207302377
207310569
207379143
207390038
207427126
207555239
207637336
207701690
207724343
207744505
208408136
208693567
209258135
209332760
209623778
209656935
209661992
209900864
209931800
209937501
210008284
210053596
210534504
210720539
210797915
210838871
210873629
210922729
210938471
211125891
211601189
211632441
211867625
212178983
212341886
212519233
212738683
213003096
213089920
213124896
213189413
213224864
213272895
213368546
