124909764
124993486
124999383
125125896
125980641
126219561
126245214
126360808
126430719
126566611
126635179
126981652
127752899
127826229
127957648
128118075
128377682
128562381
128643442
128917311
129570169
129917766
130318252
130344080
130363884
130419153
130652575
130697841
130811953
130968659
131052813
131310783
131415661
131427124
131650342
131966974
132208153
132317017
132619804
132827239
133050162
134153618
134156214
134260386
134810401
134884779
135169878
135265469
135628277
135944881
135977192
136041418
136493092
136644356
136711317
136740309
137540177
139051184
139648490
139960440
140086662
140380273
140515174
140561810
140604856
141050373
141337288
141363141
141445178
141739308
141839636
143480291
