153421982
154408150
154508874
154932767
155198561
155245999
155400722
155728253
155942737
156051042
156107954
156355812
156704534
156748297
157383699
157398382
157428444
158049048
158137524
158221351
158240148
158298942
158458783
159032577
159106242
159374003
159539598
159668766
159974765
160293070
160381875
162388767
162405745
162441295
162442456
162528294
162608977
163249167
163297319
163374796
163703868
163793296
164061732
164167652
164204314
164803825
164849052
164867017
165274994
165338533
165413619
166652205
167379148
167448435
167987026
168096378
168204274
168214492
168296820
168326353
168515282
168554697
168691725
168816551
168867291
168894095
169035042
169040515
169041176
169131058
169148266
169195780
169578353
169581353
169629680
169641455
169653390
169890521
169897982
170109524
170250672
170284630
170365602
170651728
170693954
170696228
170787090
170934024
171077545
171087987
171216491
171224378
171264372
171281258
171298768
171401104
171430642
171610032
171769651
171816658
171841227
171849173
172000332
172038863
172234894
172392363
172828239
172891469
173157708
173553645
173866924
173907929
173999774
174068922
174070841
174111976
174304501
174498579
174544554
174602228
174609764
174789869
174832878
174902831
174997994
175110741
175113384
175138442
175199076
175239410
175342801
175393194
175528163
175603861
175688253
175805504
176056236
176069039
176077486
176233627
176520951
176740756
176790324
176859635
177095149
177342443
177386749
177524074
177543543
177571892
177964683
178003982
178006654
178141005
178186841
178189578
178229589
178257553
178302968
178399270
178404235
178514789
178613190
178697616
178707429
178709141
178728799
178733699
178983337
179093117
179134504
179191283
179427497
179521240
179608183
179827445
180148941
180349852
180461891
180599139
180767272
181103169
181297454
181371018
181506393
181590912
181904738
182149264
182344138
182353773
182469249
182488135
182530893
182560104
182613590
182716333
182767752
182787304
182799109
182805998
182826252
182932462
182990925
183194810
183204036
183300086
183330990
183406679
183627352
183658478
183843263
183997204
184053948
184228165
184378283
184428665
184706690
184792983
184901845
184965077
185277753
185342298
185464432
185872270
185894142
185981020
185997444
186020077
186045104
186212863
186229182
186261293
186356070
186511375
186754556
187171351
187251146
187354614
187365109
187378338
187395890
187487644
187506283
187532876
187533084
187616313
187696257
187769714
187777334
187823275
187831587
187843868
187905736
187991706
188110293
188134782
188261579
188276722
188299026
188435131
188486839
188580883
188601037
188602120
188801943
188827514
188832848
188839368
