115216137
235399490
26071466
94586619
28044550
41469607
7599298
13294661
187632098
181781835
104418609
74194368
22872982
24766914
27831953
141695612
93116738
231577982
163585750
21393353
190251047
118809050
185461372
16052248
28216829
81103638
12342202
231401697
117358236
137515029
15865234
169139804
82450471
35962639
223123979
160162605
31099109
202122841
32219995
33373883
70789411
240231234
214180340
127841225
107574669
126439629
233664423
76738867
22383921
5818011
45516297
48416450
153101055
97802659
12401341
89680206
57463429
44947150
84852554
