159116360
159061526
158850307
158614178
158240148
158126851
157996910
156897916
156860902
156817341
156789276
156784438
156549528
156202691
156014872
155927123
155834564
155183488
154892006
154589398
154430245
154341183
154125547
153698517
153616901
153340846
153135926
153035816
153007943
152838774
152759730
152627022
152434948
152408132
152270443
151959051
151042751
150571236
150466781
150126256
150088670
150061604
149811295
149549857
149465769
148890907
148707538
148455397
148408382
148175874
147553145
147513760
147321024
147053985
146467745
146433501
146219841
146177963
