23367693
23388942
23443372
23522771
23561746
23849191
23916332
23924234
24065474
24092379
24188518
24233445
24497708
24498840
24587155
24677307
24771929
24842486
24894613
25021870
25186682
25190322
25361678
25412647
25445798
25467633
25471833
25709500
25728779
25784046
25859019
25952907
26281369
26311917
26486451
26562039
26618863
26619882
26670320
26716388
26717286
26935414
27283349
27354188
27364872
27499803
27515485
27528592
27536792
27551788
27572578
27597826
27608538
27638917
27660629
27933603
28197489
28203484
28319571
28522482
28584208
28585842
28670016
28708857
28727621
28962284
29008081
29020484
29130944
29244332
29362295
29385405
29626915
29729912
29842749
29878195
29885284
29991172
30338544
30371752
30380392
30393019
30438807
30732263
30736979
30768678
30836937
30859094
31060955
31128237
31235643
31250102
31265383
31488962
31538251
31790843
31995506
32049194
32421604
32434239
32831205
33059577
33087581
33148631
33307529
33333211
33371711
33701678
33920149
33956099
33961263
