40123026
40163380
40224758
40715951
40897490
40977494
40979810
40985024
41013822
41092623
41106529
41197034
41866051
41891111
42001197
42275437
42312475
43301997
43384983
43618690
43619055
44108744
44172431
44332647
44341608
44797974
44899513
45232301
45239794
45382641
45437997
45443373
45724595
45802588
45940381
46181731
46453364
46457688
46616576
46914982
46932121
47058295
47073010
47428478
47558782
47622523
48011989
48475771
49069422
49081496
49483649
49521144
49695540
49919758
49939963
50491697
50525601
50740163
50879505
50972752
50978700
50995844
51406583
51658526
51687226
52088118
52348043
52426882
52637963
52886954
53101821
53117745
53174371
53298705
53460686
53691616
53786455
54101281
54122491
54665102
54863943
54950968
55124083
55326382
55626508
56452160
56536713
56819526
57024041
57091051
57124660
57148765
57219892
57562425
57659328
57865979
58018125
58177286
58218257
