3253771
3357396
4323069
5097789
5213485
5243049
5276393
5446068
5545745
5763468
6431052
6483373
6785767
6830090
6868121
6894212
7074147
7403959
8149577
8185287
8260897
8326595
8972323
10591542
10935961
11456786
11660459
11834348
11951436
12025580
12050256
12061041
12203024
12396497
12436102
12443358
12468436
12609361
12666233
12671586
12685050
12761156
12763451
12881208
12901911
13011836
13031162
13079268
13668347
14014237
14114109
14131438
14151996
14892883
14904045
14928313
14972111
15304980
15462263
15577227
15786935
15791795
15847317
15870843
15882996
16037882
16087361
16152207
16330129
16497655
16547609
16561889
16645230
16745434
16996287
17147528
17162311
17555061
18635841
18847850
18879026
18886515
19184501
19485767
20108130
20214962
20399029
20470919
20519244
20528133
20590317
20599424
20644470
20710797
20738906
20897446
21159524
21241666
21336429
21659773
21755422
21997109
22119212
22129129
22137040
22261548
22265659
22342575
22344519
22379470
22471506
22973426
23017517
23125046
23182443
23196757
23252707
23487786
23524394
23812103
23917391
24071092
24150568
24513919
24537988
