24972897
24993611
25029277
25158163
25240566
25288378
25319880
25536444
25726668
25728779
25754138
25799146
25826122
25845355
25885182
26078193
26124558
26300620
26361162
26426518
26507074
26624129
26692322
26703831
26712198
27008164
27047086
27132469
27323796
27601508
27605765
27608538
27633619
27970983
27993458
28010494
28106900
28121005
28147770
28262563
28299558
28715389
28841475
28931728
28967977
29029202
29069923
29111780
29266544
29383774
29432279
29822628
29834137
29872853
29976730
29976949
30021410
30068619
30117687
30145516
30497267
30501335
30700488
30945328
31283555
31404061
31428313
31650265
31735201
31788954
31824194
31896257
31911562
32038823
32131405
32468083
32486722
32488772
32811642
32867726
33063489
33133247
33178431
33180522
33342718
33408348
33534081
33599805
33616146
33980567
34015886
34746205
34760493
34998339
35036622
35213976
35517250
35852914
35887633
36203298
36804113
36864554
