71535590
71633985
71698090
71737916
71807501
71808750
71863446
71866965
71884032
71909234
72082759
72129296
72257407
72364980
72390446
72507187
72507730
72510998
72518314
72557456
72624757
72669518
72730263
72808430
72821504
72861767
72881047
72890999
72943992
72967817
72976460
73030059
73104479
73114967
73334807
73422683
73527717
73574457
73587732
73635696
73638273
73763055
73916732
74027226
74033588
74130225
74236369
74287108
74313494
74338525
74370535
74449079
74469227
74591350
74687318
74878795
74976032
74991545
75046513
75128635
75129152
75260988
75263673
75275433
75357173
75455311
75502065
75604650
75626439
75702737
75729176
75734200
75833645
75893400
75913447
75920056
75940385
76001275
76427125
76441032
76465337
76497601
76630836
76676839
76738451
76944037
76964327
76998525
77165898
77193138
77394725
77413199
77505129
77582775
77618031
77621852
77732453
77767520
77793095
77827779
78054279
78077564
78080497
78096243
78124914
78249471
78394138
78399100
78442261
78451448
78483165
78548858
78697574
78870150
78888195
78890098
78895160
78919956
78974384
79044351
79084243
79173182
79183986
79301387
79342114
79392523
79605196
79700735
