16136896
16147144
16168669
16182300
16190694
16211007
16236395
16249108
16251037
16254434
16260082
16290470
16297730
16303138
16303777
16331206
16347433
16355487
16358722
16381755
16383226
16390300
16411101
16412281
16413420
16419926
16425363
16433302
16450559
16488702
16491004
16517819
16526732
16545382
16550149
16550567
16565286
16570592
16575835
16589467
16592416
16595651
16605140
16605182
16608976
16624899
16632781
16632987
16634396
16641500
16658003
16660493
16665148
16685130
16685207
16687103
16720355
16727117
16743040
16749698
16780986
16789711
16828293
16855231
16874487
16877436
16913303
16920618
16926546
16935805
16946093
16946888
16949738
16953304
16978556
16985419
17002471
17004305
17013434
17015052
17021598
17023689
17026274
17031547
17037463
17037873
17057920
17059622
17090592
17095822
17098116
17133494
17133997
17144008
17177067
17187182
17200131
17209033
17221774
17225496
17235058
17255541
17259165
17275479
17275809
17280983
17311801
17312129
17321570
17324272
17339097
17366852
17373037
17385671
17395152
17409454
17413396
17416122
17458644
17472257
17487551
17489613
17490461
17530286
17530561
17531564
17548077
17573154
17592134
17597749
17607360
17616441
17620943
17625646
17628454
17630712
17630913
17640633
17654711
17678154
17702602
17703248
17715381
17722193
17724814
17734313
17761580
17769041
17787862
