20048439
19686469
18791932
18646872
18554109
17597749
16978556
16754888
16582893
16042127
15846608
15319919
12876903
12269696
12168334
12058880
11682263
11378833
7961978
7663108
5733728
5582285
5171563
4660108
3679377
222718181
216627838
215513251
213975868
213721692
213715560
211222473
209205211
207514141
206540507
205975328
205882924
202730801
202659086
202099075
196666262
193867037
193160933
192354824
189438504
173982382
166201523
164586446
164526077
159521585
152850101
139482375
123991021
114104987
95410553
