19748960
19773371
19773991
19796021
19817184
19821027
19846520
19847526
19906909
19949264
19954435
19965555
20034755
20080720
20095198
20162972
20233883
20320449
20323764
20325999
20327883
20366085
20426361
20484367
20513367
20531522
20532027
20542022
20545630
20602694
20622618
20632212
20680095
20714285
20854846
20887260
20967790
20987857
21065532
21149273
21151335
21177913
21182525
21218338
21225112
21348126
21474953
21538351
21565111
21583504
21620481
21663585
21703342
21788719
21792497
21845256
21861235
21876109
21927855
21960028
21978854
22028279
22091453
22130493
22132510
22154421
22161099
22224697
22253393
22254416
22383573
22388038
22416202
22482467
22511998
22613847
22617284
22655693
22696061
22711695
22766370
22877404
22918689
22928745
23022262
23113741
23122210
23150796
23223435
23225940
23394423
23400415
23408475
23487222
23639227
23719377
23721253
23727749
23818353
23828432
23964657
23978588
24025221
24138040
24191153
24220954
24281414
24289250
24333024
24374580
24391629
24392193
24400718
24403358
24425921
24426635
24432731
24464789
24557516
24829869
24851982
24952515
25011572
25029321
25046607
25096612
25172415
25314467
25341338
25452092
25512068
25570146
25579663
25591811
