115540963
115628902
115690951
115721535
115759354
115855615
116233667
116271829
116741745
116860026
116907069
117034876
117452283
117486239
117516334
117608910
117756152
117868810
117948740
118288673
118473416
118750737
118904045
118929795
118956269
119927083
120886804
121085537
121350329
121367831
121869134
122022631
122148490
122155177
122176715
122178296
122686221
124049142
124091112
124136558
124230642
124292493
124427704
124999383
125264778
125951152
125985625
126163708
126206676
126274418
126289741
126360808
126546057
126559616
126565861
126677124
126724674
126773303
126851980
126970577
127010578
127020467
127095464
127222061
127448415
127709512
127851944
128180286
128396517
128765713
129019289
129048459
129352043
129385819
129452984
129482222
129793688
130259556
130324413
130524784
130733357
130757102
131212207
131340844
131558399
131720560
131814936
131941405
132003199
132010509
132043927
132302778
132432610
132619804
132901458
133423971
133637138
133693589
133814192
133814466
134081630
134314381
134419226
134580006
134801711
134810401
135081201
135517968
135801397
136054646
136185426
136198650
136560552
137008341
137342961
137502775
137552957
137644915
137848229
