170229923
170248223
170250672
170284630
170305870
170312623
170314505
170365602
170432219
170569268
170577124
170614014
170667568
170696228
170741413
170787090
170804490
170888490
170934024
170961902
170971446
171077545
171106906
171127043
171152189
171216491
171264372
171281258
171298768
171375368
171392026
171401104
171430642
171606194
171715956
171769651
171816658
171841227
171849173
171852637
172000332
172038863
172063038
172142957
172184653
172210875
172234894
172261983
172366634
172385398
172551423
172726898
172828239
172851944
172891469
172983192
173109951
173112249
173123052
173157708
173170558
173242846
173256753
173266140
173385736
173463405
173528833
173545730
173553645
173677043
173708945
173783630
173858954
173866924
173907929
173997023
173999774
174025957
174027642
174068922
174070841
174111976
174114848
174145091
174224529
174241833
174287415
174289962
174304501
174306058
174311297
174380467
174426393
174490217
174498579
174544554
174553663
174570177
174602228
174605300
174610195
174701958
174789869
174832297
174832878
174869964
174902831
174974993
175021150
175024686
175110741
175113384
175138442
175204001
175239410
175393194
175528163
175534035
175603861
175635641
175645936
175658936
175688253
175741601
175764787
175823344
175899550
175937729
175960523
176056236
176069039
176077486
176175722
176295662
176298513
176301064
176313126
176412758
176438880
176610956
176689692
176720005
176785109
176842396
176845948
176859635
177057376
177088628
177190072
177278270
177291722
177342443
177386749
177524074
177543543
177659461
177747516
177771687
177817270
177969693
177999704
178003982
178006654
178013255
178059658
178102915
178141005
178145930
178189578
178193174
178206924
178257553
178289335
178302968
178399270
178404235
178514789
178531030
178541095
178625470
178697616
178707429
178733699
178752459
178847824
178929697
178940224
178983337
178984266
179012414
179134504
179155410
179191283
179294423
179301532
179308601
179427497
179504098
179521240
179567806
179571176
179608183
179711811
179827445
180033840
180115619
180148941
180228639
180297732
180349852
180397952
180406024
180456676
180599139
180759471
180767272
180793097
181033884
181103169
181119469
181243279
181280674
181297454
181302710
181520537
181571983
181590912
181708109
181711958
181720885
181748365
181768781
181830451
181922157
182020655
182149264
182344138
182353773
182377561
182432456
182469249
182480769
182488135
182560104
182613590
182664231
182716333
182732438
182756527
182767752
182778196
182799109
182805998
182826252
182932462
183112392
183194810
183204036
183244363
183300086
183395959
183406679
183468127
183555319
183560520
183627352
183724455
183771517
183811858
183824839
183926800
183997204
184017369
184228165
184332399
184378283
184457003
184570757
184706690
184810559
184901845
184970318
185062547
185277753
185342298
185414203
185428914
185623965
185833513
185872270
185981020
185997444
