136007364
137020164
140892600
141381613
143209661
143290534
143352612
143707937
145261770
146931511
147557057
156032603
156940896
157870759
159454793
161554759
164214676
166107004
169373960
169629680
170787090
171769651
172828239
173056914
173463405
173553645
173890091
174068922
174832878
176740756
176785109
178006654
178206924
178257553
178847824
181297454
181302710
182353773
182599948
182613590
182716333
183395959
184901845
185428914
187354614
187365109
187411447
188276722
188458307
188471692
188486839
188801943
188832848
189188752
190696861
191290331
192204364
192663749
192913300
193156887
193173356
193207012
193811866
194261863
194507466
195093899
195104520
196714902
196718986
196783364
197481495
197902174
198084037
198499744
198515491
199984088
200079624
200434263
201296869
201815397
202742299
202912261
202981022
204843039
206962460
207399773
207566269
208840253
210934818
210936735
213368546
