135287333
135859179
135934781
135991227
136001683
136006330
136008362
136032960
136065414
136070422
136189059
136243364
136465178
136644356
137069813
137243600
137540177
137544295
137570360
137701280
137801162
137842763
138977019
138997631
139011938
139030720
139213063
139301504
139304692
139478853
139499463
139523331
140264916
140511687
140710311
143513331
144157770
144187033
144262363
144419192
144496424
144524730
144638120
144662709
144662992
144706358
144721285
144865761
144894736
144993184
145040755
145093172
145149528
145246133
145455983
145471078
145476455
145505440
146030897
146278613
146309049
146328960
146330151
146349313
146385663
146402432
146525361
146552165
146585102
146736412
147120926
147538179
147825417
147831639
147865392
147900897
147910935
147975457
148018769
148138494
148169441
148173338
148455397
148814343
148890907
150160029
151689044
151787984
152613875
152700927
155869770
