35502403
150088402
136679469
122964095
228432865
79392014
179229298
4701265
7760057
122634438
12709673
8044955
10208116
82213762
115429465
142645026
149252111
61645597
120887033
20589388
182022222
22193057
166386014
13689190
35461380
15864656
108587094
131149062
124830113
38681872
91393344
79323948
125355313
13411362
130462166
101378750
223397475
212110669
6652370
212434011
139145879
146241032
95396569
208089733
88806509
56611142
209152060
5051787
117866334
135112929
18586908
231158205
86824354
227774493
