19272355
19313027
19353153
19387290
19514928
19533721
19627750
19658014
19667373
19761966
19846520
19961591
20002273
20170252
20212508
20374094
20599424
21144561
21163325
21189259
21217202
21293484
21394074
21491955
21628563
21724152
21725423
21742544
21742670
21942972
22253393
22339072
22600074
22842772
22869434
23071849
23100641
23380220
23400415
23512428
23545975
23567629
23639227
23753037
23964657
24056732
24188518
24205765
24397427
24658056
24664647
24715155
24986640
24991190
24996381
25025786
25034837
25193741
25401843
25454467
25571415
25600815
25725555
25756484
25835739
25857050
26175753
26190381
26262598
26323253
26363639
26423151
26603520
