3204498
3209190
3222839
3234284
3965192
4177456
4203738
4510196
4620883
4625463
4779212
4870744
4950701
4969036
5173429
5178737
5186763
5210669
5223124
5382094
5401393
5600243
5735183
5735655
5819346
5898162
5992075
6073376
6100674
6476930
6579337
6703327
6757574
6840844
6854197
6890176
7013807
7050147
7104869
7401044
7716643
7934537
8034976
8164825
8177689
8253056
9198240
11134517
11238818
11487467
11575730
11664727
11814518
11965166
12042445
12085133
12191089
12237342
12255817
12340919
12356606
12367440
12396141
12438822
12467521
12577723
12578570
12661241
12692868
12765748
12823436
12853501
12874632
12890662
12894821
12920283
12981752
13172043
13178476
13229783
13249594
13756317
13820966
13977295
13980223
13996832
14471125
14585879
14689384
14787088
14846575
14960240
15026579
15086962
15099852
15120237
15173518
15186628
15193461
15203154
15268133
15279855
15283284
15423638
15435528
15509813
15509974
15590348
15721969
15742445
15759015
15794534
15858793
15869499
15952167
15962586
15972475
15984476
15988355
16049056
16083008
16095720
16111460
16127460
16145437
16157572
16168669
16204665
16209591
16299167
16316605
16341398
16497119
16508615
16526732
16571153
16714081
16716612
16798171
16844129
16981608
17133494
17172348
17238086
17572162
17788639
17856921
18137410
18213263
18216453
18322322
18537424
18593172
18639172
18954515
19065002
19215384
19229519
19498594
19667373
19769295
19769684
19791601
