224231808
214648191
213851522
213643522
213352639
213124896
210104351
209512609
208432355
208248767
207346590
207306491
205634970
204842532
204078783
203143463
202734779
202718245
202680423
200395672
200117951
199661470
199568633
198778632
198533465
198277593
197751402
196079137
196057354
195276663
195180791
194264478
193778764
192066188
190799661
190504908
189647893
189275003
189145429
188807055
188060032
187450731
186919503
186434057
185277164
185224819
184926259
184324978
184242661
184170727
183749841
183346447
182756527
181522557
181402039
179407575
179212143
178423155
177636103
177160742
174938487
174744644
173930907
173027128
172452584
172022923
169392592
168909332
168212758
167683590
167001233
165492885
164974930
164848339
164280491
163969390
163534563
163345722
162407524
161954811
161183343
159668530
159640705
159035790
158976302
158471274
158252564
158216154
158129149
157256027
155457944
150335695
148948208
147606643
147202458
