150531493
150681925
150955184
151051968
151179850
151444965
151645868
151689044
151706940
151756865
151959051
152087057
152395497
152565866
152700927
152787642
152978351
153007943
153014855
153032564
153123328
153130406
153179428
153192706
153246321
153345690
153392504
153776160
154259251
154289814
154328755
154589398
154617935
154850374
155277656
155371202
155400722
155728253
155828621
155920856
155942737
155954608
156107954
156158417
156305557
156361737
156475487
156748297
156785067
157017844
157032788
157383699
157398382
157531304
157670045
157683384
157954138
158031707
158137524
158201047
158458783
158507033
158538190
158830478
158833722
159032577
159075201
159283776
159374003
159515268
159527865
159530411
159561293
159783084
159809767
159836496
160060592
160110260
160124408
160293070
160415422
160882074
160989561
161353201
161673948
161754632
161756571
161824437
161837403
162031931
162037241
162168557
162316151
162450508
162474001
162480079
162500604
162528294
162658960
162700172
162886256
162983829
163249167
163354000
163381988
163402424
163602449
163625809
163639960
163752311
163793296
163881394
163969016
164056112
164327876
164355598
164410213
164587696
164613126
165127651
165252120
165274994
165413619
165526201
165625482
165630944
166038886
166177216
166198376
166298520
166302950
166474433
166531747
166532784
166747070
166963690
167051186
167141678
167448435
167595039
167747441
167929260
167987026
168069355
168093311
168188569
