106611623
45170834
38696100
203254224
52559022
194800463
90697665
24908030
209610006
141988043
5073414
142789568
214255498
52235227
81464659
167837968
112432496
89909635
68801521
186575762
164954687
76913516
49174085
106444691
39690091
166212515
45945614
64522759
180523869
181625653
27781232
20921006
30708610
36677361
30766188
73909194
26886117
43242880
16293269
12961511
12218524
78016302
17448899
8478562
110849819
98747290
24988965
120442207
93212084
34989556
59132823
103158558
12695103
168564189
115100101
116359033
193449970
4368562
34734483
120175969
143284501
198220929
117491898
75604088
145056860
225218682
166273354
35126493
110382071
102126771
