138814750
138855745
139003107
139030720
139536677
139659081
139889445
139922106
140178233
140196100
140294366
140366119
140465093
140567226
140710311
140754346
140946401
140969769
141147202
141156712
141167764
141291511
141450398
141789750
141999222
142200602
142412554
142683457
142704552
142856539
142905591
142915036
143357721
143377310
143533577
143700227
144069856
144318815
144356774
144380924
144547046
144561870
144839269
145132926
145186991
145253130
145345766
145392674
145994938
146400840
146473090
146625280
146661186
146928368
147053985
147120926
147322083
147513760
148173338
148354971
148455397
148525767
148615460
148745336
148890907
148967921
149074694
149512008
149549857
149570667
149587865
149800443
150061604
150229281
150461007
150955184
151581842
151645868
151689044
151997703
152087057
152395497
152565866
152700927
152978351
153007943
153123328
153130406
153246321
153392504
153776160
154259251
154589398
155277656
155400722
155728253
155828621
155920856
155954608
156107954
156158417
156748297
156785067
157017844
157032788
157383699
157398382
157407081
157670045
157683384
157817353
157954138
158031707
158137524
158201047
158507033
159160786
159374003
159515268
159530411
159561293
159725168
159783084
159809767
159836496
160124408
160989561
161673948
161824437
161837403
162037241
162316151
162528294
162658960
162886256
162983829
163249167
163402424
163625809
163752311
163793296
163881394
163969016
164355598
164410213
