21348126
21474953
21529297
21565111
21583504
21663585
21703342
21732540
21752169
21792497
21845256
21861235
21876109
21878621
21927855
21978854
22028279
22091453
22130493
22132510
22154421
22161099
22174860
22224697
22253393
22254416
22383573
22457622
22461812
22482467
22511998
22613847
22617284
22655693
22684366
22696061
22711695
22724502
22766370
22877404
22918689
22928745
23022262
23113741
23122210
23150796
23223435
23225940
23394423
23400415
23408475
23487222
23639227
23721253
23727749
23787991
23818353
23828432
23952733
23964657
23978588
24025221
24088598
24138040
24281414
24289250
24333024
24374580
24391629
24400718
24403358
24425921
24426635
24432731
24464789
24557516
24599973
24829869
24851982
24952515
25011572
25029321
25046607
25096612
25098634
25172415
25312539
25314467
25438917
25452092
25512068
25522975
25579663
25591811
25731030
25814726
25881153
25883928
25938304
25960110
25984134
26038996
26190381
26199959
26239219
26306142
26318586
26369515
26391656
