2848779
3209190
3234284
3612942
3965192
3981227
4076431
4086162
4177456
4329865
4348482
4510196
4533011
4620883
4624252
4693247
4772777
4793179
4969036
4985133
5004869
5069231
5075702
5173517
5223124
5275835
5278235
5340410
5402634
5599153
5600243
5682610
5735183
5971624
6006235
6048665
6085145
6090737
6100674
6126110
6158251
6224649
6302494
6325337
6427168
6472223
6497962
6589371
6629525
6815057
6840844
6880715
6887200
7002831
7050590
7171616
7291601
7327955
7468892
7822628
7862202
8055329
8164825
8304801
8339128
8477913
9198240
9854224
10688840
11155394
11368162
11368478
11378289
11433469
11584466
11664727
11681995
11751094
11760631
11849335
11875372
11878760
11900120
11906500
11908338
11946391
11946604
11960483
11965166
12085133
12112939
12146009
12155631
12210853
12213871
12224357
12258428
12303734
12305162
12340919
12565516
12578570
12582535
12648859
12648908
12657217
12661241
12707532
12712856
12817143
12846920
12861035
12888983
12911808
12998838
