89604230
89636831
89798239
89811808
89923859
90076322
90201096
90505544
90603463
90608761
90678206
90748036
90884495
91579707
91625718
91668907
91957217
91975648
92082765
92718147
92722842
92890237
93140678
93367300
93539592
93670732
94244064
94488087
94597855
95106655
95154052
96390019
96782183
96792153
96882887
96979076
97004891
97220288
97531962
97540409
97708474
98164570
98371855
98684909
98871100
99762235
99850172
101637269
101953376
102181994
102238184
102353887
102451777
102702556
103897436
104276877
104790137
105068648
105280240
105315104
105669388
105890608
106006858
106190900
106634172
107423959
109320697
109794311
110128563
110766891
111048187
111166668
111422727
111996248
112185822
112344699
112412224
112932771
113798017
