83227144
83285202
83290408
83356169
83563066
83647295
83787243
83806439
83815385
83816664
83897107
83922585
83950582
83978985
83979176
84010722
84027080
84071314
84101166
84454240
84543206
84687799
84715367
84793771
84820332
84898226
84914529
84971336
84979448
85034420
85146038
85686889
85924571
86068680
86109818
86121099
86181401
86458363
86668614
86812766
86835204
86955087
87219248
87235868
87241040
87376859
87683432
87747041
87761710
87774869
87917692
88005924
88041699
88103421
88262375
88539068
88558866
88592173
88758008
88846464
88905333
88957378
89031526
89083945
89243745
89287318
89321129
89400265
89411213
89457951
89567689
89571303
89779130
89834463
89886939
90049449
90113315
90400321
90470301
90493448
90509946
90633571
90889336
90913370
91184471
91495494
91559428
91717730
91747748
91820489
92013792
92037029
92256167
92316076
92372192
92372728
92414308
92444107
92571477
92577248
92605694
92709548
93119462
93325017
93368289
93609514
93662590
93808909
93885627
94053024
94297981
94420703
94545050
94680215
94690329
94752025
94772728
94943102
95106276
95495235
95501701
95584313
95670619
95835480
95988957
96042085
96122215
96890433
96961248
97316503
97357587
97487228
97501305
97510785
97761263
97763195
97909798
97934479
98560119
98637683
98743435
98931353
99192590
99239132
99271687
99380689
99839759
100396602
100402778
100890860
100906745
100944499
100979355
101016683
101115140
101152155
101156899
101336037
101513510
102126842
102549493
102685097
102801571
103074076
103108003
103396462
103396534
103507144
103554067
103745389
103767498
103824502
103861447
103930984
104193892
104283696
104284694
104346165
104370844
104769549
104802415
104803449
105117583
105285214
105587662
105632229
105866535
106199478
106236449
106717140
106951961
106960922
107304173
107489238
107607407
107659128
107695030
107807785
107882121
108191452
108298046
108595695
108876247
108974504
109133271
109255150
109830574
109832400
109874628
109909045
109925941
110130064
110346387
110382793
110448621
110576881
110698000
110793480
110856461
110998537
111574371
111584034
111628870
111667533
111795316
111947500
112175344
112231768
112298112
112325430
112435072
112441216
112513902
112596953
112665605
112678232
112708276
113289487
113440937
113472105
113540866
113678778
113718400
113867020
114303868
114326934
114337918
114825150
114949206
114986699
114988278
115111330
115184808
115220588
115358505
115361677
115491404
115522833
115540963
115573000
115602237
115690879
115721535
115759354
115887767
115913694
116236184
116358934
116405007
116661069
116741745
116860026
116877609
117065516
117070933
117452283
117516334
117608910
117724404
117788438
117893810
118050078
118059186
118184430
118310902
118473307
118484217
118520726
118750737
118794288
118920200
118929795
118956269
119258166
119526165
119539518
119733885
119798224
119865461
119927083
120007543
120102728
120119111
120125909
120294423
120671577
120729000
120793870
121145317
121263852
121350329
121351529
121414514
121418294
121418520
121657841
121790454
121793599
121869134
121901485
121995327
122109923
122148490
122176715
122197518
122373779
122398749
122414126
122686221
