12851166
12848830
12843946
12833761
12775677
12754480
12661241
12648859
12621028
12494748
12407699
12303734
12300687
12213764
12013003
11965166
11899508
11760631
11584466
11550867
11333462
11212013
10981646
10864378
10404886
9967408
9551226
9126147
8743110
8596677
8428031
8404291
8401982
8340634
8273656
8015194
7940760
7903676
7706586
7671750
7671363
7669287
7405559
7302874
7293683
7291601
7188144
7052138
6954864
6914980
6840844
6763895
6598509
6511606
6073427
5960747
5912251
5735183
5705044
5643642
5642922
5513664
5376629
5347145
5177996
4977067
4871310
4793179
4741355
4328292
4177456
3305942
211157441
210211009
210058175
206962460
204563165
202981022
202855679
202662821
201635972
200591142
200008130
199435750
198515491
197902174
196975555
196929791
194553733
194507466
193852634
192201534
192192258
191660100
191290331
191111453
190868547
190211414
190175490
189918713
189665831
189167233
188110293
187991706
186356070
185981020
185428914
185414203
185277753
182799109
182674833
182353773
182344138
181922157
181904738
181529037
181243279
178206924
178006654
177524074
177342443
176610956
176295662
175658936
175393194
174974993
174838452
174605300
174602228
174068922
173783630
173463405
173109951
172142957
171962959
171841227
171264372
171077545
170961902
170787090
169184089
169083536
168691725
168326353
166652205
166474433
166102099
165333019
165091804
164630513
164410213
163013942
161174138
159527865
159160786
157817353
157407081
155277656
154508874
154289814
152787642
151987323
150580153
150188558
149754964
149604531
149592998
149388102
149333845
148872815
148173338
146541262
146274845
146179787
146092493
143966397
143137383
143129122
142905591
142856539
142261814
141804066
140174088
139889445
138851961
138406934
137650387
137203677
137008341
136740309
136711317
136611898
135910567
134672344
134442076
134194377
134081630
133326470
133243515
131767755
131680547
131042522
130477461
130324413
129584889
128980597
127695560
127610284
127010578
125119531
124248708
124091112
124061361
122414126
122197518
121414514
120671577
119927083
118484217
117965079
117608910
115573000
113591613
112513902
112183736
111947500
111667533
109836500
107198746
106335788
105632229
104856935
104283696
101761969
101091648
95670619
94264892
93655510
92348702
88905333
88667629
87062427
83647295
81825917
80576432
79858589
77273803
75228795
75222441
72257407
69121042
68677347
68137397
65601988
62861627
56237145
51275330
49226342
48367071
46996561
46631529
45986011
45879365
45193114
44899513
44818635
42298759
32500389
30749445
29653122
29299937
27793080
27257452
26776184
26514026
26405927
25003672
22724502
22571259
22565479
21848281
21695114
21268025
20820578
20002273
19935822
19571865
18910384
18014748
17081553
16202487
14874631
13428603
13249594
