3501797
3608133
3672639
4119100
4177456
4539146
4723772
4803574
4927160
4954505
5016050
5058134
5163184
5171699
5459697
5600243
5633090
5663498
5831897
5958014
5979856
6088924
6178289
6292027
6562409
6742407
6897192
6942948
7321711
7332386
7357777
7806886
8038207
8045063
8185087
8490395
8533790
8939587
9718332
10291052
11071652
11226321
11300973
11496077
11727082
11780268
11825839
11905512
11971565
11975766
12016851
12054150
12100504
12143424
12157804
12270224
12306270
12340919
12375728
12392520
12421901
12532756
12565067
12578570
12633216
12650281
12680336
12702050
12706595
12740841
12791293
12853501
12862374
12892997
12897066
12921845
12953052
13050916
13118625
13120485
13150567
13153216
13161540
13326743
13338660
13341046
13427398
13449095
13614629
13965250
14465611
14501929
14769875
14783673
14971662
15026579
15037983
15242468
15281780
15386479
15651091
15683347
15889039
16067660
16194561
16307706
16434916
16627788
16655762
16933922
16959449
17206289
17221740
17346627
17355323
17484169
17517971
17538767
17684281
17769559
17806219
17966270
18039972
18043405
18136666
18169648
18185765
18378482
18400982
18456906
18585973
18593172
18880610
18885539
19140443
19167593
19284440
19322196
19416300
19637032
19667373
19679359
19712321
19846520
19848506
19873427
19977516
19981576
20160616
20263782
20281605
20287104
20478458
20508186
20588059
20622835
20660149
20827244
20829508
20892861
20895393
20898920
20914636
20922881
21238080
21284287
21321602
21443450
21535067
21622993
21732024
21804403
21828451
21942883
21984724
21986176
22026599
22036578
22110207
22148299
22174144
22201931
22253393
22346966
22434613
22542370
22559039
22645014
22677868
22724502
22738999
22796322
22819969
22840725
22845858
22871400
23037633
23060202
23337799
23380220
23677978
23748153
23846680
23971140
23976387
24022081
24042084
24094771
24141502
24150210
24183806
24186247
24205152
24298306
24302112
24305059
24335406
24356304
24445682
24537557
24570401
24929595
25136772
25163881
25193741
25256504
25357471
25421687
25562808
25643333
25755197
25761480
26191337
26329397
26346003
26353701
26579028
26595191
26756373
26774748
26787599
26855038
26872640
26931330
26978338
27006975
27154335
27439690
27688829
27767112
27856145
28108224
28227227
28329901
28601706
28655543
28683939
28685350
28688180
28811516
28938987
28953603
28982466
29012542
29113048
29138081
29187610
29226189
29351260
29386610
29436222
