189258131
146942048
32651902
116596456
166496277
132059425
137463245
130603929
185957642
229770814
75664467
18086067
226735041
25500737
57249114
33308269
149688316
191603261
139533146
58591094
77430927
80046635
156784438
40086736
28823803
49567105
189758305
61479739
28381357
124022849
16077811
19799401
37784928
13745339
22277166
32358197
58244786
173276528
79042826
31005752
98973484
11730503
52029821
25282612
12335794
234489058
57621003
177336820
117702993
26100933
100092841
19223524
111711408
21255320
214629521
19398345
5487544
12900552
5352113
131740858
121587111
27418463
57640655
230261689
238511556
85480539
176788318
5751618
