212893633
212385056
210053596
209937501
208475650
207470434
206376864
205515685
205421442
204184474
203495269
202855679
201229350
198063266
195555871
193901241
193811866
193045992
192979936
192577250
191508217
190211414
189850968
189313346
188802716
188674755
188126146
187926278
187831587
187824189
187171351
186549514
186511375
186386067
185632819
185464432
184846282
184457003
184040309
183204036
183194810
182432456
181922157
181119469
179963149
179571176
179377351
179093117
179019277
178983337
178819855
178695085
178625470
178531030
178141005
177771687
177300625
177291722
176326318
176298513
175764787
174585554
174553663
174380467
173407436
173256753
173123052
173112249
173056914
171715956
171329206
171224579
170696228
170314505
169663893
169653390
169581353
169543571
169403417
169035042
167448435
167121988
165625482
165413619
165338533
165203498
164878454
164355598
164220518
163969016
163752311
163374796
162877779
162752629
162700172
162332791
162168557
161690737
160087157
159725168
158538190
158458783
157817353
155400722
154353015
154328755
154239053
153340846
151959051
151581842
150395661
149277530
148553815
148236431
148230680
145173080
144432113
144331152
143441112
142945347
142718557
141839636
141147202
139580691
139417853
138928779
136891502
135265469
134554399
134268481
133802668
133727866
132308876
131878521
131767755
131249612
131192401
130757102
130697841
130258689
128276959
127478673
126546057
125714457
124165403
124061361
123925978
123731297
123403220
123383596
122148490
121085537
120729000
120596494
120023703
118712869
117452283
115111607
114303868
113678778
113540866
113289487
112596953
112513902
112298112
111795316
111628870
110998537
109874628
109255150
108298046
105587662
104769549
104548919
103396534
102801571
101513510
101336037
101129369
100979355
100944499
100906745
100396602
99271687
99192590
98931353
98560119
98204176
97316503
96913491
96604353
95670619
95584313
94680215
91351190
90470301
90225863
89766235
89704210
83603007
82091202
82058745
79830655
77508597
76385261
75872026
75263673
70994652
69161063
61899420
60121035
58744527
57069354
53691616
51455568
50927523
45893212
44637678
43702624
42685871
41882374
41403262
40224758
36783919
35954687
33433475
33084069
32414762
31096371
