157670045
157927212
157974313
158037794
158137524
158201047
158298942
158354256
158538190
158617520
158662289
158762727
158778147
159032577
159075201
159077142
159106242
159153685
159283776
159374003
159406298
159563681
159725168
159764703
159809767
159836496
159842775
160054375
160060592
160133045
160146836
160288838
160446737
160654157
160813152
160840501
160882074
160962959
161008523
161130453
161353201
161495630
161656756
161690737
161880139
162031931
162037241
162168557
162254536
162316151
162332791
162442456
162450508
162474001
162480079
162500604
162528294
162545554
162605849
162627976
163249167
163354000
163364903
163752311
163793296
164061732
164228167
164273410
164327876
164355598
164613126
164630513
164878454
165203498
165268313
165270604
165274994
165333019
165338533
165547549
165579500
165625482
165719829
165857320
166050890
166198376
166302950
166474433
166528880
166531747
166532784
166550422
166588103
166651399
166792867
166814079
166815988
166885630
167062945
167063673
167121988
167141678
167171210
167409932
167448435
167474515
167482197
167595039
167778432
167810702
167845834
167903505
167998219
168069355
168152572
168188569
168204274
168214492
168263838
168296820
168326353
168403700
168515282
168534307
168631818
168691725
168759158
169035042
169040515
169041176
169083536
169116254
169148266
169184089
169195780
169304758
169380985
169389992
169545498
169576209
169581353
169641455
169663893
169715954
169890521
169980736
170085409
170109524
170314505
170432219
170476512
170514903
170569268
170577124
170614014
170696228
170741413
170787090
170888490
170913470
170934024
170961902
171050850
171077545
171087987
171106906
171127043
171224579
171392026
171401104
171606194
171715956
171769651
171816658
171841227
171849173
171913591
171962959
172000332
172184653
172234894
172261983
172385398
172853919
172891469
172956960
173109951
173112249
173157708
173198279
173239816
173266140
173385736
173407436
173463405
173545730
173677043
173704354
173866924
173997023
173999774
174025957
174027642
174070841
174287415
174426393
174544554
174553663
174602228
174701958
174814166
174832297
174902831
174974993
175024686
175113384
175199076
175204001
175303882
175338205
175390342
175393194
175528163
175603861
175615364
175645936
175688253
175899550
175960523
176069039
176214509
176233627
176237002
176295662
176298513
176329604
176337206
176412758
176438880
176520951
176689692
176771581
176785109
177088628
177095149
177524074
177543543
177594232
177659461
177708930
177788098
177817270
177969693
178003982
178013255
178102915
178285658
178289335
178302968
178399270
178514789
178613190
178707429
178728799
178733699
178796505
178847824
178902077
178929697
178948792
178983337
179012414
179037193
179093117
179134504
179155410
179191283
179305853
179465097
179521240
179567806
179571176
179711811
179768380
180349852
180397952
180406024
180461891
180557126
180599139
180676538
180965187
181074499
181119469
181243279
181506393
181520537
181540913
181544931
181590912
181795478
181830451
181849639
181904738
181922157
