17192822
17216105
17221628
17233275
17268036
17272376
17292233
17301136
17326763
17330613
17340956
17349776
17393680
17399004
17429327
17488344
17490027
17573532
17592211
17657153
17676708
17717822
17741058
17771202
17778472
17780965
17825974
17827813
17916776
17965118
18022035
18076260
18143933
18152292
18185918
18194496
18229414
18251576
18273632
18273892
18307551
18316617
18363769
18421101
18423948
18482247
18482428
18484020
18508094
18531121
18565181
18598690
18620191
18635909
18646234
18650202
18666427
18695070
18698909
18724534
18729367
18760565
18764717
18766044
18786598
18799769
18805361
18916473
18918652
18920759
18940605
18993448
19018504
19048020
