8412858
7703669
6652517
6333162
6325337
5911521
5684822
5600243
5175642
5158569
4640241
3585904
3550307
210934818
208840253
207566269
206610242
204563165
202662821
200529062
199753464
199435750
198527671
197902174
197481495
196948826
196698855
195405066
193394913
193045917
192201534
191852164
191070356
190868547
190753897
190463107
189167233
188276722
188161762
187743030
187690385
186528354
186020077
185981020
185428914
185342298
185277753
183300086
182903209
182799109
179308601
179294423
179113123
179013348
178984266
178929697
178281478
178206924
177432929
176790324
176785109
176284673
176214509
175880421
175528163
175454532
175338205
174957408
174612273
174570177
174490217
174241833
174017313
173545730
171548852
170971446
170514544
170365602
169380985
169040515
168863121
168534307
168090158
167845834
167135240
166652205
164630513
164204314
164056112
163793296
163625809
163602449
163354000
163171593
162560756
161880139
161824437
160840501
159783084
158609002
157683384
157547691
157398382
157117101
157017844
156241840
156158417
155954608
155312149
155055278
154302076
154259251
153890257
151747537
149679446
145006251
144157770
143228309
141986131
140337961
139912928
138277048
137386892
137311621
136611898
127946123
127747454
127116456
126637314
123164147
120378044
119586583
118430927
117761734
116849933
116663314
114327390
114270125
113756713
110519239
108822037
107659128
105575442
103734649
103568365
102866237
98569720
96787005
95137726
94767798
89493562
88694355
87980318
86898272
85907398
85197028
85150534
83706842
82804247
82214530
82122632
78787486
75700880
74740967
71491427
71418261
67796085
67538562
67186633
66560014
65357513
62792448
62204375
61549529
60449092
57319497
55966336
52237782
51058167
50780018
49520988
49483649
46832217
46819005
46705427
45413754
43483685
41716136
41009104
40572552
39528952
38869038
38453549
37681964
37161928
36995214
36867051
33455355
32463074
32374333
31785295
29695529
29403652
28932794
28896295
28584032
27220959
26702223
26662919
25756898
24951703
22724502
21867416
21397667
18846057
16514439
16296917
15926663
15903948
15683347
15239311
15088460
13760609
13075435
12853501
12797833
12748747
12478164
12404904
11550600
11369620
10192941
9132765
8253056
8109411
7483508
7437439
7111046
6937532
6937231
6933943
6714157
6585141
6542964
6151314
6013696
4717882
4660067
3972694
3505929
3269069
211466237
209900864
205634970
204306820
202680423
199562728
197266181
195554975
195005993
191851298
188918725
188496721
188038631
185062547
184706690
183732960
182756527
181103169
178350804
178059658
178006654
174111976
173930907
173693330
172366634
171375368
169897982
168759158
164916467
159818065
153405388
147360350
147095927
146891945
146152022
143615435
141778690
139348588
139057806
138545618
136211144
132261048
130377760
130194901
127796911
120686025
115913694
112693406
112183736
111677033
108742613
107511784
107425600
106014322
104347788
99810778
97763195
97487228
96890433
93483477
92938746
92372728
92243254
89567689
89243745
88263316
87761710
86426079
84130495
84129817
84018743
83563066
82525277
81339162
80652940
80561280
80447144
78709607
78697574
75566662
74876500
74753495
72708818
71272947
68796509
66941513
66711818
64294505
61235645
60717297
60019282
59593711
57311857
55968032
54579575
51480383
49294514
48704582
48609587
48042529
47049847
46079432
44157996
43886350
42553539
42414685
41708692
41499911
39538527
39308920
39085288
38537242
37194289
37024038
32743060
32721611
32196423
30823573
30624947
30522300
30349109
28177555
27601938
27433874
27386024
27231620
