17518503
17738731
18247221
18315952
18518116
18665947
18760767
18865347
18951818
19265555
19485501
19736605
20041029
20118937
20248314
20410847
20479650
20545516
20691856
20938295
20967208
21148649
21163325
21218359
21561602
21619307
21628563
21694489
21896172
21974423
22041005
22130730
22253393
22482919
23149024
23275675
23306884
23565314
23627544
24551454
24635292
25092713
25140208
25276135
25373633
25380278
25400515
25424216
25429493
25440897
25445798
25464204
25468123
25483022
25508620
25534421
25544719
25593935
25650895
25659640
25687437
25700602
25753978
25778233
25808809
25832510
25885115
25941721
25970379
25970925
25993269
25997947
26015975
26017206
26159931
26725381
26733648
27177775
27214563
27220959
27221480
27226147
27290584
27290778
27299391
27365015
27405018
27433636
27467413
27563542
28140770
28156886
28206865
