3222839
3234284
3367345
4177456
4337619
4950701
4969036
4981094
5055509
5076466
5309098
5381774
5457389
5600243
5684822
5766540
5780868
5817336
5970986
6126110
6189030
6218869
6231028
6268001
6295914
6325337
6367727
6373284
6497962
6527683
6682535
6761571
7212581
7308612
7811136
7897414
8055329
8477913
8523291
8864833
10223984
11170660
11238818
11290466
11308498
11357907
11511249
11540877
11628976
11664727
11670383
11822998
11951089
11958979
11965166
12028522
12074067
12114668
12245271
12270018
12340009
12340919
12362155
12379779
12416527
12468436
