54232690
54317817
54347340
54396457
54515493
54691025
54771476
54790220
54843852
55201053
55359994
55400067
55425194
55477198
55496341
55743249
55743586
56215650
56231068
56344299
56418343
56605888
57093612
57288759
57388242
57396128
57424567
57437301
57470548
58012333
58170662
58265879
58266957
58356618
58590739
58731750
58887096
58948403
58976680
58979065
59414554
59450573
59501025
59538448
59711398
59822586
59943117
60010037
60084656
60124844
60525818
60644992
60689859
60972685
60997907
61224514
61417421
61464093
61678619
61857612
61917782
62285978
62318469
62342834
62343346
62389653
62421490
62451021
62639826
62684521
62717341
62783234
62949711
63207170
63585642
63771320
63803098
63882815
63933476
63964962
63974048
64034558
64155180
64220743
