108041415
108143657
108298046
108426735
108523853
108682449
108822037
109133271
109255150
109282027
109434920
109488731
109611227
109874628
109938250
110346387
110382793
110576881
110874558
110987456
110998537
111018470
111156886
111364187
111628870
111770147
111795316
112183736
112231768
112298112
112362647
112415335
112513902
112553030
112596953
112678232
112693406
112733363
112854117
112913030
113149919
113221377
113289487
113440937
113540866
113544288
113678778
113718400
113750875
113795765
113906648
114303868
114818492
115111607
115434058
115506359
115540963
115573000
115628902
115721535
115755962
115857047
115913694
116460120
117452283
117586079
117678565
117717760
117893810
118050078
118657314
118712869
118885826
118904045
119252437
119444804
119927083
120007543
120023703
120127130
120596494
120671577
120686025
120729000
121054673
121085537
121326975
121941959
122047996
122109923
122148490
122152271
122169422
122173091
122414126
122467852
122520026
122686221
123231543
123299324
123383596
123403220
123523369
123523640
123731297
123925978
124049142
124061361
124091112
124165403
124230642
124512308
124642388
124723430
124993486
124999383
125264778
125282649
125359879
125714457
126036174
126163708
126245214
126310373
126546057
126552239
126566611
126604048
126773303
126910897
126981652
127020467
127449793
127478673
127610284
127709512
128180286
128210361
128276959
128379117
128464972
128643442
128765713
129048459
129135381
129406412
129452984
129917766
129976898
130258689
130318252
130324413
130344080
130396829
130697841
130757102
130811953
130956744
131042522
131052813
131114167
131192401
131249612
131427124
131477164
131558399
131586915
131767755
131848135
131878521
132010509
132113337
132127942
