158240148
159106242
159153685
160288838
160407078
161377384
161495630
161824437
161880139
162627976
163729125
164144080
165625482
166102099
167067183
167448435
167810702
167903505
168204274
168296820
168503762
168515282
168517875
168523282
168554697
168894095
169148266
169545498
169715954
170070579
170312623
170569268
170667568
170961902
171392026
171430642
171606194
171610032
171715956
171841227
171962959
172127712
172184653
173123052
173407436
173424533
173463405
173783630
173866924
174224529
174304501
174570177
174832878
175113384
175239410
175603861
175645936
175688253
176056236
176337206
176610956
176740756
177524074
178127446
178189578
178302968
178404235
178428773
178531030
178850377
178983337
179037193
179294423
179521240
179608183
180406024
180672489
180767272
180793097
181147439
181371018
181540913
181711958
181768781
182083415
182105395
182353773
182432456
182480769
182530893
182664231
182716333
183146425
183244363
183300086
183330990
183555319
183678566
183824839
184228165
184332399
185414203
185586790
185623965
185981020
185997444
186146948
186267518
186306534
186439635
187175434
187179802
187251146
187370000
187378338
187627739
187823275
187991706
188074650
188161762
188261579
188471692
188597954
188996428
189098870
189313346
189463617
189665831
189678021
189749951
189961857
190138812
190321371
190417082
190681324
190908596
191013151
191111453
191290331
191338313
191398359
191512550
191660100
191852164
191877218
192073502
192078906
192165544
192477351
192601557
192663749
192979936
193004833
193022252
193525216
194079485
194096094
194261863
194309119
194386212
194429542
194553733
194589785
194690239
194901605
195104520
195489373
195904482
196151040
196609566
196975555
197067872
197097920
197277892
197602335
197671872
197816320
197830402
197902174
198084037
198419100
198501665
198515491
198951746
199435750
199800869
199984088
200375706
201270116
201296869
201815397
202107073
202424381
202662821
202855679
203945627
204081115
204250938
204631076
204843039
205161019
205268770
207120161
207748670
209163487
209168226
213946528
