4016582
2917046
230604539
228589085
217740270
215851912
208996950
205562072
188624945
186391580
179046240
172298951
94664954
65993434
22016980
211374721
210533537
201787716
200231880
197751528
195361081
193964600
191582197
185821642
184347734
181343208
180359886
180137527
177009973
170576265
166529115
163942461
163297550
144392018
126340403
120941151
112503544
102092086
87428445
71393531
68608627
64538338
46124677
42345575
38350027
30925311
23698220
11643857
10676878
3494396
230187645
228613604
227952894
226156544
225422500
225390915
225322429
224829376
224093763
223397124
222190910
222109691
222011136
222005054
221875578
221502329
221097637
220578107
220491515
220361896
218898406
216591490
216483559
216244744
216123143
216113927
215985113
215843556
214819551
214429439
214039192
213710528
213429438
213225080
212781651
212672380
212408320
212214626
211120093
210789819
210062267
209938085
209926758
209790605
209782598
209520550
209221125
209065787
209025434
209001882
208579386
207815142
207740058
207661540
207461530
207328694
207091655
206868135
206586103
206334424
206071958
205652739
205423763
204923097
204199549
203887452
203860750
203162558
203123231
203088877
203082729
202983787
202931448
202867321
202833559
202815256
202528847
202477609
202477493
201834941
201492661
201437234
201426894
201220457
200846929
200484109
200434354
200332619
199288956
199128556
198816234
198267761
197932455
197798510
197792277
197726950
197705998
197549042
197537676
197336915
197321585
196334793
195826900
195098611
194970156
194938298
194916531
194681963
194438382
194170069
194102387
194046104
193131090
192909143
192525805
191943152
191721726
191410804
191376467
191345871
191268334
191253102
190572977
190513699
190243277
189953870
189692592
189648080
189640943
189265710
189051475
188299026
187297286
187098518
187027148
186310940
185439323
184771706
184217201
183920013
183084947
182937521
180618219
179011308
178873766
178640549
177743854
176983105
175951975
175705650
174148818
172730017
170832735
164756529
164351472
163376926
161605889
161303548
159734242
159352208
157349386
156148386
155281631
152204244
152032487
150425488
149205310
148814343
147969102
147383976
147157709
145675429
145463117
144881578
142114789
140385093
139041141
138394757
138079266
136542125
133280344
130721888
130220906
127576371
125953283
125696756
124656229
121988594
116922718
112066406
111140520
110607397
105938833
104771117
104278799
