68796509
68800581
68813963
68835189
68844423
68849401
68851824
68871529
68886460
68899062
68899905
68900382
68918473
68922764
68949502
68957415
68987779
69004950
69009318
69019079
69033083
69040339
69045820
69055029
69070811
69073479
69117868
69121248
69130072
69134533
69144444
69152401
69159968
69160787
69175523
69190323
69191171
69208364
69231062
69233760
69245955
69263790
69266056
69270078
69275943
69280420
69290413
69290610
69307124
69324381
69334096
69337124
69356954
69390469
69421791
69503234
69523900
69556685
69566377
69662500
69677939
69682951
69736994
69747902
69765813
69766817
69788436
69791605
69799006
69813319
69815879
69822042
69823607
69841698
69843076
69859126
69899642
69902583
69907647
69956095
69959102
69979200
69983358
69991375
70010190
70024945
70026110
70042600
70049564
70055575
70070652
70073695
70086484
70097332
70108334
70125569
70147201
70150136
70153186
70153235
70161779
70170337
70182588
70243542
70258051
70288223
70308803
70313884
70316529
70317974
70335928
70350539
70390627
70411065
70419333
70428789
70457957
70463368
70475872
70519511
70546091
70567818
70572452
70573526
70579250
70582266
70595139
70595715
70597518
70599126
70657720
70703576
70712736
70716726
70723477
70730370
70763014
70783080
70787262
70824220
70834426
70849522
70862463
70888455
70915710
70940521
70946504
70948956
70964406
70969930
70979069
71013412
71066201
71073709
71088674
71138117
71149468
71151937
71161904
71168028
71175081
71183205
71196645
71272577
71288163
71299920
71300734
71315955
71318228
71340898
71350843
71367305
71372961
71375972
71416246
71426325
71432392
71453301
71457785
71464733
71479456
71506333
71508170
71529975
71565180
71613347
71614182
71615000
71635526
71674428
71678689
71773956
71788609
71795971
71844807
71845320
71848225
71853903
71870489
71883871
71894503
71898001
71919847
71960738
71961206
71980445
72003062
72024259
72038671
72129296
72134793
72141094
72141780
72145518
72151471
72158678
72166023
72170850
72200252
72224161
72269149
72292906
72305740
72311644
72318893
72355546
72396254
72408235
72434463
72439150
72451438
72469546
72494559
72495880
72508940
72544681
72609920
72615738
72625478
72664764
72676419
72691852
72708818
72717341
72740145
72770179
72791303
72806094
72809031
72826056
72830427
72859750
72893694
72897719
72909326
72939639
72942429
72963825
73006999
73016082
73050009
73053681
73078143
73105888
73124884
73127145
73133532
73152462
73154075
73155486
73189821
73190117
73212417
73266331
73284977
73326563
73347625
73380633
73394606
73435365
73448602
73452899
73471440
73472262
73494155
73494370
73494581
73530176
73598406
73615316
73616951
73627807
73627894
73674342
73692130
73703050
73709109
73714858
73718649
73729907
73732636
73744585
73747880
73763055
73766823
73823365
73826003
73832292
73848693
73855275
73858940
73861468
73936864
73940214
73952006
73962301
73963028
73988330
74025118
74043095
74044448
74050337
74080743
74089888
74174570
74175191
74178209
74218505
74220224
74220544
74222923
74240084
74253829
74255331
74288540
74296964
74310498
74334997
74356847
74374307
74401948
74439929
74448538
74455175
74475905
74489707
74495620
74518456
74520901
74546252
74549224
74565829
74613057
74625110
74692324
74727970
74731897
74739245
74743019
74744386
74762414
74785182
74788420
74799375
74819780
74825060
74836795
74837220
74891073
74899809
74909581
74913321
74973501
75000593
75059227
75068197
75085821
75133259
75155230
75170066
75172067
75197508
75210528
75222441
75254991
75273433
75281463
75287478
75289562
75344734
75353653
75357344
75369247
75369616
75391625
75401654
75405551
75433238
75438563
75456660
75550168
75565613
75566885
75601799
75611061
75625491
75663191
75687072
75707211
75710321
75731675
75740672
75776468
75800828
75826752
75848974
75856785
75858254
75866733
75921360
75951290
75994659
76000267
76007170
76026028
76034504
76039248
76040154
76055855
76057417
76095844
76106925
76115990
76117276
76147323
76147926
76175345
76232664
76244344
76268065
76268952
76298747
76315702
76336094
76392437
76401323
76413498
76416575
76440784
76441577
76447025
76470928
76474164
76522401
76532065
76552220
76554770
76559726
76566060
76569629
76588706
76594471
76595230
76638948
76653154
76668240
76695404
76762091
76764258
76796094
76803114
76804509
76806992
76818338
76824380
76835986
76865115
76875534
76877158
76881524
76893903
76932959
76934697
76939526
76947126
76964241
77026598
77028037
77031048
77046278
77048098
77060267
77076568
77104620
77107554
77139970
77165898
77181369
77199429
77274412
