181506393
181590912
181748365
181904738
182083415
182149264
182344138
182353773
182469249
182488135
182560104
182613590
182716333
182756527
182767752
182787304
182799109
182826252
182990925
183194810
183204036
183300086
183330990
183406679
183627352
183843263
184053948
184228165
184428665
184706690
184792983
184901845
184965077
185277753
185342298
185464432
185872270
185894142
185981020
185997444
186212863
186229182
186261293
186356070
186511375
186526361
186754556
186797267
187354614
187378338
187395890
187506283
187533084
187616313
187696257
187769714
187777334
187831587
187843868
187905736
187991706
188110293
188134782
188261579
188276722
188299026
188435131
188486839
188496721
188580883
188601037
188827514
188839368
188996428
189027020
189033580
189051475
189167233
189257410
189263873
189313346
189315741
189450873
189463617
189515972
189584001
189665831
189694004
189830551
189850968
189918713
190138812
190152058
190321371
190344470
190494215
190753897
190868547
190976728
191007360
191111453
191135320
191217539
191325764
191339301
191851298
191877218
191960725
192041922
192073502
192084163
192192258
192201534
192313353
192477351
192600288
192606563
192663749
192890688
192979936
193394913
193602632
193687977
193852634
194079485
194125567
194174888
194386212
194507466
194553733
194652247
194690239
195111383
195127128
195656314
195688989
196007897
196028996
196310592
196371449
196578403
196698855
196929791
196948826
196975555
197097920
197108453
197155776
197277892
197661893
197816320
198515491
198778790
198949920
198951746
199165988
200157736
200375706
200872666
200920646
201270116
201296869
201635972
201834941
202051171
202107073
202912261
202981022
203598886
203940251
203975197
204306820
204631076
205515685
205556382
206075297
206744384
206962460
207163813
208134463
208134533
208366116
208593859
209497055
209923875
210211009
210855137
210934818
212385056
212408320
213272895
