29989390
29993440
29996322
30001130
30004348
30012187
30031551
30048023
30057346
30123689
30181768
30189858
30221015
30227003
30297316
30328715
30341154
30365242
30433794
30476406
30504987
30548184
30594335
30610058
30620778
30630219
30661641
30662328
30685853
30689626
30712514
30713062
30739900
30748330
30757862
30776735
30782009
30790710
30794583
30880754
30910472
30932888
30939270
30950106
30969385
31009865
31036695
31040939
31065279
31079161
31101829
31109289
31116492
31141102
31154880
31158463
31190783
31250619
31266150
31286721
31289997
31316339
31353939
31386069
31391463
31436001
31466400
31532448
31532698
31557093
31623683
31684089
31685592
31705781
31707514
31714603
31872707
31884937
31975263
31987838
