20213700
20290182
20321969
20398651
20435540
20461369
20521370
20552013
20621173
20662812
20692326
20728402
20731926
20782640
20812170
20833064
20833805
20903822
21005203
21010295
21064657
21079486
21083157
21084936
21176977
21192919
21209377
21216552
21295987
21359738
21367830
21377624
21417144
21438752
21456323
21477889
21518467
21555173
21576053
21627011
21637591
21667699
21717149
21778297
21784806
22026915
22098873
22142513
22157782
22202695
22206112
22254435
22258039
22281858
22341851
22343000
22350168
22367372
22370617
22370732
22406264
22414650
22436693
22494607
22535743
22624772
22749282
22767273
22775775
22785786
22800804
22829366
