2893007
3222839
3234284
3290700
3959498
4177456
4479468
5223124
5401393
5428922
5439068
5600243
6100674
6372206
6509842
6523021
6761571
6811387
6962073
7051077
7973497
8482495
9480095
9600858
9661285
10463752
11440014
11459245
11733390
11924048
12146009
12291066
12305162
12317320
12409386
12512544
12578570
12613686
12638092
12746307
12894821
12942498
13022329
13269825
13361371
13419336
13421343
13564186
13740316
13756317
14822735
14928464
15120237
15221398
15359702
15362379
15487569
15794534
15848231
15980687
16021243
16107886
16268479
16575970
16622249
16673677
16886589
17133494
17434789
17495508
17738731
17997404
18241984
18316617
18963578
19012600
19272355
19313027
19533721
19658014
19761966
19830044
19846520
20002273
20599424
20763696
21163325
21217202
21628563
21646526
21725423
22710202
22842772
22869434
23071849
23100641
23400415
23545975
23567629
24056732
24397427
24551459
24658056
24715155
24996381
25025786
25336248
25600815
25814726
25835739
25857050
26190381
26323253
26363639
26423151
26603520
26936471
27220959
27448369
27528592
27571983
27660544
27843648
28076185
28314913
28892083
28989276
29456463
