29637706
30419712
31223064
31381528
31450859
31848049
32114014
32256266
32883541
33333211
33663599
33796295
35001858
35018501
35657401
35834838
35923523
37183592
37485132
37701456
38392123
38600296
38795170
38813483
39205129
39310630
39481990
39577506
39677093
39730346
39785469
39923589
40066878
41097450
41108223
41446881
42176199
42331393
42443397
42713466
43643265
43988967
44850150
44889450
45335893
45443373
46012617
46240127
46385722
46481426
46635154
47067069
47206901
47558782
47765660
49695540
49919758
50689756
50748952
50780579
51110884
51542707
51565292
52307072
52889512
53059831
53220119
53691616
54122491
54434456
54793847
54824714
54950968
54977234
56640761
56789271
56819526
58000337
58182358
58218257
58346066
58392832
58517860
58554158
58997391
59042589
59609900
59959886
60256478
60745142
60775809
61330102
61407782
61899420
62169783
62602354
63082444
63138230
63160680
63246481
