17714378
17737197
17738731
17764298
17779627
17780965
17792537
17792690
17827890
17896381
17911143
17916346
17917456
17922555
17941561
17946053
17948727
17952336
17955139
17963008
17976820
17981324
18011445
18012561
18018621
18029911
18062234
18068978
18069571
18076658
18080659
18087120
18096721
18104037
18118767
18123120
18142787
18143933
18151622
18154684
18167189
18219365
18230990
18235560
18260828
18265830
18278873
18292611
18303408
18352796
18364384
18372224
18384550
18410439
18411845
18412479
18417951
18430894
18442880
18444555
18482428
18491233
18494970
18508094
18525315
18543631
18548254
18549223
18566845
18584196
18584325
18593172
18594501
18598690
18614449
18621370
18635020
18641712
18648559
18660321
18661726
18669288
18675680
18684487
18702169
18711477
18716570
18734406
18784784
18790483
18812395
18829979
18839628
18860827
18862603
18869695
18882974
18888302
18899626
18907562
18926742
18977556
18983297
18986230
18999682
19012600
19016745
19022150
19048871
19061698
19068623
19069220
19074799
19075168
19080969
19100492
19116079
19130573
19169661
19201340
19280272
19300578
19321505
19352855
19373840
19412249
19434147
19449273
19470078
19513242
19515133
19579688
19597689
19621431
19649988
19667373
19748960
19773991
19796021
19817184
19821027
19846520
19847526
19852299
19874330
19894630
19906909
19922342
19942509
19949264
19965555
20034755
20073776
20080720
20095198
20145054
20162972
20196353
20233883
20234462
20237043
20250851
