98434695
99473406
100534973
101152155
101558016
103074076
103296461
103414829
103704743
103829802
104035382
104283696
104328823
105196017
105646353
106042907
107035036
107048134
108091644
108265631
109255150
109276877
109318334
109796995
109847710
110068929
111090968
112355175
112638080
112913030
113220550
113266050
113570774
113678778
114175797
114627454
115422844
115573000
116207773
116236184
116305930
116494333
117070933
117347742
118573898
118709584
118720502
118784610
118826839
118871464
118888887
118968679
119016433
119029679
