28553546
28561139
28619814
28628345
28773189
28834917
28846038
28907203
28973025
29005512
29053289
29139592
29143313
29181795
29214064
29241658
29254754
29259223
29333802
29366849
29380374
29452112
29453930
29454739
29455118
29490430
29594247
29606778
29620250
29642009
29699543
29744285
29765842
29793318
29865762
29932314
30019176
30031551
30070589
30126917
30160390
30236772
30252028
30252419
30348831
30354548
30406698
30410459
30413411
30467590
30475363
30494792
30531234
30535911
30546969
30604171
30609966
30717652
30730683
30768104
30775240
30822303
30823573
30834513
30856488
30860163
30912214
30939270
30943450
30998384
30999718
31021946
31036794
31108316
31108487
31136634
31142908
31370149
31371963
31451303
31463262
31490663
31496286
31530186
31566177
31735924
31810908
31822278
31832548
31857926
31972158
31986971
32069241
32094920
32129152
32154074
32188744
32256039
32257440
32463523
32527261
32603308
32606121
32609847
32633335
32658813
32711330
32728690
32757257
32771488
32780105
32925601
32960798
33010486
