46457688
46491698
46504635
46577950
46635154
46996561
47062564
47170727
47473481
47622523
47637759
47745182
47892443
47998367
48262920
48367071
48536631
48642233
48646534
48725960
48770394
48838512
48841219
48899497
48900025
48984121
49226342
49278753
49284429
49301627
49356281
49365251
49614541
49733934
50013135
50040068
50170174
50193062
50396214
50496047
50660466
50740163
50826539
51030534
51128462
51275330
51296311
51441765
51455568
51687226
51727124
51884821
52040962
52151360
52204796
52307072
52314615
53237969
53393040
53465386
53784025
53837616
54021771
54098761
54120148
54335685
54343822
55214218
55391828
55465370
55465703
55596659
