62254487
62314904
62521906
62562121
62593335
62843529
62844882
62938600
63296282
63342996
63943248
63944136
64025966
64174270
64255278
64262033
64549849
64644698
64717865
65123208
65211396
65262976
65369636
65447608
65602709
65790397
65963878
65976524
65994855
66012216
66033363
66094190
66170721
66272312
66332728
66396902
66577366
66648337
66743981
66872933
66941226
66990498
67019859
67033376
67043763
67096530
67106713
67295021
67489050
67535995
67606836
67694225
67698842
67848260
67852917
68038182
68079687
68191385
68285742
68365029
68393676
68441024
68550604
68560862
68584897
68656878
68659183
68675683
68677347
68720998
68783543
68796509
68881725
68885362
68983778
69002739
69027717
69041885
69045297
69140976
69172189
69209883
69393985
69449303
69505358
69516172
69604041
69724747
69741523
69877732
69936524
70259056
70318647
70343224
70487771
70649579
70776369
71006709
71037044
71070120
71112874
71139949
71266705
71272947
71385398
71428207
