67698842
67860046
68057483
68431950
68781363
68785187
68826269
68953696
69166758
70593594
70836780
71421983
71474542
71863446
72143331
72390446
74346528
74363730
74500784
74755080
75512327
75694660
76385261
76863119
76968068
77443194
77563521
78096243
78384698
79107322
79317615
79948212
80441812
80448123
81400842
81468656
81681558
81852726
82592982
82720872
83133032
83356169
83584073
83908034
84639691
85838010
85986458
86028601
86214331
86326340
86735962
87039195
87199931
87704414
87788185
87997680
88462177
88942464
88957378
88961342
89861936
90470301
90526389
91102113
91747149
91864290
92013792
92784444
93486830
93609514
94070443
94160104
94161321
94543104
94544672
94602333
94760728
95993368
97036654
97168216
97773614
98221414
98938590
100767553
100899060
101572964
101661567
101752319
102109738
102328086
102685097
102740930
103209281
103985019
104520586
104722788
105552953
106044972
106234266
106637829
106930679
107374294
107951815
108687269
108974504
110699136
110882012
111067595
112005728
112552324
113756494
113825502
114126686
114303868
114811941
115797759
116271829
118372649
118582659
119362944
120294423
120886804
121326975
121367831
122178296
122334905
122589657
125051366
125432968
125833104
126391401
126773303
128140902
130697841
132060621
132263468
132725625
133637138
133642963
133768008
133814466
133911002
134342866
135116019
135203316
135355597
135635539
136999830
137020164
137650387
138928779
139057210
139734602
139815823
140223943
140254070
140710311
140732842
141156712
141291511
141381613
143586289
143947485
143989259
144055893
144356774
144432113
144565019
144881641
145186567
145292246
145747054
145994938
146816178
146891945
147024899
147225652
147796962
148236431
148347534
148455397
148879770
148890907
149069305
149333845
149664276
149754964
150450140
150505643
150616820
151581842
152031444
152228755
152389149
152565866
152700927
152978351
153123328
153444494
153944525
154353015
154831510
154850374
155261105
155338321
155400722
155942737
156151010
156605290
156719717
156748297
157398382
157407081
157531304
157579060
157670045
157817353
157974313
158240148
158507033
159106242
159353382
