29845273
29885865
29892003
29942186
29957900
30068357
30582742
30749445
30847110
30849301
30969385
30990991
31040287
31051087
31133503
31154116
31211578
31354371
31412421
31527783
31594028
31673733
32059676
32215913
32367836
32478135
32500389
32721611
32812175
32893602
33020414
33258851
33498493
33694364
33880147
33928325
33944526
33999644
34006211
34377739
34539635
34724199
34728143
35037469
35139707
35261331
35333719
35378033
35549386
35923523
36050955
36320460
36487229
36854856
36865107
36890957
37251844
37518343
