47502237
47551014
47622523
47994172
48115397
48160516
48407184
48668223
48982402
48992913
49470544
49617858
50045351
50372986
50421934
50570047
50720377
50880331
51052796
51905469
51921802
52343275
52367773
52865014
52909470
54136967
54180781
54950968
55064984
55103129
55440327
55509971
55805276
56103331
56388651
56681717
56699002
56789271
56927315
57088414
57148765
58122773
58173297
59077171
59331308
59577504
59584601
59624004
60276498
60324133
60351212
60389828
60698036
60827297
61191428
61393044
61401978
61513470
62699708
63525896
63713898
63760112
63891471
64210962
64839033
