100688221
100793398
100829180
100848813
100904814
100979355
101111469
101152155
101336037
101410291
101495188
101513510
102115562
102388710
102395617
102492809
102514005
102521410
102542212
102549493
102685097
102740930
102919436
103058762
103074076
103276754
103283755
103300946
103554067
103627381
103747583
103930984
103965057
103972487
103985019
104193892
104283696
104284694
104346165
104756142
104802415
105101267
105117583
105285214
105854094
105950737
106236449
106295766
106336895
106405363
106981275
107294340
107304173
107489238
107659128
107673273
107721167
107807785
107882121
107985629
108298046
108424452
108595695
108642820
108811854
109255150
109535204
109543451
109557504
109813164
109830574
109832400
109874628
109964820
110035948
110130064
110182560
110415223
110576881
110616315
110759018
110793480
110797008
