116405007
116959578
117005417
117065516
117090324
117150429
117321498
117332862
117399577
117516334
117717760
117739354
117747265
117865989
117999352
118252804
118308829
118328234
118385828
118447480
118481478
118524500
118549275
118712869
118750737
118784762
118837655
118860764
118920200
118929795
118951747
119151344
119159074
119183881
119426797
119500072
119656474
119764030
119781882
119798224
119865461
119927083
120007543
120023703
120036193
120102728
120127130
120245225
120383105
120428271
120614377
120671577
120695899
120793870
121054673
121256855
121350329
121358367
121418520
121790454
121901485
121999320
122047996
122109923
122148490
122197518
122373779
122424617
122686221
122867832
122911107
123285786
123299324
123365506
123383596
123403220
123466256
123523640
123578853
123731297
123732536
123917669
123935483
123990693
123998053
124049142
124091112
124268460
124438664
124630399
124914728
124986219
125109937
125155808
125285885
125330843
125352850
125359879
125404852
125511044
125562815
125882816
125994203
126045824
126050564
126058754
126163708
126206676
126237035
126290367
126366004
126410105
126546057
126552239
126566611
126773303
126851980
127109616
127142040
127187095
127548607
127610284
127697896
