82490932
82497046
82528234
82530199
82537006
82539081
82558750
82559191
82560951
82620075
82624744
82672963
82675191
82679177
82682292
82688407
82697545
82701834
82723207
82736876
82749119
82774377
82792288
82838020
82856069
82911287
82946136
82978680
82982121
83067668
83079253
83159693
83162511
83177304
83227144
83256667
83259768
83263351
83290408
83324118
83386219
83416488
83430455
83430872
83454860
83499981
83518165
83543909
83598520
83641831
83658709
83663688
83674412
83701305
83725095
83738216
83806439
83816664
83858000
83878908
83908761
83908775
83922585
83970104
83977977
84027080
84028022
84049096
84144584
84163160
84163192
84177202
84187961
84243950
84258937
84298939
84332336
84365587
84378068
84393049
84403519
84403833
84413419
84430903
84552007
84572757
84578871
84659636
84662956
84687799
84698601
84704828
84706257
84730312
84813909
84820332
84839240
84855790
84898226
84924263
84935713
84941143
84942338
84950154
84992616
85016166
85016570
85020370
85026446
85034420
85096538
85114678
85123162
85125466
85146038
85286297
85330534
85355334
85394102
85446628
85456473
85551829
85555022
85590345
85593945
85599334
85638949
85717439
85757850
85818793
85837635
85839343
85850010
85852411
85911814
85964058
86035291
86060614
86075397
86091802
86093419
86108358
86109818
86112678
86122619
86152283
86180805
86200585
86276421
86318376
86340267
86378053
86392002
86407835
86419483
86512134
86534345
86543739
86550325
86576612
86582587
86626053
86668614
86706183
86718597
86722731
86803612
86812766
86856244
86857114
86922006
86922503
87009125
87154683
87157086
87157700
87180668
87200499
87218692
87232827
87235868
87241040
87246791
87299259
87303577
87309158
87342780
87343309
87360661
87416348
87419624
87484260
87549061
87609021
87611544
87619234
87636545
87654338
87661411
87666253
87676347
87700837
87737191
87747041
87748551
87801183
87805473
87806789
87857405
87900323
87917692
87919995
87938876
87939324
87965820
87967683
87973030
87976302
87983491
88041699
88058044
88071958
88095580
88103421
88105155
88170173
88218754
88221695
88255228
88262375
88291326
88291906
88338973
88343710
88356935
88411989
88418532
88431356
88438792
88560540
88569407
88592173
88657212
88659040
88694955
88695927
88701955
88708061
88760023
88765859
88773986
88778375
88788827
88819582
88827268
88835650
88837658
88840959
88844129
88845181
88846464
88862572
88897061
88898527
88921117
88939358
88950399
88952503
88965247
88968611
89001243
89006494
89025281
89067095
89083774
89083945
89090397
89152834
89180546
89195839
89203359
89228482
89269311
89270177
89276446
89287318
89300286
89316996
89325120
89338753
89348990
89350081
89377681
89384480
89387292
89394593
89400265
89421888
89443286
89456987
89459903
89465661
89484001
89511069
89580705
89581838
89643909
89650552
89650911
89668287
89731739
89735123
89787360
89811004
89913662
89952795
89982401
90049449
90051136
90113315
90227955
90268639
90270624
90281602
90315872
90398846
90400321
90445818
90512880
90536044
90552467
90623724
90624181
90665984
90735135
90735204
90748082
90748927
90754308
90802375
90884626
91054429
91140310
91161156
91222461
91258882
91312135
91342470
91378227
91380324
91543198
91598212
91647691
91671620
91688141
91740629
91756580
91820489
91915804
91941918
92131858
92181621
92255136
92399810
92414308
92461595
92481434
92485089
92489758
92529977
92571477
92655202
92698845
92704648
92726494
92752129
92772605
92835617
92835743
93009934
93083486
93119295
93139248
93154557
93251587
93368289
93444900
93470530
93583679
93619745
93646133
93710505
93745377
93808909
93886820
93921001
93939099
93947876
94035575
94040652
