77770864
77717922
77165898
76875534
76865115
76668240
76594471
76569629
76440784
76244344
75565613
74613057
73826003
73763055
73530176
73016082
72939639
72740145
72708818
72664764
72292906
72158678
71350843
71318228
71183205
71175081
71168028
71161904
71088674
70519511
70153235
70150136
69959102
69823607
69175523
69144444
69055029
68987779
68899062
68796509
68781797
68715984
68519360
68465704
68441024
67771916
67546749
67390558
67000627
66558761
66271066
66186265
65575779
64665121
64647955
64618722
64490113
64425697
64194395
63919814
63887751
63877249
63366558
63157928
63065844
62654367
62373315
62357153
62253517
61948933
61874100
61818111
61559232
61514737
61496369
61495985
61336052
61283084
61263141
60942959
60941570
60939383
60818906
60810303
60782910
60763393
60679419
60565670
60546192
60349434
60167344
60084054
60044979
59192830
58997064
58921720
58318244
58294662
57899139
57832881
57805492
57784261
57715561
57661261
57604612
57598762
57465158
57400271
57189615
57146336
56924252
56641119
56621970
56609777
56430356
56414720
56141413
56015275
55843096
55837817
55642825
55550135
55465703
55327098
55059464
54926415
54878538
54802443
54758261
54667991
54656978
54572685
54494645
54416698
54343822
54120148
54044817
53784025
53691616
53463523
53415602
53073590
52756270
52527126
52147497
51968860
51783483
51687226
51641197
51588549
51246041
51229057
51111522
51108627
51094928
51048577
50985210
50787788
50233669
50094082
49580114
49278793
49176159
48872092
48831516
48642233
48574211
48020975
47850560
47641951
46943036
46785863
46687451
46585586
46561402
46467399
46457688
46414121
46338231
46217622
46197811
45951919
45898342
45863271
45639197
45524833
45156695
44915235
44629127
44604545
44409073
44335728
44299655
44206365
44185985
44121230
43590925
43561459
43428106
43378287
42655748
42481123
42404581
42395757
42347765
42260728
42103086
41911759
41799297
41781903
41625070
41537772
41485575
41330414
41276389
40985904
40854498
40693770
40633667
40413751
40346799
40224758
40003618
39823717
39223644
39133687
39060041
38698679
38698144
38343310
38228131
38168505
38095602
38012225
37927828
37914005
37808516
37787716
37744676
37735911
37518343
37352014
37348443
37251844
37196645
37106696
36912712
36821938
36519526
36487229
36450557
36436878
36320460
36261539
36192495
35081099
35045130
35030573
34891947
34373668
34268569
34120218
34117916
33996132
33950308
33900197
33772614
33600009
33561439
33488432
33363941
33292561
33193592
33113491
32951122
32819009
32746458
32634271
32512602
32310897
32111069
32103443
31581796
31470106
31432166
31354371
31061563
30969385
30900143
30847110
30756886
30749462
30665058
30664799
30522300
30331777
30196690
30194657
30066052
30033003
30010242
29845273
29833576
29735838
29688776
29438293
29418437
29234895
28987551
28953005
28864351
28831281
28828365
28683515
28563677
28553847
28532988
28248836
27976190
27960388
27871418
27861888
27840219
27772208
27669393
27419374
27336966
27031127
26998510
26940857
26870728
26609110
26162537
26116273
25701969
25674910
25469413
25431236
25191554
25126522
24779352
24761665
24713956
24680161
24672215
24649358
24627323
24609118
24580190
24498919
24417981
24377300
24311026
24239346
24228534
24218260
24133718
24032502
24029684
23988228
23916270
23795882
23775329
23759208
23750176
23704655
23675127
23669529
23604911
23505563
23475676
23311775
23310834
23239633
23190815
23165440
23103604
23068616
22897915
22855942
22795517
22789129
22711231
22697404
22695881
22674955
22661255
22585570
22504289
22477567
22369988
22340060
22305472
22238512
22233699
22220797
22163488
22033540
21980123
21973616
21957526
21935923
21909933
21907975
21863233
21836698
21805714
21797098
21789102
21783267
21752192
21693591
21693046
21628563
21598940
21589572
21511098
21367541
21360425
21318259
21304187
21266446
21234405
21200798
21132600
21087351
21086718
20878326
20874375
20844703
20777356
20660862
20647311
20512864
20346839
20328232
20250793
20221299
20188903
20094296
19957271
19878645
19872011
19846520
19757837
19749777
19736506
19671784
19526360
19453743
19283748
19245171
19138157
19065002
19055535
18976431
18958403
18892865
18820274
18722067
18546110
18449684
18440718
17653700
17576656
17572162
17546809
17453995
17396026
17395752
17376026
17161975
17133494
16992218
16866452
16708411
16663007
16614520
16472486
16469919
16401292
16379171
16266846
16231887
16167699
16107886
15962586
15959768
15925676
15319317
15161115
