184264685
184332399
184457003
184570757
184606166
184706690
184727639
184810559
184846282
184933096
185428914
185623965
185923238
185981020
186020077
186127787
186386067
186431591
186732047
186758022
187044086
187132665
187223013
187223015
187395890
187690385
187696257
187743030
187773686
187823275
187824189
187892199
187930142
187991706
188110293
188126146
188146762
188261579
188299026
188471692
188496721
188580883
188602120
188664693
188802716
188881334
189051475
189188752
189450873
189463617
189479910
189584001
189678021
189694004
190138812
190175490
190321371
190359658
190494215
190624229
190913865
191024345
191111453
191135320
191217539
191233153
191290331
191338313
191398359
191677963
191844998
191851298
192073502
192258348
192272969
192511973
192601557
192727490
193045917
193156887
193452390
193785957
193811991
194337494
194357366
194429542
194601526
194652247
194728448
195104520
195224838
195227031
195555871
195904482
196082241
196617759
196660219
196718986
196811400
196929791
197021115
197108453
197186012
197228321
197266181
197275560
197661893
197902174
198063266
198084037
198778790
198964247
199165988
199464453
199512440
200000712
200529062
200703877
200872666
201229350
201296869
201298873
201419387
201461117
201635972
202337221
202628158
202912261
203155131
203940251
203975197
204306820
204563165
204843039
205218148
205268770
205287971
205421442
205556382
205667007
205949379
206610242
206811363
206962460
207644227
207748670
207848411
208134533
208138112
208432355
208693567
208885250
209296031
209663615
210559613
210566301
210936735
211157441
212385056
213224864
214012738
