37320416
187296840
59006513
90108850
21362248
23268693
150087428
48857125
204893157
29656309
78684370
26352969
67329731
51215917
29590139
210621758
175118370
180222234
18839957
18675502
18638274
167842917
104809106
43783282
38415685
19352001
156738238
133675538
184694112
40552489
6070097
111049267
175510401
129198917
20668403
46212488
52367732
201570171
201896858
13426361
28516418
189795640
38440783
15959674
166577448
164386082
81064630
168863814
79326662
122929948
12141252
191854803
6928917
29271936
15905802
204486670
122175558
26394247
19746165
213847108
229174334
2806899
89534624
38467537
24160421
62504406
51947955
219952058
7549351
