73188422
73251784
73358764
73635614
73703042
73732086
73976724
74449079
74694737
74902909
74938892
75046513
75049416
75222441
75242110
75328239
75389011
75434849
75493042
75537018
75820446
76100967
76298464
76453026
76860591
77041299
77187922
77217737
77249135
77286930
77345616
77359287
77366407
77451536
77567314
77567794
77636720
77740015
77753955
77797709
77943123
77982290
78082253
78117857
78118577
78159085
78209904
78213083
78300435
78304691
78421726
78487244
78510543
78535085
78593420
78605740
78628977
78644351
78672147
78779315
78903251
78917553
78941050
78944755
79002420
79003252
79131428
79281878
79301387
79306006
79382667
79405523
79442930
79456340
79589643
79615445
79620715
79694063
79787405
79860100
79876661
79898347
80052853
80086983
80126642
80193962
80328173
80446665
80546058
80550582
80561280
80678922
80689504
80704673
80720917
80765589
80830349
81057741
81113994
81121546
81143318
81284214
81322349
81328500
81347087
81378967
81500594
81618602
81773554
81811435
81994749
82059561
82091202
82099993
82143753
82231201
82249297
82358967
82371031
82614434
82638900
82782912
82893432
82914633
83175161
83277261
83356169
83398360
83433033
83435144
83563066
83787243
83925415
83971655
83978792
83978985
84065127
84071314
84175384
84214297
84312249
84362451
84421247
84543206
84593799
84635577
84687799
84746442
84762265
84814206
84820332
84866840
84916680
84922809
84979448
85040954
85184348
85422382
85686889
85727457
85746470
85932152
85946811
85950171
86001120
86068680
86205191
86208699
86324951
86355077
86359771
86381978
86508393
86597247
86627672
86822793
86862204
86875607
86901084
86992324
87044258
87103609
87153595
87274886
87441180
87465724
87609021
87620932
87626433
87788185
87983427
87994972
88005924
88094722
88144387
88338328
88371165
88433859
88437274
88478749
88554014
88601731
88718400
88719104
88742048
88749856
88905333
88955331
88996253
89011167
89031526
89079489
89205570
89359999
89414526
89498688
89567689
89571198
89622398
89655046
89673527
89715925
89770009
89870336
89886939
90344483
90470301
90519263
90532659
90626107
90629411
90633571
90654285
90812642
90913370
90988195
91023914
91480022
91592895
91674524
91717730
92013792
92037029
92050329
92269759
92426298
92468757
92600675
92692046
92709548
92760638
92773326
92836910
92897770
93038568
93311607
93383485
93486830
93763917
93794026
94678348
95584313
95670619
95835480
96961248
97146417
97372436
97501305
97523472
97660983
97708424
97859424
97865927
98204176
98743435
98797169
99192590
