16077935
16078345
16083008
16159299
16175976
16176486
16180383
16195068
16211077
16239011
16252392
16256781
16267579
16308227
16380028
16382130
16388537
16409013
16419869
16494264
16507406
16530230
16543333
16545627
16553581
16576882
16582064
16596131
16612201
16613843
16622249
16639662
16645544
16653181
16668547
16674737
16677528
16690483
16717367
16720072
16758169
16768688
16774886
16786447
16803227
16806286
16816996
16828775
16837417
16844048
16852114
16852625
16907963
16923183
16959341
16973728
16978413
16978722
16997998
17044075
17051349
17057004
17058810
17082828
17087403
