208163619
192760613
15267988
11633492
89097997
31770632
183411734
216508676
59144285
32619109
12570727
32737655
107451665
20587641
26725269
118147779
85340363
61503232
30483929
111259050
113152780
111738266
164868112
216391432
163937721
29399623
15491042
167600564
120011015
20425049
39198970
145590433
11813932
90473156
84647393
35298218
126341665
61218161
107552812
112757095
36530833
17516123
211030341
38648373
145861344
230092572
158895251
108045685
121905487
31163876
16248450
178888981
16177357
29110572
70353474
80246424
116176591
114797715
41124346
4145265
168621150
174926830
26871823
80385957
34392674
42759952
44493632
155353435
7916700
71298259
65873895
221445320
30839474
7321957
12489814
12112269
127747967
114393473
58962989
46750256
146954594
36103414
32161906
59206997
137143023
116318594
106418561
8199524
62933226
115040670
109061714
121412557
58259373
37571609
90719139
119220679
224863899
35399558
24167516
5626835
68395041
37637736
23957904
5838201
95851994
99592722
55924431
147091575
86920075
118269316
116081383
6387880
18961715
27004989
72344875
160644208
192176186
27320101
22956199
72976934
43194881
35711625
104280107
86401723
118976952
6673831
104400495
129879943
30062782
11164325
170811911
