34579122
34758897
34827714
35229625
35236717
35248368
35300828
35345806
35360833
35372474
35528640
35632011
35783455
36060622
36068635
36294696
36419905
36487636
36593394
36607541
36945764
37031765
37127531
37138485
37286264
37371083
37416163
37500010
37526017
37678003
37691447
37743410
37789043
37953245
38025021
38069693
38088096
38135063
38145527
38347303
38478949
38490865
38693940
39133146
39190024
39332611
39382113
39397631
39503233
39532318
39677093
39923261
39966524
40167620
40233456
40737864
40790943
40887103
40902183
41019205
41102983
41175792
41176319
41192200
41197034
41197972
41241373
41241917
41272862
41531007
41553097
41781408
41866051
41909515
41978338
42032479
42044399
42059038
42094635
42345814
42356616
42512000
42542995
42561599
42582613
42730737
42776109
43057083
43266814
43547799
43575028
43693596
43695181
43721848
43826773
43944203
43996579
44009560
44167328
44195020
44283273
44341608
44507659
44507679
44536435
44621588
44899513
45099581
45137497
45222308
45224711
45376233
45388111
45443373
45768251
45826856
45831978
45912860
45987733
45997724
46029875
46571226
46578428
46667458
46770784
46841499
46842593
46851568
46938907
46976434
47080835
47430890
47439687
47772378
47797468
47895553
47928170
47958106
48099290
48160037
48300636
48346280
48399106
48755741
48780093
48948834
49190547
49262907
49403761
49484869
49507693
49944878
49996206
50008236
50095490
50095832
50180380
50206457
50222209
50364524
50438707
50914283
50991648
51024930
51127099
51267407
51370371
51423022
51542707
51590121
51760133
51762402
51796979
51903812
51963395
52245050
52715220
52834674
52886954
53099690
53174371
53223431
53440480
53580022
53623318
53641944
53859551
53977966
54915356
54950968
55099698
55335082
55807359
56247299
56612616
56652029
56819526
56923514
56929883
57215931
57318491
57516498
57545453
57814692
58226273
58488662
58743075
59349383
59783673
59823338
59842694
59959886
60043875
60244749
60480751
60724545
60766700
61235645
61422470
61503041
61589804
61599514
61772635
61789615
61841371
61899420
62078807
62180034
62371478
62450192
62673801
62683830
62699708
62727216
62863295
63236396
63466546
63492018
63865102
63910877
64408860
64707341
64748952
64821137
65032566
65133387
65409316
65422677
65441709
65456427
65588591
65606979
65737525
65834874
65861367
66422020
66597700
66597844
66998933
67261202
67367216
67688775
67702791
67750620
67830761
67880522
68606689
68659183
68677347
68698804
68796509
68814016
68862515
69130210
69236914
69340088
69370996
69553878
69592115
69993264
70041731
70063216
70542554
70561563
70653190
70695758
71068076
71306267
71448034
71487180
71539410
71559316
71728958
71863446
72179622
72249376
72293696
72350911
72390446
73016082
73104584
