108579718
18276382
107034967
138051501
118141550
57301419
102691953
139603625
114091312
116312389
44114668
117196292
30409014
173131490
28597291
34084993
42665411
7915205
182106033
62174643
9313920
18740334
105124268
25651376
116758844
113399864
129858869
110694994
110729436
169863493
133797875
151881982
222646937
51953609
140965582
99751602
59241988
229313790
53886265
80221702
29103381
58789567
37122958
223135142
30974931
28251890
22376550
32142463
152807677
44262028
12485195
27172201
147325800
167459021
110612011
132730989
90271711
60187395
173153926
11648747
22310865
12120090
5369486
190286899
12383500
53076021
58939546
119192963
51692381
74326947
12706885
29179751
139731723
18347800
59724942
29175744
91195775
16176168
206835349
26050862
21107256
25635058
197829490
158492878
79781965
11366257
176028946
141558030
128429762
185387348
202545396
225974372
4316148
190821739
41999386
185890855
11630038
47838853
52885675
72287400
22128368
