143087294
143222400
143461140
143616447
144724341
145812248
146121458
146356992
146807440
146890340
147143173
147335996
147879975
147883746
148103999
148173338
148230680
148300250
148455397
148464768
148525767
148615460
148619341
149236250
149655308
149969896
150022674
150107857
151345253
152098715
152366606
152743957
152925169
153049710
153086096
153392504
153451278
153898239
154409669
154519582
154531605
154618657
154715419
155392842
155400722
155713821
156097960
156101811
156413900
157115098
