107307514
107620373
107757692
107863642
108091222
108298046
108303305
108358311
108633896
109008639
109030755
109255150
109466476
109854948
109872803
109874628
110032098
110309511
110376306
110797384
110912068
110968373
111031515
112325430
112400879
112415452
112552324
112596953
112638080
112678232
112994333
113509970
113678778
113759191
113858027
113965443
114077253
114303868
115092575
115537468
115573000
115875826
115887767
116031868
116244371
116403890
116877609
116927906
117366304
117893810
117942408
118175350
119275050
120121106
120428271
120729000
121054673
121512463
121579811
121901485
122109923
122148490
122304628
122441750
122589657
123231543
123321150
123547119
124127837
124136558
124193607
124642388
124993486
125018021
125404769
125487950
126410077
126552239
126566611
126773303
126971446
127142040
127191277
127557256
127664710
128001815
129048459
129146675
129660143
130199883
130303726
130687299
130697841
130784990
130798358
130852875
130956744
131017586
131469486
131470168
131655547
131658307
131848135
131941405
132010509
132060621
132127942
132263468
132302778
132901458
132909167
133292906
133637138
133898438
134260386
134342866
134419226
134646211
135265469
135697123
135711999
135843867
136185426
136347853
136465178
136493092
136513951
137020164
137293449
137650387
137729629
137803042
137963178
138418493
138475773
138545618
138696951
138814216
139030678
139132867
139625425
139734602
139815823
139996128
140061440
140172107
140223943
140288371
140384095
141131525
141147202
141179397
141291511
141381613
141388381
141789750
142049211
142387965
142472706
142699939
142905591
143586289
143776786
143831167
144050876
144331152
144356774
145186567
145253130
145428800
145741543
145994938
146426553
146540013
146609824
147001454
147024899
147796962
147850995
148173338
148230680
148354971
148380357
148671683
148890907
149113807
149458920
149720132
150119783
150616820
150940773
150951014
151143633
151471899
151722065
151855851
152044304
152616818
152700927
152990094
153340846
153392504
153903893
154164215
154239053
154353015
154408150
154409669
154413858
154753272
154831510
155261105
155334257
155400722
155942737
155954608
156308459
156329383
156413900
156475487
156748297
156764309
156790608
157168535
157207904
157398382
157579060
157651846
157732050
157817353
158049048
158137524
158240148
158351956
158507033
159039323
159106242
159283776
159725168
159879566
160054375
160163148
160580789
160840501
161353201
161451865
161495630
161509446
161673948
162214574
162332791
162415957
162421680
162572302
162877779
162925208
163171593
163374796
163402424
163625809
163627891
163717588
163793296
164061732
164395793
164410213
164586417
164630513
164849052
164878454
165031174
165091804
165252120
165268313
165274994
165333019
165338533
165350006
165413619
165543334
165579500
165643610
165660610
165976913
166102099
166528880
166651399
166740589
166788261
166963690
167676680
167683590
167736468
167903505
168069355
168326353
168691725
168820695
169041176
169083536
169403417
169539177
169641455
169715954
169823329
169890521
169897982
169966062
170314505
170614014
170693954
170741413
170787090
171033007
171077545
171105270
171401104
171606194
171849173
172127712
172184653
172302063
172339761
172366634
172462242
173056914
173109951
173123929
173170558
173239816
173256753
173442939
173463405
173502199
173999774
174068922
174111976
174287415
174380467
174544554
174602228
174688602
174832878
174902831
174968928
175685993
175764787
175839073
176175149
176233627
176268548
176295662
176313126
176326318
176740756
177300625
177397300
177524074
177733973
177771687
177964683
177983634
178059658
178102915
178141005
178186841
178189578
178206924
178285658
178514789
178531030
178543122
178697616
178707429
178709141
178733699
178983337
179111385
179308601
179332800
179427497
179584148
179608183
179670891
179768380
179963149
180281818
180397952
180676538
180965187
181180740
181243279
181302710
181590912
181922157
182353773
182432456
182469249
182709118
182716333
