91747748
92256167
92316076
92372728
92444107
92455219
92577248
92605694
92696566
92709548
92918304
92938746
93052192
93119462
93325017
93359739
93662590
93885627
94053024
94545050
94605662
94680215
94690329
94752025
94943102
95354600
95495235
95584313
95670619
95929547
95988957
96042085
96722185
96890433
96913491
97316503
97347903
97480605
97487228
97632113
97909798
98204176
98217689
98304580
98394369
98560119
99192590
99271687
99724622
100329631
100402778
100890860
100904814
100906745
100944499
100979355
101336037
101513510
102070667
102126842
102223370
102549493
102801571
103507144
103767498
104283696
104548919
104782503
105055845
105117583
105198993
105285214
105632229
105853710
105858528
105950737
106405363
106553779
106784337
106838000
107129169
107297549
107659128
107743181
108191452
108298046
108523853
108659700
108876247
109090254
109133271
109210105
109255150
109434920
109830574
109832400
109874628
109876949
109909045
110000525
110035948
110346387
110382793
110457321
110576881
110714782
110797008
110822358
110998537
111444111
111574371
111628870
111795316
111947500
111976927
112089366
112183736
112325430
112441216
112513902
112596953
112665605
112678232
112854117
112989909
113033717
113128654
