159725168
159817409
159838227
159879566
160087157
160133045
160290784
160415422
161417450
161690737
162189813
163374796
163381988
163639960
163793296
163969016
164144080
164355598
164586417
164587696
164671836
164809095
165127651
165274994
165333019
165338533
165505344
165543334
165694960
166021117
166102099
166532784
166814079
167067183
167474515
167903505
167986325
167987026
168204274
168214492
168296820
168472514
168503762
168511749
168515282
168539536
168554697
168631818
168691725
168816551
168820695
168862637
168894095
169083536
169283613
169288911
169326977
169539177
169543571
169576209
169641455
169652517
169653390
169715954
169890521
169897982
170250672
170284630
170312623
170314505
170569268
170614014
170667568
170693954
170696228
170702028
170934024
171033007
171050850
171077545
171087987
171105270
171264372
171298768
171359104
171430642
171450191
171566455
171816658
171849173
171913591
172000332
172020601
172038863
172366634
172385527
172392363
172551423
172632534
172679676
172717182
172751993
173056914
173109951
173123052
173256753
173407436
173417215
173463405
173528833
173545730
173596598
173677043
173866924
173967032
173999774
174025957
174027642
174068922
174304501
174380467
174490217
174605300
174610195
174688602
174832878
174893259
174902831
175024686
175110741
175528163
175594053
175603861
175658936
175675570
175764787
176069039
176077486
176175722
176295662
176326318
176389760
176438880
176859635
176863712
176885037
177088628
177190072
177300625
177342443
177386976
177397300
177426983
177438128
177524074
177543543
177683124
177999704
178141005
178206924
178229589
178285658
178289335
178302968
178404235
178455837
178514789
178531030
178547649
178697616
178733699
178752459
178819855
178847824
178983337
178984266
179012885
179037193
179134504
179225518
179294423
179372288
179427497
179463454
179521240
179608183
179670891
179827445
179963149
180211472
180406024
180417655
180461891
180599139
180676538
180859587
181005070
181199776
181297454
181302710
181520537
181590912
181904738
181922157
182063433
182083415
182149264
182260888
182320060
182353773
182377561
182432456
182547829
182560104
182709118
182716333
182787304
182799109
183000944
183194810
183204036
183330990
183346447
183382223
183560520
183627352
183771517
183811858
183824839
183878298
183926800
183997204
184040309
184159003
184228165
184332399
184378283
184606166
184846282
184901845
185054442
185158898
185277753
185342298
185428914
185464432
185623965
185632819
185721167
185872270
185883916
185997444
186146948
186306534
186394377
186431591
186488532
186511375
186526361
186528354
186549514
186570428
186727611
186758022
186797267
186889827
186899193
187132665
187223013
187354614
187365109
187381203
187416435
187447824
187487644
187506283
187533084
187616313
187658462
187696257
187769714
187823275
187853487
187875000
187926278
187991706
188276722
188471692
188674755
188786733
188798639
188801943
188839368
188841360
188884881
188982483
188996428
189257410
189263873
189450873
189462566
189463617
189469182
189598094
189678021
189694004
189842005
189881323
189918713
190065099
190138812
190344470
190345238
190417082
190446417
190494215
190504908
190573549
190882300
190976728
190979492
191013151
191111453
191217539
191233153
191268334
191325764
191338313
191358383
191398359
191508217
191677963
191851298
191852164
191877218
191885762
191960725
192019985
192084163
192084716
192477351
192600288
192606563
192659539
192781583
192971185
192979936
193114134
193139916
193156887
193173356
193394913
193452390
193602632
193687977
193811866
193827889
193901241
193918224
194003539
194029857
194036115
194079485
194096094
194125567
194261863
194309119
194337494
194357366
194360053
194367986
194507466
194647810
194690239
194722892
194754854
195093899
195098611
195104520
195471439
195497461
195520546
195536077
195555871
195637967
195796431
195861807
195904482
196028996
196071377
