61899420
63077752
67009144
67152540
67373688
68929717
69004075
69039959
69823607
72965432
73166519
75222441
76133544
78091217
81955018
82627219
82768100
83323015
83787243
84315852
84365276
84468766
84677729
85341916
86712485
87030559
88239408
88491486
89618501
89702521
90258706
91001846
92799565
93035674
95670619
95945686
96548742
97264311
98743435
99239132
99541377
99810356
102758805
103124694
103145247
103523406
104159955
104922010
106317974
107626108
107659128
108275595
108505131
108815756
108965255
109255150
109450664
110319723
110621072
111553693
111667533
111948275
112065285
112325430
112513902
112596953
112953478
113472105
