18354420
18364384
18372224
18411845
18412479
18417951
18430894
18442880
18448106
18482428
18483731
18497384
18508094
18515856
18515888
18525315
18549223
18566845
18577019
18584325
18587509
18598690
18614449
18621370
18631563
18635020
18648559
18660321
18682473
18702169
18711477
18716570
18725572
18829979
18839628
18860827
18862603
18869695
18882974
18888302
18894830
18907562
18926742
18977556
18983297
18986230
18999682
19012600
19022150
19061698
19068623
19069220
19075168
19080969
19085090
19116079
19116415
19184714
19280272
19285240
19300578
19307184
19321505
19352855
19373840
19412249
19455303
19463644
19513242
19514075
19536701
19579688
19593825
19597689
19621431
19649146
19649988
19667373
