52032137
47930603
44414043
41464593
40916243
39074077
35118717
33315864
32037406
31740060
30985138
29349291
29016415
27004631
26279145
26066950
25700270
24687510
24577543
23959763
22469482
22422661
21234302
21212579
21164117
21079252
20584409
20489437
20436152
20167668
20110972
20048439
19686469
18791932
18646872
18554109
17597749
16978556
16754888
16582893
16042127
15846608
15319919
12876903
12269696
12168334
12058880
11682263
11378833
7961978
7663108
5733728
5582285
5171563
4660108
3679377
222718181
216627838
215513251
213975868
213721692
213715560
211222473
209205211
207514141
206540507
205975328
205882924
202730801
202659086
202099075
196666262
193867037
193160933
192354824
189438504
173982382
166201523
164586446
164526077
159521585
152850101
139482375
123991021
114104987
95410553
65733360
64007734
53352745
