210236461
210237638
210265808
210514428
210516837
210536343
210718088
210720539
210797915
210873629
210934818
210938471
210948017
210987949
211089573
211121483
211157441
211220524
211310680
211319780
211447855
211466237
211512116
211601189
211696848
211711289
211716701
211717555
211740576
211759737
211820486
211867625
211948280
211953819
212007207
212013074
212128720
212162726
212165202
212178983
212205526
212298057
212341886
212376175
212385056
212408320
212519233
212567160
212567624
212738683
212781651
212801901
212825536
212854725
212859684
212871708
213089920
213124896
213179088
213189413
213252600
213298028
213324781
213350652
213352639
213369477
213447922
213643522
213648923
213679383
213721692
213823740
213843852
213851522
213968075
213971448
213975868
214025779
214032325
214292251
214357028
214360060
214411790
214416316
214438040
214565883
214568140
214693983
214794344
214819551
214832650
214916415
214968645
214970176
215093765
215209251
215254789
215287374
215415842
215513251
215516639
215678777
215688732
215712272
215723330
215819964
215864244
215887297
216062146
216086603
216135268
216183363
216247685
216324954
216329506
216351906
216444363
216483177
216627838
216735577
216745897
216769903
216826474
216872372
216893603
216908883
216944320
216983111
216994307
217019838
217085054
217141154
217211766
217225425
217272896
217475836
217506239
217527054
217628033
217628061
217667773
217691846
217703168
217791471
217883329
218002353
218079128
218152644
218153201
218267419
218285209
218514274
218566023
218603950
218607011
218810938
218835913
218945894
219113358
219352749
219464424
219489989
219500996
219691135
219698877
219724841
219818826
220079287
220137305
220149670
220276831
220329277
220431140
220444733
220497609
220502792
220522373
220641496
220673944
220733055
220738172
220767445
220943867
221130251
221204199
221271264
221285154
221303996
221334057
221364541
221387608
221429312
221469592
221497841
221547636
221601057
221726962
221759228
221817140
221931519
221989980
222021475
222123196
222145913
222238497
222270267
222270840
222320629
222407059
222430901
222456933
222584384
222660281
222711887
222716558
222769270
222864379
222944748
222995342
223024237
223100543
223159899
223270602
223400355
223412728
223453316
223537730
223697432
223917868
224012389
224045955
224057530
224078220
224100284
224116900
224277868
224322395
224373767
224396159
224447482
224623806
224732830
224765316
225040271
225062397
225126893
225167707
225185826
225201058
225295391
225322084
225331905
225410898
225489616
225495713
225678431
225778925
225874430
225934342
226270543
226349377
226785061
226791654
226905827
227050302
227087752
227161651
227174495
227203603
227286781
227329972
227390667
227461946
227618370
227641590
227741202
228007731
228023807
228068849
228170344
228184279
228494527
228569056
228572899
228589085
228678082
229314479
229318753
229568156
229591036
229636132
229749422
229816875
230087844
230163082
230241087
230386592
230421113
230602991
230755295
230974915
230993444
231128811
231129180
231169168
231177858
231214912
231268783
231290476
231521858
231776772
231781134
231890645
232033608
232046366
232175635
232193091
232369783
232370459
232370992
232440047
232521951
232599724
232648177
232649155
232684411
232703930
232857951
232940306
233088193
233118629
233219207
233240602
233241967
233371897
233427593
233529620
233573908
233583291
233594974
233598736
233625295
233703739
234066021
234200916
234332702
234378191
234410803
234476867
234499019
234514049
234632358
234696785
234953421
235035759
235055185
235441081
235464225
235541179
235549810
235557407
235586501
235595409
235613184
235654493
235666338
235810575
235916980
236005094
236044076
236077265
236082827
236103313
236119759
236162279
236257676
236358886
236445067
236450926
236559683
236579570
236606581
236653785
236890323
237038864
237049519
237462210
237604150
237609345
237914640
237929437
237935460
237971731
238037961
238132487
238229177
238259349
238267720
238326340
238411532
238519875
238654505
239143445
239337751
239517425
239573092
239987627
240180983
240186460
240223257
240319868
240366068
240377815
240533830
240897756
241048370
241094893
241257006
241310901
241457767
241582808
241625013
241829092
241831947
241903583
241961932
242065919
242351774
242396969
242553446
242704497
242739215
242828281
242848783
242994450
243101618
243282210
243377202
243427966
243469910
243592838
243687127
243713407
243781732
243799721
243907206
243950593
244091474
244182578
244354497
244392350
244442217
244588055
244774473
244884776
245063045
245127277
245147878
245276577
245434912
245560651
245602104
245624249
245634361
245870497
245927845
245950361
246280666
246326490
246368021
246488710
246520084
246607252
246701177
246718508
246784056
246966173
247572517
247634395
247661672
247859642
247925577
248484776
248500088
248922777
249047067
249141577
249303713
249307177
249330683
249525571
249609370
249641637
249696743
249749380
249935100
250053478
250104006
250478360
250547510
250610467
250650845
250651237
250707556
250812709
251375741
251512200
251614528
251708870
251738716
251799130
251900255
251911425
251983772
252129916
252311815
252412959
252441116
252911584
252994976
253078279
253127898
253138115
253155357
253365212
253681755
253775142
254054883
254170079
254308126
254592249
254737437
255064251
255137926
255167997
255319002
255437857
255483068
255576006
255892766
256157416
256195556
256454424
256866559
256977886
257528670
257580228
257864511
257895420
257988477
257993087
258000258
258139811
258256127
258647966
258776193
259104090
259420763
259575263
259800729
259817177
259829596
259974587
260614976
260996505
262139937
262448123
262914304
263235644
263401439
263524486
263930555
264167042
265214460
265468892
265589888
266242555
266787876
266988060
267708098
267711427
269184542
270443711
270593696
270829634
273511136
