12723725
12746307
12766617
12810577
12819584
12894821
12907751
12926120
12932568
12972069
13043929
13118625
13190110
13225635
13260885
13269825
13298901
13361371
13412347
13419336
13493768
13564186
13696166
13740316
13756317
14039037
14159228
14186318
14822735
14928464
15046476
15101652
15120237
15280324
15362379
15372655
15440042
15487569
15772249
15794534
15848231
15946262
15956668
15979510
15980687
16021243
16107886
16167699
16206051
16211989
16268479
16311323
16320716
16325119
16531422
16575970
16602505
16610330
16622249
16628255
16673677
16754012
16807872
16886589
16990684
17133494
17210853
17268036
17416122
17434789
17495508
17531564
17738731
17807691
17906799
17997404
18044096
18241984
18260828
18316617
18418616
18422077
18531121
18686468
18807343
18963578
19012600
19051535
19086011
