145146075
145173080
145253130
145292246
145392111
145408802
145447837
145746737
145747054
145854939
145953527
145994938
146152022
146274845
146283529
146400840
146426553
146433501
146473090
146890139
146891945
146928368
146968626
146984590
147001454
147053985
147120926
147231856
147322083
147513760
147584651
147684781
147796962
148014833
148173338
148182981
148236431
148312946
148313709
148319392
148408382
148455397
148615460
148781968
148872815
148890907
148967921
149009937
149064195
149113807
149162509
149333845
149549286
149570667
149604531
149660511
149732869
149754964
149800443
150022674
150229281
150272446
150468636
150505643
150580153
150915963
150955184
151008740
151177282
151263516
151444965
151450516
151471899
151493439
151581842
151588044
151615290
151645868
151722065
151745857
151756865
151782995
151855851
151959051
151971249
151987323
151997703
152087057
152156212
152206228
152228755
152256766
152355179
152373907
152395497
152451009
152692799
152697427
152700927
152787642
152842529
152957125
152978351
153032564
153123328
153192706
153246321
153340846
153392504
153405388
153724042
153776160
153890257
154239053
154259251
154328755
154401947
154408150
154508874
154589398
154721261
154829246
154831510
154838232
154850374
154932767
155057563
155268184
155274538
155371202
155400722
155430665
155514003
155580898
155618533
155620133
155728253
155920856
155942737
155954608
156014872
156201390
156305557
156308459
156329383
156475487
156748297
157017844
157050449
157269431
157383699
157398382
157526400
157561212
157579060
157670045
157817353
157927212
157954138
157974313
158037794
158049048
158137524
158201047
158298942
158354256
158538190
158617520
158662289
158762727
158778147
159032577
159075201
159077142
159106242
159153685
159283776
159374003
159406298
159563681
159708295
159725168
159764703
159809767
159836496
159842775
160054375
160060592
160133045
160146836
160288838
160446737
160477371
160654157
160813152
160840501
160882074
160962959
161008523
161130453
161353201
161377384
161495630
161656756
161690737
161880139
162031931
162037241
162168557
162254536
162316151
162332791
162442456
162450508
162474001
162480079
162500604
162528294
162545554
162605849
162608977
162627976
