129014545
130556601
130697841
131212207
131655547
132003870
132263468
132909167
133642963
134681653
135801397
136185426
136518476
136560552
136891502
137020164
137860665
138440037
138620923
138720528
138928779
139057806
139303972
139734602
139773769
140061440
140223943
140254070
140710311
140969769
141012036
141147202
141381613
141489038
141557042
141849654
142412554
142704784
143461140
143533577
143586289
143947485
143989259
144187033
144331152
144673838
145146075
145186567
145186991
145253130
145317410
145738990
145994938
146167687
146410537
146785702
146878618
146891945
148347534
148872815
148890907
149069305
149074694
149277530
149333845
149570667
149754964
150616820
151455360
152228755
152331132
152565866
152700927
152738463
153123328
153135232
153285899
153360071
153474780
153483749
153661889
153966119
154032414
154289814
154353015
154589398
154831510
154850374
155261105
156413900
156605290
156748297
157090167
157531304
157579060
157670045
157817353
157954138
158221351
159032577
159406298
159471210
159527865
159528387
159539598
159668766
159836496
160290784
160415422
161690737
162189813
162528294
162877779
163381988
163402424
163969016
164061732
164630513
164667097
165127651
165338533
165413619
165543334
165694960
165914332
166034400
