42340495
21053290
37741299
83076788
15966257
39646340
125616422
132169433
90719139
232773149
9890115
125616690
217679544
12098644
205060113
128420779
20365075
241156376
4368562
186789806
43527874
87624678
37070103
57438231
194582955
108186826
25467105
21331195
44367688
33138646
16265348
39627360
80573941
67329731
113888514
3013909
5208720
144793017
170835197
5584869
6936933
80732107
206845420
93019073
45916979
17163946
120085479
20775140
37122958
198214726
250749794
13307896
17738323
193359333
17230945
50776758
228605436
13061890
76607456
