94545050
94605662
94680215
94690329
94752025
94943102
95354600
95495235
95584313
95670619
95929547
95988957
96042085
96722185
96890433
96913491
97316503
97347903
97480605
97487228
97632113
97909798
98096527
98204176
98217689
98304580
98394369
98560119
99192590
99271687
99429953
99724622
100329631
100368364
100402778
100890860
100904814
100906745
100944499
100979355
101336037
101513510
102070667
102126842
102223370
102283004
102549493
102801571
103110060
103507144
103767498
103985019
104116639
104283696
104548919
104624071
104782503
105055845
105117583
105198993
105285214
105632229
105816984
105853710
105858528
105950737
106405363
106553779
106784337
106838000
107129169
107297549
107659128
107743181
107931477
107960759
108191452
108298046
108401216
108523853
108659700
108714882
108876247
109090254
109114772
109133271
109210105
109255150
109434920
109729848
109830574
109832400
109874628
109876949
109909045
109930526
110000525
110035948
110346387
110382793
110457321
110546065
110568463
110576881
110714782
110748458
110775117
110797008
110822358
110998537
111302795
111444111
111506323
111532869
111574371
111628870
111677033
111689778
111795316
111947500
111962441
111976927
112089366
112182352
112183736
112325430
112441216
112513902
112596953
112665605
112678232
112854117
112989909
113033717
113128654
113678778
113844557
113872601
113969516
114110902
114203560
114303868
114326934
114492032
114593209
114610052
114850745
115300908
115361677
115377125
115491404
115573000
115721535
115909464
115913694
116160333
116271403
116358934
116430591
116451884
116586605
116860026
116878845
117034876
117095661
117136767
117235153
117330255
117359784
117547826
117556279
117756152
117757051
117893810
118040733
118050078
118059186
118070379
118328234
118401865
118423088
118486023
118520726
118906483
118923047
118929795
118977857
119252508
119384989
119523305
119666391
119733885
119833527
119884547
119927083
119974679
120007543
120021156
120028066
120102728
120294423
120671577
120729000
120793870
120803431
120808120
120840307
120989175
121001004
121016779
121085537
121150190
121190750
121204525
121458840
121527971
121901485
121932753
122026108
122044090
122109923
122120899
122148490
122169422
122173091
122197518
122266718
122373779
122414126
122467852
122489372
122605147
122686221
122724468
123230565
123285786
123299324
123321946
123383596
123403220
123523369
123921436
123990693
123998053
124034163
124049142
124061361
124091112
124165403
124230642
124343668
124414252
124435134
124512308
124630399
124642388
124930868
125105033
125264778
125273425
125352850
125410222
125488504
125882816
125907509
125951152
126016068
126245214
126310373
126552239
126570038
126593269
126604048
126773303
126825011
126894771
126910897
127010578
127080437
127095938
127109616
127141041
127187095
127291153
127478673
127529749
127548607
127557256
127610284
127693004
127697471
128118075
128180286
128276959
128321166
128379117
128384689
128478295
128765713
129014545
129046399
129135381
129236782
129352043
129385819
129452984
129456997
129461744
129577842
129833935
130344080
130524784
130591693
130733357
130757102
130784990
130810180
130956744
130993178
131017586
131042522
131167161
131192401
131212207
131249612
131469486
131767755
131848135
131878521
131941405
132001595
132010509
132031413
132113337
132142105
132260045
132261048
132263468
132432610
132468979
132851117
132873238
133015242
133088936
133112708
133243515
133541834
133637138
133642963
133805452
133831477
133991561
134194377
134203798
134260386
134268481
134314381
134342866
134461067
134493323
134672344
134939999
134996965
135081201
135203316
135368046
135370228
135517968
135542874
135663833
135801397
135910567
135977192
136054646
136185426
136208539
136320150
136387588
136444566
136465178
136475248
136566003
136611898
136644356
136740309
136799720
136891502
136997599
136999830
137008341
137020164
137397320
137401622
137544295
137553207
137592186
137650387
137729629
137860665
138024726
