53490932
53537922
53585806
53610362
53680079
53742924
53778302
53803878
53818330
53854296
53858258
54000997
54007495
54011411
54296761
54381989
54419406
54450409
54471419
54510496
54551955
54563707
54576779
54637628
54637781
54697272
54805828
54807673
54827277
55003338
55009187
55033390
55110565
55140398
55191260
55330584
55347670
55370510
55467025
55532212
55585788
55631138
55674774
55749980
55844097
55920353
55937693
56007685
56052898
56082946
56117062
56140289
56146441
56174141
56184914
56247299
56279070
56317548
56325710
56332748
56385822
56421152
56425653
56525309
56533806
56560228
56633823
56640072
56697252
56701404
56720483
56749059
56763015
56855010
56867372
