60277865
60326343
60372423
60396237
60546192
60571977
60577735
60595306
60597376
60613219
60670074
60717297
60751167
60769309
60833232
60845714
60941570
60957416
60975468
60988928
61059296
61065857
61081876
61106292
61122555
61131727
61310967
61357047
61401908
61417090
61423027
61433554
61464213
61538250
61613617
61658595
61659468
61686229
61811571
61818094
61851771
61947783
61947876
62079280
62083701
62108405
62117991
62129942
62170952
62172051
62188805
62219291
62256246
62256261
62469541
62598990
62628148
62703377
62727216
62767030
62799828
62819617
62842667
62846773
62899537
62953353
62964990
62985391
63033587
63058831
63075699
63075911
63161831
63194942
63211613
63256728
63303510
63334793
63342094
63369264
63466546
