3962395
4348482
5190661
5223124
5270220
5388317
5600243
5684822
6060958
6100674
6373284
6388776
6693932
7013538
7149138
7485688
10233388
11274386
11429167
11501199
11577069
11648759
11893136
11899808
12111593
12144972
12233586
12638092
12766617
12803165
12839689
12882046
12888983
12910315
13190199
13308676
13581831
13588188
13820966
13909603
13983550
14045136
14287809
14501929
14956760
14976590
15046476
15074549
15354295
15369961
15482192
15553056
15683347
15691731
16874487
17133494
17394143
18008895
18041181
18134091
18184922
18215978
18476674
18477521
18489346
18524385
18540433
18593172
18703080
18925650
18978723
19533721
19846520
20132115
20169709
21360150
21780840
22030958
22167351
22561793
22586626
22724502
23006385
