35780673
35783455
35855054
35923523
35989186
36024687
36050955
36286302
36360991
37001791
37024038
37242620
37315086
38146311
38152387
38465583
38471978
38476960
38621585
38708341
38981722
39060041
39233017
39269128
39284912
39301691
39677093
39752318
39995671
40123026
40193584
40224758
40283704
40427322
40851806
40897490
40977494
40979810
40985024
41135196
41197034
41536730
41866051
41986824
42172894
42197640
42275437
42342142
42436142
42454592
43301997
43386327
43405528
43871657
44332647
44336153
44341608
44797974
45129253
45443373
45482119
45613823
45696583
45802588
46460682
46616576
46635154
46914982
46932121
47058295
47067069
47073010
47150142
47622523
47636445
48011989
48229913
48279343
48668223
48723256
48725960
48770394
48783674
49069422
49081496
49278753
49295144
49443117
49483649
49521144
49733934
49880628
50040068
50120331
50525601
50535830
50573142
50740163
50826539
50879505
50884245
50927523
50978700
51406583
51687226
51766625
51812478
51905469
52575714
52886954
53117745
53280009
53298705
