43348762
43586136
43619843
43766856
43901206
44161733
44191030
44251957
44316285
44493185
44587988
44770112
44797044
44876030
44933883
44949262
45022697
45154991
45868862
45905792
46086843
46616576
46635154
46649529
46705427
46911297
47204353
47388867
47413980
47509030
47670016
48144035
48374159
48475771
48762247
48783674
48869596
49115992
49326332
49574921
49598744
49923877
50279806
50302600
50377344
50580057
50740163
50879505
50927523
50995844
51266826
51480383
51734976
52886954
53350887
53532664
53585806
54236455
54443090
54631981
54858030
54891949
54950968
55074681
55608086
55626508
55701266
56080874
56138183
56318594
56361767
56536713
56600091
56636604
57069354
57091051
57219892
57291262
58474233
58488662
58656068
58779665
59416896
59713999
59868178
60171293
60185044
60555606
60570836
60686548
60756336
60941570
61249844
61433725
61499011
61639736
61701913
61738517
61845535
61974977
62180034
62593335
63303476
63517589
63695409
63913620
64427246
64446527
64607880
64663400
65068721
65159417
65439954
65473174
65566139
65674414
65796920
65901485
66106428
67034607
67090002
67535995
67712184
68057834
68164366
68191385
68202580
68219492
68373040
68380018
68441024
68513619
68571734
68652765
68659183
68677347
68796509
68921926
68932016
68941421
69161063
69260727
69279869
69506259
69647006
69684176
69793408
69871546
69877315
69929423
69940642
70074762
70682241
70864153
70886179
70979400
71159722
71502943
71863446
72129296
72251997
72472766
72557456
72619840
72621426
72823725
72861767
72976460
73020739
73089464
73358969
73587732
73597270
73603358
73763055
73853688
74028827
74091165
74132967
74202488
74304204
74324369
74482371
74489476
74640961
74687318
74817463
75018354
75025191
75194779
75222441
75263673
75477466
75549559
75637840
75795573
76037186
76185142
76517966
76533823
76939526
77165898
77167088
77413531
77447543
77622791
77763121
77859112
77925061
78070698
78124914
78213083
78500387
78522137
78743047
78897443
79079680
79227407
79301387
79372851
79423247
79454999
79548706
79700113
79768012
79916224
80066853
80126651
80158536
80459773
80561280
80576432
80652940
80678922
80830349
81043066
81153954
81347087
81500594
81546589
81773554
81830788
81873451
81978836
81994749
82054962
82058745
82091202
82131196
82282032
82720749
82734733
83025885
83035627
83205495
83285202
83563066
83595458
83647295
83701517
83787243
83897107
83927624
83979176
84239617
85875405
86068680
86440708
86458363
86923327
87188927
87219248
88308230
88905333
88967073
88967157
89028125
89208805
89398273
89457951
89567689
89571303
89704210
89734299
90088136
90309047
90470301
90493448
90509946
90627848
90694249
90889336
90913370
91001846
91351190
91495494
91534224
91559428
91669383
91747748
92256167
92316076
92372728
92444107
92455219
92577248
92605694
92696566
92709548
92918304
92938746
93052192
93119462
93325017
93359739
93662590
93885627
94053024
