69507413
69546297
69552187
69560487
69584073
69622495
69755152
69760889
69766826
69784328
69788100
69836590
69909161
69995401
70004913
70037011
70125216
70152432
70229564
70328854
70411848
70419951
70466773
70472056
70476545
70497407
70593594
70604494
70915804
70923935
70951976
70976902
71006220
71006709
71014808
71068076
71253601
71301147
71327538
71361343
71361379
71399867
71463177
71507041
71587207
71659278
71763001
71824114
71857791
71935314
71960925
71999906
72002585
72025360
72052068
72133550
72165664
72237942
72287867
72310940
72320548
72363806
72373675
72387513
72719063
72815401
72824336
72905115
72917916
73007509
73016082
73078379
73100141
73104584
73107566
73129764
73145961
73167368
73219776
73246427
73352787
73536503
73553633
73569363
73776385
73779605
73817792
73844261
73915409
73936139
74101511
74107798
74134140
74173334
74237663
74273287
74453574
74525418
74599913
74603431
74620530
74677603
74722874
74883816
74916459
74924478
74946585
74966199
74976879
75047276
75113596
75270743
75361814
75424229
75476118
75478191
75518217
75637808
75716783
75722876
75755233
75789318
75985684
76020838
76024075
76112596
76197521
76371479
76479170
76591571
76618702
76642927
76644151
76838560
76868839
76895458
76896680
76909219
76993158
77013553
77030705
77035580
77049296
77060240
77064329
77080113
77083439
77112924
77116373
77169192
77198209
77239055
77244230
77256816
77277436
77287951
77297705
77298487
77321748
77329839
77337170
77392752
77411918
77479763
77484801
77492978
77505071
77523423
77544846
77549106
77557430
77618031
77650419
77658927
77660138
77695698
77724719
77760754
77772016
77775950
77789302
77792667
77797617
77833840
77835762
77844546
77857162
77863951
77868634
77892752
77905422
77907500
77922896
77923501
77934896
77984356
78018991
78025969
78042516
78045362
78054279
78059410
78086340
78089616
78090578
78093005
78119821
78122064
78135203
78143757
78183934
78222292
78226321
78257233
78286080
78333683
78356819
78370181
78444913
78458335
78478958
78486193
78576431
78592297
78611980
78655980
78682132
78686310
78723988
78730792
78772676
78819223
78819683
78863985
78869646
78870004
78872943
78909008
78909012
78919956
78933325
79013059
79014531
79017140
79028532
79067312
79112652
79114292
79166028
79203859
79207238
79216300
79237204
79249330
79255628
79268972
79274523
79281998
79282683
79288016
79297790
79336661
79353548
79384811
79393593
79395211
79438173
79442930
79444823
79492672
79503788
79505341
79513691
79519564
79563508
79605556
79623241
79649588
79654956
79706380
79719413
79764277
79864981
79873618
79879532
79882592
79905611
79947814
79973180
79992106
80034452
80055808
80079376
80105515
80118223
80149995
80236893
80285194
80285681
80319345
80325358
80342170
80349905
80365163
80377973
80393162
80404925
80428223
80440381
80448740
80461685
80477840
80501175
80547509
80548018
80548155
80587024
80600374
80613814
80626347
80627622
80633364
80651409
80733648
80765589
80811532
80863530
80884747
80912138
80950383
80950549
80954442
80971583
80982731
80995075
81044751
81150998
81160215
81234383
81289718
81300952
81325570
81338031
81340495
81374381
81382846
81383069
81391338
81395090
81404853
81405107
81431562
81465969
81479145
81505012
81506646
81537706
81553511
81570113
81576017
81604165
81606763
81611148
81620758
81621210
81627646
81636310
81675466
81727754
81750816
81764814
81832745
81892967
81920371
81925237
81965814
82000654
82015663
82054569
82096822
82119013
82121520
82129108
82175997
82183767
82192457
82199627
82234816
82242077
82252618
82260043
82271433
82304727
82336872
82371031
82373391
82394419
82394892
82410666
82477325
