182083415
182149264
182229606
182260888
182344138
182353773
182377561
182432456
182469249
182480769
182530893
182613590
182664231
182674833
182709118
182716333
182731514
182756527
182767752
182778196
182799109
182826252
182932462
182938247
183204036
183300086
183330990
183395959
183468127
183555319
183627352
183658478
183678566
183732960
183750629
183811858
183824839
183838470
183843263
183878298
183926800
183997204
184040309
184053948
184228165
184264685
184332399
184570757
184606166
184792983
184810559
184846282
184901845
184914141
184965077
185062547
185072231
185153358
185158898
185324777
185326004
185414203
185428914
185464432
185623965
185632819
185646534
185872270
185883916
185894142
185981020
186127787
186130465
186146948
186212863
186229182
186267518
186310269
186356070
186379771
186432618
186439635
186451854
186528354
186549514
186570428
186598693
186758022
186797267
186861630
186889827
187011391
187132665
187171351
187179802
187184295
187223013
187224285
187234842
187251146
187266133
187350368
187365109
187378338
187395890
187487644
187532876
187658325
187696257
187743030
187773686
187824189
187908421
187991706
188074650
188110293
188126146
188134782
188161762
188261579
188417593
188471692
188486839
188496721
188597709
188602120
188664693
188786733
188801943
188827514
188839368
188982483
189051475
189167233
189188752
189204097
189257410
189263873
189313346
189315741
189450873
189463617
189469182
189584001
189596728
189665831
189719477
189749951
189848613
189938154
189956503
190138812
190211414
190321371
190344470
190417082
190494215
190681324
190728707
190752487
190753897
190976728
191070356
191111453
191132106
191135320
191187619
191217539
191233153
191290331
191325764
191397083
191398359
191508217
191511327
191512550
191660100
191677963
191851298
191852164
191877218
191929768
192073502
192084163
192305887
192577250
192606563
192653089
192890688
192909499
192913300
192933591
192979936
193022252
193045992
193156887
193399781
193687977
193785957
193811866
193811991
193852634
193901241
194079485
194096094
194211645
194261863
194287945
194303579
194309119
194337494
194386212
194418267
194429542
194507466
194553733
194601526
194652247
194690239
194817216
195104520
195111383
195405066
195520546
195555871
195656314
196028996
196151040
196466777
196606557
196609566
196617759
196783364
196948826
197021115
197067872
197097920
197108453
197155776
197266181
197275560
197387265
197481495
197660963
197661893
197816320
197902174
197942121
198063266
198065790
198084037
