119821535
120007543
120127130
120248165
120428271
120729000
121956890
122026565
122148490
122173091
122724468
122948957
123448697
123523640
123750287
123890630
124049142
124506227
124642388
125264778
125738996
126773303
126970577
128276959
128980597
129046399
129310237
129406412
130303726
130757102
130788461
131192401
131212207
131469486
131539350
131558399
131941405
132060621
133243515
133642963
133761208
133803748
134081630
134536029
134801711
134882703
135797385
135838490
135910567
136004444
136185426
136999830
137020164
137570360
137650387
138228477
138545618
138617880
138696951
139057210
139057806
139255610
139773769
139953914
140172107
140257725
140639944
140710311
141147202
141156712
141381613
141505788
141529099
141629760
141737151
141945787
142200602
142221726
142496963
142657521
143533577
