112231768
112596953
112665605
113678778
114303868
114542043
115573000
115602237
115677469
115690951
115721535
116132574
116358934
117050391
117608910
117724404
118484217
118904045
119925286
120671577
120729000
121000956
121350329
122109923
123231543
124091112
124230642
124702019
124933544
125275623
126036174
126289741
126565861
126604048
126658091
127121595
127142040
127869858
128765713
129008202
129236782
129280349
129385819
129452984
129833935
130954283
131114167
131655547
131878521
131941405
132127942
132261048
133402470
133637138
133727866
133908301
134194377
134342866
134882703
134911739
135081201
135211118
135801397
135910567
136465178
136644356
137020164
137544295
137570360
137644915
137650387
137710252
138253386
138696951
139348588
139659081
139734602
139773769
140136274
140254070
140394800
140707245
140969769
141147202
141148131
141156712
141184093
141291511
141473884
141527151
141739308
142022799
142200602
142718557
143137383
143251261
144055893
144318815
144331152
144390539
144717030
145253130
145994938
146092493
146400840
147584651
148173338
148347534
148368880
148408382
148448839
148455397
148512922
148733658
149074694
149103215
149113807
149427462
149456905
149660511
149754964
150505643
150531493
150876354
151179850
151997703
152335591
152349389
152842529
152964079
153007943
153123328
153192706
