39308920
39049078
38910760
38900732
38876166
38052377
37877873
37691925
37096914
36956520
36626075
36443795
36396604
36000288
35711429
35241522
35124273
34784781
33840368
33808480
32457336
32374333
32321312
32025528
31919797
31750017
31488962
30370411
30359840
29402203
29177023
28996033
28671734
28474084
28262661
28240959
28154476
27942320
27914703
27531245
27214563
27152190
27031127
26747729
26585512
25830392
25725719
25488706
25282198
25226593
25167175
24686209
24584381
23761300
22956865
22848200
22804920
22777628
21223537
20682210
20620889
20561923
20355380
20304864
20262577
20247071
19638167
19449961
19442265
19256092
18708517
18528075
18466784
18293981
17870405
17785205
17740977
17592211
17280983
17093835
17051618
16680299
16433302
16068582
15610507
15362379
15334930
15244346
15074549
14881452
14835111
13490535
13483101
13449190
13287811
13210743
13209769
13104438
13102632
12919877
12727399
12718662
12492069
12369391
12368032
12305162
12288297
12158678
12058880
12023242
11981742
11980938
11951216
11925861
11748818
11741264
11559857
11499384
11375907
11342267
11008371
10884368
10674040
10046882
9122016
8182904
8152672
7329903
7159288
7040080
7022223
6680515
6592167
6551499
6530034
6523021
6463373
6449866
6354825
6167122
6068296
5934088
5887418
5805224
5701954
5582285
5478385
4980396
4880735
4736434
4725525
4660067
4550646
4529613
4333549
3914008
3102383
2768208
230996319
229258846
228529215
228468868
228174884
227815809
227595328
226978623
226685052
226289597
225728635
225343998
225098717
225042561
224765316
224489508
224019839
223977280
222876829
222819809
222575910
222483907
222418438
222123196
221842497
221551132
221479485
221307173
221271264
221204199
221184123
220890277
220780134
220738172
220691396
220535108
220340321
220276831
220137305
219875971
219807489
219528413
219526819
219519238
219507809
219154114
218960062
218945894
218709369
218434370
218118588
217475836
217252733
217141349
217056088
216739262
216562020
216439298
216357956
216183363
215485992
215443590
214968645
214967429
214819551
214438040
213971448
213946618
213946528
213892133
213851522
213823740
213734682
213646277
213580002
213189413
213089920
212825536
212699574
212341886
212264134
212238329
212195752
212160182
211948280
211923737
211601189
211545893
211351957
211211480
211170856
211168057
211162120
211157441
211082023
211002812
210938471
210853890
210797915
210592135
210559613
210268520
210062267
209937501
209923875
209861481
209742857
209661992
209623778
209512609
209497055
209296031
209221502
209217834
208858790
208593859
208583852
208577078
208432355
208408136
208405944
208372106
208244749
208192885
208138112
208134533
208134463
208122485
207984779
207946573
207701690
207640034
207609653
207470434
207427126
207407333
207399773
207340362
207328694
207310569
207250419
207163813
206962460
206286382
206197799
206195183
206189473
206161175
205949379
205708683
205634970
205556382
205520695
205515685
205515348
205502101
205218148
205214360
205196026
204959607
204885562
204842532
204734385
204563165
204558842
204520719
204306820
204269721
204190779
204072023
204050025
203975197
203860168
203495114
203354441
203249466
203218745
203213902
203140330
203066796
203060224
203052904
202968230
202931448
202874537
202856088
202855679
202852502
202841612
202745550
202739399
202716238
202606998
202559579
202557496
202550703
202474911
202474601
202457491
202436630
202407026
202348531
202341445
202202481
202197649
202107073
202055331
201924916
201815397
201635972
201622358
201598808
201574231
201387047
201347575
201229350
201147752
201032720
200920646
200919309
200899236
200786373
200764350
200763877
200728322
200529062
200433483
200427817
200421415
200420644
200346955
200194160
200181152
200084273
200033425
200022959
200008130
199983345
199837136
199813835
199722025
199618902
199605510
199568633
199562728
199410802
199373693
199288956
199266836
199200127
199165988
199149961
199143604
199135790
198959234
198949920
198938484
198778790
198682536
198579852
198515491
198489174
198466144
198330092
198314316
198306673
198065790
198028629
198026561
197924458
197902174
197816320
197661893
197660963
197387265
197246960
197097920
197067872
197021115
196948826
196914514
196867729
196718986
196617759
196606557
196468780
196341743
196086670
196071377
196050611
195943730
195641778
195629456
195555871
195536077
195505878
195405066
195320759
195290319
194910349
194817216
194744781
194694254
194507466
194443471
194429542
194418267
194386212
194337494
194309119
194304787
194287945
194261863
194211645
194079485
194040237
193901241
193811991
193811866
193785957
193461659
193186703
193173356
193139916
193014224
192988602
192979936
192913300
192890688
192653089
192606563
192601557
192577250
192305887
192084163
192019985
191877218
191852164
191851298
191677963
191660100
191645133
191512550
191508217
191290331
191268334
191219955
191217539
191187619
191132106
191111453
190976728
190752487
190446417
190417082
190321371
190162581
189848613
189749951
189665831
189584001
189469182
189463617
189427621
189313346
189263873
189204097
189051475
188982483
188884881
188839368
188827514
188798639
188597709
188496721
188486839
188417593
188161762
188134782
188126146
188110293
187991706
187908421
187743030
187696257
187350368
187266133
187224285
187223013
187132665
186889827
186861630
186758022
186570428
186549514
186451854
186432618
186356070
186310269
186229182
186146948
185981020
185894142
185883916
185721167
185646534
185632819
185414203
185326004
185324777
185158898
185153358
185072231
184914141
184901845
184846282
184792983
184606166
184332399
184228165
184040309
183926800
183878298
183843263
183824839
183811858
183678566
183658478
183592927
183555319
183204036
182938247
182799109
182767752
182756527
182731514
182709118
182674833
182664231
182613590
182432456
182377561
182353773
182296117
182260888
182229606
182149264
182020655
182000254
181904738
181765868
181748365
181711958
181708109
181544931
181371018
181341846
181302710
181297454
181280674
181243279
181103169
181074499
181005070
180759471
180672489
180577957
180557126
180461891
180406024
180349852
180297732
180192235
180148941
179670891
179608183
179571176
179465097
179308601
179305853
179301532
179294423
179191283
179155410
179134504
179113123
179111385
179037193
178995730
178983337
178929697
178902077
178819855
178805338
178707429
178613190
178541095
178530753
178514789
178404235
178399270
178302968
178206924
178186841
178145930
177817270
177524074
177397300
177342443
177300625
177280359
177088628
176859635
176785109
176740756
176610956
176412758
176407816
176326318
176313126
176268548
176237002
176077486
175891496
175839073
175764787
175685993
175645936
175594053
175534035
175237937
175113384
175024686
174902831
174838452
174832878
174832297
174701958
174605300
174498579
174490217
174444620
174426393
174380467
174304501
174287415
174111976
174070841
174028095
173783630
173463405
173407436
173385736
173266140
173256753
173239816
173198279
173112249
173056914
172983192
172935505
172853919
172692971
172385527
172366634
172234894
172231448
172144385
172142957
172038863
171962959
171849173
171816658
171715956
171392026
171329206
171298768
171224579
171088695
171087987
171077545
171033007
170971446
170847886
170804490
170787090
170569268
170514903
170432219
170314505
170305870
170284630
170229923
170176569
169663893
169653390
169576209
169539177
169389992
169304758
169195780
169148266
168863121
168862637
168759158
168539536
168523282
168472514
168326353
168265677
168263838
168204274
167474515
167448435
167379148
167215586
167186030
166963690
166885630
166814079
166800382
166532784
166474433
166302950
166198376
165719829
165694960
165413619
165233407
164891152
164630513
164327876
164280328
164218882
164167652
164144080
164056112
163881394
163793296
163625809
163381988
163374796
163364903
163249167
162886256
162627976
162545554
162528294
162480079
162031931
161965841
161951200
161747115
161690737
161377384
161353201
161130453
161123384
160882074
160840501
160654157
160529317
160415422
160060592
159842775
159818065
159809767
159764703
159283776
159106242
159075201
158663807
158617520
158201047
158037794
157992034
157670045
157398382
157322694
156748297
156308459
156305557
155954608
155580898
155057563
154932767
154850374
153724042
153625584
153516542
153393592
153266620
153246321
153123328
153048055
153032564
152978351
152787642
152565866
152451009
152335591
151997703
151971249
151782995
151756865
151747537
151715481
151581842
151444965
151422047
151230932
150911144
150864467
150468636
149754964
149706510
149333845
149162509
149069305
149009937
148615460
148528221
148313709
148173338
148157915
148020070
147684781
147477544
147430185
147322083
147287721
147231856
147096568
146968626
146891945
146862836
146341708
146274845
146133943
145994938
145953527
144839269
144331152
144273418
143989259
143573114
143515934
143441112
143429566
141999478
141839636
141780158
141527151
141493089
140969769
140707245
140538991
140394800
140294366
140219512
139992804
139889445
139847263
139773769
139624003
139565078
139101729
139051184
138662311
138644075
138349456
138343729
138143632
137592186
137544295
137433936
137420381
137242700
137151708
137036273
136561486
136185426
136047198
135211118
134681653
134664898
134462982
134081630
133802668
133642963
133121138
133050162
132901458
132851117
132308876
132263468
132010509
131767755
131577039
130851378
130697841
130038845
129833935
129482222
129481116
129461744
129014545
128941118
128570664
128379117
128180286
127697896
127548607
127142040
126773303
126546057
126410105
126237035
126206676
126163708
126058754
126050564
125994203
125511044
125352850
125330843
125093124
124928040
124630399
124438664
124331343
124268460
124091112
123990693
123935483
123732536
123731297
123578853
123466256
123365506
123299324
122867832
122197518
122148490
122109923
122047996
121999320
121901485
121436576
121418520
121358367
121350329
120793870
120671577
120614377
120428271
120127130
120102728
120023703
119927083
119798224
119764030
119159074
118929795
118784762
118549275
118524500
118481478
118385828
118328234
117516334
117090324
116959578
116405007
115909464
115887767
115721535
115573000
115300908
115220588
114850745
114794086
114736729
114303868
114228488
113678778
113540866
113392034
113365387
113221377
113186363
112854117
112678232
112596953
112374818
111795316
111628870
110698000
110576881
110513894
110513157
109874628
109255150
109210105
108298046
108149996
107667991
107565294
107460585
106737294
106199478
105950737
105337496
105285214
105244079
105110004
104769549
104550134
104482173
104370844
104346165
104283696
104145783
103744810
103074076
102801571
102635724
102549493
102519349
102335026
101933135
101451322
101172194
100944499
100122233
100066356
100007586
99850224
99285309
99239132
99192590
99108882
98743435
98394369
98204176
98105217
97909798
97574628
97316503
97124285
96890433
96722185
96581086
96515191
96514192
95157878
94633211
94521240
94053024
92938746
92744029
92709548
92493810
91747748
91495494
90441103
90331877
90047336
89330113
89299992
87305358
86770140
86698333
86058039
85794562
84973821
84950202
84361751
83998880
83897107
83035627
82817440
82663581
82267986
82259396
82170014
82091202
81951567
81924626
81908933
81848247
81755074
81526090
81506646
81322349
81237693
81134845
81084507
80910093
80898334
80830349
80561280
80459773
80014901
79916224
79717124
79605196
79301387
78974384
78870150
78697574
78296768
78077564
77784235
77732453
77193138
76836295
76497601
76470854
76465337
76001275
75969823
75729176
75275433
75129152
75046513
74976032
74878795
74687318
74618806
74469227
74370535
74313494
74236369
74027226
73941851
73763055
73708051
73342982
73114967
72976460
72881047
72730263
72624757
72557456
72554195
72518314
72507730
72261209
72257407
71884032
71866965
71863446
71807501
71535590
71428207
71266705
71172162
71139949
71070120
71037044
70776369
70259056
69877732
69715650
69393985
69041885
69027717
68885362
68796509
68677347
68675683
68659183
68584897
68466451
68393676
68189187
68079687
67535995
67096530
66748295
66408128
66332728
66185958
65994855
65447608
65211396
64174270
64025966
62812392
62593335
62257078
62104041
61967487
61251740
61235645
60844618
60404063
60185044
60183413
60029997
59968804
59396932
59189558
59187901
58979498
58870578
58177286
58004509
57944689
57867176
57858654
57703044
57632029
57525833
57219892
56983201
56839301
56687645
56536713
56138183
56098617
56013267
55914592
55626508
55602636
55522941
55269519
55262680
54918871
54729523
54123803
53993713
53593800
53465386
53460686
53117745
53093120
52886954
52703968
52548564
51980936
51912406
51734976
51502239
51480383
51476161
51290324
51124331
51097999
50995844
50740163
50737306
50706780
50507668
50065368
49868555
49573568
48978809
48689233
48418014
48011989
47573209
47495276
47271389
47264163
47172735
46771598
46705905
46647878
46546080
46499106
46457688
46443948
46348089
45932281
45891534
45789957
45602666
45418993
45395003
45297490
45112564
45032797
44722694
44703860
44631098
44092000
43867260
43720234
43683144
43482507
43424762
43362323
43347407
43344456
43311275
42958308
42809054
42712869
42564286
42458545
42275437
42261379
41839809
41767246
41579965
41525100
41303243
41274757
41146244
41121452
41066977
40785352
40571675
40470311
40417412
40383947
40303807
40224758
40152740
39745919
39672645
39594394
39298622
39168887
39126779
38461723
38381660
38372363
38111415
38065337
37916608
37839050
37794132
37542735
37518343
37328011
37310695
37239812
37236088
36761888
36641086
36606123
36559111
36542153
36359575
36260147
36111388
36050955
35833608
35688854
35685663
35646960
35305454
35288041
35261331
35158912
34874488
34806154
34582770
34549739
34544347
34483983
34478267
34140189
33921101
33749551
33664391
33562376
33483239
33465414
33461948
33438308
33400643
33380957
33082788
32728690
32633335
32626398
32527261
32257440
32256039
31882393
31867521
31857926
31822278
31566177
31496286
31463262
31426823
30999718
30860163
30834513
30775240
30768104
30605517
30475363
30468237
30468121
30413411
30354548
30185543
30126917
30031045
29865762
29837983
29765842
29642009
29620250
29606778
29486021
29454739
29453930
29392782
29251138
29178625
29158615
29154178
29145316
29089706
29040798
28973025
28965358
28943363
28553546
28502303
28413536
28386254
28304624
28303477
28212959
28128627
27965508
27848588
27644001
27544545
27123035
26952783
26887772
26647995
26472654
26391656
26199959
26052645
25960110
25938304
