42531648
24789584
235549089
230078917
227769057
227692705
227551041
227489858
226825338
226570433
226349377
226074851
226042306
225831805
225788515
225578563
225370110
225193731
224585155
224541636
224357152
224045955
224023425
223579484
223493922
223335839
223296572
223290552
223100543
222980504
222871679
221758117
221511290
221494853
221202523
221122971
220621062
220527227
220444733
220351484
220044769
219940802
219798686
218266592
218077859
217520192
217274074
216993788
216743521
216630553
216472127
216387876
216260038
215663781
215516642
215254789
215163000
214916415
214454396
214357028
213421466
212894348
212803847
212181855
212113631
210877312
210785830
210666854
210591098
210516837
210144330
209372643
209298538
208807446
208806210
207962171
