3204498
3209190
3222839
3234284
4177456
4510196
4870744
5173429
5178737
5210669
5382094
5600243
5735183
5735655
5898162
6100674
6703327
7050147
7934537
8034976
8164825
8177689
8253056
9198240
11238818
11664727
11814518
11965166
12085133
12191089
12237342
12255817
12340919
12367440
12467521
12577723
12578570
12692868
12765748
12823436
12853501
12894821
12981752
13178476
13249594
13756317
13820966
13980223
14689384
14960240
15026579
15086962
15120237
15186628
15203154
15268133
15279855
15283284
15509813
15509974
15590348
15742445
15759015
16204665
16209591
16341398
16526732
16716612
17172348
18213263
18216453
18322322
18593172
19065002
19229519
19498594
19667373
19769295
19769684
19858797
19860012
19869302
19929393
19935822
20237435
20749062
21217754
21528099
21713644
22324018
22363392
22622375
22709423
22835742
23263128
23372934
23392060
23501007
23964657
24242047
24377937
24432731
25011572
25282153
25513515
25643333
26776184
26796406
26949161
27031127
27424059
27468233
27763982
28156886
28260678
28326040
28385430
28808045
28906061
28947617
29016145
29403652
29587455
29793787
29845273
29872737
29917459
30189858
30281979
30412681
30749445
31361271
31638750
31656992
31729309
31787455
32618829
32721611
33497286
33880147
35369648
35371567
35426112
35536964
35783455
35923523
36135905
36286159
36314227
37474096
37754072
37892085
39344009
39617088
40123026
40318970
40841952
41054632
41672413
41716136
41782573
41916931
41948949
42448860
42697735
42913713
43172989
43252863
43353965
43548174
43647925
44036907
44090467
44416423
44572090
44963558
45076740
45266188
45354382
46635154
47431296
47622523
48500252
48958692
49301627
50403655
50547905
50927523
51639764
53582474
53585806
54890860
54893062
54950968
55396427
56279459
56405225
56570705
57584926
57913800
58018125
58296149
58397964
60901514
60914079
60941570
61191428
61530354
61899420
62771052
63517589
63942249
