16919670
139263039
17451054
118194020
179758644
175737899
133599071
114727384
113309541
48088574
35580334
23899263
20561165
20343447
19002589
17847450
7074482
5163757
211245853
173013945
161333229
152949325
144242389
141092725
138937296
135708543
117170754
115570227
112909134
110074660
104667788
102040626
95293923
91618786
86717956
84883224
84301438
82172394
80079272
77471567
73239655
72087205
68665768
58385846
52575399
51233145
49879794
39920125
33202329
32369374
26924373
25726366
25181477
24542059
23287118
21489238
19830705
18555974
17639304
15040365
12040173
11885588
