17810868
17815543
17818460
17818658
17843188
17859649
17866729
17871757
17879012
17906799
17990260
18028478
18034789
18035030
18041181
18057051
18061662
18098461
18105828
18118864
18120550
18121462
18124247
18130418
18142787
18171600
18185918
18194496
18211423
18242028
18249454
18266938
18267234
18269850
18271647
18274513
18274732
18280990
18292611
18324020
18335822
18336157
18336621
18355342
18356760
18363976
18370554
18380771
18382373
18396924
18407153
18410603
18415022
18418607
18418616
18419509
18440659
18444455
18464441
18479677
18492342
18497917
18516078
18561294
18584140
18584828
18592818
18593172
18618881
18647647
18689095
18689331
18692155
18698378
18748320
18758467
18786598
18826470
18845542
18869014
18914904
18924759
18969916
18993479
19007196
19010035
19023637
19030281
19051996
19055435
19055580
19075385
19106850
19110482
19116415
19123501
19128499
19129660
19150820
19151694
19206164
19216164
19246785
19261985
19262179
19264938
19323456
19350510
19352855
19371045
19377803
19392806
19409144
19419639
19450600
19450713
19458846
19463644
19473595
19518562
19534899
19543195
