120470751
120617403
121016779
121150190
121204800
121324855
121351529
121512463
121869134
121901485
121932753
122109923
122148490
122169422
122197518
122293918
122333850
122442786
122531095
123231543
123383596
123448697
123676193
123925978
123990693
123998053
124049142
124455938
124512308
124628034
124630399
124727487
124999383
125109937
125264778
125282649
125352850
125432968
125907509
125951152
125985625
126036174
126360808
126461249
126593269
126604048
126825011
126847566
126851980
127109616
127155805
127187095
127850335
127957648
128276959
128377682
128379117
128576081
128980597
129046399
129048459
129135381
129236782
129352043
129577842
129833935
130207049
130318252
130324413
130363884
130733357
130784990
130851378
131042522
131052813
131114167
131167161
131212207
131233169
131249612
131469486
131551065
131655547
131767755
132263468
132302778
132308876
132317017
132619804
133050162
133243515
133727866
133733501
134056246
134081630
134156214
134203798
134314381
134493323
134672344
134884779
135099950
135211118
135611065
135711999
135804674
135944881
136320150
136431997
136487328
136493092
136611898
136799720
137020164
137203677
137242700
137399899
137490098
137502775
137544295
137592186
137687724
137701280
137758807
138277048
138406934
138814750
138948584
139030720
139051184
139101729
139199697
139354902
139379637
139385108
139551983
139565078
139773769
139841203
139847263
139886001
139960440
139992804
139996128
140086662
140223943
140294366
140366119
140515174
140707245
140822921
140969769
141050373
141147202
141167764
141179397
141363141
141739308
141780158
141789750
141804066
142092662
142267105
142608403
143137383
143527526
143573114
143583078
143701759
143901397
143947485
143989259
144331152
144477054
144561870
144839269
144909661
145003268
145146075
145186991
145191514
145408802
145631661
145964036
145994938
146133943
146235477
146252190
146274845
146283529
146433501
146480733
146670876
146704465
146816178
146877540
146890139
146895511
147024899
147120926
147168672
147202458
147231856
147580539
147881680
147932331
148067372
148103999
148124000
148173338
148184653
148253587
148354971
148434850
148708551
148781968
148849365
148859764
148896306
149113807
149129635
149162509
149388102
149688995
149800443
150358926
150468636
150531493
150807157
151069265
151165130
151422047
151444965
151615290
151730378
151756865
152204244
152206228
152256766
152335591
152355179
152390994
152405514
152431025
152565866
152607035
152710334
152787642
152842529
153032564
153053828
153123328
153192706
153246321
153276471
153313592
153392841
153454678
153497185
153500502
153507508
153808284
153819654
153887103
154239053
154408150
154589398
154850374
155006586
155057563
155092736
155183488
155268184
155400722
156014872
156201390
156305557
156308459
156519807
156672067
156748297
156785067
157017844
157032788
157050449
157065258
157269431
157732050
157902577
158003843
158037794
158049048
158240148
158762727
158894174
159075201
159077142
159106242
159153685
159180930
159323061
159406298
159530411
159581736
159783084
159809767
159929667
159965672
160133045
160288838
160407078
160415422
160598984
160882074
161002759
161130453
161377384
161400348
161495630
161656756
161824437
161880139
162031931
162122260
162178173
162281788
162442456
162627976
162839095
163249167
163374796
163402424
163442131
163729125
163793296
163843579
164011518
164144080
164228167
164273410
164327876
164613126
164766487
164878104
164948238
165268313
165371421
165526201
165547549
165625482
165694960
166050890
166102099
166158981
166200414
166474433
166651399
166740589
167067183
167141678
167448435
167589595
167595039
167778432
167810702
167903505
168105475
168204274
168265677
168296820
168326353
