142193385
138601439
138131777
137144803
128704861
128132280
125435427
121008390
120961329
119235496
116080448
111591151
110188185
108608519
107850306
105313246
105010805
104768086
104537172
101336407
97063818
95842679
89609505
87433980
85820042
84803656
80795341
78620073
78101806
77899196
75151959
73851878
70311159
69946999
68454209
68260476
66854566
64210257
63915439
63737170
62004422
60077006
59991229
59629346
59306477
58355424
57549846
56131966
56093905
55718711
54341208
54018382
53111246
51660771
50264660
48306799
47510650
46979423
45394667
45160191
44476663
43647371
42504116
42040624
41825734
40841952
40025932
39068084
38952381
38673275
38324018
37382982
36459273
36278828
35457668
34756296
34217717
30965215
29366019
29218312
28769505
27513320
27387646
26615821
25864066
25750029
25731437
24304581
23730174
23626301
23205116
23027141
22259793
22151052
22084394
22039405
21589549
21197829
20133667
17618004
16555102
16519553
16433250
16307172
15899453
15898342
15849875
15314871
15208818
13230844
12680410
11852859
10964753
10449066
8120189
4579284
210132676
206877775
195884113
158507033
138445656
137701280
135517968
127747454
124630399
109056272
81347087
77925061
77600297
77165898
69270078
61899420
60546192
56113589
49069422
47622523
44191030
43172989
43061351
43057083
42356616
41978338
41614495
41000010
40897490
35783455
34579122
31488962
24239346
23102575
19533721
13756317
12888983
12741871
12675802
12578570
12492069
11664727
7164009
5600243
4177456
179998385
141443201
134420282
133050743
131339601
130564947
128077238
127839250
127802589
126302516
121078709
116477123
116270556
116267057
113402243
112575850
