67901096
129633909
18548454
115376491
20410354
76148952
126551248
140713591
27929509
194265189
32481182
29998226
80707729
119296894
25919145
26526772
117426116
19516011
149967483
68749508
126605923
26170921
23417318
13273441
149332835
5628531
100572013
83082478
170780384
31923165
49593020
62697788
204564636
36565365
90416925
58849797
127547511
120088032
188869609
36014950
38202293
38162228
111601484
23045814
11933241
159407441
151635628
57955059
65363139
119622303
136273406
64328568
41158254
208096336
202429608
148478677
164172313
104031216
152143894
16707875
36484718
112435313
17467549
40778227
26092276
111246305
21208821
18138673
115609665
14346750
83390821
44537021
