17178026
17187182
17200122
17281712
17298033
17299242
17300124
17324796
17337443
17364369
17390184
17393751
17395152
17399004
17412583
17426755
17433787
17458461
17512040
17513623
17529535
17567822
17574916
17621324
17642973
17656009
17666740
17671126
17684797
17708375
17714378
17737197
17738731
17739915
17764298
17779627
17780965
17792537
17792690
17857350
17911143
17916346
17922555
17941561
17946053
17952336
17963008
17981324
18011445
18012561
18018621
18062234
18076658
18080659
18087120
18104037
18118767
18123120
18142787
18143933
18148641
18154684
18167189
18219365
18226984
18230990
18235560
18260828
18278873
18292611
18303408
18352796
18364384
18372224
18410439
18411845
18430894
18442880
18444555
18482428
18491233
18508094
18548254
18549223
18584325
18598690
18635020
18648559
18660321
18661726
18711477
18716570
18724151
18829979
18839628
18860827
18862603
18869695
18882974
18886658
18888302
18891867
18899626
18907562
18926742
18977556
18983297
19012600
19016745
19022150
19048871
19068623
19069220
19074799
19097212
19116079
19169661
19280272
19300578
19321505
19351414
19352855
19373840
19412249
19470078
19515133
19579688
19667373
