99393776
99413144
99416562
99431076
99437113
99456498
99476683
99479565
99502422
99557563
99560431
99560472
99567047
99568909
99570352
99583381
99585126
99598478
99606765
99613905
99618503
99631680
99665073
99727800
99729552
99780337
99786114
99793054
99803005
99804404
99808939
99814959
99823696
99827146
99850224
99860464
99887707
99917390
99927603
99938128
99943394
99960097
100005809
100010331
100015427
100056142
100066356
100070918
100083962
100094618
100100179
100119898
100122233
100130955
100134379
100158780
100168498
100178067
100214819
100271821
100276259
100283086
100294848
100318518
100326021
100328013
100328739
100331230
100331953
100357202
100381891
100387065
100392126
100393216
100420193
100430307
100430352
100450611
100487494
100523985
100533057
100546835
100553269
100560634
100581518
100583678
100631189
100634715
100643014
100667666
100668151
100673613
100675919
100680271
100682609
100694028
100696153
100697509
100713413
100714021
100720418
100726704
100731410
100739483
100777087
100777908
100781616
100782513
100796641
100804179
100823078
100844050
100879343
100889899
100897580
100944499
100952565
100954548
100979355
100980761
100987118
101001552
101004142
101014412
101031885
101033610
101046448
101074534
101084055
101088833
101101931
101107532
101123602
101138092
101139718
101172194
101175310
101182490
101184048
101188046
101191092
101206851
101239905
101242551
101260656
101264014
101279124
101285499
101294298
101305131
101336037
101347356
101363345
101384383
101386874
101402379
101424653
101436605
101466864
101468902
101481659
101486389
101488180
101491585
101492388
101494715
101511579
101526411
101529458
101532375
101539076
101575298
101581570
101583598
101611616
101622065
101641742
101660148
101667540
101679968
101708627
101712804
101718204
101727099
101728851
101743086
101750635
101753427
101756714
101759571
101764374
101775475
101783634
101792962
101810625
101817550
101827516
101848144
101856812
101870347
101870437
101903026
101933135
101950757
101953450
101955586
101961130
101966602
101968219
102000051
102002913
102008260
102062976
102072346
102126435
102146288
102166113
102169400
102178276
102211573
102239998
102243245
102258833
102283660
102284181
102299266
102301295
102324541
102327035
102335026
102336499
102365173
102374347
102398126
102439621
102447032
102454994
102465745
102470040
102470722
102476555
102491857
102493520
102495602
102504047
102516482
102519349
102534455
102538991
102549493
102557109
102557372
102567241
102568792
102578829
102583004
102629088
102630359
102631123
102637042
102647443
102653428
102666254
102666353
102679676
102685097
102686699
102688674
102695427
102728330
102730515
102734288
102740930
102796187
102801571
102805234
102805463
102835369
102837932
102840451
102850132
102863630
102871379
102875563
102904715
102907786
102911346
102925596
102926319
102945640
102947155
102954250
102958251
102960193
102973355
102981099
102989489
103009455
103009664
103023005
103031408
103033750
103034845
103074076
103090291
103103473
103110060
103122243
103148824
103168312
103182686
103188459
103218635
103231998
103244993
103249747
103284334
103299405
103319773
103391730
103396534
103403829
103404424
103416716
103418583
103429585
103450143
103458549
103478147
103490659
103493267
103500089
103503789
103508342
103526826
103537174
103540661
103554067
103595689
103596012
103601900
103611382
103622164
103642045
103642690
103642796
103648707
103663602
103663699
103706305
103726220
103730878
103734611
103736373
103744810
103745389
103746890
103758489
103802960
103809877
103816973
103821397
103835671
103840719
103866125
103870413
103924974
103928104
103934103
103941356
103965810
103975779
103977155
103977721
103985019
103986994
103987183
103987376
104027203
104046383
104047158
104049203
104051659
104056148
104057164
104061143
104067123
104070601
104102899
104121508
104130581
104135286
104148182
104162905
104165750
104165902
104166723
104167699
104168793
104181363
