17079328
51355222
98685423
6898966
21888622
23717520
12714689
5320919
98984794
6342641
105690867
103995787
17310751
34545462
7127613
212786046
7355474
7475532
73872668
54317817
47764092
40496659
7688726
8136585
6317463
77433725
104074498
54782157
69005033
3511064
101873232
27171197
11135692
141495230
114675303
249703364
197302298
57924385
140014302
192057083
180570400
12642338
135030004
53641987
250003484
118336543
234672349
170954377
234982402
105785843
118871513
150347439
143789313
15531368
116410279
6083969
8300582
161690324
58166723
119229202
99324537
153068409
75119987
30695895
136385931
74462531
16601222
