176237002
176295662
176298513
176313126
176337206
176438880
176460711
176520951
176553571
176689692
176720005
176785109
176790324
177088628
177095149
177190072
177280359
177543543
177594318
177659461
177708930
177999704
178003982
178006654
178013255
178059658
178102915
178145930
178206924
178285658
178289335
178296439
178404235
178514789
178541095
178592893
178613190
178697616
178733699
178819855
178847824
178929697
178948792
179012885
179093117
179111385
179191283
179230012
179301532
179377351
179427497
179504098
179521240
179522844
179571176
179608183
179711811
179768380
179884234
180148941
180349852
180406024
180461891
180577957
180599139
180767272
180859587
180965187
181033884
181103169
181115787
181119469
181243279
181280674
181297454
181506393
181529037
181540913
181544931
181571983
181590912
181711958
181748365
181765868
181849639
181904738
181922157
182016831
182083415
182260888
182344138
182353773
182432456
182469249
182488135
182505089
182599948
182613590
182664231
182674833
182716333
182756527
182990925
183112392
183194810
183204036
183300086
183330990
183374569
183479273
183658478
183678566
183724455
183811858
183838470
183843263
183878298
183886070
183926800
184264685
184332399
184570757
184662619
184706690
184792983
184821740
184901845
185072231
185277753
185414203
185464432
185586790
185631914
185632819
185785589
185833513
185872270
185981020
186020077
186110170
186127787
186146948
186356070
186439635
186511375
186528354
186566420
186570428
186573728
186732047
186758022
186861630
186920788
186927037
187027104
187132665
187223013
187229722
187234842
187365109
187378338
187380884
187395890
187426686
187457203
187506283
187533084
187658325
187690385
187823275
187824189
187831587
187926278
187991706
188074650
188134782
188261579
188276722
188417593
188486839
188496721
188580883
188602120
188674755
188801943
188832848
188982483
189051475
189098870
189167233
189257410
189450873
189463617
189584001
189657808
189665831
189678021
189694004
189749951
189848613
189857667
189938154
189956503
190152058
190417082
190580037
190637596
190752487
190753897
190855320
190882300
190913865
190979492
191013151
191048614
191070356
191111453
191135320
191217539
191325764
191332492
191339301
191398359
191511327
191660100
191851298
191852164
191877218
192073502
192084163
192192258
192201534
192204364
192272969
192305887
192577250
192600288
192601557
192653089
192693408
192890688
192979936
193022252
193156887
193173356
193207012
193394913
193488362
193687977
193696577
193785957
194079485
194125567
194211645
194261863
194309119
194337494
194386212
194507466
194553733
194589785
194652247
194988323
195104520
195405066
195489373
195555871
195656314
195688989
195911544
196007897
196028996
196371449
196698855
196718986
196783364
196811400
196929791
196948826
196975555
197067872
197108453
197155776
197249058
197266181
197277892
197481495
197660963
197830402
197902174
197942121
198063266
198084037
198231190
198419100
198499744
198515491
198527671
198778790
198877305
198949920
198951746
198964247
199435750
199512440
199605510
199753464
200008130
200157736
200181152
200228923
200434263
200591142
200686916
200728322
200736777
200763877
200872666
200899236
200911257
200920646
201229350
201270116
