143586289
144331152
144356774
144436271
144957312
145186991
145253130
145292246
145649495
146670844
146891945
147188252
147263695
148134939
148230680
148246328
148872815
148892096
149069305
149074694
149277530
149754964
150876354
150955184
151756865
152228755
152300487
152565866
152582661
153276555
153340846
153392504
153405388
153521532
154353015
154850374
155261105
155277656
155475688
155942737
157032788
157529777
157531304
157817353
158240148
158362865
158507033
158607580
159032577
159406298
159836496
159879566
160087157
160415422
160851136
161353201
161616850
161638210
161690737
161837403
162421680
162500604
162528294
163221854
163374796
163969661
164204314
164587696
164630513
165127651
165159744
165274994
165993926
166034400
166528880
166625257
167067183
167448435
167747441
167806390
168204274
168256082
168326353
168472514
168820695
168947314
169041176
169214342
169380985
169578353
169897982
170614014
171033007
171050850
171224378
171264372
171401104
171430642
171816658
172025599
172127712
172339761
172366634
172392363
172659128
172853919
173056914
173256753
173463405
174017313
174068922
174111976
174605300
174902831
174968928
175239410
175303882
175685993
175839073
176106196
176268548
176313126
176389760
177088628
177300625
177397300
177436896
177438128
177524074
177969693
178006654
178012930
