192760613
15267988
31770632
59144285
26189241
12570727
32737655
87203352
30483929
113152780
111738266
29399623
15491042
120011015
145590433
11813932
35298218
61218161
36530833
17516123
211030341
38648373
230092572
108045685
121905487
31163876
16248450
178888981
16177357
29110572
70353474
80246424
78509946
114797715
4145265
26871823
42759952
7916700
71298259
65873895
221445320
30839474
7321957
12489814
12112269
127747967
114393473
58962989
46750256
146954594
36103414
32161906
59206997
137143023
116318594
106418561
8199524
62933226
115040670
109061714
121412557
58259373
37571609
90719139
35399558
24167516
5626835
68395041
43130580
23957904
5838201
147091575
86920075
118269316
6387880
18961715
27004989
72344875
192176186
27320101
22956199
72976934
43194881
35711625
86401723
118976952
6673831
104400495
129879943
30062782
11164325
170811911
