3407810
4043213
4048056
4115857
4148655
4177456
4258776
4423509
4492721
4529613
4543980
4588266
4898331
5153184
5223124
5309098
5409038
5502132
5520942
5889512
5891406
5893318
5906774
6100674
6121848
6184526
6185203
6188559
6373284
6442297
6581644
6598149
6650417
6835820
6944255
7013538
7137390
7343764
7405722
7474843
7524413
7643132
7681475
7961150
8136161
8197083
8209000
9052641
9198240
10123230
11127810
11290466
11350092
11406840
11411539
11548910
11664727
11798225
11875192
11971565
11980273
11981206
11996747
12021455
12053489
12162090
12225455
12339079
12391586
12406724
12427503
12467195
12485048
12490694
12530878
12562878
12578570
12605409
12615699
12638092
12681800
12766617
12779332
12794478
12882588
12894821
13009347
13024070
13139041
13142571
13164565
13178476
13253699
13324586
13343200
13392862
13480863
13493768
13963970
14058382
14162626
14392565
14511574
14570857
14765768
14877400
14955353
14993965
15008250
15028782
15045900
15046476
15074549
15113990
15227850
15235651
15257365
15260395
15483005
15498409
15566133
15589620
15599247
15666190
15683602
15703247
15956668
16010936
16038380
16050614
16072894
16128280
16221078
16226467
16354252
16355498
16476514
16605884
16719442
16722121
16750881
16880227
16958564
17008163
17016772
17173535
17179419
17191620
17296760
17412601
17603288
17640633
17898383
18033635
18172160
18201537
18363853
18387078
18435770
18499036
18643215
18644785
18707347
18787354
18825747
19050731
19066766
19147245
19283763
19360577
19573997
19606255
19667373
19687239
19884569
19897290
19972198
20061580
20086068
20257307
20262085
20321612
20402119
20556582
20650029
20809775
20814335
20854135
21098133
21180888
21200346
21302175
21594330
21842263
22008093
22008595
22128359
22167351
22201723
22311071
22338922
22484401
22548764
22625333
22636558
22684322
22693841
22795868
22811121
22918135
22921791
22956419
23002990
23015596
23068614
23092036
23173004
23178178
23178903
23205990
23219031
23230082
23319968
23324312
23425371
23615048
23652569
23683549
23840845
23900514
24003574
24007016
24123221
24467183
24500851
24574330
24626558
24698010
24715155
24772005
24783050
24832348
24873030
24896990
24939308
25017412
25046607
25089814
25096996
25268597
25374588
25388785
25405575
25495933
25588721
25623089
25691355
25791380
25811487
25813406
25824207
25890104
25992627
26027964
26135829
26147548
26306142
26320442
26378321
26391656
26429181
26454497
26628643
26776184
26838303
26875795
26879156
26899528
26907555
27032097
27118626
27121039
27130667
27506802
27612779
27639101
27760835
27766304
27780156
27835712
27837833
27993135
28230325
28252794
28254230
28410838
28732253
28755876
28919518
29028381
29174105
29184711
29241301
29275938
29279107
29384868
29385324
29413335
29430492
29503798
29526576
29576417
29624122
29745168
29927237
30015762
30054275
30133930
30134425
30187094
30312570
30448612
30562441
30588564
30600733
30613241
30619757
30629376
30682278
30682975
30704358
30707619
31009575
31259201
31305404
31336270
31376239
31463147
31807690
31877543
31927869
31994678
32059676
32061637
32117357
32310075
32324627
32601511
32715040
32721611
32747692
32990845
33171781
33216621
33361624
33368828
33405183
33917732
34025951
34081119
34137955
35025151
35121268
35268043
35426112
35558119
35783914
35923523
36261325
36356651
37081941
37171412
37199671
37255070
37632443
37682417
37955690
38019541
38235385
38295393
38415679
38465070
38522762
38591988
38836430
39067542
39283741
39305498
39381297
39487143
40099140
40123026
40224758
40312892
40628778
40816432
41190173
41359124
41394509
41457514
41568108
41589026
41831554
41915742
41955916
41976196
42068798
42816816
42948539
43575211
43736062
44190668
44237169
44284585
44621844
44681567
44829624
44837318
44917522
45087786
45145397
45159335
45171298
45222062
45253803
45334486
45443373
45588272
45791834
46180996
46405127
46460736
46506779
46573309
46715873
47402797
47607415
47635657
47911684
48273768
48668223
48783238
49846818
49919758
50012020
50075698
50131432
50165894
50196658
50664820
51229551
51321207
51384938
51417437
51459207
51472681
51487419
51570957
51615355
51637246
51889140
51905469
52624469
52858727
52930976
52972894
53034895
53113313
53230514
53404833
53479636
53538115
53548114
53585806
53834471
54544409
54737542
55948547
55985685
56432933
56819526
57088414
57653314
57682504
57824961
57960246
58097819
58511427
58626463
59077171
59504321
59871314
59959886
60460114
60477722
60510787
61262308
61919941
62044962
62116823
62353403
62676287
62680892
62928107
63467435
63517589
63553959
64002169
64516414
64841521
65602709
65716598
65734376
65975408
66141752
66291239
67439439
68191385
68305821
68522296
68677347
68796509
68957107
69041885
69139342
69571043
70626491
70627224
70746677
70933932
71122769
71242749
71259271
71841026
71863446
72025879
72109110
72233034
72595668
72708818
72715738
73122283
73441100
73586827
73594216
73873436
74001598
74055527
74202488
74279271
74349252
75042639
75181998
75493042
75542409
76188607
76213893
76255410
76280779
76335397
76360200
76373768
76380921
76412221
76534438
76547364
76682348
76872624
76939526
76942544
77226928
77368624
77372021
77373583
77375986
77411953
77555441
77571583
77684279
77732589
77735919
77940499
78025332
78096243
78199667
78204167
78266477
78369452
78505391
78644997
78721236
78902733
78917537
78935537
78975651
79391427
79513892
79546622
79574279
79699499
79949338
80288438
80462488
80903405
81008875
81095395
81221404
81308777
81391690
81475722
81500594
81547720
81576032
81604917
81693463
81972486
82099993
82147452
82169873
82278941
82578903
82592982
82745102
82768040
82885550
82970435
83356169
83398360
83749607
83897107
83956848
83979176
84040376
84041960
84321049
84557177
84881367
85227308
85439690
85533071
85537807
85698010
85718032
85745509
85796425
85824859
85945041
85957887
86257314
86318801
86326340
86351126
86458363
86504683
86609701
86831621
86929571
86984516
87129531
87180707
87182588
87232827
87404827
87489398
87583437
87712699
87763780
88262859
88276316
88289964
88314834
88317310
88462177
88560540
88582461
88711516
88745728
88777342
88832867
88905333
89061580
89119520
89172751
89522752
89571303
89858143
89910689
89996991
90010959
90313770
90470301
90791759
90929437
91104763
91129277
91134753
91193809
91441878
91486943
91561178
91669873
91701441
91717444
91740113
91816066
91824246
91855063
91882557
91931872
92048051
92079679
92430734
92462139
92708069
92738039
93068686
93081781
93102139
93119462
93195547
93244140
93325017
93530597
93609514
93736342
94254715
94545050
94943102
95009638
95277189
95474306
95943189
95994817
96173349
96406895
96468817
96623131
96850225
97137422
97482585
97737650
97754618
97764596
97792173
97889200
98020199
98221414
98402149
98445977
98483918
98624896
98743435
98865900
99008260
99196422
99222357
99262287
99601979
99709007
99762704
100000638
100304477
101088833
101268337
101607169
101614550
101842667
102171894
102223497
102464815
102582768
102620951
102685097
103033690
103300946
103316763
103329225
103359575
103486404
103616441
104130605
104283696
104352626
104556285
104769549
104840506
105590978
106234266
106236449
106431641
106560376
106637829
106849644
106850393
107062071
107165607
107307514
107620373
107757692
107863642
108091222
108298046
108303305
108358311
108633896
109008639
109030755
109255150
109466476
109854948
109872803
109874628
110032098
110309511
110376306
110797384
110912068
110968373
111031515
112325430
112400879
112415452
112552324
112596953
112638080
112678232
112994333
113509970
113678778
113759191
113858027
113965443
114077253
114303868
115092575
115537468
115573000
115875826
115887767
116031868
116244371
116403890
116877609
116927906
117366304
117893810
117942408
118175350
119275050
120121106
120428271
120729000
121054673
121512463
121579811
121901485
122109923
122148490
122304628
122441750
122589657
123231543
123321150
123547119
124127837
124136558
124193607
124642388
124993486
125018021
125404769
125487950
126410077
126552239
126566611
126773303
126971446
127142040
127191277
127557256
127664710
128001815
129048459
129146675
129660143
130199883
130303726
130687299
130697841
130784990
130798358
130852875
130956744
131017586
131469486
131470168
131655547
131658307
131848135
131941405
132010509
132060621
132127942
132263468
132302778
132901458
132909167
133292906
133637138
133898438
134260386
134342866
134419226
134646211
135265469
135697123
135711999
135843867
136185426
136347853
136465178
136493092
136513951
137020164
137293449
137650387
137729629
137803042
137963178
138418493
138475773
138545618
138696951
138814216
139030678
139132867
139625425
139734602
139815823
139996128
140061440
140172107
140223943
140288371
140384095
141131525
141147202
141179397
141291511
141381613
141388381
141789750
142049211
142387965
142472706
142699939
142905591
143586289
143776786
143831167
144050876
144331152
144356774
145186567
145253130
145428800
145741543
145994938
146426553
146540013
146609824
147001454
147024899
147796962
147850995
148173338
148230680
148354971
148380357
148671683
148890907
149113807
149458920
149720132
150119783
150616820
150940773
150951014
151143633
151471899
151722065
151855851
152044304
152616818
152700927
152990094
153340846
153392504
153903893
154164215
154239053
154353015
154408150
154409669
154413858
154753272
154831510
155261105
155334257
155400722
155942737
155954608
156308459
156329383
156413900
156475487
156748297
156764309
156790608
157168535
157207904
157398382
157579060
157651846
157732050
157817353
158049048
158137524
158240148
158351956
158507033
159039323
159106242
159283776
159725168
159879566
160054375
160163148
160580789
160840501
161353201
161451865
161495630
161509446
161673948
162214574
162332791
162415957
162421680
162572302
162877779
162925208
163171593
163374796
163402424
163625809
163627891
163717588
163793296
164061732
164395793
164410213
164586417
164630513
164849052
164878454
165031174
165091804
165252120
165268313
165274994
165333019
165338533
165350006
165413619
165543334
165579500
165643610
165660610
165976913
166102099
166528880
166651399
166740589
166788261
166963690
167676680
167683590
167736468
167903505
168069355
168326353
168691725
168820695
169041176
169083536
169403417
169539177
169641455
169715954
169823329
169890521
169897982
169966062
170314505
170614014
170693954
170741413
170787090
171033007
171077545
171105270
171401104
171606194
171849173
172127712
172184653
172302063
172339761
172366634
172462242
173056914
173109951
173123929
173170558
173239816
173256753
173442939
173463405
173502199
173999774
174068922
174111976
174287415
174380467
174544554
174602228
174688602
174832878
174902831
174968928
175685993
175764787
175839073
176175149
176233627
176268548
176295662
176313126
176326318
176740756
177300625
177397300
177524074
177733973
177771687
177964683
177983634
178059658
178102915
178141005
178186841
178189578
178206924
178285658
178514789
178531030
178543122
178697616
178707429
178709141
178733699
178983337
179111385
179308601
179332800
179427497
179584148
179608183
179670891
179768380
179963149
180281818
180397952
180676538
180965187
181180740
181243279
181302710
181590912
181922157
182353773
182432456
182469249
182709118
182716333
182756527
183027829
183198326
183627352
183831122
183997204
184040309
184228165
184406812
184706690
184846282
184874704
184965077
185062547
185326004
185342298
185631914
185785589
185872270
185894142
185981020
186127787
186212863
186356070
186431591
186451854
186511375
186528354
186549514
186566420
186573728
187229843
187251146
187332737
187487644
187506283
187533084
187608404
187690385
187696257
187777334
187831587
187905736
187930142
187991706
188161762
188261579
188276722
188299026
188471692
188486839
188496721
188679067
188786733
188801943
188817041
188839368
188884881
189098870
189257410
189313346
189450873
189598094
189657808
189694004
189842005
189881323
189918713
190152058
190211414
190446417
190504908
190681324
190753897
190979492
191021985
191111453
191290331
191338313
191358383
191550574
191852164
191929768
191960725
192084163
192577250
192601557
192663749
192979936
193114134
193173356
193291405
193399781
193687977
193811866
193811991
193901241
194079485
194174888
194367986
194386212
194443471
194553733
194643168
194647810
194652247
194661776
194860045
195104520
195111383
195244097
195320759
195405066
195497461
195504451
195656314
195943730
196028996
196053304
196348066
196526676
196698855
196975555
197076214
197097920
197100911
197138613
197141426
197246960
197277892
197288920
197413964
197602335
197866360
197902174
198020876
198028629
198041362
198084037
198375024
198481517
198515491
198579852
198682536
198693161
198778790
199288956
199340395
199562728
199568633
199599937
199729787
199934032
200084273
200157736
200369974
200375706
200433483
200529062
200544567
200552395
200686916
200697601
200886504
200919309
200945052
201147752
201229350
201270116
201296869
201298873
201483891
201834941
202029615
202107073
202680423
202841612
202874537
202912261
202981022
202995074
203143463
203218100
203354441
203452522
203568756
203598886
203940251
203975197
204203977
204250938
204280265
204306820
204372535
204961432
204974347
205060809
205161019
205196026
205268770
205361643
205421442
205520695
205634970
205688488
206155112
206418326
206552600
206582011
206856090
206962460
207066408
207145432
207302377
207364150
207390038
207399773
207461530
207586360
207640034
207641468
207644227
207744505
207811811
208134533
208475650
208693567
208806210
209163487
209221125
209465705
209497055
209512609
209623778
209656935
209695552
209923875
209937501
210001799
210062267
210237638
210268520
210279719
210514428
210536343
210797915
210873629
210934818
210936735
210938471
211160164
211211480
211288582
211319780
211363751
211716701
211948280
211953819
212341886
212385056
212408320
212567160
212893633
213089920
213189413
213352639
213489563
213646277
213823397
213823740
213851522
214012738
214032325
214304926
214360060
214565883
214819551
214968645
215209251
215316165
215723330
215887297
216080699
216135268
216351906
216562020
216985346
216994307
217038620
217141154
217187132
217272896
217470202
217877573
217879427
218266246
218412963
218514274
219527842
219875971
220358397
220790875
221271264
221358756
221429312
221479485
222102652
222483907
222501378
222899553
223439935
224732830
224956002
225138434
225343998
