2769172
2797265
2848779
2954965
2989013
3031857
3153991
3211754
3221612
3222839
3261140
3317834
3367345
3422123
3487626
3574458
3591113
3609608
3685176
3776428
3779041
3959498
3967911
4048056
4132956
4148655
4171211
4177456
4185111
4196321
4272808
4305173
4323069
4333549
4337619
4483420
4510801
4529613
4567025
4579445
4595117
4624252
4649363
4652969
4669001
4770863
4773427
4784344
4870744
4884139
4894694
4950471
4950701
4954201
4969036
4981094
4985362
5007187
5016341
5043887
5055509
5058305
5066583
5076466
5097789
5109175
5146772
5165377
5192323
5210669
5221450
5223124
