122301967
43236968
6322117
194537617
121934865
62706811
158051272
24034027
167163214
174572370
57143689
158089528
144306471
17886945
152078226
23025217
162343772
16974906
20077945
149063490
85707504
42632992
90085406
119023939
41769394
106976206
62481855
15593045
202690427
160204667
5240010
19856174
38055024
22980055
216413038
106380980
126243998
78516865
40399683
178259226
26328778
225432738
62898911
25863356
47819767
155706760
11250416
18209879
27730889
122175783
34281075
38035769
127971117
228041796
27415610
30459872
147689412
55589895
