50723219
49996206
48884568
46542656
46215136
42141396
38722609
38694759
36122336
35862750
30560391
30279524
30248058
29873861
28577374
27197946
23404565
23189460
21085224
17794083
3536632
236082827
233529620
207300808
196617759
190772385
181286987
181154027
179619027
174961138
174111600
164539408
159835948
156675313
142977613
135200838
133728515
126245389
110180863
80842066
58870578
55522941
53846393
52892382
47353507
45850574
42813818
42415674
41980579
35688854
35288041
33449757
32986628
32406848
28386254
25770546
21717861
17705756
8152672
221942915
215723330
212024546
210797915
205842106
201284483
197565306
195073574
194433237
188927879
188420987
186041681
185921523
182578201
182016666
180462352
175464593
175286862
174722424
171443658
169429295
169395788
167773174
161907264
160614984
160486707
157492585
155255298
152858465
152198099
149956069
139244946
138552866
137890774
