17531564
17575559
17644748
17738731
17786531
17793107
17836232
17878456
18076658
18105755
18286124
18469183
18593172
18670702
18738965
18780153
18875407
19012600
19078235
19087689
19200293
19268051
19319504
19433313
19461321
19598284
19671131
19829051
19846520
19887181
20002273
20247566
20426361
20629474
20772634
20780384
21215141
21493941
21517669
21653409
21792787
21847483
22025581
22339060
22428130
22493950
22673801
22721395
22724502
22761796
23173810
23254364
23639227
23680710
23721253
24029139
24065206
24277162
24311840
24432731
24551940
24570709
24760249
24765920
25172415
25513515
25522237
25572784
25643333
25752322
25756898
25814726
25934452
25958502
26190381
26305748
26391656
26445770
26474599
26533270
26596845
26645304
26758104
26762269
26880711
26998501
27220959
27238692
27386024
27703043
28156886
28298645
28336830
28376953
28580756
28636208
28996021
29198061
29400166
29403652
29451081
29550867
29635587
29695529
29715951
29860940
30119196
30286893
30428667
30478356
30522300
30823573
30964289
30977615
30987662
31096371
31255457
31433588
31458501
31617569
31683070
31991758
32081085
32414762
