8120091
8166910
8195145
8248259
8281698
8294042
8482495
8575200
8642403
8645159
8754207
8866115
8867037
9063676
9083144
9195971
9198240
9228350
9268863
10312842
11125520
11173294
11213230
11244210
11249618
11330261
11372691
11466705
11581841
11699544
11714737
11760789
11788018
11794455
11795978
11804463
11819895
11850617
11888185
11902927
11907795
11914130
11932886
11941783
11943225
11944689
11951269
11958979
12006651
12035537
12115173
12165536
12189498
12236190
12291066
12305162
12335381
12369391
12416527
12492069
12499959
12538252
12543302
12552996
12585146
12586687
12593408
12594683
12626358
12680336
12709977
12723725
12728870
12729592
12792323
12802772
12849357
12882328
12905631
12920516
12923545
12926120
12958527
12972069
12994599
13030742
