80021897
80052853
80103573
80217526
80469521
80678922
80739187
80780118
81078698
81274642
81675128
81678291
81800589
82011087
82249599
82490687
82672963
82700280
82720872
82931827
83127794
83134415
83234220
83307656
83333907
83534964
83584073
83674157
83693144
83705706
83787243
83890486
83979176
84002573
84031385
84075335
84083528
84106873
84131151
84380743
84581913
84606503
84801037
84977612
85200458
85614122
85627316
85653818
85700315
85737222
85912718
86074010
86276786
86362831
86455782
86481389
86735962
86783217
86892597
86978533
87126025
87160085
87226455
87238481
87272091
87375494
87490782
87505732
87553029
87877936
87892347
87929787
88106044
88132439
88184510
88494627
88587296
88613345
88864480
88899839
88971010
88982394
