123874749
167935017
64131073
127095190
55948582
4696311
3174379
28116196
212913412
117317619
37685516
17035636
148949134
160960167
6085069
89758746
50068616
79740402
137616789
6535624
6645563
15258549
8714178
18557323
126608269
208128275
136587488
109784334
18929448
199719334
92857056
6458462
19925730
26527975
151072811
142083652
248402756
68653661
90699906
150339103
248680766
215627883
132568741
111382390
263277755
110163334
225403261
4427956
79691378
214856759
78662126
6168765
10044687
4920536
16176102
152983781
66574221
69705627
135060184
90541426
214385527
150859419
33321888
111815238
86369737
4799665
68380387
47004805
25821712
11412787
219027208
