81761670
150139903
89073788
40591886
89170557
16850040
117562626
25467105
116322213
15868401
83467949
21727662
93749705
184546283
69949377
111442670
8880611
13216006
68614000
66740473
27533486
21821231
60785916
15815249
141047133
26610188
154571584
175672081
183102338
74730615
158700168
113888514
125872665
117438947
79991457
174305983
175009377
85246982
151857902
133402438
9243784
114792809
92923892
117834277
173689136
128870525
5245723
79891358
13487844
127457428
57802177
87650878
35759854
178946171
19562137
145117873
4526444
104974653
42925337
36387513
131911229
125408411
169306146
134244208
113444953
18817737
69286756
24965517
174383598
78109603
39654766
83232713
55680376
32215845
202023773
7083240
137173841
50832355
29460840
21259702
19860108
20388313
26150740
64397451
126585261
26728706
18123088
30938346
36778353
39336226
174918161
16948201
109291882
182812761
128944905
70305264
15469073
93500602
198543392
79341083
120465503
6721798
31670439
17803138
175737899
5092495
56706169
34303838
74859788
49189624
5614094
59744143
55043691
141040721
16571081
113756993
115478802
11511315
26573358
34563732
5046158
56298274
44525272
37492615
182690340
28413672
184872760
20094124
12473917
125612032
110045549
133942595
20969397
146228737
190548090
185428352
74030081
20916883
35597485
30696350
5293975
107999080
15922932
4924522
178626784
7143962
86537755
182374180
106341875
94013036
21496128
83989163
56842581
70998401
122261291
137258116
115746648
48185417
