16696306
29610835
228415399
207961070
29689870
70267814
45545913
17771703
99640184
67482372
39246907
138065361
160736313
60061012
22809307
45854350
55063161
181278189
115070056
21184357
144974241
220918817
82413005
51072253
207382600
127173481
7485688
55418022
27971610
129014678
150018609
114917577
19771926
101542106
39426714
101229756
33393275
6021163
51280737
75882234
45571360
41672322
67001855
121473599
214398421
112705204
79636064
8660324
133212552
181508376
12464506
233841605
126261348
55486964
68712485
33838135
57187331
26939696
227508124
82597130
220316778
24790193
23612085
