163249167
162877779
162627976
161753701
161377384
160381875
159842775
159836496
159563681
159106242
158507033
158298942
157817353
157610139
157579060
157428444
157269431
157017844
156413900
156371808
154831510
154753272
153340846
152256766
150616820
150272446
149754964
149732869
149604531
149427462
149119890
149009937
148781968
148347534
148236431
148014833
147538179
147322083
147231856
147195030
147001454
146891945
145854939
145631661
145043616
144227777
143583078
143137383
142718557
142709967
141839636
141147202
140174088
139851753
139815823
139773769
139057806
139021213
139003107
138928779
138616259
138545618
137650387
137544295
137233207
136999830
136698230
136208539
136185426
135801397
134996965
133637138
131767755
131212207
131192401
130804477
130757102
130733357
129406412
128180286
127548607
127095464
126910897
126773303
123403220
123299324
122128867
122109923
121527971
121161345
120968060
120905822
120480921
120294423
119384989
118407942
118168920
118021272
117671848
117516334
117107541
115840102
115774143
115721535
115573000
115361677
114929159
114563363
114364199
114303868
114052902
113678778
113544288
113112059
113046560
112765719
112596953
112520565
112424407
112131625
111901038
111762665
111346492
111237731
110714782
110677429
110639322
110459656
110346387
110301820
109671513
109255150
108564750
107978470
107956692
107815399
104765737
104283696
104145783
103300946
103100768
100695372
100443885
100154673
99366466
98520083
98224159
97909798
96658944
95670619
94690329
94262080
