187487644
187506283
187658325
187696257
187824189
187831587
187905736
187991706
188126146
188161762
188261579
188276722
188299026
188496721
188636335
188674755
188801943
188832848
188839368
188845257
188884881
188996428
189107994
189167233
189188752
189263873
189315741
189450873
189515972
189584001
189608634
189678021
189848613
189918713
190309807
190417082
190446417
190753897
190855320
190882300
190976728
191070356
191135320
191169359
191187619
191233153
191268334
191290331
191332492
191398359
191415201
191645133
191660100
191851298
191960725
192041922
192084163
192185806
192201534
192286051
192305887
192600288
192606563
192663749
192913300
192963024
192979936
193045917
193156887
193394913
193687977
193785957
193811866
193811991
193816585
193901241
194028210
194040237
194079485
194304787
194386212
194507466
194647810
194652247
194694254
194701453
194705390
194782563
195093899
195111383
195127128
195271117
195489373
195520546
195555871
195688989
195911544
195963228
196082241
196113963
196151040
196310592
196468780
196539372
196609566
196698855
196714902
196783364
196929791
196975555
196977834
197076214
197097920
197138613
197155776
197228321
197542270
197602335
197660963
197664676
197830402
197902174
197986569
198065790
198084037
198499744
198501665
198515491
198527671
198729509
198735139
198778790
198951746
198964247
199149961
199435750
199512440
199562728
199568633
199729787
199984088
200157736
200517366
200591142
200764350
200872666
200899236
200920646
201147752
201298873
201476153
201815397
201834941
202055331
202107073
202337221
202341445
202424381
202474601
202628158
202874537
202919208
202931448
202968230
203052904
203155131
203292794
203598886
203745192
203975197
204306820
204558842
204563165
204631076
204885562
204923097
205161019
205196026
205529916
205881480
206155112
206197799
206395074
206582011
206610242
206813447
206962460
207163813
207221051
207640034
207701690
208134533
208693567
209065787
209296031
209512609
209603046
210008284
210053596
210514428
210559613
211125891
211157441
211466237
211545893
212358878
213272895
213580002
213735906
214304926
214360060
215284100
216439298
217272896
