198466144
198499744
198515491
198682536
198778790
198949920
198951746
198959234
199149961
199165988
199200127
199288956
199435750
199512440
199762729
200008130
200157736
200181152
200529062
200591142
200728322
200763877
200764350
200786373
200899236
200920646
200962460
201090434
201229350
201296869
201387047
201598808
201615261
201635972
201815397
201834941
202055331
202107073
202341445
202424381
202474911
202559579
202662821
202855679
202981022
203249466
203292794
203945627
203975197
204250938
204269721
204306820
204558842
204563165
204843039
204885562
205161019
205196026
205218148
205268770
205515685
205556382
205949379
206189473
206376864
206610242
206962460
207163813
207399773
207470434
207566269
207640034
207644227
208134463
208134533
208138112
208432355
208475650
208593859
208693567
208840253
209163487
209168226
209221502
209296031
209497055
209900864
209923875
209937501
210008284
210053596
210514428
210559613
210855137
210936735
211157441
211466237
212336191
212385056
212408320
212825536
213946528
