19586033
19609029
19616990
19618236
19638167
19644953
19649146
19667373
19677347
19686660
19686935
19728290
19733804
19742569
19787069
19792080
19846520
19854721
19864953
19869314
19883030
19915726
19925921
19930713
19942509
19963552
19991572
19997585
20002273
20013658
20041725
20053756
20059488
20085115
20104484
20110972
20133721
20142690
20151687
20152066
20153557
20182917
20187177
20202122
20235726
20238925
20242363
20278246
20312835
20334316
20389017
20403127
20410847
20419357
20419800
20429500
20436207
20457178
20494938
20561923
20614294
20630221
20662835
20672019
20703252
20719082
20788128
20789358
20857183
20884527
20905241
20959691
21016123
21021812
21047990
21080634
21081299
21091110
21112285
21139616
21193783
21206691
21212579
21230981
21232638
