3204498
3222839
3234284
4177456
4510196
4870744
5173429
5600243
5735183
5735655
6100674
6703327
7934537
8253056
11238818
11814518
11965166
12085133
12237342
12255817
12340919
12467521
12577723
12578570
12765748
12823436
12853501
12981752
13178476
13249594
13756317
13980223
14960240
15026579
15086962
15186628
15203154
15268133
15279855
15283284
15509813
15509974
15742445
16204665
16209591
16341398
16716612
17172348
18213263
18322322
18593172
19065002
19229519
19498594
19667373
19769295
19769684
19858797
19860012
19869302
19929393
19935822
20237435
21528099
21819933
22363392
22622375
22835742
23392060
23501007
24242047
24377937
25011572
25282153
25513515
26796406
26949161
27424059
27468233
27763982
28156886
28260678
28385430
28808045
28906061
28947617
29016145
29403652
29587455
29793787
29872737
29917459
30189858
30281979
30412681
30749445
31361271
31656992
31787455
32721611
35369648
35371567
35426112
35536964
36135905
36286159
36314227
37474096
37892085
39344009
39617088
40123026
40318970
40841952
41054632
41672413
41782573
41916931
41948949
42448860
42697735
43172989
43353965
43548174
43647925
44036907
44090467
44416423
44572090
45076740
45266188
45354382
47431296
47622523
48500252
48958692
50403655
50547905
50927523
51639764
53582474
54890860
54893062
55396427
56405225
56570705
57913800
58018125
58296149
58397964
60914079
60941570
61530354
61899420
62771052
63517589
63942249
65261578
67694225
67835661
68441024
68604700
68659183
68776501
69793408
69933323
69977559
70444948
71126752
71506333
72129296
72516020
74535060
74883001
75702601
76133544
78168350
79196069
80066853
80352352
80971903
81347087
81400842
81593560
82099692
82435294
82614434
82627219
83467608
83787243
83990355
85824632
85910532
86426704
86805846
89457951
89618501
89736168
90470301
90648369
90889336
92265011
92593780
93794026
96494248
98743435
99122997
99384243
100082464
100860293
100979355
101161068
102142728
103416716
103767498
104802415
104856935
104921163
105527311
105924948
106317974
107489238
107659128
108316942
108822037
108876247
109255150
109434920
109874628
110319723
110374907
110382793
110797008
110998537
111918342
111947500
111948275
111949866
112127026
112152902
112325430
112513902
112596953
113608342
113678778
113835158
114303868
114326934
114501399
115273357
115492228
115548858
115869987
116351071
116644605
116661069
116860026
117065516
117070933
117576615
117586079
117893810
118473307
118520726
118705126
118750737
118904045
118956269
119467879
