2954965
2969367
2989013
3204498
3234284
3242869
3481361
3489875
3509988
4119100
4124694
4177456
4286248
4314883
4352906
4558254
4562417
4624464
4664246
4666942
4912210
4942390
4969036
4975437
5017074
5167425
5223124
5470760
5583838
5599153
5602043
5735183
5735655
5753574
5761424
5793406
5844767
5845558
5919526
5933394
5934817
6026796
6048835
6075342
6082041
6203510
6245791
6268715
6325337
6385501
6387038
6476734
6492872
6523021
6566199
6597161
6615387
6669314
6896998
6973264
7012561
7087076
7090770
7137008
7145399
7160511
7169457
7961142
7970299
8416064
8431966
8633441
8954947
9198240
9480095
9551226
10844519
10915309
11036589
11184334
11238818
11315047
11518698
11550600
11577897
11615559
11664727
11828373
11899791
11942809
11965166
11972305
12001741
12015307
12018635
12113053
12160018
12183823
12221208
12233586
12264421
12305162
12340919
12360300
12403322
12416527
12518811
12522805
12537005
12577723
12578570
12594683
12680336
12692868
12712544
12728870
12772688
12781917
12803197
12853501
12867465
12894821
12936440
12950465
12986275
12996836
13043929
13057012
13072737
13077089
13181956
13319707
13359611
13421343
13493768
13614629
13756317
14186318
14226594
14501929
14872718
15071450
15120237
15225930
15357056
15515787
15628697
15631704
15658071
15683347
15979510
16016402
16107886
16148477
16167699
16173651
16178049
16221783
16248430
16264561
16286734
16304538
16414726
16620618
16622249
16674737
16780986
16822701
16833895
16852625
16874003
16889587
16958402
16978413
17089380
17187182
17292475
17331563
17351628
17400969
17635467
17660291
17700727
17705746
17749195
17788421
17792581
17793107
17870405
18082318
18103710
18448106
18487084
18498139
18661118
18698909
18780153
18823007
18885539
18905860
18932108
18948569
19012600
19058483
19298979
19353528
19372443
19435291
19443376
19533721
19630019
19745831
19764221
19846520
19849688
19891190
19935822
19942509
19954417
20002273
20034755
20077017
20085544
20226851
20632212
20723954
20965404
20987857
20988855
21022196
21101191
21802417
21867416
22078894
22090437
22157730
22253393
22436638
22462754
22478411
22504893
22600407
22634071
22709490
22724502
22865217
23028461
23082575
23400415
23419191
23562897
23674694
23721253
23727749
23919132
24055773
24059249
24202239
24303500
24432731
24433253
24509312
24522969
24546914
24630210
24815331
25013322
25120758
25163493
25275238
25510072
25522237
25539248
25600815
25814726
25989664
25997790
26041186
26190381
26375955
26386098
26620020
26776184
26887772
26921057
27100036
27375167
27402113
27408817
27426752
27448369
27680018
28082240
28143289
28156886
28256755
28288425
28645500
28789988
28933625
28998611
29170871
29198061
29254504
29292482
29575947
29662923
29961666
30267129
30361429
30668635
30719491
30775240
30877847
30980858
31086949
31434807
31496286
31518818
31589630
31857926
32021572
32145794
32205249
32257440
32411894
32597801
32721611
32806582
33098868
33154608
33355209
33463817
33614184
33634530
33670108
33785598
33820143
33870679
34010382
34274763
34363407
34623825
35223214
35371567
35482423
35783455
35893727
35923523
35954687
36052305
36087104
36320460
36359575
36502738
36751825
36783919
37039078
37228486
37496917
37523432
37542735
37652106
37803276
37927585
38138674
38213663
38279487
38448292
38526144
38701930
38792976
39187475
39194028
39265123
39270233
39577506
39594623
39677093
39709081
39786408
40224758
40243959
40544512
40724930
40756544
40797821
40825640
40897490
41129191
41164328
41459821
41474019
41602363
41829061
41945524
42086531
42189831
42378932
42381022
