187251775
187297286
187332737
187394986
187459256
187658325
187699463
187785364
188007140
188024937
188060032
188334261
188377244
188476473
188650270
188659495
189145429
189210521
189344601
189365256
189602987
189660966
189758898
189826041
190055203
190076382
190142271
190162581
190190872
190328223
190459779
190555267
190574006
190687711
190779990
190795648
190797191
190799661
190815086
190905470
191285957
191412161
191693917
191714430
191797542
191943152
192154430
192247105
192440019
192458593
192462170
192622368
192683481
192715262
192732510
192940925
193013577
193071748
193182462
193300347
193329944
193587831
193608511
193817026
193833894
193839080
194060670
194119887
194274277
194635864
194662834
194686375
194722892
194813926
194914875
194949860
195005993
195043761
195276663
195493217
196054302
196092956
196327257
196370108
196534405
196701444
196705611
196949063
197039332
197288920
197309795
197566105
197610587
197780687
197796485
197910549
198082493
198171169
198212984
198300387
198375024
198774972
199788024
201147752
202233722
202708705
202830265
202852502
202917957
203269242
203339944
203350973
203432134
203566916
203982849
204273546
204500996
204705060
204935587
204983933
207057408
209623778
210797915
211892800
211946362
212459642
212859684
212866908
213352639
213834878
213969597
214156793
220276831
