43348762
43169313
42431702
42381022
42362851
41164328
41107060
40602946
40224758
39577506
39308920
39265123
38533835
38177453
37901054
37803276
37542735
37523432
37039078
36783919
36751825
35923523
35288041
35223214
35200147
35141213
34274763
33870679
33820143
33634530
33355209
33098868
32411894
32374333
31857926
31496294
31358473
29961666
29583966
29461608
28789988
28256755
28082240
27933796
27680018
26921329
26887772
25997790
25791702
25013322
24630210
23455114
23419191
23245040
23056424
22504893
22436638
22090437
20987857
20908972
20632212
20226851
19891190
19846520
19443376
19372443
19106253
19058483
19012600
19007871
18948569
18823007
18783147
18761528
18396924
16889587
16822701
16695152
16620618
16286734
16248430
16167699
16159299
16107886
15979510
15683347
15409451
15071450
13820966
13493768
13319707
13181956
13043929
12996836
12986275
12936440
12894821
12867465
12522805
12264421
12233586
12050768
12018635
12001741
11942809
11615559
11577897
11572052
11550600
11430986
11313280
9480095
9198240
8431966
7428053
7169457
7160511
7090770
6896998
6828387
6669314
6566199
6476734
6234991
6203510
6075342
6048835
5934817
5919526
5817267
5761424
5735183
5167425
5017074
4942390
4784344
4666942
4660067
4558254
4333549
4119100
3481361
