21033374
21065532
21105466
21109703
21149273
21151335
21182525
21199430
21218338
21225112
21240693
21285311
21313480
21396642
21442556
21456323
21474953
21489498
21518467
21529297
21565111
21583504
21627011
21663585
21683449
21725423
21732540
21752169
21792497
21817847
21845256
21861235
21878621
21927855
21978854
22004057
22013436
22017735
22026915
22028279
22091453
22098873
22132510
22154421
22161099
22174860
22184478
22192427
22202695
22224697
22251714
22253393
22341851
22383573
22406264
22423721
22457622
22461812
22482467
22494607
22511998
