2878611
3137589
3417524
4278477
4714305
4924520
4942390
5192808
5600243
5649790
5684822
5766053
5829163
6373284
6936552
7013538
7137008
7765984
8253056
10138958
11664727
11829998
11840754
11881237
11965166
12034323
12404607
12418344
12472701
12498134
12523812
12638092
12680336
12707260
12857956
12965491
13121435
13207785
13351049
13587736
14008143
14117151
14252555
14410580
15008710
15074549
15175375
15217990
15294882
15382756
15390433
15466217
15567434
15620780
15679018
15867113
15887240
15897352
15910325
15956668
15967785
16049138
16252392
16567165
16587834
16614431
16642104
16713857
16827966
16874487
16948690
17000608
17133494
17302739
17399646
17476645
17549821
18114813
18251144
18443878
19026201
19150704
19500870
19533721
19598168
19626109
19846520
20413824
20500990
20539665
21345181
21845826
22127896
22151030
22623366
22636558
22660192
22924732
23000806
23006385
23173435
23214391
23219053
23380220
23456265
23522643
23627186
23759765
23890384
24003574
24451277
24715155
24745922
25273609
25364435
25824207
26062841
26078882
27733661
28062552
28789868
29293030
