78555340
78602375
78697574
78780800
78786253
78859774
78940568
79044351
79138867
79301387
79502862
79551312
79700113
79712147
79717124
79768012
79807851
79829164
79905332
79922591
79989797
80066853
80090037
80168108
80290112
80328173
80367286
80459773
80554277
80561280
80704373
80750101
80756181
80758101
80906835
80966774
80989898
81044751
81169142
81301047
81301067
81322349
81339162
81400842
81500594
81584650
81615511
81656823
81675128
81773554
81811043
81825917
81951567
81994749
82006279
82044105
82091202
82119657
82364987
82395721
82485012
82578485
82636748
83035627
83059862
83156776
83169676
83182200
83294936
83356169
83417858
83563066
83580792
83647295
83737732
83787243
83815385
83897107
83950582
83978985
84051705
84071314
84093465
