130021254
130146007
130319192
130628122
130757102
131340844
131558399
131913173
132032905
132042004
132049666
132100829
132205442
132236201
132236997
132261048
132292558
132739328
132901458
133050162
133802668
133805452
133871240
134194377
134486787
134515155
134612011
134701401
134716493
134801711
134803840
134810401
134880229
134882703
135211118
135317816
135517968
135665856
136054646
136075601
136185426
136211158
136216715
136233568
136270730
136413966
136465178
136466881
136480100
136513951
136611898
137008341
137020164
137393780
137544295
137855498
138143632
138406934
138545618
139381889
139815823
139889445
140136274
140195738
140244669
140294366
140350833
140385093
140538991
140593824
140640156
140680607
140722062
140726023
140969769
141147202
141156712
141493089
141739308
142040418
142147273
142200602
142340007
142566771
142652628
142750869
142774043
142940467
143023210
143461140
143947485
143989259
144390539
144453655
144953640
145191514
145253130
145565593
145732536
145746737
146151360
146274845
146670876
146896177
147015717
147150482
147231856
147453534
147684781
148173338
148230680
148448839
148800452
148967921
149020890
149116044
149139910
149173768
149185236
149333845
149458748
149786953
149800443
150229281
150395661
150531493
151143633
151581842
151959051
152087057
152300487
152565866
153334731
153340846
153392504
153405388
153426540
153903893
154239053
154259251
154589398
154638607
155475688
155556949
156014872
156138846
156305557
156308459
157531304
157670045
157817353
157974313
157992034
