19352496
19372443
19500625
19533721
19846520
19935822
19942509
19949264
20599424
20618772
20630221
20993384
21349993
21394074
21421127
21628563
21705384
22433837
22724502
23102575
23145314
23394293
23400415
23639227
23729744
23761244
23897915
23964657
25148378
25219783
25238910
25599458
25600815
25756898
25814726
25877772
26215981
26534388
26598435
26640585
26776184
26887772
26937190
27031127
27220959
28156886
28248836
28805386
29164915
29378809
29917688
30189858
30236772
30249355
30434022
30522300
30912214
31286620
31324197
31656992
31796547
32257440
32267354
32396903
32481901
33897696
34277416
34437198
34995976
35241451
35261331
35783455
35923523
36000395
36050955
36641007
36783919
37064263
37705109
38476960
38478949
38981722
39060041
39284912
39450822
39700524
40283704
40490901
40897490
40985024
41197034
41680994
41747155
41866051
42001197
42312475
42837970
42957399
43172989
43619055
43831620
43937372
43944203
44183303
44416981
44664764
44731237
45076740
45443373
45630054
45694435
45724595
46181731
46226544
46616576
47428478
47622523
