66945293
66947230
67045968
67048807
67074629
67113404
67215067
67219422
67263404
67276154
67280043
67359783
67375423
67416021
67443095
67456028
67507748
67535995
67543403
67573341
67580096
67611462
67649697
67662754
67705103
67706448
67712281
67720081
67728115
67729815
67756812
67771253
67775489
67846329
67904409
67928217
67960101
68012062
68035632
68086197
68096399
68141962
68155936
68175079
68181243
68232514
68233365
68237411
68238358
68239714
68241024
68244014
68244977
68247091
68248910
68269402
68374289
68396217
68414031
68449194
68623238
68708717
68710165
68760350
68773630
68899062
68923347
68928111
68937074
68943584
68946806
68982489
69010096
69104693
69140976
69161063
69168731
69236320
69242345
69259436
69308192
69341194
69371523
69452160
69513180
69545750
69547797
69600969
69652979
69658390
69670805
69684176
69686422
69740354
69770565
69863888
69868295
69889213
69971737
69996751
70045016
70063216
70071960
70085548
70105524
