87996178
88106499
88494556
88730735
88808354
88889890
88973700
89012819
89125871
89234882
89339565
89457624
89539133
89641698
89824159
89839795
90473524
90597173
90618791
90671538
90788916
91456639
91471532
91564564
91769206
92185028
92313775
92697299
92767910
92948854
93626424
93708884
94537464
94742844
94876264
95325800
95639157
95826582
96025269
96221529
96254759
96303815
96352377
96369017
96524247
96571929
96789783
97134301
97448248
97583081
97635153
97750242
97920443
98095085
98294629
98445243
98509765
98707505
98982119
99021915
99100546
99115282
99187466
99202734
99388953
99794972
99980755
100105290
100327939
100355698
100454173
100497145
100617620
100704740
100821680
100918657
100998226
101051141
101160754
101247419
101294160
