3302516
5187764
6008343
12793266
13168981
14083684
14324972
15331583
16137201
16251818
16553989
17136050
17699053
18225443
20716601
22035899
22482926
22773654
24306272
25317176
25455766
25679802
26075767
26813185
27522692
28307465
28546293
28690148
31278768
34487965
35249936
35626973
38560323
39702452
39839593
40532808
48686363
52147500
56586772
56704035
61757888
64417665
70974680
73301473
79615884
80058489
83923052
85133526
85838010
86151760
87227461
88753662
92555993
101818783
110084687
110744934
112107437
112611112
114008187
114133211
118194274
122625066
130615093
132409272
142091299
143632720
144846259
162936517
180462395
