3149653
3931783
3986101
4142019
4177456
4300820
4596471
4933644
4971479
5008655
5011409
5069202
5082351
5165734
5223124
5281091
5309098
5457389
5518811
5596698
5599442
5600243
5684822
5687206
5687991
5735183
5919526
5927088
5957612
6186594
6352593
6373284
6419076
6428149
6598149
6646888
6675193
6917095
6937396
7145399
7150354
7228243
7443540
7480075
7484376
8275431
8300160
8901317
9191266
10052452
10233388
11290466
11676633
11687093
11720343
11763019
11840754
11850059
11854763
11885718
11993548
12088045
12142580
12142787
12294344
12324002
12367440
12383245
12389879
12413529
12456417
12526390
12599458
12638092
12643248
12710227
12750286
12786824
12908109
12908632
12927660
12981752
13056947
13060148
13178476
13194012
13319893
13336170
13357531
13575592
13791706
13904837
14008741
14040772
14088877
14089155
14120192
14143232
14342261
14378420
14506709
14605769
14861136
14891507
14926663
14961639
14983887
15074549
15087827
15129615
15214843
15256832
15258016
15359842
15449736
15489634
15500930
15652813
15794534
15855397
