45032797
45111456
45134657
45297490
45327511
45355516
45455276
45648453
45706743
45740998
45783390
45789957
45797315
46022632
46247008
46430850
46443948
46457688
46537852
46546080
46616576
46646320
46705905
46735803
46965047
47204353
47264163
47495276
47574745
47655012
47701449
47762524
47815616
48689233
48971126
48978809
49119802
49304712
49386594
49789101
50280203
50344851
50541948
50824419
50879505
50995844
51043740
51115894
51154464
51480383
51488855
51591521
51687226
51706145
51734976
51784884
51801431
52548564
52886954
53105046
53117745
53169805
53431069
53460686
53551709
53593800
53691616
53993713
54030678
54044871
54254473
54625998
54729523
54858484
54863943
55262680
55263152
55269519
55347789
55581660
55602636
55626508
55706686
55914592
55981177
56013267
56098617
56098811
56318594
56536713
56687645
56864394
56916260
56949210
57219892
57525833
57671345
57750435
57810171
58004509
58177286
58488662
58612609
58745519
58940120
59187901
59189558
59343231
59451315
59453318
59857558
60029997
60051869
60183413
60185044
60480934
60570994
60626018
60843003
61010299
61024849
61176217
61235645
61251740
61281237
61344876
62104041
62180034
62254487
62562121
62636312
62843529
63296282
64025966
64174270
65262976
65447608
65963878
65994855
66033363
66094190
66170721
66743981
66872933
66966537
67019859
67033376
67096530
67106713
67489050
67606836
67848260
67852917
68079687
68191385
68393676
68441024
68570243
68656878
68659183
68675683
68677347
68693922
68720998
68783543
68796509
68881725
69002739
69172189
69393985
69449303
69505358
69516172
69530656
69634823
69877732
69936524
70318647
70649579
70776369
71037044
71070120
71385398
71442927
71535590
71633985
71737916
71863446
71884032
71909234
71928546
72082759
72257407
72364980
72507187
72518314
72730263
72808430
72890999
72976460
73030059
73104479
73422683
73574457
73587732
73635696
73638273
73763055
74027226
74033588
74130225
74236369
74313494
74338525
74469227
74591350
74687318
74794248
74991545
75046513
75129152
75260988
75263673
75275433
75455311
75833645
75920056
75940385
76427125
76441032
76465337
76470854
76497601
76630836
76944037
77193138
77505129
77621852
77732453
78124914
78249471
78394138
78399100
78442261
78548858
78697574
78870150
78888195
78890098
78974384
79301387
79342114
79605196
79700735
79755191
79819795
79916224
79989797
80014901
80041892
80066853
80087133
80219230
80545059
80561280
80760267
80910093
81007191
81134845
81237693
81322349
81400842
81526090
81550708
81738374
81755074
81778212
81848247
81908933
81951567
81986442
81994296
81994749
82091202
82207330
82282032
82734733
83035627
83169676
83787243
83897107
83967466
84167496
84259544
84640915
84950202
85063356
85299763
85570471
85686889
85695851
85929664
86698333
87219248
87241146
87683432
87891148
88170916
89077884
89208805
89299992
89457951
89567689
89571303
89609366
89695205
90100192
90104302
90346525
90420486
90470301
90509946
90543880
90577792
91019711
91351190
91495494
91680268
91747748
92316076
92709548
92742520
92938746
92948454
93239406
93434337
94051158
94053024
94544672
94680215
94752025
95451841
95621365
95670619
95835480
96722185
96880326
96890433
97107969
97316503
97574628
97909798
98204176
98394369
98743435
99192590
99239132
99269294
99700510
100066356
100111930
100944499
100979355
101172194
101336037
101933135
102335026
102549493
102801571
103074076
103396534
103516533
103622164
103744810
104214730
104283696
104301655
104346165
104370844
104482173
104550134
104614621
104769549
104899266
105032048
105155849
105189228
105244079
105285214
105337496
105882759
105950737
106199478
106222164
106311376
106737294
106963534
107118766
107155602
107359780
