106636694
106640794
106791221
106828376
106832751
107110361
107114700
107304173
107394061
107659128
107698992
107814679
107886260
107911687
107937771
107966955
108248910
108324489
108360102
108570443
108570824
108575610
108628681
108649067
108658436
108723980
108733040
108734374
108742929
108822037
108847657
108870159
108883847
108892884
108917295
108925625
109046025
109048133
109181396
109194861
109225739
109255060
109255150
109307012
109352756
109373070
109375993
109384828
109408809
109409744
109412632
109419833
109430501
109453111
109455861
109456600
109457748
109474837
109584217
109604551
109621206
109698132
109716198
109723573
109808478
109830574
110068929
110171500
110176474
110182261
110184159
110270640
110461549
110461656
110476471
110477691
110484764
110497997
110514537
110548281
110576842
110590346
110856461
110867419
110921947
110969131
111027926
111040225
111138455
111153234
111182814
111247956
111317651
111455685
111582122
111644220
111662369
111667533
111721534
111838954
111898578
111978648
112027764
112059828
112154177
112157826
