3330151
5615605
6054868
6287477
6595362
6598149
6605867
6614151
7228243
7392444
7857764
7960168
8227171
8422238
10817529
11396927
11681035
12061030
12069016
12095050
12198985
12318945
13983550
14110812
15483005
15607689
15824345
16019002
16053933
16506146
16653521
16791351
16993758
17533031
17585987
17844873
20336213
20981490
21132883
21137099
21534172
22475873
22490637
23844942
24003574
24802409
25107813
25593841
25701716
26100669
26747615
27401703
27728400
28114043
28522166
28869415
29241890
29247274
32307286
32620249
32797352
32988589
33089088
33617626
34004808
34276349
35146072
35549419
35654640
36447001
37199671
38247465
38548128
38797288
40231029
40478097
40921194
41433628
41626810
42782515
43950346
48668223
49245103
54381989
55632365
56743267
56887688
57406102
59061851
59077171
59763282
60590358
60593573
61551516
63285418
64280654
65509568
65856646
66053964
66665174
67674332
67828740
68478885
69153470
69381952
69435495
70062748
70068941
72659356
73442181
73672287
73785634
76105120
76901073
76942544
77578770
77599183
77626546
78484815
78613248
79643284
79645908
79800245
80833002
81802284
82072553
82181939
82254353
82651704
82720872
83755408
84224587
84676178
85119248
85195972
85215832
85341433
86091215
86325710
86482318
87857940
88655458
88680830
88721200
89843535
92013792
93859393
94419460
95049539
95352323
95400056
96850225
98019036
98020199
106234266
106260216
106637829
106933906
110926525
113952863
114316127
114468692
114775082
116705722
