63913620
64446527
64727703
65068721
65901485
67090002
67535995
68057834
68191385
68373040
68380018
68441024
68571734
68659183
68677347
68796509
68941421
69161063
69260727
69506259
69647006
69684176
69793408
69877315
69929423
69940642
70864153
71159722
71863446
72129296
72251997
72619840
72823725
72976460
73020739
73587732
73597270
73763055
74028827
74202488
74304204
74482371
75018354
75222441
75263673
75477466
75637840
75795573
76037186
76185142
76533823
76939526
77165898
77167088
77447543
77622791
77763121
77859112
77925061
78124914
78213083
78500387
78522137
79227407
79372851
79423247
79454999
79548706
79700113
79768012
80158536
80561280
80576432
80678922
81043066
81347087
81546589
81773554
81994749
82091202
82282032
82734733
83025885
83205495
83563066
83647295
83787243
83897107
83927624
83979176
84239617
86068680
86440708
86458363
86923327
87188927
87219248
88905333
88967073
89028125
89208805
89398273
89457951
89704210
90309047
90493448
90509946
90694249
90889336
90913370
91001846
91351190
91495494
91534224
91559428
92256167
92316076
92372728
92444107
92455219
92577248
92605694
92696566
92709548
92918304
93052192
93119462
93662590
93885627
94545050
94605662
94690329
94752025
94943102
95495235
95670619
95988957
96042085
