108677880
107282218
104619059
101186236
93834146
92519636
90620996
89829212
87032406
84883926
83990355
83450008
82293029
81394728
80561280
80233115
74883001
73336594
72065501
69441710
65985345
63942249
63255395
59601544
58817274
58412186
58212475
58067804
56566068
56560228
54762445
50403655
50374699
48814559
47697323
47431296
46871574
46734530
45408347
45236997
45192703
44818496
44786094
44606192
43953412
43647925
43183631
43127706
40338488
39041334
37348458
36867829
34199154
31703032
31404450
27943455
27822164
27711565
26796406
26685802
26635419
25866853
25329906
24377937
24121489
22253396
21560503
21519327
20848631
20674754
16721652
15853273
15590348
15283284
15268133
15079766
13245418
12237342
11977844
11836751
8177689
7498651
4444881
209982980
192499020
190522246
177178866
146085536
145181722
136328412
132122458
122321724
121746391
114089773
113735633
110019188
107960818
103032527
101423435
98403788
97348420
96027591
94920513
92265011
91535029
83976902
83720808
82603058
80397098
77591478
76676303
72499448
65883988
60338350
58934097
58657523
57212951
56752721
56313207
55256186
53085250
51065557
49747297
48773160
47177261
45784911
45349070
44323423
44267791
44097716
43192924
42437256
42368656
42365172
41410092
41028087
39939419
39307892
38616196
38100558
37804040
36475100
31347368
29511361
28199418
25503567
24156444
23480166
22879502
22657686
21052149
20892769
17468113
17399002
16915550
15038638
14702030
12412640
12362914
12152614
11135461
8941249
7631201
7580507
207300808
143706667
129646483
119297647
119178101
116544203
102823952
98328256
83838664
82296528
79442919
79293299
54893062
47576513
45126629
44747523
44572090
44090467
43292924
42404388
41241373
41054297
40614148
34648574
33835085
31016730
25003883
24993771
24819518
19561133
16400612
15465921
12624798
12340919
9387015
8353594
7833450
7311680
7187522
151177282
148416109
125805380
120294423
115273357
111550118
111062168
108965255
108700311
108474164
103124694
102624503
93035674
91001846
81400842
69823607
65613564
60941570
22709423
22689322
17999878
16780986
16676608
15794534
15759015
15535390
14034894
12305162
6126110
190580037
184821740
178592893
134739604
118903003
108364381
71126752
70868165
62771052
59226336
57437404
47982073
31386069
28947617
26414787
21693940
16064549
12233586
5173429
190787256
161651550
159522531
149496485
