22871299
22893388
22933449
22992014
23000644
23001863
23033282
23084191
23089409
23131299
23158172
23178482
23178903
23180076
23195262
23221862
23236066
23245040
23261750
23265701
23287118
23340199
23382895
23390775
23400415
23449033
23449167
23449918
23487483
23526654
23531930
23547474
23564730
23568974
23651917
23694616
23712700
23783886
23789900
23795386
23803933
23808332
23832342
23843850
23860396
23867190
23894394
23922794
23947054
23954310
24003574
24052345
24063848
24090430
24097242
24103898
24110974
24116930
24132607
24137179
24162879
24177452
24211779
24216328
24225535
24233393
24234686
24254862
24268111
24286714
24287432
24287520
24357698
24359486
24370093
24377937
24397400
24431937
