227019905
17160123
31715014
26798384
97473670
231358627
202079358
27971682
111971081
115358746
61965708
76639871
21712954
134075979
121730596
244316190
67035330
80280221
26203273
88306484
160388966
76997676
38942832
42875764
35951122
61548605
9888412
55610317
25317306
164969536
21107809
60869747
22925784
181659074
70406106
236551835
118122992
65251281
52354563
56269116
83221160
5282849
64052472
159767344
165184450
179920609
7461081
212549591
98545016
11622376
71971097
193770245
206456995
61519433
55841344
90528496
82622396
134237006
