76998525
77193138
77505129
77621852
77732453
77793095
78077564
78124914
78249471
78394138
78399100
78442261
78483165
78548858
78697574
78870150
78888195
78890098
78974384
79173182
79301387
79342114
79605196
79700735
79717124
79755191
79801829
79819795
79916224
79989797
80014901
80041892
80066853
80087133
80172833
80219230
80370499
80459773
80545059
80561280
80760267
80830349
80898334
80910093
81007191
81134845
81192535
81237693
81322349
81400842
81506646
81526090
81550708
81738374
81755074
81778212
81848247
81908933
81924626
81951567
81986442
81994296
81994749
82091202
82207330
82267986
82282032
82663581
82734733
82808469
83035627
83169676
83787243
83897107
83967466
83998880
84167496
84361751
84950202
84973821
85063356
85299763
85427510
85570471
85686889
85929664
86058039
86698333
86770140
87219248
87241146
87683432
87891148
88170916
