3093073
3211754
3222839
3234284
3776428
4132956
4148655
4177456
4337619
4942390
5003408
5210669
5223124
5494849
5600243
6100674
6126110
6373284
6497962
6510885
6619986
6761571
6880715
6983745
7072831
7139784
7159288
7291601
7563972
7799237
7888352
8052827
8055329
9198240
9600858
10867225
10931729
11287039
11360307
11456786
11510002
11638316
11920622
11965166
12061976
12264421
12388158
12468436
12578570
12638092
12736226
12766617
12833761
12857274
12857965
12996836
13048386
13319707
13493768
13614629
13848388
14121569
14976590
15046476
15221398
15334276
15364404
15639209
15886894
15947849
16028730
16211200
16308227
16362932
16378493
16480096
16713840
17452350
17549821
18186327
18213672
18593172
19352496
19667373
19846520
20124935
20618772
20630221
20841379
20873482
20993384
21421127
21421648
21582124
21725423
22116243
22694636
22827007
23168600
23228024
23237734
23380220
23381995
23400415
23618613
23710539
23747960
23964657
23998757
24432731
24725768
24977408
25021870
25373752
25600815
25756898
25814726
25824207
25878668
26132443
26156035
26183810
26215981
26571096
26776184
26943626
27165265
27167978
27220959
27325491
27343014
27588867
27604664
27782229
28299862
28414274
28591411
29185985
29659086
30070589
30475077
31205016
31317810
31443726
31451303
31490663
31745861
31916239
32094920
32608511
32721611
32880220
33589701
34075104
34401250
34916005
35175456
35236717
35289040
35923523
35927165
36024687
37618523
37705109
37791246
37818279
38184561
38210912
38738370
38973022
39490979
39875934
40491600
40985024
41197034
42099230
42255842
42398962
42444691
42476963
42861741
43419261
43688290
45090907
45443373
46181731
47731291
48011989
48514334
48783674
49226692
49518990
49521144
49732909
49733934
49741649
50397472
51282903
51473216
52650466
53585806
54261203
54950968
54974245
55680937
56392856
56819526
57091051
57913800
58517860
62085229
63577011
63656867
63943248
65860100
65871322
66998933
68014690
68149840
68191385
68211189
68285742
68677347
69161063
69311462
69989306
70105524
71006709
71365626
71509448
71863446
72129296
72390446
72425104
73050824
73796216
74206539
74449079
75357173
77758258
78080497
78096243
78180115
78308703
78517326
79077740
79207843
79673685
79712147
80019956
80652940
80678922
80757878
80765589
80928272
81284214
81325240
81400842
81920371
82091202
82293411
82477318
82607240
82714064
82720872
83159693
83189098
83296245
83356169
83398360
83802379
83815385
83938344
83979176
84022507
85768747
86678245
86735962
87022373
87138850
87662788
87823097
87976302
88814241
88863750
88919617
88957378
89033824
89036830
89098011
89179168
89321129
89457951
89567689
89886939
90042686
90225863
90226730
90250437
90356037
90383484
90470301
90633571
90634561
91372110
91809852
91916821
92013792
92351551
92749855
92803155
94760728
96751340
97257568
97487856
97510785
97603589
100277925
100396602
100733437
100979355
101376445
101453280
101554128
103123403
103554067
104283696
105646262
106926226
107999625
109255150
109572770
109874628
111151016
111460129
111947500
112231768
112596953
112665605
112787145
113678778
114303868
114542043
115573000
115602237
115677469
115721535
116132574
116358934
117050391
117608910
117724404
118484217
118904045
119841995
119925286
120671577
120729000
120847215
121000956
121350329
121869134
122109923
122176715
123231543
124091112
124230642
124702019
124933544
125275623
126036174
126289741
126565861
126604048
126658091
127109616
127121595
127142040
127869858
128765713
129236782
129280349
129385819
129452984
129833935
130089857
130524784
130954283
131114167
131878521
131941405
132127942
132261048
132263468
132901458
133402470
133637138
133727866
133908301
134194377
134332231
134342866
134493323
134810401
134882703
134911739
135081201
135211118
135801397
135910567
136465178
136644356
137020164
137544295
137570360
137644915
137650387
137710252
138253386
138696951
138987061
139348588
139659081
139734602
139773769
140136274
140223943
140254070
140394800
140707245
140969769
141147202
141148131
141156712
141184093
141291511
141473884
141527151
141723669
141739308
142022799
142200602
142718557
143137383
143251261
143989259
144055893
144318815
144331152
144356774
144390539
144561870
144717030
145253130
145994938
146092493
146400840
147584651
148173338
148319392
148347534
148368880
148408382
148448839
148455397
148733658
149074694
149103215
149113807
149427462
149456905
149660511
149664276
149754964
149800443
150505643
150531493
150876354
151179850
151997703
152335591
152349389
152842529
152964079
153007943
153123328
153192706
153421982
154341183
154408150
154508874
154589398
154932767
155198561
155245999
155400722
155728253
155942737
156051042
156107954
156355812
156704534
156748297
157269431
157383699
157398382
157428444
158049048
158137524
158221351
158240148
158298942
158458783
158507033
159032577
159106242
159374003
159539598
159668766
160293070
160381875
162388767
162405745
162441295
162442456
162528294
162608977
163249167
163297319
163374796
163703868
163793296
164061732
164167652
164204314
164803825
164849052
164867017
165274994
165338533
165413619
166652205
166814079
167379148
167448435
167747441
167987026
168096378
168204274
168214492
168263838
168296820
168326353
168515282
168554697
168691725
168816551
168867291
168894095
169035042
169040515
169041176
169131058
169148266
169195780
169578353
169581353
169653390
169890521
169897982
170284630
170365602
170651728
170693954
170696228
170787090
170934024
171077545
171087987
171216491
171224378
171264372
171281258
171298768
171401104
171430642
171610032
171769651
171816658
171841227
171849173
172000332
172038863
172184653
172234894
172392363
172828239
172891469
173157708
173553645
173866924
173907929
173999774
174068922
174070841
174111976
174304501
174498579
174602228
174609764
174789869
174832878
174902831
174997994
175110741
175113384
175138442
175199076
175239410
175393194
175528163
175603861
175688253
175805504
176056236
176069039
176233627
176520951
176740756
177095149
177342443
177386749
177524074
177543543
177964683
178003982
178006654
178141005
178186841
178257553
178302968
178399270
178404235
178514789
178613190
178697616
178707429
178709141
178728799
178733699
178983337
179093117
179134504
179191283
179427497
179521240
179608183
179827445
180148941
180349852
180461891
180599139
180767272
180793097
181103169
181506393
181590912
181748365
181904738
182083415
182149264
182344138
182353773
182469249
182488135
182560104
182613590
182716333
182756527
182767752
182787304
182799109
182826252
182990925
183194810
183204036
183300086
183330990
183406679
183627352
183843263
184053948
184228165
184428665
184706690
184792983
184901845
184965077
185277753
185342298
185464432
185872270
185894142
185981020
185997444
186212863
186229182
186261293
186356070
186511375
186526361
186754556
186797267
187354614
187378338
187395890
187506283
187533084
187616313
187696257
187769714
187777334
187831587
187843868
187905736
187991706
188110293
188134782
188261579
188276722
188299026
188435131
188486839
188496721
188580883
188601037
188827514
188839368
188996428
189027020
189033580
189051475
189167233
189257410
189263873
189313346
189315741
189450873
189463617
189515972
189584001
189665831
189694004
189830551
189850968
189918713
190138812
190152058
190321371
190344470
190494215
190753897
190868547
190976728
191007360
191111453
191135320
191217539
191325764
191339301
191851298
191877218
191960725
192041922
192073502
192084163
192192258
192201534
192313353
192477351
192600288
192606563
192663749
192890688
192979936
193394913
193602632
193687977
193852634
194079485
194125567
194174888
194386212
194507466
194553733
194652247
194690239
195111383
195127128
195656314
195688989
196007897
196028996
196310592
196371449
196578403
196698855
196929791
196948826
196975555
197097920
197108453
197155776
197277892
197661893
197816320
198515491
198778790
198949920
198951746
199165988
200157736
200375706
200872666
200920646
201270116
201296869
201635972
201834941
202051171
202107073
202912261
202981022
203598886
203940251
203975197
204306820
204631076
205515685
205556382
206075297
206744384
206962460
207163813
208134463
208134533
208366116
208593859
209497055
209923875
210211009
210855137
210934818
212385056
212408320
213272895
