3457772
3850489
4177456
4242035
4278314
4581153
4942390
5078265
5087366
5097775
5186763
5210669
5348625
5505378
5543192
5615070
5721549
5722183
5830787
5931792
5963362
5976150
6020771
6200618
6271148
6293842
6714186
6737628
6852661
6875404
7104869
7111976
7314334
7372153
7382931
7437528
7451688
7502197
7512358
7621979
7716643
8088438
8127042
8447217
8497958
8680325
8821343
8833187
9198240
9285697
10481033
10698264
11134517
11154931
11159663
11186348
11333676
11456724
11550600
11575730
11615559
11782224
11805489
11943225
12000841
12019334
12145209
12155631
12338630
12340919
12356606
12415124
12508441
12578570
12638393
12655413
12757902
12761299
12848255
12953982
13034196
13072737
13261401
13361371
13638434
13723367
13769980
14122396
14749360
14940144
15170797
15219396
15319921
15394665
15513969
15616115
15683347
15708945
15724630
15848880
15980934
16019409
16280141
16357004
16466026
16618481
16620094
16679204
16680606
16749650
16775022
16798171
16833196
16833690
16897588
17013355
17061225
17158084
17160544
17310135
17310281
17377054
17493287
17497523
17533059
17536486
17549814
17597486
17738731
17748974
17769158
17793107
17995853
18049538
18064762
18100862
18169441
18181472
18223013
18260828
18330721
18393277
18467523
18664063
18712304
18721141
18743021
18791602
18805361
18893352
18977556
18980250
18995359
19107640
19242854
19436020
19441494
19498863
19644767
19664466
19741478
19757103
19815543
19835056
19846520
19949264
20078884
20155596
20178038
20249159
20304037
20538506
20632212
20726195
20771986
20798265
20816430
21015016
21061096
21103399
21150955
21230037
21278698
21326188
21442016
21722325
21727363
21749360
21882071
21893368
21912466
21927923
21968289
21988933
22019585
22057626
22133437
22136518
22253393
22283925
22356217
22530358
22674507
22698010
23061403
23402424
23408475
23611868
23714096
23721253
23740558
23747445
23901670
24153437
24153811
24237788
24412042
24434086
24443439
24528421
24538773
24559199
24644160
24899088
24994541
25196433
25253967
25360058
25532613
25645628
25718599
25734875
26021303
26087174
26094013
26094417
26131471
26165439
26190381
26358732
26408677
26554892
26697243
26716218
27013149
27018101
27298253
27321699
27615540
27624723
27646841
27648293
27704703
27847266
27900606
28040129
28114110
28150794
28248836
28503714
28721478
28734040
28769104
28792442
28880712
29043276
29100973
29159654
29194157
29309254
29376989
29448876
29468079
29489370
29721315
29751543
29830250
30065670
30434591
30568788
30671997
30926725
31089694
31133315
31267408
31556994
31644390
31788976
32171416
32258508
32263343
32324627
32491909
32590980
32721611
32746711
32785485
33299497
33425032
33507997
33523202
33539149
33674089
33749634
34010577
34060079
34172641
34386591
34406862
34443669
34569813
34611029
34727137
34834965
34839216
35209274
35214767
35336293
35573844
36074748
36111388
36172277
36360991
36466220
36559111
36883016
36927778
36934375
37025160
37157416
37158137
37253867
37426422
37482125
37518343
37597909
37833636
37910640
37930755
37946832
37956650
37986147
37986818
38084194
38238810
38273908
38303527
38479222
38520962
38700107
38751751
38954827
39028567
39243660
39375076
39551035
39848379
39928523
40086741
40117245
40224758
40714136
40822435
40876085
40895232
41717301
41723852
41975304
42062432
42125306
42178154
42191075
42399778
42416335
42524746
42563679
42741524
42803751
43167681
43223319
43261038
43519803
43592267
43674609
43916863
44255687
44366794
44713305
44725876
45201022
45408084
45482768
45565920
45727888
45797315
45976940
46211045
46345547
46457688
