114777337
16462928
12960549
33147772
178070874
63725197
100421386
79119205
14034013
24365122
61540382
142755520
165313166
94356807
12552312
55324312
119890710
64421588
40156420
7561611
237697854
44377000
11242064
16111619
27717438
35104431
62529607
44814760
52321410
68462992
72904303
104073802
93786893
25844998
22063680
111286771
90691426
34033298
26238034
215291891
108463062
20995525
109934825
19771268
170668171
256250625
36271046
66435676
61814239
165024493
168962781
63534960
49140512
173599836
29365108
12410362
109555769
33302722
30336641
150953317
153078317
72794810
49544328
95740470
113047524
88135742
59503592
68952379
21861591
65084278
46158156
91929477
99649666
17731523
78147245
140313759
83213771
201615900
20863162
49998504
64033780
111573113
113040287
241423008
226820568
105919945
22858864
16260256
174065039
69964806
21312785
25599669
111061211
17132791
118740293
127150174
160324714
39854243
235684186
73315488
24310942
