179567806
179571176
179647835
179711811
180033840
180148941
180228639
180349852
180397952
180406024
180456676
180461891
180599139
180759471
180767272
180793097
181033884
181103169
181119469
181243279
181280674
181297454
181302710
181371018
181506393
181520537
181540913
181571983
181590912
181711958
181765868
181768781
181904738
181922157
182020655
182083415
182260888
182344138
182353773
182377561
182432456
182469249
182488135
182560104
182613590
182664231
182674833
182716333
182732438
182767752
182778196
182787304
182799109
182805998
182826252
182831799
183112392
183194810
183204036
183300086
183330990
183395959
183406679
183468127
183555319
183560520
183627352
183658478
183702510
183724455
183811858
183997204
184017369
184228165
184332399
184378283
184570757
184706690
184792983
184810559
184965077
184970318
185277753
185342298
185414203
185464432
185623965
185631914
185872270
185981020
185997444
186020077
186045104
186110170
186127787
186146948
186229182
186261293
186310269
186356070
186374523
186379771
186431591
186466248
186511375
186526361
186528354
186566420
186570428
186573728
186727611
186732047
186754556
186758022
186797267
187132665
187148873
187171351
187223013
187224285
187229843
187234842
187332737
187354614
187365109
187370000
187378338
187385438
187395890
187447824
187457203
187487644
187506283
187533084
187616313
187627739
187658325
187696257
187743030
187811617
187823275
187853487
187905736
187926278
187991706
188074650
188085182
188110293
188134782
188161762
188276722
188299026
188580883
188601037
188602120
188786733
188798639
188801943
188827514
188832848
188839368
188982483
188996428
189027020
189033580
189051475
189167233
189257410
189263873
189313346
189315741
189515972
189596728
189665831
189694004
189749951
189830551
189848613
189857667
189918713
189938154
189956503
190138812
190152058
190175490
190321371
190344470
190359658
190417082
190494215
190624229
190868547
190908596
190913865
190976728
190979492
191013151
191048614
191070356
191111453
191131489
191192095
191217539
191233153
191332492
191339301
191398359
191415201
191660100
191677963
191851298
191852164
191877218
191929768
191960725
192041922
192084163
192201534
192272969
192477351
192577250
192600288
192601557
192606563
192663749
192693408
192890688
192913300
192979936
193004833
193045917
193045992
193156887
193173356
193197944
193394913
193399781
193602632
193687977
193696577
193785957
193811866
193816585
193852634
193993609
194079485
194125567
194174888
194211645
194261863
194287945
194309119
194386212
194429542
194507466
194553733
194589785
194690239
194782563
194914875
195111383
195405066
195489373
195505878
195555871
195656314
195963228
196007897
196028996
196082457
196151040
196310592
196609566
196698855
196714902
196718986
196783364
196811400
196929791
196948826
196975555
197155776
197275560
197387265
197542270
197602335
197660963
197830402
197902174
197986569
198065790
198164414
198407112
198419100
198515491
198729509
198778790
198949920
199149961
199165988
199512440
199584291
199729787
199753464
199762729
199984088
200079624
200157736
200375706
200529062
200591142
200686916
200728322
200736777
