38914038
38935478
38981722
38993072
39092211
39168887
39265472
39284912
39298622
39301691
39352932
39448671
39529536
39577506
39594394
39597484
39672645
39677093
39709844
39745919
39752318
39756918
39809286
39860838
40075584
40123026
40211125
40224758
40228442
40272078
40283704
40303807
40322493
40383947
40571675
40785352
40797821
40985024
41013318
41066977
41095206
41099762
41121452
41129191
41146244
41197034
41260039
41291888
41303243
41314251
41369227
41403262
41525100
41527773
41579965
41584939
41716136
41718323
41758044
41767246
41839809
41866051
42052450
42107606
42188038
42189831
42235004
42261379
42275437
42454592
42458545
42564286
42712869
42752735
42757783
42758965
42809054
42862402
42868626
42894191
43004770
43285725
43304709
43306899
43311275
43315797
43344456
43352464
43362323
43386327
43424762
43482507
43508485
43519217
43606719
43641090
43683144
43692669
43720234
43753437
43803324
43867260
43897887
44092000
44101198
44108744
44159402
44161733
44173197
44175480
44299805
