132261048
132263468
132308876
132619804
132901458
132967876
133050162
133727866
133761208
133802668
133803748
133908301
134153618
134156214
134194377
134203798
134260386
134268481
134314381
134342866
134493323
134554399
134801711
134882703
134884779
134996965
135265469
135517968
135711999
135801397
135944881
136041418
136185426
136211144
136320150
136465178
136513951
136611898
136644356
136891502
136999830
137069813
137203677
137233079
137342961
137502775
137650387
137847243
137855498
137860665
138143632
138228477
138268100
138349456
138422263
138463327
138545618
138620923
138696951
138814750
138928779
139003107
139030720
139051184
139057806
139221182
139348588
139417853
139580691
139773769
139847263
139960440
139996128
140086662
140136274
140172107
140241496
140254070
140294366
140366119
140380273
140515174
140639944
140969769
141050373
141147202
141148131
141167764
141280332
141337288
141363141
141381613
141739308
141740447
141789750
141839636
142200602
142473452
142718557
142856539
142945347
143441112
143480291
143533577
143583078
143615435
143881151
144127060
144135012
144250985
144318815
144331152
144356774
144411620
144432113
145173080
145253130
145631661
145747054
145854939
145964036
146152022
146252190
146400840
146480733
146546274
146877540
146891945
147149076
147168672
147322083
147432609
147796962
148067372
148103999
148124000
148173338
148184653
148230680
148236431
148319392
148347534
148434850
148448839
148553815
148615460
148708551
148859764
148890907
148967921
149009937
149069305
149169888
149210011
149277530
149333845
149388102
149688995
149754964
149800443
150088296
150358926
150395661
150955184
151069265
151143633
151179850
151263516
151444965
151581842
151615290
151689044
151730378
151747537
151959051
151987323
152031444
152206228
152390994
152607035
152692799
152978351
153340846
153405388
153451278
153500502
153507508
153625584
153727445
153808284
153819654
153890257
153903893
154125547
154239053
154243074
154259251
154289814
154328755
154353015
154408150
154589398
154831510
155006586
155268184
155274538
155277656
155371202
155400722
155514003
155620133
155728253
155954608
156051042
156158417
156241840
156308459
156413900
156475487
156519807
156785067
157017844
157065258
157398382
157428444
157579060
157683384
157817353
157954138
157974313
158051204
158137524
158240148
158354256
158458783
158507033
158538190
158784502
159106242
159272213
159668766
159725168
159783084
159818065
159965672
159994992
160087157
160369186
160840501
161106674
161321494
161377384
161495630
161690737
161824437
161880139
162168557
162237499
162278311
162332791
162405745
162421680
162450508
162480079
162528294
162627976
162700172
162752629
162830383
162870055
162877779
162902290
163171593
163196108
163249167
163354000
163374796
