46385878
6052769
79636490
6306123
31545998
73346008
183170217
209866100
117943178
121052896
7376919
146011944
57951352
6659991
91683415
25399657
95890211
81120214
9964115
236856134
218071305
12660813
134032755
84189016
229087456
149284835
87528768
34489234
62515707
166865522
114248171
116154770
114097740
154684727
8997731
53445110
105248334
20166574
12726682
168294655
26028322
128770841
183469341
6440824
104746798
113373311
108157687
11287742
196221725
164266050
15267988
16215940
4135665
194421274
23241538
63663743
79168387
7868478
6265707
54574002
19291393
101497793
14490455
100476203
