7450088
7450725
7454823
7460077
7471911
7474843
7479563
7491023
7493747
7493891
7495155
7506495
7512003
7516096
7530139
7536101
7551436
7559852
7563157
7563746
7564510
7565259
7567827
7571429
7586717
7592829
7594772
7600408
7604227
7609667
7612838
7613409
7650924
7667240
7681991
7682367
7693029
7700523
7708534
7712071
7713155
7725181
7727009
7731872
7737651
7742468
7769858
7770497
7774525
7782685
7785602
7786422
7786563
7787484
7792386
7792631
7796032
7800735
7801861
7808458
7814820
7818626
7819684
7820327
7827774
7838299
7859038
7875341
7885957
7887037
7900696
7906985
7909240
7912252
7913926
7922345
7924714
7934264
7945504
7957656
7965224
7969112
7969727
7970213
7984183
8007394
8013606
8016970
8018760
8028731
8031395
8031424
8037816
8042520
8057123
8068353
8077277
8093986
8107196
8107363
8107840
8118085
8124893
8140316
8146439
8147913
8152672
8153437
8155735
8162210
8172088
8182904
8195136
8197083
8198498
8203169
8205145
8212639
8281760
8289136
8290224
8299358
8300391
8328441
8331972
8342440
8349725
8357152
8370098
8384094
8402513
8409825
8421535
8430817
8439200
8450945
8459775
8461605
8471909
8493728
8519969
8520121
8526848
8566073
8624378
8637724
8642403
8650373
8669372
8693892
8700267
8703755
8705123
8754820
8767141
8779589
8785728
8794683
8808917
8824835
8867517
8874724
8889507
8890270
8903263
8931104
8931421
8947810
8953051
8964031
8964682
8966722
8983606
9016798
9038845
9072271
9087486
9122016
9142306
9150560
9169665
9192223
9194401
9223901
9246623
9299297
9423997
9432706
9465031
9491430
9558470
9602937
9650502
9673669
9685691
9907836
9910959
10000205
