3093073
3211754
3222839
3234284
3776428
4132956
4148655
4177456
4337619
5210669
5223124
5494849
5600243
6100674
6126110
6373284
6497962
6619986
6682535
6880715
6983745
7072831
7137008
7159288
7291601
7410514
7563972
7688032
7799237
7888352
8052827
8055329
9198240
9600858
10867225
10931729
11173116
11287039
11355856
11360307
11406422
11456786
11510002
11638316
11920622
11965166
12061976
12264421
12388158
12468436
12578570
12638092
12736226
12766617
12857274
12857965
12912437
13048386
13319707
13493768
13614629
13640000
13848388
14121569
14501929
14976590
15046476
15221398
15334276
15364404
15639209
15886894
15947849
16211200
16308227
16480096
16713840
17549821
18593172
19352496
19570297
19667373
19806633
19846520
20124935
20182372
20618772
20630221
20873482
20993384
21421127
21421648
21582124
21725423
21768416
22116243
22122010
22694636
23168600
23181538
23228024
23380220
23381995
23400415
23531991
23710539
23747960
23964657
23998757
24432731
24725768
24898746
24977408
25021870
