2898000
2960501
2989013
3202479
3451889
3485418
3534605
3557591
3711475
3761543
3823634
3843506
3996199
3998778
4043630
4076431
4129728
4148913
4155262
4177456
4184048
4260902
4299457
4351889
4435661
4437917
4487536
4515402
4529613
4540627
4551987
4570488
4629712
4649488
4649848
4664972
4685359
4711464
4725525
4743317
4761431
4797353
4841225
4859227
4910676
4995538
5001386
5163807
5170597
5171405
5223124
5296688
5309098
5367290
5409011
5414099
5457389
5463622
5492494
5499965
5507162
5548836
5549723
5596338
5654830
5684822
5728102
5735183
5751496
5798127
5816515
5838128
5850599
5853211
5939083
5944855
5978466
6004463
6059738
6072636
6099735
6104213
6120463
6131528
6181106
6187786
6204148
6228659
6228865
6229050
6239273
6243916
6288568
6313423
6324984
6331465
6332087
6367454
6402257
6498251
6532601
6540885
6559922
6592316
6637675
6649433
6652352
6662156
6739666
6758123
6777894
6803135
6879172
6891754
6891873
6898644
6910936
6922816
6935240
6938150
6953714
6970072
6973953
6989227
7004217
7006758
7090871
7115715
7129594
7145399
7160347
7168398
7205628
7216534
7221266
7247513
7263735
7269875
7372145
7374057
7403648
7408972
7410876
7415047
7421465
7571482
7614332
7626170
7667240
7694229
7705986
7763429
7815189
7843865
7898692
7922723
7933381
7948200
8022999
8051644
8089826
8146439
8148343
8210915
8341664
8383581
8429788
8538727
8548421
8616442
8688922
8693892
8758653
8896126
8916234
8961827
9025890
9147138
9332607
9345854
9467097
9778364
9912240
10044383
10118770
10184429
10198036
10507831
10637224
10894865
10926510
10944058
10980111
11043282
11105552
11164909
11303396
11316445
11329811
11353268
11445580
11446644
11487827
11496331
11542679
11572052
11574860
11609751
11616980
11628407
11686232
11831852
11832784
11854386
11882763
11884559
11888223
11888620
11922223
11930156
11943068
11947284
11980938
12017321
12027720
12036342
12039210
12061987
12069799
12091511
12117171
12135944
12158312
12159715
12168392
12178613
12256930
12271350
12272620
12273208
12275656
12288816
12294699
12335782
12365109
12576180
12578570
12591803
12641289
12680336
12681136
12707236
12835746
12840237
12851734
12858554
12861048
12881656
12884831
12887943
12892487
12907723
12935541
13081316
13120485
13178476
13283331
13308441
13357531
13400955
13756317
13820966
14852142
15027947
15365756
15462545
15637489
15808282
16076550
16259428
16282438
16320244
30594805
30676246
30748893
30964758
31049497
31109289
31258415
31359143
31376818
31381031
31387866
31395513
31414235
31430182
31451382
31453400
31454263
31454403
31468002
31630530
31769186
31933469
31966972
32051077
32113543
32310232
32425368
32498035
32509440
32643072
32679975
32692540
33072098
33232610
33565854
33640445
33931186
33949164
34304433
34630257
34924301
35196184
35249545
35395878
35683712
35783455
35834931
36282651
36320460
36536535
36543882
36671341
36677975
36728909
37078121
37103787
37108363
37175281
37204730
37211217
37239685
37245970
37351512
37411952
37725580
37817846
37856305
38193534
38319196
38429961
38462963
38600200
38617359
38759684
38822982
39005782
39053680
39073037
39177408
39224880
39241806
39258466
39263190
39274996
39355485
39468769
39557382
39653029
39665369
39696838
39734051
39774423
39780670
39792000
39807853
39810515
39823491
39839493
39855867
39884543
39887773
39904509
39911809
39932745
39951504
39970117
39986721
40024322
40037975
40041052
40083203
40206321
40259087
40314457
40316253
40316844
40382040
40405456
40435171
40436053
40474753
40475592
40484938
40486759
40552201
40552725
40557834
40565855
40630498
40632561
40644310
40645479
40647973
40667134
40681233
40692292
40700531
40733473
40755039
40765697
40781083
40783831
40785359
40808413
40853926
40877936
40882770
40897981
40907048
40934143
40953743
40958448
40982097
40985083
40999233
41009526
41012924
41036362
41037794
41061728
41062429
41063914
41079560
41110668
41120816
41129363
41173328
41209440
41209742
41241373
41268127
41281413
41350322
41426917
41443184
41480949
41496290
41500898
41559154
41562091
41580331
41588929
41603444
41623065
41635449
41640760
41641446
41659396
41683907
41708378
41716891
41718213
41734691
41760465
41766404
41824296
41824528
41840765
41864804
41866857
41868892
41869462
41872795
41884668
41917372
41960482
41983871
41987538
42056751
42067084
42081311
42121363
42123629
42150159
42151791
42177970
42179694
42194557
42194936
42196146
42216941
42228153
42229104
42255601
42257920
42260644
42278964
42291477
42296551
42323825
42326397
42371718
42374641
42430855
42446359
42502700
42517317
42537705
42583540
42590849
42598012
42599577
42691489
42735292
42761403
42764128
42780479
42811085
42824898
42846820
42847307
42848588
42868761
42914169
42951514
42967742
42982436
43014070
43028105
43091011
43095187
43124589
43155146
43163957
43185523
43187106
43205884
43211068
43217166
43218634
43223842
43237373
43237931
43243197
43273885
43274944
43284885
43301821
43305584
43336252
43339392
43349426
43357683
43392995
43410685
43494416
43498465
43504547
43545330
43593516
44258875
44281979
44295466
44330495
44332301
44342828
44359559
44364334
44381874
44382889
44384855
44411392
44425469
44442568
44458446
44472697
44504326
44512781
44523073
44527844
44649933
44844144
44862779
45080945
45112359
45124611
45162848
45163058
45203585
45228536
45234134
45241950
45269368
45316539
45338628
45407841
45429622
45487896
45493547
45495271
45525836
45567910
45576453
45645261
45659632
45675553
45716472
45727857
45729101
45732717
45736507
45739669
45755917
45768230
45783469
45823948
45876807
45912197
45916129
45924794
45927018
45935084
45967132
46001982
46005189
46044326
46063881
46102681
46114457
46150946
46153362
46154315
46292524
46497771
46663519
46815750
46851671
46853690
46885266
47092802
47116045
47120026
47200167
47213148
47288257
47344086
47436795
47474726
47475576
47533664
47539115
47612856
47614870
47621818
47622938
47667672
47687653
47710686
47875112
47910043
47911014
47916154
47951127
47951636
47957847
47970992
47984828
48002156
48053111
48067400
48077151
48087626
48097760
48103686
48125744
48142274
48171902
48193824
48196728
48200667
48205867
48259676
48269194
48288897
48293001
48302748
48305352
48323204
48394848
48413733
48418848
48420363
48450267
48461754
48488576
48504835
48539648
48545698
48564175
48577640
48612314
48641168
48663524
48668307
48688342
48698647
48718606
48759387
48762268
48762919
48771738
48778820
48780026
48780650
48782262
48790523
48839942
48841576
48841605
48856591
48861402
48867273
48867581
48939182
48954023
48954691
48985435
49015320
49028484
49036278
49053202
49063258
49118377
49128873
49187577
49193271
49238668
49244114
49271045
49279519
49282497
49299084
49304069
49305923
49348311
49349183
49367864
49459902
49472026
49478529
49505524
49522072
49573329
49606046
49609716
49615681
49626854
49637569
49668647
49687761
49699342
49701329
49719964
49721860
49727930
49735022
49739337
49745466
49746034
49765991
49776104
49784659
49804847
49834164
49839583
49841420
49851648
49885699
49910448
49913304
49920495
49926108
49933331
49944963
49985326
49996206
50005754
50016592
50030851
50040277
50102677
50108921
50113412
50163832
50176935
50221677
50239656
50316803
50366181
50375946
50417215
50467099
50471606
50486371
50496046
50504452
50513374
50514499
50593945
50599974
50621795
50629221
50643346
50662727
50672025
50706497
50718461
50738541
50748780
50753991
50764571
50805694
50809694
50829367
50838880
50864252
50867251
50891135
50895760
50900340
50907409
50925957
50958828
50965030
50975846
50996963
51058045
51109034
51145277
51165596
51172013
51226753
51299453
51308844
51325068
51339941
51387045
51817757
51914330
52024955
52031220
52130555
52335597
52357284
52531773
52703052
52706393
52786526
53068541
53093778
53107183
53138126
53163969
53223447
53254472
53269857
53303605
53489742
53503112
53556407
53572207
53584003
53599929
53732048
53753772
53769898
53781514
53827809
53994538
54349157
54871974
54879781
54925738
54980884
54981422
55070682
55079271
55106672
55127355
55129692
55350459
55414299
55484155
55613753
55864167
55957757
55981177
56089246
56187872
56367777
56412984
56453585
56724983
56784948
56812189
56828096
56855504
56864513
56869219
56882186
56902441
56955485
56962249
56989091
57104793
57166010
57420451
57577193
57584926
57617973
57896607
57956653
57963485
57974882
57979035
58056799
58095745
58159103
58171025
58223332
58252932
58535863
58763191
59157659
60133155
60161515
60287623
60569150
60741309
60984590
61308890
61337185
61743023
61817723
61841574
61872999
61895820
61930952
61940724
61966026
62024050
62114722
62199007
62393508
62472676
62693715
62980891
62991915
63389978
63444095
63660529
63931050
63974746
64174270
64410762
64538210
64632089
64639062
64641369
64664128
64687713
64695295
64752194
64778124
64824799
64846066
65315661
65317370
65317496
65413936
65490340
65548870
65559860
65572695
65620997
65774761
66012613
66273483
66653248
66673467
66697006
66876241
66945293
66954794
67019682
67414789
67897735
68166266
68191385
68412494
68421037
68627315
68677347
68734016
68814068
68942676
69220141
69231183
69235146
69279321
69280420
69334452
69347171
69389043
69392737
69426025
69460723
69502435
69519707
69531501
69535213
69692895
69717062
69871097
69890405
69917069
70054516
70526965
70914049
71174317
71254532
71736964
71881651
72031836
72361967
72415297
72429719
72449703
72469546
72528540
72590272
72632538
72643266
72695971
72845420
73152881
73486115
73579124
74384889
74705873
75319118
75613511
75825396
75954629
76243408
76436079
76475487
76527919
76559040
76637473
76710754
76968068
77100956
77151086
77158756
77500192
77526988
77744172
77777739
77826671
77829567
77876376
77907118
77916752
77937681
77959278
77978987
77995352
77999822
78262580
78291516
78302930
78304763
78328825
78330480
78342893
78372520
78374295
78399794
78522030
78535023
78570322
78663955
78854196
79041899
79471290
79538259
79658486
79693837
79744899
79748812
79792499
79799653
79838766
79963143
79965925
80030426
80039467
80054611
80070424
80336617
80845697
80966192
80969654
81051243
81062200
81100905
81150218
81173091
81185153
81197493
81280086
81340074
82015125
82349336
82560066
82608524
82643111
82987527
83277906
83348761
83375953
83867759
83905287
83962408
83977000
84360600
84723775
84732621
84828675
84876342
85211289
85212687
85214412
85224520
85304061
85358298
85428504
85455472
85496426
85520122
85576911
86041318
86076070
86118273
86143499
86153270
86204476
86270848
86352011
86368734
86408370
86955087
87160237
87205959
87232827
87278608
87454344
87457062
87618155
87790545
87829039
87923215
88101692
88214996
88304553
88366080
88459512
88477928
88535606
88777054
88834648
88864002
88902267
88930825
88946276
89006664
89006782
89017726
89020295
89089564
89113894
89122637
89170242
89250075
89524661
89656576
89695579
89707716
89712407
89723522
89757850
89769582
89815169
89886682
89918635
89993085
90242498
90350902
90459827
90490314
90509634
90522519
90539712
90548515
90565743
90599645
90602851
92102930
92135511
92664011
92708385
93143200
93424489
93442785
93752633
93849186
94015995
94152386
94295842
94732415
94815284
95251516
95294055
95494529
95643914
95670619
95924902
96163203
96475267
96921981
96982601
97162030
97594009
97742022
97778981
98095952
98921522
98929552
98946895
98999613
99068483
99110545
99123873
99193713
99201383
99212437
99496308
99500243
99541856
99824881
99835278
99846813
99864909
100031810
100230624
100323410
100422608
100617571
100634591
100656881
100691837
100717955
100761982
100770398
100864749
100869330
100910469
100940730
101046540
101183116
101311142
101338751
101342196
101409490
101428200
101461444
101462313
101466852
101471387
101555084
101583619
101642286
102068486
102288978
102362755
102420753
102439347
102677955
102832796
102876580
102958670
103140572
103171353
103444682
103475983
103513484
103542070
103561203
103881457
103985019
104044311
104079823
104283696
104395027
104460713
104489942
105109271
105220913
105432370
105674930
105699888
105790829
105853229
106074604
106081911
106283079
106359300
106367723
106368783
106420264
106427121
106427605
106428149
106434291
106453773
106457459
106636694
106640794
106791221
106828376
106832751
107110361
107114700
107304173
107394061
107659128
107698992
107814679
107886260
107911687
107937771
107966955
108248910
108324489
108360102
108570443
108570824
108575610
108628681
108649067
108658436
108723980
108733040
108734374
108742929
108822037
108847657
108870159
108883847
108892884
108917295
108925625
109046025
109048133
109181396
109194861
109225739
109255060
109255150
109307012
109352756
109373070
109375993
109384828
109408809
109409744
109412632
109419833
109430501
109453111
109455861
109456600
109457748
109474837
109584217
109604551
109621206
109698132
109716198
109723573
109808478
109830574
110068929
110171500
110176474
110182261
110184159
110270640
110461549
110461656
110476471
110477691
110484764
110497997
110514537
110548281
110576842
110590346
110856461
110867419
110921947
110969131
111027926
111040225
111138455
111153234
111182814
111247956
111317651
111455685
111582122
111644220
111662369
111667533
111721534
111838954
111898578
111978648
112027764
112059828
112154177
112157826
16558486
16637490
17020853
17021642
17095978
17173852
17394143
17477493
17540621
17554903
17570082
17675276
17802368
17808187
17869096
17957283
17962853
17999878
18020563
18021893
18041181
18078126
18149139
18165499
18228637
18282573
18361360
18428975
18637200
18798960
18961161
19012269
19048316
19049995
19066217
19103440
19164077
19262964
19268390
19308629
19388315
19438265
19451624
19461871
19563861
19655348
19660397
19767826
19846520
20046136
20098225
20100595
20152977
20233959
20315041
20431125
20541066
20611178
20661174
20665477
20853612
20899424
20946384
21006851
21264151
21313281
21323568
21336968
21337420
21342542
21356376
21379388
21383299
21399497
21411650
21469562
21492095
21767208
21770862
21796279
21834967
21896552
21936606
21962449
22009300
22077539
22110077
22158004
22185797
22200699
22227627
22238399
22247565
22257066
22266692
22280606
22290139
22300646
22368397
22371149
22417226
22441490
22616458
22635718
22636981
22724502
23043281
23342383
23437456
23484968
23915479
24173832
112175344
112182886
112206092
112231872
112289623
112289709
112291657
112296575
112307047
112311849
112322352
112346067
112373257
112373261
112382166
112395158
112419639
112420261
112452100
112454281
112495571
112504351
112505181
112508321
112515624
112522200
112536429
112541375
112552111
112575922
112596953
112600445
112600869
112603720
112638078
112638080
112650618
112669081
112693406
112714487
112715075
112718559
112721988
112745544
112774416
112775186
112777031
112780576
112806310
112811202
112813164
112822535
112823660
112830562
112841959
112878245
112913030
112915047
112917628
112927168
112945531
112951460
112963256
112964679
112968984
112970709
112977049
112982274
112996587
113005845
113028452
113057632
113096896
113143070
113160543
113164888
113167421
113171276
113196349
113196983
113218956
113243791
113257576
113272675
113282133
113304290
113330758
113343160
113398423
113463323
113478361
113514649
113533003
113538861
113542697
113560203
113598091
113618284
113651335
113658601
113676093
113678778
113679912
113680473
113680605
113693660
113705196
113749276
113761243
113767492
113770211
113777488
113814622
113824706
113865274
113865539
113889828
113913671
113918297
113956065
113966947
113968635
113973689
114029647
114030067
114030591
114041776
114067966
114134593
114142489
114149243
114158380
114227202
114230146
114231917
114238087
114243961
114252860
114276357
114303868
114321035
114349157
114385805
114400599
114414753
114430540
114465345
114492175
114510104
114569352
114573640
114577849
114586656
114592332
114594418
114601928
114624906
114634410
114646233
114647385
114648929
114653495
114667779
114669465
114671966
114679209
114710973
114728053
114736648
114743943
114759356
114763265
114772930
114774933
114776551
114777487
114778377
114788409
114790552
114793352
114797501
114828124
114850905
114858125
114899426
114921401
114943174
115000932
115001822
115008324
115018463
115021162
115059077
115110073
115118886
115154209
115159943
115184030
115185803
115219754
115573000
115616647
115647146
115691136
115789762
115960136
116405007
116405910
116439169
116605818
116643199
116743069
116751740
116842200
116994023
117261039
117329091
117474497
117478423
117694660
117706076
117962203
118077810
118301056
118321078
118407931
118436193
118445021
118472869
118483811
118488158
118517467
118524500
118541603
118541924
118691945
118749440
119005352
119206600
119258141
119314136
119442753
119453094
119466984
119473251
119485658
119496023
119513350
119552768
119564711
119587713
119768480
119933499
119982074
120007543
120127130
120329536
120336870
120480897
120791775
120876474
121001157
121618695
121712645
122109923
122120899
122169422
122170912
122173091
122311501
122404354
122461278
122652002
122656995
123144255
123185948
123403220
123448697
123575331
123819887
123838912
123925978
123941420
124061361
124091112
124102086
124512308
124794620
124993486
125054288
125081712
125542994
125641940
125951152
126045824
126122911
126206676
126311145
126546057
126566611
126724674
126773303
127142040
127274972
127362169
127726467
128118075
128180286
128592310
129046399
129061999
129406412
129676352
129917766
130021254
130146007
130319192
130628122
130757102
131340844
131558399
131913173
132032905
132042004
132049666
132100829
132205442
132236201
132236997
132261048
132292558
132739328
132901458
133050162
133802668
133805452
133871240
134194377
134486787
134515155
134612011
134701401
134716493
134801711
134803840
134810401
134880229
134882703
135211118
135317816
135517968
135665856
136054646
136075601
136185426
136211158
136216715
136233568
136270730
136413966
136465178
136466881
136480100
136513951
136611898
137008341
137020164
137393780
137544295
137855498
138143632
138406934
138545618
139381889
139815823
139889445
140136274
140195738
140244669
140294366
140350833
140385093
140538991
140593824
140640156
140680607
140722062
140726023
140969769
141147202
141156712
141493089
141739308
142040418
142147273
142200602
142340007
142566771
142652628
142750869
142774043
142940467
143023210
143461140
143947485
143989259
144390539
144453655
144953640
145191514
145253130
145565593
145732536
145746737
146151360
146274845
146670876
146896177
147015717
147150482
147231856
147453534
147684781
148173338
148230680
148448839
148800452
148967921
149020890
149116044
149139910
149173768
149185236
149333845
149458748
149786953
149800443
150229281
150395661
150531493
151143633
151581842
151959051
152087057
152300487
152565866
153334731
153340846
153392504
153405388
153426540
153903893
154239053
154259251
154589398
154638607
155475688
155556949
156014872
156138846
156305557
156308459
157531304
157670045
157817353
157974313
157992034
158037794
158240148
158736171
158780618
159037085
159160786
159316248
159374003
159499045
159695853
159701032
159842775
160070206
160070215
160087157
160165439
160202369
160278586
160365107
160381875
160446737
160871356
160962959
161008523
161353201
161824437
162168557
162405745
162421680
162442456
162474001
162752629
163129058
163164492
163196108
163363355
163534563
163625809
164184173
164327876
164953949
165127651
165413619
165547549
165625482
165694960
165719829
166474433
166625257
166814079
167448435
167713878
167747441
167810702
167987026
168256082
168403700
168472514
168534307
168539536
168862637
168863121
168894095
169083536
169195780
169304758
169576209
169715954
169890521
169897982
169925291
170082056
170109524
170312623
170314505
170432219
170667568
171106906
171236119
171329206
171374813
171430642
171610032
171816658
171841227
171849173
171852637
172127712
172234894
172366634
172385527
172469860
172726898
172896535
172983192
173116972
173157708
173424533
173493566
173646637
173783630
173997023
174231686
174253043
174297667
174306058
174490217
174585554
174605300
174756301
174832297
175239410
175303882
175603861
175675570
175823344
175828433
175839073
176007893
176077486
176106196
176175722
176233627
176295662
176298513
177002505
177190072
177342443
177397300
177680429
177867973
177969693
178003982
178006654
178145930
178229589
178270901
178350804
178353951
178404235
178543122
178613190
178695085
178697616
178847824
178870871
178983337
178995730
179225518
179294423
179301532
179608183
180242470
180349852
180397952
180406024
180417655
180461891
180597387
180715949
180767272
181119469
181280674
181302710
181506393
181571983
181748365
181768781
181780858
181922157
182000254
182083415
182344138
182353773
182377561
182432456
182560104
182716333
182756527
182787304
182821974
182932462
183000944
183146425
183194810
183200929
183330990
183395959
183406679
183627352
183811858
183878298
183997204
184032468
184228165
184332399
184570757
184706690
184792983
184901845
184912715
184932828
185062547
185174845
185214273
185277753
185336948
185342298
185414203
185428914
185473148
185572237
185586790
185631914
185721167
185981020
185997444
186043826
186146948
186356070
186431591
186511375
186526361
186758022
186829790
186899193
186927037
187132665
187148873
187229843
187234842
187251146
187354614
187364525
187395890
187416435
187526515
187532876
187743030
187769714
187930142
187991706
188074650
188126146
188261579
188435131
188471692
188486839
188496721
188597954
188798639
188801943
188807055
188884881
188996428
189167233
189188752
189450873
189463617
189469182
189584001
189596728
189598094
189657808
189749951
189842005
189848613
189881323
189938154
190065099
190211414
190417082
190573549
190624229
190681324
190753897
190882300
190934700
191007360
191338313
191339301
191358383
191398359
191491339
191511327
191852164
192084716
192150848
192165544
192185806
192192258
192272969
192479664
192538834
192781583
192913300
193014224
193022252
193045992
193114134
193156887
193186703
193197944
193394913
193811866
193827889
193918224
194003539
194036115
194040237
194096094
194159119
194384813
194652247
194690239
194694254
194744781
194817216
195104520
195111383
195271117
195290319
195320759
195489373
195497461
195520546
195533291
195555871
195641778
195867314
195963228
195982543
196005267
196053304
196071377
196082241
196310592
196468780
196526676
196532367
196539372
196714902
196783364
196929791
196948826
197108453
197117397
197138613
197288920
197481495
197866360
198020876
198063266
198084037
198231190
198375024
198440375
198481517
198499744
198515491
198527671
198693161
198729509
198877305
198935862
198949920
198951746
198959234
198964247
199040367
199340395
199353450
199360878
199410802
199435598
199435750
199512440
199538487
199557906
199562728
199618902
199753464
199807885
199813835
200346955
200427817
200434263
200505206
200529062
200552395
200686916
200736777
200763877
200764350
200864437
200870950
200899236
200945052
201090434
201147752
201296869
201298873
201483891
201510124
201552713
201642101
201815397
201834941
201924916
201939976
202055331
202072682
202154964
202402996
202436630
202521174
202529337
202628158
202662821
202680423
202685386
202833559
202852502
202856088
202912261
202931448
202987572
203066796
203143463
203354441
203443294
203452522
203568756
203821750
203860168
203940251
203945627
203975197
204072023
204097318
204102890
204113576
204114058
204167690
204203977
204248139
204250938
204306820
204372535
204563165
204631076
205103942
205161019
205268770
205520695
205609610
205634970
205778617
205990058
206126856
206155112
206197799
206418326
206835749
206856090
206961252
207026278
207066408
207135894
207145432
207221051
207340362
207379143
207427126
207538040
207566269
207586360
207640034
207641468
207744505
208134533
208138112
208366116
208432355
208731096
208806210
208840253
208867623
209065787
209163487
209168226
209221502
209367161
209456165
209497055
209512609
209623778
209695552
209900864
209923875
210001799
210142585
210211009
210237638
210268520
210302240
210530009
210534504
210853890
210855137
210936735
211157441
211160164
211363751
211401849
211466237
211601189
211632441
211716701
212007207
212162726
212178983
212195752
212374392
212408320
213124896
213189413
213208801
213272895
213368546
213489563
213823397
213892133
213946528
214012738
214243265
214292251
214304926
214360060
214416316
215209251
215415842
215638044
215688732
215887297
216135268
216277948
216310532
216329506
216351906
216739262
216893603
217019838
217061158
217141154
217141349
217252733
217272896
217321628
217475836
217879427
217883329
217931199
218011900
218020450
218118588
218149541
218367747
218514274
218528868
218794781
219528413
219800604
219933954
220297956
220452862
221137789
221193820
221358756
221495876
222483907
222501378
223214625
223439935
224019839
24248652
24305231
24364410
24554665
24606091
24693101
24716495
24779164
24835344
25006617
25046898
25067296
25093741
25143139
25376737
25401480
25473139
25480268
25728317
25776540
25940831
25992030
25997863
26052203
26052855
26133888
26339967
26402497
26489509
26512787
26550021
26733806
26865681
26983725
26988155
26994461
27010643
27054184
27265882
27472376
27588506
27777983
27800542
27809423
27834241
27838906
27839871
27871513
27927629
27927736
27929028
28014040
28023575
28068025
28094302
28228810
28230618
28240959
28532807
28617893
28619172
28625967
28633141
28637210
28654236
28674454
28683578
28719420
28724630
28854826
28919986
28961192
28984573
29024833
29044132
29066144
29066611
29068708
29071758
29101741
29128668
29152949
29188066
29467656
29974565
30014390
30074655
30076786
30246438
30354824
30364515
30525260
