87239143
87473957
87671293
87824983
87855335
87859986
87875894
88280209
88477058
88511658
88521535
88533264
88706942
88789719
88924428
88929585
88980272
89036100
89069038
89108936
89163327
89178898
89212478
89241602
89297088
89365142
89381020
89552476
89646204
89652804
89951174
90029163
90164791
90379898
90387141
90461222
90513853
90538500
90602812
90629689
90635122
90748728
90773621
90951333
91022614
91181742
91287902
91466945
91677085
91734901
91820303
91885951
91913070
91936778
92286391
92633637
92727175
92924098
93195547
93304924
93600364
93714551
93733817
93795709
93959129
93962849
94102534
94216609
94272629
94648074
94721419
94977424
95036483
95606370
95631921
95641447
95732739
95892825
96123586
96147601
96448893
96741518
97083652
97272313
97350408
97371078
97486973
97529792
97578789
98104904
98138791
98163290
98789412
98797169
98844840
98990117
99260286
99323777
99353582
99643109
99644116
99792441
99808939
99922654
100028519
100126495
100138721
100330877
100436598
100523985
100622196
100789045
100886430
101030417
101088833
101264014
101407360
101448348
101604934
101639742
101743086
102306096
102617120
102674890
102730515
103092651
103414633
103443549
103810519
103812673
103928104
103950542
