24281414
24289250
24333024
24374580
24391629
24400718
24403358
24425921
24426635
24432731
24464789
24481289
24509424
24557516
24597065
24599973
24652816
24658056
24699514
24711878
24791737
24851982
24879628
24927424
24952515
25011572
25021870
25029321
25046607
25096612
25098634
25172415
25246468
25312539
25314467
25438917
25452092
25512068
25522975
25579663
25591811
25731030
25739447
25813993
25814726
25824207
25881153
25883928
25938304
25960110
25984134
26008358
26038996
26064736
26094314
26190381
26199959
26239219
26306142
26318586
26369515
26391268
26391656
26477814
26512805
26533238
26571096
26598435
26613562
26647995
26747211
26776184
26781894
26808591
26857374
26863666
26887772
26928202
26952783
26970081
27010395
27025809
27094304
27100036
27104765
27123035
27143129
27171903
27180840
27196245
27220959
27239480
27252653
27344927
27370460
27388428
27588867
27644001
27658720
27724512
27848588
27874688
27923815
27931108
27940428
27955324
27965508
27974031
27992784
28052208
28057792
28103741
28128627
28156886
28191610
28212959
28248836
28250856
28302225
28303477
28308571
28367849
28378605
28403066
28413536
28448321
28502303
28505962
