2848779
3038580
3067731
3195783
3204498
3211754
3222839
3234284
3238792
3476811
3502038
3586890
3590675
3728073
3736002
3790258
3803118
3846199
3868072
3900134
3967911
3975277
3990460
4044507
4108893
4119100
4148655
4150723
4171211
4177456
4181410
4214190
4221948
4222845
4337619
4352906
4390449
4410951
4477652
4510801
4530509
4562417
4571152
4581153
4711150
4741897
4773427
4870744
4870822
4931666
4942390
4969036
4998923
5033683
5058305
5130826
5148778
5162515
5173517
5195979
5210669
5223124
5247597
5296408
5309098
5320100
5414680
5425259
5441390
5481373
5490596
5508198
5517040
5539117
5551032
5590998
5600243
5615605
5623956
5643566
5673419
5684822
5687834
5694393
5721051
5735183
5762194
5784887
5923612
5944005
5957982
6005645
6032794
6061620
6088451
6100674
6102161
6103960
6117307
6147446
6201113
6225372
6234991
6274382
6293842
6295914
6307790
6325337
6335503
6339573
6373284
6376422
6382785
6386353
6394861
6428974
6433085
6443365
6492787
6497962
6575930
6576135
6602987
6635380
6657235
6672965
6682535
6690325
6720534
6720608
6738035
6828387
6840470
6875316
6880766
6933194
6942948
7072831
7160511
7169457
7228256
7260474
7272838
7272894
7290409
7291601
7311497
7330035
7423750
7454936
7493891
7549368
7550471
7563972
7652459
7716643
7737626
7760887
7765984
7809920
7819908
7824282
7830268
7834693
7897414
7950205
8040246
8055329
8077408
8088438
8095710
8294534
8303047
8312444
8349315
8360584
8372738
8393635
8465504
8477913
8579840
8631330
8686307
8966978
9025340
9031223
