4779212
5481850
5585761
5736657
5819346
5992075
6579337
6854197
6890176
7761984
7764253
7864137
8602273
12502579
12897348
13229783
13614629
13996832
15423638
15821585
16145437
16808654
17448522
17731377
17788639
18137410
18907164
19333415
19791601
20208947
20402119
20498817
20618297
21967523
21973063
22299964
22468831
22545705
22560858
23252820
23400288
24158065
24316771
24844590
25322785
25322945
25605233
25813778
25818647
25833502
25894837
25904721
26146879
27011966
27245427
27426519
27497113
28496804
28590147
28914210
28963417
29245175
30504244
30683333
30757638
31579689
31786458
32502757
33457554
34308384
34879181
35403672
