127095464
127136699
127141041
127142040
127187095
127548607
127557256
127709512
127851944
128100406
128186948
128276959
128396517
128464972
128760797
128765713
129008202
129014545
129046399
129048459
129385819
129452984
129456997
129482222
129577842
129618011
129660143
130029039
130199883
130396829
130524784
130733357
130784990
130862059
131114167
131212207
131469486
131767755
131824098
132113337
132302778
132308876
132619804
132901458
133009551
133015242
133423971
133637138
133727866
133803748
133880526
134081630
134203798
134314381
134442979
134469518
134664898
134672344
134810401
134882703
135081201
135203316
135211118
135553117
135611065
135711999
135801397
136047198
136054646
136185426
136320150
136644356
136740309
136799720
137008341
137242700
137342961
137397320
137487066
137517293
137544295
137644915
137710252
138024726
138253386
138349456
138373465
138422263
138598277
138664930
138814750
138928779
139003107
139030720
139057806
139132867
139648490
139773769
139951440
140136274
140172107
140174088
140219512
140241496
140710311
140969769
141131525
141147202
141148131
141167764
