22193127
22341851
22406264
22613597
22749282
22789243
22800804
22997607
23059343
23106417
23140961
23341780
23411183
23629046
23913809
24008241
24091042
24166617
24168692
24178063
24191117
24205034
24211779
24244514
24272113
24281981
24285092
24297662
24317113
24328222
24336495
24345877
24364995
24395003
24397388
24401863
24424958
24435201
24470883
24510782
24520871
24559762
24575750
24589727
24602628
24611252
24620001
24636342
24638168
24639200
24639837
24660676
24685197
24688127
24691503
24691533
24696203
24702357
24757041
24763916
24769136
24802649
24822631
24831686
24850970
24861861
24864190
24882970
24946043
24973115
24990408
24991667
25032356
25036593
25051213
25068666
25082229
25085018
25125912
25130143
25136273
25152047
25153789
25171639
25179305
25206679
25216795
25221429
25223144
25223773
25240818
25247712
25252641
25280843
25284195
25284976
25319190
25347352
25360714
25380967
25397653
25410369
25433044
25447567
25486867
25497465
25507530
25527975
25541830
25563761
25570372
25607483
25611666
25629320
25633434
25641515
25671055
25677051
25683640
25693162
25694354
25696856
25713863
25770863
25777068
25780510
25814864
25857893
25863832
25881657
25885361
25905339
25962215
25967171
26000472
26004456
26019580
26050126
26064238
26065453
26085805
26100217
26100359
26112278
26117390
26125541
26167136
26176603
26198141
26210363
26225322
26241956
26258745
26265372
26271537
26276295
26284814
26306737
26320775
26340489
26341851
26358982
26364423
26365267
26374290
26394533
26415151
26421566
26426801
26429264
26461738
26466683
26475061
26476529
26481544
26509276
26509980
26529774
26536946
26559771
26565165
26565438
26584279
26590201
