221942915
215723330
212024546
210797915
205842106
201284483
197565306
195073574
194433237
188927879
188420987
186041681
185921523
182578201
182016666
180462352
176421452
175464593
175286862
174722424
171443658
169429295
169395788
168660954
167773174
161907264
160614984
160486707
157492585
155255298
152858465
152198099
149956069
139244946
138552866
137890774
133006562
130116678
126046372
124757424
122435515
115293263
115269776
114079545
113255367
111621512
111386779
109893933
104973249
98537119
98223347
87349670
85572594
80770564
80062074
77750656
68863938
67889326
67538958
66583588
66575585
59199025
48203851
44957497
41981667
37935928
34670675
32165258
28942664
28660494
25932895
25192663
20808297
18697902
16727117
15991996
15136686
13559937
9371106
6395348
5989750
5576777
4338164
213580002
213248350
213089920
212893633
212341886
210873629
210853890
210520388
210378855
210265808
207848411
207811811
207138379
207026278
202968230
202739399
201147752
199605510
199562728
198964247
198527671
197866360
196718986
195505878
195017515
194689995
193173356
192601557
192084716
190934700
190573549
190162581
189098870
188884881
188832848
188798639
184874704
170676785
147477544
147095927
145002259
121419868
86737410
85957887
84818848
83046709
81149937
81084507
79060337
76066288
73738672
72284883
70821514
70038630
67278471
64498554
62898199
61205735
59349383
45924794
45696583
42437756
38179522
36235001
36147722
33533455
31867521
30533420
28356001
28272535
26129772
21917104
16596786
16468042
15444714
15225108
12766660
7069128
3738718
215691776
215202179
214986721
213909443
213815363
213667650
213120188
212859684
212609564
212540356
212154876
212147235
211971907
211901245
211065564
210856004
210681532
210658340
209679394
209438142
208469727
208278685
207875493
207713502
207641468
207175775
207060960
206740890
206667236
206036675
205873671
205821125
205765178
205529916
205436473
205209635
204846821
204705060
204559399
204115645
204097318
202993796
202917957
202830265
202798140
202702331
201983972
201398244
201333949
201214400
201129191
201100247
200897344
200876358
200297817
198431754
198404714
198385671
196763589
196580695
196468780
196060263
195866014
195844920
195320759
194981086
194205013
193949653
193657276
193587831
193230217
193229513
193220535
193114134
192706125
192635976
192469730
192440019
192136215
192036787
191550574
191504763
191136673
191012079
191001168
190987428
190979255
190967626
190779990
190698342
190660202
190574006
190455926
189881323
188662192
188292707
