89560681
89571303
89640384
89684754
89740983
89743793
90120640
90157823
90201322
90238228
90278644
90329602
90344483
90550751
90761804
90889336
90970519
91066257
91296600
91320203
91441878
91580171
91688206
91813701
91931872
91937105
92059194
92316076
92379042
92597060
92797799
92842265
92905174
93268007
93307560
93340217
93539606
93609514
93689152
94062023
94185186
94214336
94233920
94676566
94943102
95021629
95146980
95375416
95747419
95980137
96141477
96315698
96761054
97012328
97019859
97030498
97198753
97242625
97263235
97313682
97409920
97726661
97990051
98020199
98136159
98521102
98523314
98734213
98743435
98780692
98797169
99169861
99402819
99467590
99538355
99609650
99986190
100023618
100029306
100052574
100323313
100328013
100646494
100658461
100737451
100742198
100817664
100841487
100977239
101102026
101134397
101380323
101572964
101797034
101920609
