84015862
84395733
84864662
85101292
85153319
85613926
85957887
86275253
86498528
86547965
87539495
88032884
88071447
88133897
88840959
89227904
89742710
89799624
90095780
90115387
90154239
90158248
90161822
90162265
90167551
90235106
90280232
90297179
90300576
90492385
90493117
90633851
91261454
91326845
91342072
91366146
91401468
91407908
91443839
91503196
91519730
91539268
91591678
92056736
92375523
92415714
92444107
92448643
92572969
92597249
92624896
92628215
92643479
92655050
92700641
92705390
92717203
92717729
92792703
92854579
92948512
93038568
93244140
93260844
93518754
93557385
93574478
93581891
93614758
93667375
93679808
93798525
94617047
94655496
95777246
96809207
97486748
