3367345
3462133
5210669
5724746
5823835
6934857
7773916
7948323
9512806
16581312
18857810
19846520
20059637
20435238
21079486
22240247
23700074
24347462
24391527
24443478
26794485
34116700
37294225
41146184
42211520
44061860
46715004
50201742
54390343
55440145
65023835
65416658
70105524
71048164
75263673
76613671
78309992
78519406
82578485
85372249
86007930
86556246
86941477
89297088
89951174
92356688
96722185
97316503
97934479
100396602
100906745
100979355
101152155
102126842
102801571
104294078
107708169
108298046
111640219
112513902
119927083
120892499
122437201
123383596
126045824
131356422
132847585
134194377
134493323
134646211
139249587
139953914
144055893
145292246
147059975
150156185
159142632
159153685
159668766
159965672
164056112
169629680
172127712
172956960
175239410
178302968
180281818
182353773
182932462
183300086
187251146
187532876
198084037
198499744
199435750
203945627
205268770
