2954965
3204498
3234284
3481361
3489875
4119100
4177456
4314883
4352906
4558254
4666942
4942390
4969036
5017074
5167425
5599153
5735183
5761424
5793406
5919526
5934817
6048835
6075342
6325337
6387038
6476734
6523021
6669314
6896998
6973264
7090770
7160511
7169457
8431966
8954947
9198240
9480095
9551226
10915309
11238818
11315047
11550600
11577897
11615559
11664727
11942809
12001741
12015307
12018635
12221208
12233586
12264421
12305162
12416527
12518811
12522805
12537005
12578570
12594683
12680336
12692868
12728870
12853501
12867465
12894821
12936440
12986275
12996836
13043929
13181956
13319707
13493768
14186318
14226594
14501929
15071450
15979510
16107886
16167699
16248430
16286734
16620618
16674737
16822701
16852625
16889587
17187182
17351628
17635467
17792581
18103710
18780153
18823007
18885539
18948569
19012600
19058483
19372443
19443376
19533721
19745831
19846520
19891190
19935822
19942509
20226851
20632212
20987857
22078894
22090437
22253393
22436638
22462754
22504893
22634071
22724502
23400415
23419191
24432731
24509312
24630210
25013322
25522237
25539248
25600815
25997790
26190381
26776184
26887772
27680018
28082240
28156886
28256755
28789988
29292482
29961666
30267129
30775240
30980858
31086949
31496286
31857926
32411894
32597801
33098868
33355209
33634530
33820143
33870679
34274763
35223214
35371567
35482423
35783455
35923523
35954687
36359575
36751825
36783919
37039078
37523432
37542735
37803276
39194028
39265123
39577506
39594623
40224758
40797821
40897490
41164328
42381022
43348762
43619843
44191030
44316285
44587988
44876030
45905792
46086843
46635154
46649529
46705427
47509030
48475771
48783674
48869596
49115992
49326332
49574921
49923877
50377344
50740163
50927523
51266826
51480383
51734976
52886954
53350887
53585806
54236455
55074681
56080874
56138183
56536713
57219892
58488662
59713999
60185044
60555606
60570836
60686548
60941570
61249844
61433725
61701913
61845535
61974977
62180034
62593335
63303476
63517589
63695409
63913620
64446527
64727703
65068721
65901485
67090002
67535995
68057834
68191385
68373040
68380018
68441024
68571734
68659183
68677347
68796509
68941421
69161063
69260727
69506259
69647006
69684176
69793408
69877315
69929423
69940642
70864153
71159722
71863446
72129296
72251997
72619840
72823725
72976460
73020739
73587732
73597270
73763055
74028827
74202488
74304204
74482371
75018354
75222441
75263673
75477466
75637840
75795573
76037186
76185142
76533823
76939526
77165898
77167088
77447543
77622791
77763121
77859112
77925061
78124914
78213083
78500387
78522137
79227407
79372851
79423247
79454999
79548706
79700113
79768012
80158536
80561280
80576432
80678922
81043066
81347087
81546589
81773554
81994749
82091202
82282032
82734733
83025885
83205495
83563066
83647295
83787243
83897107
83927624
83979176
84239617
86068680
86440708
86458363
86923327
87188927
87219248
88905333
88967073
89028125
89208805
89398273
89457951
89704210
90309047
90493448
90509946
90694249
90889336
90913370
91001846
91351190
91495494
91534224
91559428
92256167
92316076
92372728
92444107
92455219
92577248
92605694
92696566
92709548
92918304
93052192
93119462
93662590
93885627
94545050
94605662
94690329
94752025
94943102
95495235
95670619
95988957
96042085
96913491
97316503
97487228
97632113
97909798
98204176
98394369
98560119
99192590
100329631
100402778
100890860
100904814
100944499
100979355
101513510
102070667
102223370
102549493
103507144
103767498
104283696
104548919
104782503
105198993
105632229
105853710
106553779
106784337
107129169
107659128
108191452
108298046
108523853
108659700
108876247
