3608133
3672639
4119100
4723772
4803574
5016050
5058134
5163184
5831897
6562409
6942948
7321711
7332386
7357777
8490395
8533790
10291052
11226321
11300973
11780268
11825839
12016851
12054150
12157804
12306270
12340919
12392520
12421901
12633216
12650281
12853501
13118625
13120485
13161540
13326743
13338660
13341046
13614629
14501929
14783673
15037983
15242468
16194561
17517971
17538767
17806219
17966270
18169648
18378482
18593172
18885539
19167593
19637032
19667373
19712321
19848506
19873427
20160616
20478458
20508186
20622835
20827244
20892861
20914636
20922881
21238080
21622993
21828451
22036578
22110207
22148299
22174144
22253393
22559039
22643024
22645014
22819969
22840725
22845858
23677978
23748153
24302112
24305059
24335406
24432731
24537557
24929595
25163881
25193741
25522237
25562808
26329397
26579028
26595191
26774748
26872640
26978338
27006975
27439690
27688829
28108224
28227227
28329901
