16558486
16637490
17020853
17021642
17095978
17173852
17394143
17477493
17540621
17554903
17570082
17675276
17802368
17808187
17869096
17957283
17962853
17999878
18020563
18021893
18041181
18078126
18149139
18165499
18228637
18282573
18361360
18428975
18637200
18798960
18961161
19012269
19048316
19049995
19066217
19103440
19164077
19262964
19268390
19308629
19388315
19438265
19451624
19461871
19563861
19655348
19660397
19767826
19846520
20046136
20098225
20100595
20152977
20233959
20315041
20431125
20541066
20611178
20661174
20665477
20853612
20899424
20946384
21006851
21264151
21313281
21323568
21336968
21337420
21342542
21356376
21379388
21383299
21399497
21411650
21469562
21492095
21767208
21770862
21796279
21834967
21896552
21936606
21962449
22009300
22077539
22110077
22158004
22185797
22200699
22227627
22238399
22247565
22257066
22266692
22280606
22290139
22300646
22368397
22371149
22417226
22441490
22616458
22635718
22636981
22724502
23043281
23342383
23437456
23484968
23915479
24173832
