3213850
3228789
3228912
3249940
3328166
3404808
3462133
3527798
3604918
3844147
3890201
4054032
4119694
4172643
4191442
4237231
4293751
4518475
4562069
4615146
4618634
4648372
4720649
4821009
4991738
5220873
5224067
5354575
5468120
5489996
5513137
5608146
5724746
5742524
5806539
5823835
6141776
6239434
6252474
6256787
6339904
6380969
6442116
6493622
6608313
6675678
6802201
6934857
6949404
6974591
6994052
6994372
7138927
7259621
7303712
7310885
7321382
7440378
7474310
7483674
7521471
7538110
7671612
7716087
7751209
7773916
7850243
7869033
7927648
7948323
8045591
8063587
8079397
8146439
8149701
8219970
8236615
8323010
8342343
8950555
8957951
9058880
9126207
9512806
10581833
10857161
10909456
11001681
11225776
11300179
11393202
11396594
11548023
11565932
11575757
11643508
11710292
11731143
11831797
11925304
11970672
12077528
12080706
12080944
12164770
12175591
12194632
12306467
12309195
12319708
12343116
12376031
12382747
12439446
12440616
12461685
12476841
12486344
12509085
12522640
12529704
12582084
12599284
12623540
12675525
12688653
12733579
12759009
12761539
12763922
12805080
12827542
12846279
12846887
12847713
12876421
12901587
12953178
12979952
13254262
13282562
13300735
13305673
13342525
13366267
13387241
13446468
13506207
13536544
13587010
13606790
13868094
14071268
14113362
14125935
14146609
14199136
14267678
14298943
14364822
14787544
14824079
15005904
15098028
15105425
15201622
15423697
15433392
15462180
15472717
15509455
15670125
15718585
15775442
15782552
15811796
15877979
16078345
16152547
16256781
16261556
16267579
16276226
16326492
16352946
16404222
16441296
16509637
16581312
16611385
