129555672
130318252
130363884
131052813
131427124
131477164
131834694
134153618
134681653
135169878
136041418
137233079
137544295
137565336
137956905
138869887
139960440
140254070
140380273
140515174
140561810
141337288
141383741
141445178
142473452
143251261
144135012
144250985
145964036
146092493
146433501
146877540
147168672
147432609
148103999
148124000
148253587
148402868
148733658
151008740
151446477
152277841
152366606
152390994
152527933
153053828
153421982
153625584
153666068
155277656
156101811
157756012
158051204
158662289
159106242
159158576
159165717
163349186
166172598
166527586
168517875
168554697
169304758
169629680
169641455
170070579
170667568
171033007
171050850
171401104
171456406
171769651
172184653
172385527
173056914
173060397
173429877
173553645
173647905
173783630
174544554
174602228
174789869
174795884
174832878
175239410
175412290
175416111
175603861
175675570
175741601
175960523
176077486
176106196
176740756
176790324
176870602
177291722
177342443
177739828
178059658
178145930
178189578
178206924
178257553
178847824
179522844
179743285
180672489
181147439
181302710
182260888
182353773
182560104
182760190
182787304
182805998
183112392
183395959
183406679
183658478
183838470
184965077
185072231
185486647
186566420
187171351
187202347
187251146
187350368
187354614
187365109
187532876
187616313
187823275
187853487
187905736
187991706
188074650
188435131
188486839
188798639
188801943
188839368
189033580
189051475
189450873
189694004
189848613
190321371
190344470
190359658
190417082
190573549
190882300
190976728
191048614
191398359
191511327
192192258
192600288
192663749
192913300
193045917
193156887
193173356
193340163
193602632
193687977
193811866
193852634
194079485
194429542
194507466
194589785
194818101
194983553
195127128
196028996
196151040
196698855
196714902
196718986
197067872
197097920
197228321
197602335
197630857
197902174
198164414
198499744
198951746
199435750
199512440
199984088
200366779
201476153
201633991
201815397
202055331
202424381
202700826
203249466
203272199
203945627
204105500
204250938
204446339
204894143
205268770
205275140
205421442
206075297
206376864
206395074
206856090
206857856
207058754
207367076
207644227
207811811
208134463
209163487
209168226
210211009
210487679
210853890
210934818
213089920
213272895
213368546
213580002
213643522
