117158554
129007017
7292455
110431026
17710504
6301320
156526587
36282537
7727895
197510014
56111105
18513532
4492405
14916953
56769367
3095726
136913281
104826169
187710328
113150279
138737880
74080184
36368985
22433928
164238809
103945781
98812414
38225291
12067444
6664509
165894643
183045778
12074055
141440090
76428645
193441977
17410441
43176666
65711758
11244946
52890149
8014240
164429588
34921766
9250465
120654037
179135059
22596301
161819527
121523810
7461023
12296180
111696709
176876052
103270384
186305706
64213180
23373131
11976442
38315757
47530177
16233448
35014371
22450676
52416145
43388310
210465948
19959130
192894183
230665451
73545760
19829783
206224806
11813368
82089931
218707656
16831333
5597030
36986754
131895202
169575122
3326757
38359268
20157144
216121305
58602229
121064750
97392187
26493266
211221183
172333040
