82639442
82665062
82679177
82701816
82720872
82731211
82774186
82795716
82797529
82856069
82904014
82911540
83004440
83030096
83065456
83189399
83204468
83212435
83224348
83249344
83264675
83268328
83274921
83324633
83324735
83356791
83391801
83398360
83465480
83477441
83480554
83543096
83543794
83602078
83610074
83617306
83628052
83637232
83663553
83695708
83759942
83774216
83778922
83808808
83830577
83868458
83899527
83905210
83979176
84032865
84060313
84061175
84078364
84111093
84113345
84117822
84122344
84127670
84130495
84195540
84327813
84454240
84488559
84491895
84519078
84615161
84691560
84723775
84734464
84779688
84793771
84842080
84925246
84967088
84979448
85034338
85035925
85076647
85084130
85103461
85150386
85158020
85158606
85176530
85226616
