156305557
156541755
156605290
156748297
156785067
156824892
156897916
157017844
157269431
157307623
157383699
157398382
157428444
157531304
157561212
157817353
157927212
157954138
157974313
158037794
158049048
158221351
158298942
158458783
158507033
158538190
158588166
158617520
158736171
158762727
158954158
159032577
159180930
159374003
159406298
159527865
159530411
159539598
159725168
159770307
159783084
159836496
159842775
159965672
160054375
160133045
160146836
160293070
160381875
160415422
160813152
160882074
161002759
161353201
161377384
161616850
161754632
161756571
161837403
162037241
162168557
162189813
162237499
162332791
162360592
162442456
162500604
162608977
162627976
162886256
163249167
163354000
163374796
163592434
163597629
163602449
163717588
163752311
163793296
163929054
163969016
164061732
164144080
164184173
164204314
164228167
164307363
164410213
164486403
164587696
164630513
164813448
164849052
164953949
165127651
165163334
165252120
165268313
165413619
165526201
165547549
165685510
165719829
165857320
165993926
166050890
166102099
166198376
166302950
166528880
166531747
166588103
166651399
166740589
166792867
166814079
167063673
167171210
167186030
167199654
167676680
167736468
167778432
167998219
168093311
168105475
168188569
168204274
168296820
168326353
168403700
168472514
168503762
168534307
168539536
168867291
169035042
169040515
169041176
169116254
169148266
169195780
169214494
169283613
169373960
169539177
169545498
169890521
169897982
170085409
170229923
170248223
170250672
170284630
170314505
170432219
170577124
170614014
170696228
170741413
170787090
170888490
170913470
170971446
171050850
171077545
171127043
171216491
171329206
171375368
171816658
171841227
171852637
172025599
172063038
172184653
172261983
172366634
172551423
172853919
172891469
172956960
173109951
173112249
173170558
173266140
173407436
173428760
173528833
173553645
173997023
173999774
174017313
174145091
