188261579
188471692
188496721
188602120
188786733
188801943
188827514
188839368
188996428
189051475
189167233
189204097
189257410
189263873
189313346
189315741
189450873
189463617
189469182
189584001
189665831
189719477
189749951
189831070
189848613
189850968
189938154
189956503
190211414
190321371
190344470
190417082
190494215
190681324
190728707
190752487
190753897
190976728
191024345
191070356
191111453
191135320
191187619
191217539
191233153
191290331
191325764
191338313
191397083
191398359
191508217
191511327
191512550
191660100
191677963
191851298
191852164
191877218
191929768
192073502
192084163
192305887
192577250
192606563
192653089
192890688
192909499
192933591
192979936
193045992
193156887
193399781
193687977
193811866
193811991
193852634
193901241
194079485
194096094
194211645
194261863
194287945
194303579
194309119
194337494
194386212
194418267
194429542
194507466
194553733
194601526
194652247
194817216
195104520
195111383
195405066
195520546
195555871
195656314
195911544
196028996
196151040
196466777
196606557
196617759
196783364
196948826
197021115
197067872
197097920
197108453
197155776
197266181
197275560
197387265
197481495
197660963
197661893
197816320
197902174
197942121
198063266
198065790
198084037
198466144
198499744
198515491
198778790
198949920
198951746
199165988
199200127
199288956
199435750
199512440
200008130
200157736
200181152
200591142
200728322
200764350
200786373
200899236
200920646
200962460
201090434
201229350
201296869
201387047
201615261
201635972
201815397
201834941
202055331
202107073
202341445
202424381
202474911
202559579
202662821
202855679
202912261
202981022
203249466
203292794
203945627
203975197
204250938
204306820
204558842
204563165
204843039
204885562
205161019
205196026
205218148
205268770
205515685
205556382
205949379
206189473
206610242
206962460
207163813
207399773
207470434
207566269
207640034
207644227
208134463
208134533
208432355
208475650
208693567
208840253
209163487
209168226
209296031
209497055
209900864
209923875
209937501
210008284
210053596
210559613
210855137
210936735
211157441
211466237
212336191
212385056
212408320
212825536
