96913491
97316503
97487228
97632113
97909798
98204176
98394369
98560119
99192590
100329631
100402778
100890860
100904814
100944499
100979355
101513510
102070667
102223370
102549493
103507144
103767498
104283696
104548919
104782503
105198993
105632229
105853710
106553779
106784337
107129169
107659128
108191452
108298046
108523853
108659700
108876247
109090254
109210105
109255150
109434920
109830574
109832400
109874628
110035948
110346387
110382793
110576881
110714782
111444111
111795316
111947500
112089366
112325430
112513902
112596953
112989909
113128654
113678778
114303868
114850745
115361677
115491404
115573000
115721535
115909464
115913694
116160333
116271403
116358934
116430591
116860026
117756152
117893810
118040733
118059186
118328234
118486023
118906483
118923047
118929795
119384989
119523305
119884547
119927083
120007543
120028066
120102728
120671577
120729000
120793870
120808120
120840307
121016779
121150190
121204525
121901485
121932753
122026108
122109923
122120899
122148490
122169422
122173091
122197518
122373779
122414126
122686221
122724468
123299324
123321946
123383596
123403220
123523369
123921436
123990693
123998053
124061361
124091112
124165403
124230642
124414252
124512308
124630399
124642388
124930868
125264778
125273425
125352850
125410222
125907509
125951152
126016068
126245214
126310373
126552239
126593269
126604048
126773303
126825011
126910897
127010578
127109616
127141041
127291153
127548607
127557256
127610284
128118075
128180286
128276959
128379117
128384689
128478295
128765713
129014545
129046399
129135381
129236782
