44354934
44377867
44448016
44479201
44543897
44597978
44631098
44641798
44703860
44723169
44770112
44901029
44906481
44945111
44984736
45032797
45090907
45111456
45134657
45297490
45327511
45355516
45418993
45443373
45455276
45602666
45648453
45696583
45706743
45740998
45783390
45789957
45797315
45880267
45891534
46022632
46024930
46181731
46247008
46348089
46430850
46442192
46443948
46457688
46546080
46616576
46646320
46647878
46705427
46705905
46735803
47073010
47204353
47264163
47495276
47573209
47655012
47701449
47762524
47815616
47880311
48011989
48260034
48306300
48444073
48668223
48689233
48783674
48874002
48971126
48978809
49033183
49304712
49348058
49386594
49407401
49528503
49789101
50065368
50280203
50325370
50344851
50541948
50573142
50628308
50706780
50737306
50879505
50972752
50995844
51059348
51115894
51154464
51178542
51236671
51282903
51305730
51406583
51480383
51488855
51507515
51591521
51591682
51687226
51706145
51734976
51784884
51801431
51905469
51980936
