61140825
42291228
18233665
66743137
5922446
11405683
226694220
226672580
136761269
35469736
68438716
27053696
69747871
16662665
26437347
21603663
230108540
157001322
143040415
91280635
45962236
139555583
56531722
231732707
5387559
26502146
28148766
194774044
43625691
201422358
13685248
40061849
236501190
116888637
79690681
20848791
240531831
38735661
120515214
25141954
140750219
230286721
121986598
125153374
117240482
22614639
65156241
71731236
13852319
48944189
32192347
93389151
6145817
239054977
51568705
39220445
46136294
33060517
146765960
104236782
99645489
28050685
136837196
13133814
102442586
17547346
180819385
63895073
39577020
169000547
26160968
44496617
98225944
63330409
30736364
229136902
178602288
25918827
30024892
246541993
46455141
160602424
76523346
202792332
131440480
44834050
22270843
15887959
225759609
5959725
153090558
44273422
171095733
237577627
