16668656
16671583
16699173
16844281
16876292
16891323
16956271
16985366
17000328
17019402
17048587
17094448
17257140
17263385
17264112
17270857
17281640
17303887
17319052
17344936
17381784
17402909
17411412
17418301
17447729
17488982
17531366
17564488
17678784
17724076
17785731
17792680
17904589
17951391
17965334
18002361
18006376
18088124
18093771
18099698
18102525
18117145
18121561
18145590
18160672
18167609
18203466
18298826
18313208
18339941
18387507
18529576
18548713
18565555
18566504
18593271
18607209
18626399
18691099
18695054
18707715
18747110
18751844
18767284
18799439
18816787
18857810
18878114
18894830
18991135
19008323
19108669
19146184
19237983
19253217
19275369
19279698
19285240
19312104
19343733
19382929
19496163
19497650
19541732
19559048
19584974
19594385
19620329
19634341
19683153
19856241
19868308
19874394
19876078
19890731
20033421
20040363
20059637
20108866
20202677
20209925
20213700
20290182
20321969
20334602
20347042
20398651
20429255
20435238
20435540
20457306
20461369
20500167
20521370
20552013
20621173
20662812
20692326
20722218
20728402
20765598
20782640
20812170
20833805
20839232
20844664
20886823
20898915
20903822
20906649
20940354
20946753
21005203
21010295
21064657
21079486
21083157
21084936
21176977
21192919
21199602
21209377
21216552
21240271
21295987
21352306
21359738
21367830
21377624
21417144
21438752
21456323
21477889
21518467
21535858
21555173
21576053
21576332
21627011
21637591
21667699
21712357
21717149
21739169
21778297
21784806
21790361
21825481
