3253771
3357396
4323069
5097789
5213485
5243049
5276393
5446068
5545745
5763468
6431052
6483373
6785767
6868121
6894212
7074147
8149577
8185287
8260897
8326595
8972323
10591542
10935961
11456786
11660459
11834348
11951436
12025580
12061041
12203024
12396497
12436102
12443358
12468436
12609361
12666233
12671586
12685050
12763451
12881208
12901911
13011836
13031162
13079268
13668347
14014237
14114109
14131438
14151996
14892883
14904045
14928313
14972111
15304980
15462263
15577227
15786935
15791795
15847317
15870843
15882996
16037882
16087361
16152207
16330129
16497655
16547609
16561889
16645230
16745434
16996287
17147528
17162311
17555061
18635841
18847850
18879026
18886515
19184501
19485767
20108130
20214962
20399029
20470919
20519244
20528133
20590317
20599424
20644470
20710797
20738906
20897446
21159524
21241666
21336429
21659773
21755422
21997109
22119212
22129129
22137040
22261548
22265659
22342575
22344519
22379470
22471506
22973426
23017517
23125046
23182443
23196757
23252707
23487786
23524394
23812103
23917391
24071092
24150568
24513919
24537988
24972897
24993611
25029277
25158163
25240566
25288378
25319880
25536444
25726668
25728779
25754138
25799146
25826122
25845355
25885182
26078193
26124558
26300620
26361162
26426518
26507074
26624129
26692322
26703831
26712198
27008164
27047086
27132469
27323796
27601508
27605765
27608538
27633619
27970983
27993458
28010494
28106900
28121005
28147770
28262563
28299558
28715389
28841475
28931728
28967977
29029202
29069923
29111780
29266544
29383774
29432279
29822628
29834137
29872853
29976730
29976949
30021410
30068619
30117687
30145516
30497267
30501335
30700488
30945328
31283555
31404061
31428313
31650265
31735201
31788954
31824194
31896257
31911562
32038823
32131405
32468083
32486722
32488772
32811642
32867726
33063489
33133247
33178431
33180522
33342718
33408348
33534081
33599805
33616146
33980567
34015886
34746205
34760493
34998339
35036622
35213976
35517250
35852914
35887633
36203298
36804113
36864554
38032665
38086159
38161401
38529403
38744433
38841309
39087566
39089126
39105994
39129878
39252542
39579622
39593529
39636790
39642254
39764234
39816659
39834265
39910717
39976634
40206142
40320025
40436116
40468406
40575804
40680158
40805701
41019205
41123011
41155196
41267777
41486557
41647583
41680994
41690012
42014596
42680133
42899766
43165997
43195347
43199523
43257761
43293506
43321745
43472005
43511342
43543543
43715856
43904622
44057969
44150467
44483151
44526516
44656498
44753281
44999892
45147023
45207048
45286633
45537255
45547877
45894256
45928934
46178170
46386554
46466280
46490950
46602648
46697854
46751994
46820714
46987904
47206766
47263501
47506971
47580285
47848444
48200714
48229847
48248100
48320431
48374654
48523688
49002223
49448163
49724732
50440179
50849946
50978562
50997831
51102978
51135248
51267020
52018804
52175394
52347382
52355559
52575120
52582070
53025105
53536918
53624137
54012511
54992747
55110984
55773358
55941630
55992256
56268717
56350144
56506924
56986838
57143750
57176055
57747580
58048474
58172778
58267583
58720324
58879131
59071760
59506456
60312220
60504550
60605701
60642093
60679637
60785698
60983622
61206818
61839812
62115356
64015348
64234129
64751247
65026366
65197652
65285805
65782950
66354751
66495734
66840760
66953733
67174423
67175083
67420267
67527936
67790199
67850910
68182578
68257730
68392755
68395057
68667090
69148122
69350843
69538697
69569069
69752030
69754035
69823138
69823972
70006063
70189755
70480242
70781073
71024486
71025739
71068076
71077581
71545272
71566558
71584691
