119040041
119086481
119112314
119142308
119249472
119258166
119382626
119452702
119523594
119577678
119722672
119732367
119734926
119832759
119861985
119874911
119875782
119878798
119893122
119987550
120023703
120026212
120043477
120080442
120101917
120103945
120107258
120212134
120378044
120383267
120390983
120448145
120468233
120517192
120673095
120687120
120729000
120808120
120846379
120848899
120889326
120897803
120897912
120954752
121077733
121079682
121131072
121195038
121245114
121281380
121377794
121408314
121418520
121463162
121468073
121486852
121566262
121608633
121612542
121619689
121653029
121670358
121672603
121708592
121711041
121722409
121740987
121760200
121847486
121915552
122000132
122000442
122044486
122090467
122109923
122118085
122164832
122181326
122217803
122227200
122232688
122260971
122272718
122303652
122315142
122344398
122360018
122365725
122380864
122442786
122467612
122508549
122540857
122643198
122730208
122732740
122811759
122820101
122845147
123114360
123198624
123231543
123315619
123529333
123805545
124487026
124642388
124774148
125286270
125906140
126382220
126436571
126773303
127457107
128075315
128202910
128474830
128901870
129171485
129175644
129192199
129235659
129259871
129280821
129347207
129465129
129476530
129496068
129809758
130325050
130343883
130344591
130360515
130364880
130408238
130495641
130566526
130576835
130606211
130968659
131017586
131055981
131394800
131528508
131767755
131824098
131941405
133805452
133964683
134037339
134052409
134059335
134126133
134150383
134153032
134198066
134249317
134263304
134271606
134314381
134461067
134618815
134763076
134892743
134902518
