2769172
3076787
3317834
3591113
3870734
4046256
4048056
4092369
4184048
4195197
4203822
4206867
4305173
4496945
4502262
4624252
4669001
4679046
4705715
4858003
4864415
4866641
4882241
4884139
4894694
4918708
4956147
4956681
4981094
4985362
5005524
5045384
5076466
5081715
5109175
5112690
5143174
5173517
5179217
5296810
5298554
5340410
5344718
5370325
5423117
5425088
5432094
5477918
5481373
5587889
5607494
5649308
5682164
5685649
5703209
5737469
5759118
5778082
5811126
5867488
5890990
5979367
5999695
6006887
6008459
6024442
6025126
6044750
6050678
6052455
6068296
6083700
6093542
6112573
6140002
6145198
6222611
6237852
6276610
6306963
6336119
6340962
6350287
6377885
6382479
6390127
6423004
6448677
6491575
6505341
6512448
6519968
6543647
6563587
6577001
6620017
6621248
6631787
6702443
6724123
6740246
6751702
6809045
6814870
6843194
6870812
6956157
7045094
7062243
7081305
7198239
7203806
7277680
7320280
7359452
7369279
7381099
7443590
7467712
7478430
7490054
7497986
7528678
7536284
7575961
7657245
7677120
7684503
7834775
7852573
7855999
7856361
7936805
7946880
8012453
8016970
8037816
8115742
8117921
8133236
8148871
8150532
8175387
8191584
8212639
8222632
8283929
8295800
8347494
8367176
8412636
8423171
8426179
8427299
8435710
8458363
8529709
8572858
8582676
8643156
8653094
8672550
8740802
8799573
8912163
8914044
8958107
9302785
9348351
9702750
9954788
10023551
10452886
10544471
10710648
10728633
10935343
11082843
11162347
11183403
11225660
11233150
11234923
11256751
11280816
11360754
11395757
11396643
11397231
11423927
11463186
11480369
11487597
11493175
11493999
11542159
11562642
11568593
11593421
11621390
11656342
11663053
11672750
11713907
11743309
11745712
11748852
11793874
11817131
11822998
11825606
11831274
11884201
11894990
11907668
11921577
11945530
11962161
11965836
11974774
11979083
11987139
12005613
12014925
12024183
12046009
12046503
12051628
12055999
12057735
12064294
12066796
12074067
12086774
12092895
12102410
12102486
12116564
12152650
12158678
12174867
12193016
12248145
12263152
12279077
12283960
12296413
12333015
12339948
12356552
12357881
12370165
12392748
12401598
12407355
12407480
12437543
12454671
12466807
12474364
12475566
12490623
12491399
12506511
12510901
12541309
12549463
12551210
12553884
12558775
12559842
12560472
12562401
12568738
12589142
12595227
12614112
12626310
12630201
12639030
12665457
12668545
12706722
12709726
12741586
12754352
12761347
12771140
12779347
12829820
12833179
12836526
12853596
12864028
12869756
12905653
12907832
12908217
12915488
12919877
12920218
12921108
12932562
12936501
12954531
12956194
12969445
12981750
12984248
12985117
12996342
12996668
13001504
13001773
13039180
13042324
13047208
13096283
13106404
13137923
13145182
13156004
13173371
13174566
13187867
13188277
13192935
13193674
13218310
13219046
13243253
13251638
13258584
13262052
13266901
13285980
13304931
13305442
13362665
13371463
13379463
13380868
13412347
13420890
13476122
13481501
13490489
13498590
13532482
13573213
13603016
13617736
13633215
13757508
13804644
13864030
13996986
14025777
14026336
14030404
14048386
14059278
14069422
14119837
14126173
14143331
14143600
14148766
14152834
14173509
14204927
14219392
14249485
14293706
14372135
14395595
14598185
14795080
14909423
14973876
15012621
15013330
15015376
15048780
15048915
15111629
15144915
15161978
15179956
15194094
15270295
15271015
15272221
15273668
15319739
15350654
15361917
15388738
15411554
15418934
