77447543
77455484
77478802
77481936
77499313
77501174
77532893
77576200
77600297
77610537
77611855
77631823
77638031
77723167
77723830
77754360
77773868
77791889
77818402
77831384
77863387
77876139
77900877
77912844
77995611
78025332
78050866
78054860
78061771
78106353
78118577
78145502
78171154
78180009
78194801
78211150
78237855
78257821
78274738
78306508
78308703
78314351
78339957
78375239
78376269
78403699
78409391
78430193
78434695
78443506
78446235
78466222
78478002
78531196
78545361
78552238
78626289
78634260
78809042
78849583
78849939
78866604
78874697
78918071
78941050
78943528
78950239
79034787
79063149
79077443
79077504
79077740
79144481
79162382
79174864
79186413
79220321
79276853
79301387
79321622
79345306
79367307
79375383
79402868
79410294
79448812
79574924
79575732
79654461
79658000
79712147
79725315
79734002
79741020
79768882
79771556
79820491
79837057
79839190
79898040
79909415
