84876342
85211289
85212687
85214412
85224520
85304061
85358298
85428504
85455472
85496426
85520122
85576911
86041318
86076070
86118273
86143499
86153270
86204476
86270848
86352011
86368734
86408370
86955087
87160237
87205959
87232827
87278608
87454344
87457062
87618155
87790545
87829039
87923215
88101692
88214996
88304553
88366080
88459512
88477928
88535606
88777054
88834648
88864002
88902267
88930825
88946276
89006664
89006782
89017726
89020295
89089564
89113894
89122637
89170242
89250075
89524661
89656576
89695579
89707716
89712407
89723522
89757850
89769582
89815169
89886682
89918635
89993085
90242498
90350902
90459827
90490314
90509634
90522519
90539712
90548515
90565743
90599645
90602851
92102930
92135511
92664011
92708385
93143200
93424489
93442785
93752633
93849186
94015995
94152386
94295842
94732415
94815284
95251516
95294055
95494529
95643914
95670619
95924902
