79367245
79413050
79488028
79513892
79662517
79768012
79788681
79858589
79885118
80098869
80292085
80558638
80576432
80591194
80600374
80609935
80656708
80727665
80832154
80880751
81044481
81044751
81049799
81169354
81322349
81339162
81609884
81773554
82078641
82091202
82163763
82242077
82361636
82627219
82693153
82734733
82833240
83035627
83169676
83411492
83615144
83647295
83651335
83835875
83897107
83902398
84071314
84442553
84820332
84898226
84953787
85048635
85554686
85686889
85866248
86015800
86053241
86660727
87101124
87196315
87219248
87470626
87683432
87755518
87829382
87858647
87983427
88243196
88465090
88501349
88558866
88905333
88966333
89031526
89120205
89411213
89517532
89567689
89618501
89886939
90077503
90230465
90345089
90509946
90545528
