26720588
51381691
30611509
51108773
173525937
215275926
142665370
29651264
59223288
40985724
33399617
37904495
221697607
141215332
21367783
16731545
104158707
27289978
25392283
110124224
40410447
126214220
22033951
34754865
87763830
56074033
12513762
25221007
211484949
78438077
192083642
118014969
9307176
149803581
212884065
7136467
4717580
20941391
85458306
67082725
24736734
61299840
144625663
37510385
17331904
42558199
16689799
30206890
15624086
144870624
18226464
109158859
39941406
27474182
6089737
36436944
198346625
64903635
48559135
43490927
138514592
200480155
140995960
27289850
227534977
95180985
205750432
111059737
96420840
198946343
56284607
7875850
13209816
134548935
169614866
36113755
111773672
28831342
167814129
62585978
19626474
6870970
53616754
59002438
44583267
161866045
12451100
62056416
29769450
7203562
78290573
107499733
40054942
26972894
105856615
11381234
140417063
