75137182
75495223
75692057
75764815
75780453
76102391
76201098
76443385
76491057
76494385
76531223
76631760
76812789
76871911
76927862
76962576
77048881
77313330
77388729
77429235
77493913
77611600
77611696
77693904
77753167
77754542
77799763
77894124
77896143
77982063
77982575
78088781
78097809
78166342
78169678
78262287
78268045
78314428
78398830
78428582
78431572
78453171
78601543
78603121
78623380
78722502
78736493
78798067
78804268
78848032
78962830
79201324
79220829
79263468
79308141
79341634
79377644
79384967
79401438
79424663
79517443
79577946
79582729
79584166
79620364
79622346
79650665
79872539
79924429
79957573
79986522
80050760
80112700
80187143
80399643
80419402
80470391
80585534
80722397
80799644
80814906
80827898
80884640
81045258
81217590
81259906
81368328
81458396
81487914
81657238
81754467
81755127
81785284
81853704
81854761
81934523
81945974
81976937
82118497
