90400321
90470301
90493448
90509946
90633571
90889336
90913370
91184471
91495494
91559428
91717730
91747748
91820489
92013792
92037029
92256167
92316076
92372192
92372728
92414308
92444107
92571477
92577248
92605694
92709548
93119462
93325017
93368289
93609514
93662590
93808909
93885627
94053024
94297981
94420703
94545050
94680215
94690329
94752025
94772728
94943102
95106276
95495235
95501701
95584313
95670619
95835480
95988957
96042085
96122215
96890433
96961248
97316503
97357587
97487228
97501305
97510785
97761263
97763195
97909798
97934479
98560119
98637683
98743435
98931353
99192590
99239132
99271687
99380689
99839759
100396602
100402778
100890860
100906745
100944499
100979355
101016683
101115140
101152155
101156899
101336037
101513510
102126842
102549493
102685097
102801571
103074076
103108003
103396462
103396534
103507144
103554067
103745389
103767498
103824502
103861447
103930984
104193892
104283696
104284694
104346165
104370844
104769549
104802415
104803449
105117583
105285214
105587662
105632229
105866535
106199478
106236449
106717140
106951961
106960922
107304173
107489238
107607407
107659128
107695030
107807785
107882121
108191452
108298046
108595695
108876247
108974504
109133271
109255150
109830574
109832400
109874628
109909045
109925941
110130064
110346387
110382793
110448621
110576881
110698000
110793480
110856461
110998537
