111918342
111947500
111948275
111949866
112127026
112152902
112325430
112513902
112596953
113608342
113678778
113835158
114303868
114326934
114501399
115273357
115492228
115548858
115869987
116351071
116644605
116661069
116860026
117065516
117070933
117576615
117586079
117893810
118473307
118520726
118705126
118750737
118904045
118956269
119467879
119733885
119798224
119865461
120428271
121078709
121351529
121414514
121790454
121869134
121901485
122152271
122197518
122373779
122414126
122686221
122724468
123046260
123380710
123403220
123448697
123990693
124061361
124512308
124630399
124642388
124999383
125109937
125264778
125979265
126016068
126036174
126045824
126138581
126163708
126206676
126444453
126634161
126847566
126851980
126910897
127109616
127142040
127187095
127291153
127450237
127610284
127709512
127802589
128077238
128379117
128385956
128760797
128765713
128980597
129014545
129046399
129135381
129236782
129352043
129452984
130324413
130396829
130477461
130784990
130956744
131655547
131767755
131878521
131941405
132113337
132127942
132142105
132261048
132263468
132302778
132909167
133015242
134646211
134672344
134739604
134996965
135611065
135711999
135910567
135977192
136465178
136644356
136713882
137544295
137729629
138024726
138545618
138928779
139030720
139847263
139889445
140114021
140178233
141381613
141493089
141839636
141999222
141999478
142905591
143461140
143583078
143760035
144356774
144432113
145132926
145173080
145186991
145631661
145747054
146400840
147001454
147024899
147053985
147584651
148236431
148347534
148967921
149069305
149103215
149333845
149388102
149427462
149496485
149592998
149602642
149732869
149754964
150022674
150267078
150955184
151450516
151581842
151747537
151959051
151987323
152031444
152087057
152206228
152228755
152541240
152842529
152881013
152957125
152978351
153007943
153032564
153130406
153340846
153393592
153890257
154259251
154328755
154508874
154957260
155198561
155277656
155400722
155475688
155514003
155728253
155920856
156125625
156158417
157017844
157383699
157398382
157428444
157579060
157670045
157732050
157817353
157906386
158137524
158507033
158617520
159032577
159075201
159106242
159283776
159374003
159522531
159528387
159530411
159539598
159668766
159725168
159770307
160060592
160146836
160369186
161008523
161353201
161651550
161690737
161824437
162278311
162360592
162405745
162441295
162500604
162608977
162752629
162886256
162945586
163171593
163249167
163374796
163402424
163625809
163701646
163793296
163881394
164061732
164144080
164204314
