2893007
3209190
3222839
3234284
3290700
3326095
3601937
3899692
3959498
4177456
4273255
4308456
4447928
4479468
4510801
4669001
4710199
4969036
5109175
5194025
5210669
5223124
5401393
5406147
5428922
5457389
5486656
5561686
5600243
5698712
5851378
5919526
5971624
5974032
6099923
6100674
6119605
6124463
6195482
6201801
6220696
6229005
6372206
6419337
6444562
6497962
6509842
6512448
6516596
6523021
6630976
6761571
6811387
6828387
6981680
7051077
7212751
7493891
7973497
8294534
8482495
8564186
8822713
9198240
9600858
10807738
11204043
11258317
11440014
11456786
11556915
11651090
11664727
11699544
11713555
11733390
11924048
11976074
12062094
12099841
12192906
12257610
12264421
12276251
12284211
12291066
12305162
12317320
12494139
12512544
12578570
12582202
12613686
12664450
