181033884
181103169
181115787
181119469
181243279
181280674
181297454
181506393
181540913
181544931
181590912
181711958
181748365
181765868
181849639
181904738
181922157
182016831
182083415
182260888
182344138
182353773
182432456
182469249
182488135
182505089
182613590
182664231
182716333
182756527
182769952
182990925
183112392
183204036
183300086
183330990
183658478
183724455
183811858
183843263
183886070
183926800
184278944
184289689
184332399
184570757
184662619
184706690
184792983
184821740
184901845
185072231
185277753
185414203
185586790
185631914
185632819
185721167
185785589
185833513
185852825
185872270
185981020
186020077
186110170
186127787
186146948
186206166
186356070
186439635
186528354
186566420
186573728
186758022
186861630
186920788
186927037
187027104
187029980
187132665
187223013
187229722
187234842
187365109
187378338
187380884
187395890
187426686
187457203
187506283
187533084
187639402
187658325
187823275
187824189
187831587
187926278
187991706
188074650
188134782
188261579
188276722
188335589
188372929
188417593
188486839
188496721
188580883
188602120
188674755
188801943
188832848
188884881
188982483
189051475
189098870
189167233
189257410
189269909
189450873
189463617
189584001
189665831
189678021
189749951
189848613
189857667
189938154
190152058
190417082
190580037
190637596
190752487
190753897
190913865
190979492
191013151
191048614
191070356
191111453
191135320
191217539
191290916
191325764
191332492
191339301
191398359
191851298
191852164
191877218
191974836
192073502
192084163
192084716
192192258
192577250
192600288
192635976
192653089
192693408
192890688
192909143
192979936
193022252
193156887
193173356
193394913
193488362
193687977
193696577
193785957
194046104
194079485
194125567
194211645
194261863
194309119
194337494
194386212
194507466
194553733
194589785
194652247
194775266
194988323
195104520
195405066
195555871
195656314
195688989
196007897
196028996
196371449
196698855
196718986
196783364
196811400
196929791
196948826
196975555
197042646
197155776
197249058
197277892
197481495
197830402
197902174
197942121
198084037
198419100
198499744
198515491
198527671
198778790
198877305
198949920
198951746
198964247
199435750
199512440
199562728
199568633
199753464
200008130
200157736
200181152
200228923
200591142
200686916
200728322
200763877
200872666
200911257
200920646
201229350
201270116
201296869
201387047
201476153
201577856
202107073
202341445
202424381
202628158
202662821
202680423
202742299
202855679
202912261
202981022
203155131
203272199
203598886
203940251
203975197
204184474
204250938
204306820
204563165
204843039
204885562
205634970
205949379
206376864
206582011
206610242
206856090
206962460
207026278
207058754
207163813
207306491
207566269
207640034
207644227
207748670
207848411
208306655
208366116
208432355
208475650
208693567
208840253
209065787
209163487
209497055
209512609
209663615
209900864
209923875
209937501
210053596
210211009
210514428
210855137
210934818
210936735
211160164
211466237
212336191
212825536
212893633
213272895
213368546
213946528
