2878611
3137589
3417524
4278477
4714305
4924520
4942390
5343236
5600243
5610120
5649790
5684822
5766053
6373284
6650440
6936552
7005618
7013538
7624003
7765984
8253056
10138958
10282133
11076356
11664727
11829998
11840754
11881237
11958979
11965166
12034323
12336696
12418344
12472701
12498134
12523812
12638092
12680336
12707260
12730969
12857956
12965491
13068032
13121435
13207785
13351049
14117151
14252555
14410580
14861136
15008710
15046476
15074549
15150350
15175375
15217990
15294882
15382756
15390433
15404573
15466217
15567434
15620780
15679018
15867113
15887240
15897352
15910325
15956668
15966553
15967785
16049138
16252392
16521810
16587834
16614431
16642104
16713857
16827966
16874487
16948690
17000608
17133494
17184412
17299308
17302739
17399646
17476645
17549821
18114813
18251144
18443878
19026201
19150704
19500870
19533721
19598168
19626109
19689844
19846520
20020048
20413824
20500990
20539665
21345181
21845826
22127896
22151030
22389727
22623366
22636558
22660192
22924732
23000806
23006385
23173435
23214391
23219053
23380220
23456265
23522643
23555649
23574809
23627186
23759765
23890384
24451277
24617021
24715155
24745922
25273609
25364435
25824207
26062841
26078882
26895998
27716178
27733661
28062552
28789868
29293030
30173062
30770961
30912214
32310075
32721611
33915686
34668035
36027222
36623629
37199671
38486953
38993784
39142131
40123026
41341292
41536730
42165933
43046511
43181130
43394168
43523452
44311207
44696004
44731237
45087786
45443373
45760060
45924794
45944240
46178258
48415433
48668223
48695130
48701094
49131230
49138256
49384034
50045351
50176356
51156127
51905469
51957738
51969702
52574223
52886954
53207896
53466205
53965290
54079085
54562034
55385797
55736741
56327047
56384480
56697399
56771384
56819526
57091051
57360150
58031144
58497159
58570574
58703133
58904900
59077171
61421775
61658595
62031793
62106641
62248566
64331454
64390948
65315661
65438630
65492417
65602709
65700356
65812851
66705375
