165127651
165252120
165274994
165338533
165547549
165630944
165694960
166177216
166198376
166302950
166474433
166531747
167121988
167141678
167747441
168069355
168093311
168188569
168204274
168214492
168326353
168437983
168816551
168976155
169148266
169195780
169283613
169539177
169576209
169581353
169823329
170614014
170696228
170787090
170804490
170961902
170971446
171127043
171152189
171401104
171606194
171769651
172366634
172385398
172726898
172772089
172828239
172891469
172956960
172968314
172983192
173056914
173242846
173256753
173407436
173463405
173553645
173783630
173907929
173999774
174070841
174111976
174114848
174287415
174498579
174602228
174701958
174832297
174832878
174902831
174974993
175024686
175113384
175239410
175635641
175741601
176237002
176252479
176326318
176520951
177095149
177278270
177291722
177300625
177524074
177747516
178003982
178006654
178206924
178257553
178289335
178350804
178404235
178531030
178625470
178709141
178752459
178929697
178940224
178983337
178984266
179521240
179571176
179963149
181074499
181243279
181297454
181302710
181371018
181590912
181708109
182083415
182149264
182260888
182353773
182377561
182432456
182709118
182716333
182767752
182778196
182787304
183194810
183330990
183395959
183468127
183555319
183560520
183627352
183997204
184040309
184228165
184428665
184570757
184792983
184846282
185062547
185326004
185342298
185414203
185428914
185623965
185833513
185872270
185981020
186528354
186549514
186566420
187148873
187223013
187234842
187354614
187365109
187487644
187506283
187533084
187658325
187831587
187908421
187991706
188074650
188126146
188134782
188161762
188261579
188276722
188601037
188801943
189167233
189263873
189315741
189450873
189678021
189918713
190752487
191135320
191290331
191415201
191851298
191960725
192041922
192084163
192201534
192577250
192600288
192663749
193045917
193156887
193785957
193811866
193811991
193816585
193901241
194079485
194261863
194507466
194647810
194782563
195111383
195127128
195489373
195520546
195555871
195963228
196609566
196783364
196975555
197097920
197266181
197481495
197542270
197602335
197830402
197902174
197986569
198499744
198515491
198729509
198778790
198951746
199984088
200157736
200920646
201815397
201834941
202055331
202107073
202424381
