3209190
3234284
3305942
3612942
3981227
4086162
4177456
4328292
4510196
4741355
4793179
4805805
4828660
4871310
4977067
4985133
5069231
5177996
5223124
5278235
5347145
5376629
5513664
5642922
5643642
5705044
5735183
5912251
5960747
6073427
6085145
6100674
6325337
6484437
6511606
6598509
6763895
6840844
6914980
6954864
7052138
7088389
7188144
7211952
7291601
7293683
7302874
7405559
7669287
7671363
7671750
7706586
7750379
7903676
7940760
8015194
8164825
8273656
8340634
8401982
8404291
8428031
8536556
8596677
8743110
9126147
9198240
9551226
9967408
10404886
10688840
10864378
10920794
10981646
11212013
11333462
11368162
11550867
11584466
11760631
11875372
11889635
11899508
11906500
11946391
11951216
11965166
12013003
