13993007
13997890
14110373
14113856
14126750
14157089
14207261
14267764
14484106
14501929
14570039
14689384
14716999
14787544
14806224
14817839
14975761
14976590
14985627
15074293
15077414
15091547
15098028
15120237
15155851
15178354
15189035
15230163
15235724
15298464
15345983
15377524
15385187
15402865
15660341
15666152
15668977
15683347
15692439
15699788
15734699
15782552
15794534
15829495
15846608
15853749
15906652
15913543
15913891
15946262
15963660
15979510
15986601
15994597
16004793
16040015
16042003
16047822
16068760
16072597
