49181065
49216959
49302748
49582590
50267789
50292134
50490609
50546855
50844206
51023467
51096555
51113143
51135547
51302850
51336196
51892895
52090395
52113289
52914648
53178842
53208574
54167080
54176539
54396457
54515493
54824464
55204527
55600899
55758544
56011915
57022623
57064678
57285301
57458730
57607070
57661278
57796625
57842098
57888365
57905427
58128477
58274499
58309876
58813231
59332210
59991309
60569234
61288120
61506194
61595028
61658837
61983185
62432364
62470920
62759009
62787880
63251592
64442902
64783332
64868276
65060265
65632039
65653178
65706158
66402775
66430144
66946986
67649169
67770285
67823805
67895764
67960730
68166408
68482830
68690251
69173350
69252397
