9198240
6469042
6006235
4510196
4348482
208885250
206811363
203940251
203598886
201332185
201296869
201270116
200899236
198164414
197660963
197186012
196783364
196609566
195555871
195104520
194211645
193785957
191048614
190908596
190417082
189956503
189938154
189749951
188786733
188074650
187743030
187690385
186758022
186386067
185923238
185785589
185072231
184727639
184017369
183847923
183474194
183112392
182716333
182000254
180148941
179522844
179160579
179155410
178983337
178709141
177739828
177291722
176870602
176412758
175534035
174306058
173704354
173241814
173198279
172506142
171050850
170070579
169972255
169641455
169219565
169195780
167814749
167589595
165371421
164327876
164144080
163639960
163402424
162627976
162237499
162037241
161002759
160882074
160133045
159842775
159581736
159077142
159075201
157065258
156305557
155268184
155057563
155006586
154243074
153819654
153808284
153392504
153053828
153032564
152607035
152366606
152335591
151756865
151730378
151645868
150531493
150468636
149688995
148434850
148184653
148103999
148067372
147796962
147322083
147168672
147120926
147024899
146984590
146877540
146252190
146235477
145392111
144411620
144250985
144069856
141780158
141739308
141701449
141298253
141156712
141050373
140366119
140086662
139960440
139565078
139030720
138814750
138545618
136999830
136949702
135944881
134946428
134884779
134156214
132113337
132010509
131340844
131249612
130851378
130811953
130697841
130419153
130363884
130318252
129461744
129452984
129135381
128464972
128377682
118922088
115361677
111948275
110844709
109830574
105636339
104001104
101734573
100358450
98204176
94732415
87037455
85800003
82078641
79029211
68900382
66208533
61191428
56009399
55429169
47464808
41472320
40811442
40500188
40443784
36404143
29885865
28743379
28326040
25972801
25936605
24930602
24278027
22733827
21600025
21411742
21411027
20765653
17928940
16252260
11368162
10688840
7088389
4086162
3981227
209497055
208138112
207470434
203975197
203910406
201461117
200920646
199984088
199753464
198778790
198776808
197542270
197228321
196617759
196007897
195904482
195127128
194652247
194261863
194079485
193901241
193811991
193718529
193687977
191684069
191135320
191013151
190152058
190138812
189857667
189450873
188802716
188580883
188486839
188435131
188261579
188126146
187824189
187769714
187229843
187148873
187027104
186927037
186920788
186889827
186727611
186549514
186528354
186511375
186212863
185342298
184914141
184846282
184706690
184053948
184040309
183843263
183824839
183678566
183627352
183406679
183146425
182664231
182505089
182432456
181720885
181708109
181280674
181119469
181074499
181033884
180859587
180767272
180599139
180406024
180297732
180281818
179963149
179768380
179670891
179301532
178940224
178929697
178870871
178733699
178613190
178541095
178530753
178404235
178350804
178302968
178186841
177817408
177817270
177594232
177300625
177280359
177095149
176689692
176520951
176326318
175839073
175645936
175303882
175248908
175110741
175024686
174832297
174640169
174426393
174380467
174111976
174070841
174027642
173502199
173428760
173256753
173056914
172983192
172891469
172828239
172000332
171849173
171610032
171329206
171033007
170888490
170741413
170543581
170305870
169578353
169543571
169373960
169148266
169107633
169035042
168816551
168515282
168296820
168256082
168204274
168069355
167845834
166963690
166815988
165270604
165203498
165031174
163969016
163793296
163752311
163374796
163354000
163171593
162886256
162752629
162608977
162480079
161965841
161754632
161616850
161353201
160962959
160381875
160293070
159818065
159725168
159539598
159374003
158617520
157683384
157529777
157383699
156605290
156158417
155942737
155514003
153246321
152978351
152957125
152842529
152228755
150955184
150876354
149732869
148609463
147570288
147001454
145994938
145447837
145186991
145146075
145132926
144127060
144055893
143583078
141789750
139847263
139221182
138928779
138268100
132127942
129048459
128790445
128765713
128379117
126847566
126773303
126634161
126604048
126552239
125789351
125365569
123998053
123383596
120428271
120216029
120125909
119447566
119252437
115721535
112152902
111920588
109565262
107304173
105773568
101605313
100979355
98628913
96798550
94760728
92221787
92087512
90230465
87829382
87755518
86880301
86053241
85866248
83615144
83411492
82693153
82163763
76939526
72129296
69662500
66565229
62694503
62624441
62180034
60556703
60448542
55880607
55465370
52151360
50193062
50170174
48536631
47622523
46577950
45811480
45529654
44954562
44572090
44138397
43172989
42770209
39248827
38159770
35549386
34724199
33880147
33498493
32367836
30582742
29942186
28560429
27633938
26872699
26708042
26640585
26498387
25653505
24925781
24468248
24432731
23903122
23870589
23640658
22989749
22915741
22622375
22086756
21528099
21075748
20444779
16834922
13640000
12861035
12578570
12224357
11906500
11875372
8164825
6484437
6325337
6100674
6085145
5278235
5223124
5069231
4985133
3612942
3209190
207644227
206395074
201615261
199512440
197155776
196578403
196310592
194690239
193156887
191852164
188674755
186431591
183555319
182560104
179427497
179134504
177964683
174304501
171430642
136185426
124891922
39212945
21063853
204306820
198951746
181748365
162500604
161690737
161206146
159965672
156241840
139348588
139003107
138349456
136886241
136644356
135222268
132142105
127709512
124642388
124049142
122234137
122029165
113421554
113208476
112765767
112350024
110035948
102624503
94095593
86660727
82302587
61948835
60482681
54071544
53622924
51441765
50660466
47892443
36895372
36709197
35923523
29931372
29759703
26805990
26539604
25166615
24986629
23363425
21919039
21127886
20175509
18728281
17723462
17075140
16551977
209163487
201387047
192979936
191325764
189678021
189033580
188161762
185623965
183878298
182767752
178847824
177190072
174490217
173858954
170569268
170109524
169715954
169288911
143387205
139870678
127691283
116871069
116763708
110319723
110147743
