108693513
108700253
108902081
110094155
110345720
111741848
111863096
112183281
112743302
113141288
113678778
114342923
114887586
115166689
115290087
115690879
115924636
116273526
116566041
117018555
117341896
117498699
117660426
117735773
117989890
118122083
119079144
119177615
120799277
121038197
123285364
124165403
125945504
128781469
129711018
130954998
131155219
131356422
131913528
132571838
133279012
134712198
135742868
136234968
137020164
137944935
138498525
138888353
139268077
139953914
140454081
143087294
143616447
144724341
145292246
146890340
148300250
148525767
150107857
152743957
152925169
153049710
155091574
155392842
156097960
156241840
161195904
162874683
167448435
168069355
168129583
168945963
169663893
172127712
178006654
178543122
178697616
178984266
180281818
180360067
182353773
182716333
183330990
185342298
186511375
187395890
187777334
188433916
189098870
191810146
193849755
200079624
200736777
201296869
202051171
206582011
209900864
