88149737
88157538
88216835
88281439
88449009
88462177
88475697
88511809
88572317
88648901
88676251
88714883
88750794
89006109
90299887
90470301
90647264
90875206
90889336
93609514
93853752
94254715
95183843
95843018
96652058
97360708
97717715
97764596
98236178
100134178
100836843
101572964
102685097
104967513
105525977
106234266
106637829
106717140
109018627
109255150
110313672
112204833
112552324
112913030
113718400
113753651
114303868
115151159
116031104
116907069
117099738
117927462
118902775
119362049
120729000
121220340
122589657
123288794
