152700927
152692799
152355179
152228755
152087057
151987323
151855851
151745857
151588044
151581842
151493439
151450516
151177282
150580153
150229281
150022674
149333845
148872815
148455397
147513760
147095927
147053985
146984590
146928368
146890139
146426553
146400840
146152022
145994938
145746737
145146075
144717030
144390539
144380924
144331152
144055893
143615435
143533577
142856539
142812403
142804824
142791293
142200602
142147273
141723669
141291511
141167764
141131525
140969769
140805928
140639944
140538991
140366119
140241496
140223943
140178233
139992804
139985648
139889445
139734602
139348588
139051184
138814750
138644075
138143632
138024726
137820048
137701280
137553207
137008341
136740309
136644356
136387588
136054646
135963955
135910567
135542874
135517968
135203316
135081201
134672344
134314381
134203798
134194377
133991561
132985622
132468979
132263468
132001595
131941405
131848135
131249612
131167161
131042522
130784990
130524784
129352043
129046399
128765713
128379117
128118075
127610284
127109616
126604048
126310373
126245214
126016068
125951152
125633337
125410222
125264778
124642388
124091112
124061361
123998053
123990693
123921436
122686221
122512590
122414126
122373779
122197518
122173091
122169422
122148490
122120899
122026108
121204525
121016779
120840307
120671577
120102728
120028066
120007543
119927083
119884547
119523305
118929795
118923047
118328234
118059186
118040733
117756152
116860026
116430591
116358934
116160333
115913694
115909464
115563900
115491404
114850745
114701951
112989909
112513902
112325430
112089366
111795316
111455685
111444111
110576881
110068929
110035948
109830574
109434920
109090254
108876247
108822037
108659700
108523853
108298046
106784337
105858528
105853710
105632229
105110004
104782503
104548919
103767498
103507144
102549493
102445581
101513510
100944499
100904814
100890860
100402778
100329631
100175674
99192590
98560119
98394369
98204176
97632113
97487228
97316503
96913491
96042085
95988957
95898551
