39557382
39653029
39665369
39696838
39734051
39774423
39780670
39792000
39807853
39810515
39823491
39839493
39855867
39884543
39887773
39904509
39911809
39932745
39951504
39970117
39986721
40024322
40037975
40041052
40083203
40206321
40259087
40314457
40316253
40316844
40382040
40405456
40435171
40436053
40474753
40475592
40484938
40486759
40552201
40552725
40557834
40565855
40630498
40632561
40644310
40645479
40647973
40667134
40681233
40692292
40700531
40733473
40755039
40765697
40781083
40783831
40785359
40808413
40853926
40877936
40882770
40897981
40907048
40934143
40953743
40958448
40982097
40985083
40999233
41009526
41012924
41036362
41037794
41061728
41062429
41063914
41079560
41110668
41120816
41129363
41173328
41209440
41209742
41241373
41268127
41281413
41350322
41426917
41443184
41480949
41496290
41500898
41559154
41562091
41580331
41588929
41603444
41623065
41635449
41640760
41641446
41659396
41683907
41708378
41716891
41718213
41734691
41760465
41766404
41824296
41824528
41840765
41864804
41866857
41868892
41869462
41872795
41884668
41917372
41960482
41983871
41987538
42056751
42067084
42081311
42121363
42123629
42150159
42151791
42177970
42179694
42194557
42194936
42196146
42216941
42228153
42229104
42255601
42257920
42260644
42278964
42291477
42296551
42323825
42326397
42371718
42374641
42430855
42446359
42502700
42517317
42537705
42583540
42590849
42598012
42599577
42691489
42735292
42761403
42764128
42780479
42811085
42824898
42846820
42847307
42848588
42868761
42914169
42951514
42967742
42982436
43014070
43028105
43091011
43095187
43124589
43155146
43163957
43185523
43187106
43205884
43211068
43217166
43218634
43223842
43237373
43237931
43243197
43273885
43274944
43284885
43301821
43305584
43336252
43339392
43349426
43357683
43392995
43410685
43494416
43498465
43504547
43545330
43593516
44258875
44281979
44295466
44330495
44332301
44342828
44359559
44364334
44381874
44382889
44384855
44411392
44425469
44442568
44458446
44472697
44504326
44512781
44523073
44527844
44649933
44844144
44862779
45080945
45112359
45124611
45162848
45163058
45203585
45228536
45234134
45241950
45269368
45316539
45338628
45407841
45429622
45487896
45493547
45495271
45525836
45567910
45576453
45645261
45659632
45675553
45716472
45727857
45729101
45732717
45736507
45739669
45755917
45768230
45783469
45823948
45876807
45912197
45916129
45924794
45927018
45935084
45967132
46001982
46005189
46044326
46063881
46102681
46114457
46150946
46153362
46154315
46292524
46497771
46663519
46815750
46851671
46853690
46885266
47092802
47116045
47120026
47200167
47213148
47288257
47344086
