239239208
11478190
21185421
140790903
18097543
4568343
210551793
252836807
93446880
66037282
6570834
82593048
205271154
7656092
216812809
63698207
20969147
137837903
21093786
21190474
6099378
107082604
78694641
16002651
149870908
113701851
50963999
22322111
94012124
122400080
22516524
57338558
23566513
182340216
23970779
7242818
205163570
159868168
141963768
38474085
230066048
24081608
22468544
12409696
158232376
54135808
80253326
103008240
121054255
26984960
240369204
27395350
27569498
17515277
117813282
228499811
6508562
206737621
145764481
22559818
116559542
211659934
103290386
19532858
176606782
6768191
65500841
9519801
147726300
5025359
49250631
79636490
67539456
72298642
183542135
