2954965
2969367
2989013
3204498
3234284
3242869
3481361
3489875
3509988
4119100
4124694
4177456
4286248
4314883
4352906
4558254
4562417
4624464
4664246
4666942
4942390
4969036
4975437
5017074
5167425
5223124
5599153
5602043
5735183
5735655
5753574
5761424
5793406
5844767
5919526
5934817
6026796
6048835
6075342
6082041
6203510
6245791
6268715
6325337
6385501
6387038
6476734
6492872
6523021
6597161
6669314
6896998
6973264
7012561
7090770
7137008
7145399
7160511
7169457
7961142
7970299
8431966
8633441
8954947
9198240
9480095
9551226
10844519
10915309
11238818
11315047
11518698
11550600
11577897
11615559
11664727
11828373
11942809
11965166
11972305
12001741
12015307
12018635
12113053
12160018
12221208
12233586
12264421
12305162
12340919
12360300
12403322
12416527
12518811
12522805
12537005
12577723
12578570
12594683
12680336
12692868
12781917
12803197
12853501
12867465
12894821
12936440
12950465
12986275
12996836
13043929
13057012
13072737
13077089
13181956
13270363
13319707
13421343
13493768
13614629
13756317
14186318
14226594
14501929
14872718
15071450
15120237
15225930
15357056
15628697
15631704
15658071
15683347
15979510
16016402
16107886
16148477
16167699
16173651
16221783
16248430
16264561
16286734
16304538
16414726
16620618
16622249
16674737
16822701
