192760613
15267988
32737655
30483929
113152780
111738266
120011015
145590433
11813932
35298218
61218161
36530833
17516123
211030341
230092572
108045685
121905487
31163876
16248450
178888981
16177357
29110572
70353474
119668866
80246424
114797715
4145265
26871823
42759952
12987615
7916700
71298259
65873895
221445320
30839474
7321957
12489814
12112269
127747967
114393473
46750256
146954594
36103414
32161906
59206997
137143023
116318594
106418561
8199524
62933226
115040670
109061714
121412557
58259373
37571609
90719139
35399558
24167516
5626835
68395041
23957904
5838201
147091575
86920075
118269316
6387880
27004989
72344875
192176186
187513579
27320101
22956199
72976934
43194881
35711625
86401723
118976952
6673831
104400495
129879943
30062782
11164325
170811911
