168503762
168515282
168517875
168523282
168539536
168554697
168691725
168862637
168894095
169040515
169148266
169195780
169545498
169576209
169715954
169972255
170070579
170176569
170312623
170432219
170569268
170577124
170667568
170787090
170934024
170961902
171050850
171087987
171392026
171430642
171606194
171610032
171715956
171769651
171816658
171841227
171852637
171945931
171962959
172127712
172184653
172385527
172392363
172462242
172506142
172950690
173060397
173112249
173123052
173152490
173170558
173198279
173241814
173407436
173424533
173429877
173463405
173486911
173545730
173553645
173704354
173783630
173866924
173999774
174224529
174287415
174304501
174570177
174832878
174902831
174974993
175024686
175113384
175239410
175248908
175528163
175534035
175602554
175603861
175635641
175645936
175688253
175839073
175987848
176056236
176069039
176337206
176412758
176610956
176740756
176805860
177057376
177524074
177739828
177969693
178127446
178189578
178257553
178302968
178399270
178404235
178428773
178514789
178531030
178625470
178695085
178850377
178948792
178983337
179013348
179037193
179155410
179160579
179294423
179305853
179521240
179522844
179608183
179617204
179963149
180115619
180349852
180406024
180461891
180647495
180672489
180767272
180793097
181119469
181147439
181371018
181540913
181605021
181711958
181768781
181830451
181849639
182000254
182083415
182105395
182353773
182377561
182432456
182469249
182480769
182530893
182547829
182616822
182664231
182716333
182932462
182937521
183146425
183244363
183300086
183330990
183395959
183474194
183555319
183658478
183678566
183702510
183724455
183824839
183847923
184017369
184228165
184332399
184846282
184874704
185414203
185428914
185572237
185586790
185623965
185721167
185894142
185923238
185981020
185997444
186020077
186146948
186267518
186306534
186356070
186432618
186439635
186451854
186598693
186814116
187175434
187179802
187251146
187299915
187370000
187378338
187457203
187532876
187627739
187690385
187696257
187823275
187830675
187853487
187930142
187991706
188074650
188126146
188161762
188261579
188412313
188471692
188597954
188636335
188662436
188798639
188996428
189098870
189167233
189313346
189463617
189469182
189598094
189648080
189665831
189678021
189749951
189848613
189938154
189956503
189961857
190138812
190211414
190321371
190332020
190344470
190417082
190573549
190681324
190752487
190753897
190799661
190882300
190908596
190934700
191013151
191111453
191290331
191338313
191345871
191358383
191398359
191512550
191550574
191660100
191696256
191852164
191877218
191960725
192039158
192073502
192078906
192084716
192165544
192185806
192258348
192305887
192440019
192477351
192601557
192663749
192933591
192979936
193004833
193022252
193156887
193197944
193394913
193525216
193816585
193852634
194079485
194096094
194261863
194287945
194304787
194309119
194386212
194429542
194507466
194553733
194589785
194630349
194652247
194690239
194701453
194728448
194818101
194901605
195093899
195104520
195111383
195246284
195489373
195516213
195688989
195904482
195911544
196057354
196091652
196113963
196151040
196526676
196539372
196609566
196698855
196714902
196718986
196929791
196975555
197067872
197097920
197108453
197138613
197277892
197481495
197602335
197630857
197660963
197671872
197816320
197830402
197866360
197902174
197929643
198084037
198099751
198419100
198489174
198499744
198501665
198515491
198527671
198778790
198951746
198964247
199435750
199729787
199753464
199800869
199984088
200375706
200434263
200505206
200544567
200899236
201147752
201193797
201270116
201296869
201387047
201419387
201476153
201552713
201815397
201834941
202058980
202107073
202341445
202424381
202474601
202474911
202662821
202855679
202874537
202919208
202968230
203945627
203975197
204081115
204105500
204250938
204305510
204451993
204631076
204694847
204843039
204885562
204923097
205161019
205268770
206009567
206075297
206153095
206813447
206857856
206962460
207120161
207379143
