53459307
53460686
53585806
53786455
54401588
54478185
54665102
54863943
54950968
55124083
55626508
55634080
56037759
56536713
56653985
56659592
56819526
56955199
57091051
57124660
57148765
57562425
57659328
57826030
57865979
57948894
58056860
58079748
58177286
58218257
58488662
59249506
59624004
59959886
60218100
60526507
60980941
61235645
61731962
61857863
61987733
62180034
62876226
63120514
63133329
63148460
63466546
63517589
63684464
63723408
63944136
64177774
64192517
64488712
64859365
65123208
65235886
65447608
65602709
65625396
65976524
66332059
66711668
66998933
67694225
67698842
68191385
68241024
68273171
68312769
68441024
68659183
68796509
69560487
69666184
69793408
69909161
69929423
70229564
70266773
70349327
70394511
70851668
71234131
71318357
71480675
71652116
71863446
72000208
72129296
72287867
72390446
72507730
72557456
72967817
73016082
73061972
73104584
73515774
73779605
74033588
74194630
74379879
74449079
74449622
74687318
74693590
74924478
74926001
74946585
75046513
75047276
75251302
75320666
