111081386
111331260
111405470
111462719
111542719
111725936
111786944
111920136
112163036
112343195
112371361
112815135
112827513
113224494
113289487
113318272
113783994
113848680
113888470
113928948
114042464
114245947
114335288
114423067
114507013
114757433
114781125
115216702
115861958
115944770
116135724
116361785
116368441
116702147
117334500
117637442
117756152
117879682
118745284
118865637
119224189
119771648
119969086
120023703
120499219
120747310
120869798
120945498
121064164
121297884
121730052
122148490
122707430
123208737
123214400
125121567
125353191
125371101
125399497
