12242142
12245271
12245353
12245954
12256807
12256930
12257765
12266809
12269696
12274132
12275000
12280406
12280813
12282604
12288297
12294686
12300530
12303581
12303734
12305162
12307136
12313507
12320760
12324025
12329211
12330541
12349206
12356552
12362104
12362155
12367440
12369391
12386006
12386881
12390013
12396264
12396865
12397593
12400930
12401237
12403322
12407301
12416527
12420757
12424024
12428555
12432675
12436720
12439917
12442690
12468436
12468872
12470705
12476333
12485268
12487463
12488640
12491202
12491978
12501086
12506524
12509319
12510901
12516092
12523317
12524471
12530861
12535483
12537033
12542108
12543302
12556360
12573376
12575846
12577723
12578570
12582107
12593705
12594683
12597855
12601516
12603081
12618056
12620478
12622882
12634564
12636133
12648767
12649318
12653098
12661900
12676488
12680336
12683329
12684910
12691566
12692311
12695839
12696740
12706595
12718210
12723509
12723725
12728870
12729592
12736226
12738128
12742442
12743998
12756984
12757927
12766617
12770725
12786472
12791967
12806665
12808104
12809276
12822883
12845534
12848408
12853501
12861336
12867450
12868260
12875708
12876272
12888983
12899559
12900129
12908695
12914445
12917445
12920741
12920884
12923400
12928422
12932417
12934440
12943615
12955847
12961215
12966716
12984388
12984436
12989801
12991684
12992132
13005926
13007328
13011096
13022558
13031360
13041852
13044546
13049046
13053472
13060855
13104438
13109019
13120953
13124383
13128073
13136802
13138041
13145182
13162232
13164729
13192345
13192935
13198022
13201567
13209769
13231517
13241831
13242393
13242794
13248483
13249594
13262052
13273886
13287811
13315461
13319707
13324586
