60307836
93514076
182887286
47609307
108438826
116388736
40844796
190035000
14946065
30394496
91832582
180745876
15741495
143372590
21900086
46726788
85806647
141205585
134691125
86493733
194581685
143012206
122445616
7329062
175595083
201040383
40212509
22671279
86171150
228331290
232238944
80116467
130338941
82904375
25147420
144419319
12019023
70799238
25341543
167285681
208591137
42380764
19374959
76496915
20562774
58247204
89782085
187645314
206895039
53423186
122037479
65488376
40608382
71797235
25325064
173114009
133995099
67362285
176102461
15359542
169281544
19967335
180046840
130094500
