10001235
10001328
10001372
10001373
10001390
10001392
10001489
10001507
10001581
10001646
10001695
10001713
10001777
10001791
10001810
10001811
10001826
10001920
10001971
10001997
10002176
10002334
10002543
10002545
10002547
10002605
10002609
10002620
10002624
10002670
10002691
10002734
10002753
10002767
10002803
10002815
10002850
10002979
10002990
10003021
10003057
10003118
10003214
10003231
10003235
10003251
10003388
10003390
10003535
10003601
10003633
10003730
10003747
10003777
10003858
10003952
10004079
10004144
10004176
10004188
10004334
10004529
10004530
10004578
10004624
10004690
10004739
10004750
10004815
10004849
10004862
10004894
10004910
10004976
10005073
10005107
10005138
10005150
10005168
10005180
10005201
10005295
10005374
10005390
10005395
10005422
10005599
10005615
10005661
10005666
10005714
10005763
10005841
10005887
10005917
10005968
10005971
10006097
10006189
10006193
10006208
10006226
10006416
10006528
10006559
10006736
10006835
10006926
10006928
10006931
10006993
10007120
10007141
10007167
10007184
10007279
10007409
10007506
10007536
10007614
10007650
10007662
10007667
10007696
10007763
10007792
10007839
10007856
10007859
10007923
10007953
10007997
10008014
10008126
10008208
10008237
10008239
10008335
10008371
10008382
10008446
10008465
10008494
10008496
10008497
10008559
10008638
10008655
10008687
10008785
10008818
10008881
10008927
10008958
10008976
10008979
10009042
10009091
10009150
10009165
10009406
10009506
10009519
10009582
10009600
10009618
10009715
10009810
10009903
10009905
10010077
10010080
10010130
10010143
10010227
10010257
10010351
10010383
10010399
10010451
10010467
10010478
10010495
10010513
10010579
10010589
10010722
10010734
10010751
10010768
10010895
10010945
10010957
10010959
10010995
10011008
10011024
10011026
10011440
10011469
10011501
10011746
10011795
10011821
10011935
10011981
10011984
10012032
10012049
10012077
10012081
10012144
10012271
10012273
10012380
10012381
10012462
10012481
10012626
10012734
10012737
10012818
10012845
10012847
10012912
10012944
10012978
10012986
10013056
10013069
10013090
10013171
10013235
10013242
10013266
10013299
10013312
10013328
10013331
10013346
10013362
10013390
10013394
10013405
10013422
10013455
10013458
10013661
10013696
10013806
10013870
10013937
10014003
10014016
10014030
10014093
10014098
10014144
10014223
10014254
10014354
10014355
10014398
10014400
10014419
10014479
10014522
10014590
10014592
10014628
10014734
10014768
10014884
10014895
10014926
10014945
10014961
10015027
10015085
10015091
10015102
10015120
10015360
10015376
10015394
10015421
10015475
10015502
10015506
10015520
10015536
10015597
10015616
10015699
10015727
10015825
10015886
10015889
10015920
10015968
10016015
10016065
10016126
10016144
10016175
10016259
10016291
10016307
10016335
10016339
10016354
10016401
10016414
10016417
10016418
10016530
10016610
10016627
10016638
10016736
10016754
10016799
10016816
10016860
10016866
10016878
10016930
10016992
10017008
10017038
10017054
10017055
10017073
10017201
10017213
10017230
10017361
10017490
10017523
10017600
10017615
10017628
10017697
10017700
10017710
10017742
10017759
10017795
10017854
10017903
10017918
10018048
10018097
10018099
10018110
10018158
10018257
10018258
10018402
10018451
10018477
10018480
10018769
10018800
10018830
10018847
10018862
10018914
10018963
10018993
10019122
10019137
10019199
10019200
10019246
10019296
10019393
10019405
10019407
10019411
10019578
10019619
10019712
10019730
10019761
10019795
10019824
10019858
10019951
10019997
10020005
10020013
10020046
10020095
10020110
10020146
10020224
10020254
10020261
10020272
10020316
10020338
10020339
10020480
10020526
10020561
10020607
10020623
10020687
10020765
10020769
10020816
10020832
10020864
10020991
10021088
10021182
10021184
10021185
10021197
10021278
10021343
10021361
10021423
10021474
10021486
10021522
10021537
10021599
10021855
10021903
10021934
10021935
10021986
10021998
10022033
10022174
10022192
10022227
10022242
10022301
10022309
10022317
10022336
10022354
10022369
10022403
10022447
10022462
10022464
10022509
10022620
10022783
10022847
10022866
10022896
10022912
10022992
10023023
10023025
10023039
10023069
10023121
10023278
10023283
10023310
10023345
10023357
10023378
10023392
10023505
10023537
10023666
10023667
10023694
10023710
10023729
10023758
10023789
10023793
10023842
10023888
10023918
10023935
10023985
10024017
10024034
10024070
10024144
10024210
10024224
10024290
10024320
10024353
10024369
10024400
10024416
10024451
10024466
10024483
10024606
10024609
10024622
10024673
10024802
10024815
10024866
10024878
10024882
10025075
10025088
10025102
10025136
10025151
10025267
10025297
10025327
10025330
10025507
10025520
10025549
10025629
10025650
10025743
10025805
10025900
10025919
10025953
10026048
10026131
10026176
10026190
10026194
10026209
10026237
10026271
10026290
10026366
10026368
10026386
10026429
10026493
10026496
10026526
10026544
10026560
10026605
10026654
10026702
10026705
10026707
10026784
10026815
10026878
10026994
10027088
10027134
10027136
10027166
10027169
10027170
10027181
10027217
10027263
10027328
10027343
10027425
10027489
10027502
10027583
10027647
10027698
10027776
10027806
10027811
10027872
10027886
10027904
10027918
10027922
10027938
10027986
10028035
10028079
10028110
10028160
10028179
10028222
10028240
10028257
10028275
10028319
10028460
10028499
10028655
10028689
10028721
10028754
10028764
10028830
10028946
10028962
10028990
10029087
10029134
10029201
10029311
10029363
10029426
10029456
10029522
10029552
10029603
10029617
10029618
10029681
10029695
10029726
10029744
10029792
10029810
10029811
10029823
10029838
10029874
10029886
10029922
10029952
10029970
10029986
10030066
10030128
10030193
10030206
10030241
10030269
10030300
10030323
10030371
10030386
10030446
10030480
10030512
10030622
10030655
10030782
10030812
10030832
10030851
10030899
10030928
10030992
10030994
10031024
10031088
10031167
10031170
10031219
10031231
10031249
10031314
10031324
10031345
10031375
10031391
10031425
10031631
10031635
10031646
10031731
10031760
10031763
10031854
10031907
10031951
10032003
10032014
10032045
10032112
10032208
10032254
10032285
10032306
10032337
10032339
10032390
10032414
10032497
10032526
10032561
10032574
10032608
10032622
10032659
10032670
10032686
10032787
10032832
10032848
10032849
10032863
10032931
10032974
10033024
10033027
10033043
10033053
10033102
10033134
10033138
10033182
10033183
10033198
10033199
10033250
10033262
10033279
10033314
10033327
10033342
10033375
10033395
10033454
10033457
10033506
10033554
10033616
10033631
10033632
10033646
10033650
10033661
10033741
10033811
10033855
10033874
10033888
10033904
10034078
10034081
10034145
10034175
10034240
10034287
10034291
10034321
10034432
10034462
10034512
10034574
10034594
10034662
10034670
10034720
10034738
10034786
10034850
10034958
10034975
10034994
10035025
10035105
10035120
10035152
10035197
10035247
10035251
10035362
10035377
10035392
10035471
10035571
10035598
10035665
10035676
10035727
10035870
10035903
10035921
10035935
10036016
10036064
10036082
10036083
10036125
10036143
10036177
10036208
10036210
10036239
10036275
10036290
10036333
10036337
10036383
10036415
10036511
10036529
10036546
10036606
10036624
10036771
10036784
10036834
10036881
10036882
10036883
10037103
10037165
10037166
10037170
10037201
10037285
10037296
10037325
10037426
10037439
10037501
10037535
10037536
10037566
10037619
10037666
10037677
10037681
10037729
10037759
10037810
10037858
10037871
10037906
10037922
10037951
10037966
10038047
10038079
10038162
10038256
10038259
10038348
10038387
10038399
10038419
10038527
10038656
10038753
10038945
10038958
10039070
10039102
10039167
10039214
10039295
10039296
10039322
10039409
10039422
10039454
10039455
10039472
10039515
10039521
10039551
10039614
10039632
10039679
10039696
10039805
10039855
10039886
10039981
10040019
10040068
10040173
10040237
10040241
10040256
10040272
10040284
10040350
10040367
10040384
10040429
10040433
10040496
10040530
10040562
10040575
10040672
10040735
10040749
10040767
10040851
10040881
10040883
10040910
10040973
10041008
10041075
10041086
10041152
10041154
10041216
10041262
10041278
10041311
10041330
10041490
10041502
10041517
10041534
10041554
10041632
10041662
10041711
10041792
10041808
10041810
10041820
10041843
10041855
10041856
10041870
10041965
10041970
10041983
10041998
10042062
10042127
10042174
10042178
10042446
10042483
10042541
10042579
10042623
10042628
10042686
10042769
10042781
10042797
10042798
10042846
10042848
10042864
10042990
10043027
10043071
10043151
10043249
10043295
10043503
10043534
10043536
10043648
10043697
10043698
10043763
10043856
10043890
10043984
10044065
10044095
10044144
10044146
10044157
10044174
10044192
10044209
10044241
10044269
10044275
10044338
10044350
10044368
10044383
10044430
10044478
10044590
10044593
10044658
10044686
10044721
10044752
10044785
10044799
10044818
10044829
10044865
10044882
10044960
10044995
10045041
10045043
10045086
10045151
10045215
10045216
10045246
10045247
10045293
10045330
10045408
10045422
10045503
10045504
10045538
10045998
10046029
10046066
10046111
10046113
10046114
10046175
10046238
10046353
10046369
10046414
10046499
10046512
10046514
10046590
10046606
10046674
10046706
10046735
10046751
10046770
10046797
10046882
10046898
10046943
10047104
10047150
10047167
10047169
10047185
10047202
10047312
10047371
10047379
10047394
10047470
10047554
10047570
10047629
10047661
10047678
10047698
10047712
10047777
10047794
10047842
10047853
10047854
10047953
10048000
10048077
10048110
10048128
10048206
10048286
10048318
10048323
10048333
10048337
10048384
10048401
10048447
10048479
10048499
10048512
10048542
10048589
10048593
10048734
10048735
10048845
10048846
10048877
10048910
10048913
10048941
10048960
10048979
10049039
10049055
10049137
10049197
10049199
10049201
10049262
10049264
10049315
10049328
10049357
10049358
10049376
10049455
10049472
10049488
10049502
10049504
10049571
10049585
10049587
10049650
10049664
10049693
10049708
10049729
10049776
10049778
10049822
10049873
10049890
10049934
10049937
10049939
10050766
10056269
10056434
10061648
10062738
10068352
10075328
10075583
10076160
10100371
10104787
10111440
10112464
10121710
10129122
10134543
10135233
10137505
10137772
10139724
10156972
10159891
10161197
10163884
10172275
10204532
10205483
10217217
10222605
10223851
10223984
10238475
10251956
10255902
10267338
10299765
10302410
10307157
10312118
10335061
10368939
10369654
10371383
10390062
10404123
10413580
10439125
10440149
10442481
10450860
10472105
10474391
10490474
10506584
10521292
10522615
10539561
10540791
10547127
10580085
10603639
10604792
10605225
10619032
10629993
10641544
10645880
10674040
10682904
10686343
10692232
10706892
10717114
10722488
10731527
10748202
10752712
10753224
10766247
10786072
10824422
10844519
10852794
10856982
10857615
10861585
10874887
10884368
10886874
10902874
10904911
10915309
10922352
10924079
10930842
10931823
10938233
10944624
10945125
10962449
10966875
10968952
10970160
10983090
10983513
10986522
10987242
10991310
11004176
11004219
11008782
11010865
11018130
11020955
11033006
11036589
11037499
11038418
11042236
11061714
11071442
11074054
11082382
11082413
11084308
11084525
11089615
11090643
11097979
11099781
11101103
11103311
11104700
11104882
11117171
11118524
11122795
11123843
11124078
11126944
11133811
11134642
11134736
11136962
11137776
11141509
11144849
11146469
11149524
11162347
11164724
11166540
11167868
11167920
11172110
11176850
11182896
11186053
11187886
11189169
11195492
11197293
11202549
11203132
11204043
11204369
11205038
11205980
11221108
11221892
11224992
11226321
11231548
11233150
11236371
11238818
11243970
11244239
11249183
11251907
11252882
11256229
11256751
11257067
11262574
11262579
11266460
11270244
11272079
11276562
11276654
11278164
11285341
11286732
11286865
11286926
11287742
11287830
11289205
11292480
11293102
11294304
11295201
11299296
11299746
11300051
11300111
11309630
11309975
11311263
11311326
11311605
11315009
11320561
11325137
11331501
11333073
11335210
11337327
11339573
11341179
11342267
11345372
11345437
11348756
11349005
11352287
11352815
11360512
11360717
11362446
11364043
11368885
11368991
11369153
11369587
11369614
11374134
11374466
11374635
11375907
11377534
11378833
11380278
11381779
11382607
11385184
11386797
11388683
11390996
11392975
11394102
11397470
11398157
11401552
11403938
11404854
11408673
11408822
11410352
11415048
11415219
11421729
11422735
11423223
11427179
11427346
11429762
11430225
11432628
11433737
11433965
11434462
11438287
11439594
11443167
11444622
11446323
11453974
11456786
11457515
11459128
11460275
11462189
11462865
11465260
11466705
11468243
11470226
11472116
11472245
11475436
11478829
11480170
11482450
11486955
11487030
11488560
11492106
11493175
11494667
11500051
11500209
11502865
11503413
11503469
11504777
11509710
11512958
11522990
11523597
11524849
11526023
11531123
11531439
11537199
11537597
11539959
11541383
11542159
11543503
11543541
11544849
11545288
11546999
11551184
11553258
11557272
11559857
11560051
11566223
11567053
11567211
11568079
11569837
11570030
11572015
11572974
11575885
11576247
11577009
11578864
11581267
11583799
11583856
11586219
11586983
11587542
11590156
11598032
11598456
11603978
11603980
11605131
11607305
11608017
11608144
11609425
11615281
11615734
11616338
11617270
11618882
11619143
11620537
11620980
11623722
11624855
11625847
11626004
11633228
11638379
11647853
11649616
11652201
11653289
11655404
11656459
11657075
11657977
11662450
11664753
11667310
11669035
11669199
11672750
11673069
11674248
11674952
11677327
11678962
11679407
11680909
11682384
11682958
11684748
11688372
11690103
11690233
11690455
11691722
11693550
11694443
11694541
11696237
11697711
11697783
11703992
11704826
11707918
11710892
11714092
11714222
11716596
11717265
11718356
11719512
11721497
11723015
11723923
11726059
11726708
11726862
11729141
11729460
11730123
11730612
11731214
11731730
11732980
11735157
11735729
11740074
11740502
11741264
11741690
11741996
11743309
11743845
11747033
11747824
11748230
11748818
11748852
11748882
11750746
11751475
11752755
11754677
11757229
11759310
11761938
11768947
11769492
11771538
11777365
11778670
11779578
11782040
11782830
11783183
11784115
11788690
11790475
11790665
11793845
11793874
11793959
11794573
11794967
11795530
11795863
11796137
11799812
11803270
11803433
11804463
11804776
11806634
11807978
11808145
11808849
11809420
11810330
11811029
11815087
11815793
11817773
11818008
11823576
11826100
11826795
11829554
11830700
11832571
11834828
11838351
11840403
11841595
11842332
11842797
11843960
11846991
11849104
11849225
11850331
11852399
11853133
11855993
11856333
11858412
11859257
11860305
11860852
11863283
11864854
11864998
11867129
11867788
11868842
11869352
11873548
11874102
11875365
11876473
11876612
11876750
11876812
11879850
11881848
11882194
11882199
11882647
11889059
11889129
11889929
11890030
11892119
11892310
11892315
11893161
11893336
11896090
11897107
11897108
11899216
11901777
11902154
11902707
11904458
11905017
11905684
11907627
11907751
11907795
11909677
11910091
11912922
11913427
11914811
11914866
11916055
11916865
11917583
11917900
11920631
11921858
11921879
11922481
11923183
11925941
11926610
11927315
11929303
11930764
11931086
11934032
11939237
11939800
11939814
11941108
11941753
11942809
11943068
11944250
11944906
11945077
11946847
11947284
11947371
11947564
11951216
11951967
11952041
11953478
11953681
11956297
11957287
11958769
11958979
11959512
11961885
11962161
11962551
11962640
11963842
11964815
11965109
11965166
11965184
11966239
11966928
11967277
11968245
11971976
11972989
11974542
11974774
11974989
11975606
11976846
11978321
11980376
11980567
11980611
11982378
11983527
11984774
11985060
11985397
11986103
11987574
11989450
11992571
11993423
11995692
11996361
11996959
11997780
11998614
11999206
11999980
12001512
12002389
12003052
12003054
12004341
12004630
12006041
12008763
12009172
12009827
12010089
12010123
12012299
12013229
12014023
12014680
12014767
12015307
12015610
12017074
12017595
12020306
12021010
12021421
12021874
12022240
12023400
12023782
12024940
12026243
12027068
12028091
12030488
12030522
12030531
12034256
12034899
12036342
12036874
12038572
12039145
12040194
12041038
12044178
12044283
12045588
12046009
12046118
12046535
12047030
12047218
12048339
12048597
12049526
12052837
12053470
12054817
12057001
12058031
12058183
12060420
12060473
12063195
12065385
12066994
12066996
12067175
12067447
12069790
12071598
12072860
12073976
12074209
12074467
12076010
12076307
12076938
12077083
12078071
12078932
12079052
12079179
12079314
12079515
12080600
12081106
12084090
12084251
12084674
12086774
12088365
12091495
12092950
12093151
12094503
12095961
12097508
12098209
12098896
12099328
12100356
12100716
12103721
12103873
12105289
12107595
12109012
12109340
12112374
12113149
12114776
12116564
12117435
12117588
12118062
12118243
12118467
12119206
12120292
12120502
12120740
12122456
12122792
12123359
12123928
12124067
12125477
12125652
12127008
12129559
12130897
12131248
12131479
12132219
12132822
12133704
12134108
12134693
12135944
12135994
12136789
12136896
12137054
12137227
12137968
12138227
12140357
12140947
12140961
12148019
12148352
12148678
12152152
12152379
12154057
12156790
12156842
12156921
12157143
12158678
12160728
12161732
12163675
12163708
12164005
12166205
12166503
12167083
12167432
12170449
12170844
12173296
12173537
12173810
12174797
12175618
12176224
12177622
12178072
12179688
12179810
12180002
12184210
12184623
12185222
12186220
12188854
12189275
12191080
12192024
12192571
12193016
12193554
12193679
12193919
12196716
12197246
12197832
12198377
12202078
12205093
12206072
12206759
12208173
12209546
12211543
12213933
12213988
12214312
12214689
12216639
12216980
12217029
12217290
12218130
12219351
12219932
12220399
12221047
12221208
12222360
12223500
12225490
12225627
12225742
12227034
12227496
12228752
12229631
12229727
12230904
12233127
12233321
12237452
12237657
12238492
12239332
12239644
12241710
12241936
12242142
12244169
12245271
12245353
12245954
12246835
12247771
12248145
12248970
12249365
12250209
12250784
12251447
12252385
12255141
12256010
12256699
12256807
12256930
12257091
12257765
12260122
12260404
12261307
12261437
12261535
12261703
12263459
12263707
12264065
12265306
12265563
12266809
12268563
12269696
12270340
12270900
12271350
12272620
12272727
12273208
12274132
12275000
12276038
12276605
12280406
12280643
12280771
12280813
12282277
12282604
12282828
12283478
12285943
12286406
12287226
12288185
12288297
12288446
12290512
12290681
12290818
12290861
12294632
12294677
12294686
12295027
12295513
12296875
12296890
12297991
12298061
12299045
12300530
12300853
12301285
12301798
12301937
12303171
12303581
12303734
12304109
12304195
12305162
12305493
12306684
12306864
12307136
12307520
12308811
12309095
12309123
12310218
12310254
12310262
12313173
12313285
12313507
12313867
12315475
12316314
12317080
12317208
12318837
12320760
12320788
12324025
12324060
12324143
12325547
12325953
12326837
12329210
12329211
12329841
12330541
12331105
12332677
12337735
12338077
12338208
12339218
12341045
12345344
12345353
12345521
12346284
12347394
12348290
12349046
12349206
12349374
12349897
12350047
12350650
12351376
12352297
12354348
12356459
12356552
12359459
12360242
12362104
12362155
12364766
12364850
12366902
12367440
12367516
12368175
12369062
12369187
12369224
12369391
12371694
12372086
12373147
12376342
12379813
12385489
12386006
12386107
12386881
12387353
12389119
12389756
12390013
12390797
12392131
12393092
12396264
12396865
12397054
12397159
12397228
12397593
12397698
12398002
12398247
12400908
12400930
12401237
12401598
12401920
12402409
12403322
12403643
12404304
12405077
12406418
12407301
12407324
12408565
12408955
12409062
12410493
12410658
12411732
12413446
12413917
12413980
12414982
12415635
12416095
12416527
12418252
12419047
12419194
12419364
12420345
12420757
12421265
12424024
12424190
12427001
12427934
12428555
12430055
12431077
12432164
12432460
12432662
12432665
12432675
12433317
12435223
12436614
12436720
12437293
12439917
12440952
12442690
12444579
12445637
12449429
12449626
12452102
12457357
12458001
12460514
12465230
12465404
12465496
12468126
12468436
12468872
12469041
12469344
12470435
12470566
12470705
12471215
12474824
12475416
12476333
12476783
12477850
12478095
12478164
12478375
12478777
12480129
12480185
12480247
12480271
12481161
12481858
12482709
12482914
12485243
12485268
12486380
12487463
12488640
12489707
12490077
12490596
12490623
12491202
12491684
12491978
12493160
12493943
12494247
12494741
12496351
12499152
12500380
12501086
12502588
12504093
12506524
12508027
12508035
12509319
12509622
12510682
12510901
12511016
12512788
12515070
12515230
12515244
12515659
12516092
12518294
12518999
12519860
12522768
12523125
12523162
12523317
12523338
12524471
12525084
12525254
12525410
12525510
12526424
12527962
12528903
12530734
12530861
12532391
12534861
12535294
12535418
12535483
12537033
12539071
12539230
12539342
12540104
12542108
12542493
12542503
12543302
12543714
12544194
12545187
12547233
12549463
12550656
12553679
12554633
12555374
12556360
12557315
12558931
12559025
12560142
12561012
12562428
12562652
12564107
12567067
12567342
12567637
12568463
12570171
12571503
12572210
12573376
12574852
12575412
12575846
12576131
12577723
12578268
12578570
12579172
12581820
12582107
12582404
12584358
12584442
12584452
12587060
12587859
12587993
12590503
12591905
12592787
12592854
12593069
12593705
12594204
12594562
12594683
12597327
12597855
12598488
12598533
12600054
12601516
12602090
12603081
12603524
12609023
12611421
12612630
12612709
12614613
12615266
12615847
12616865
12617661
12618042
12618056
12618833
12618836
12619860
12620478
12622667
12622882
12623217
12623678
12624354
12624993
12630147
12630201
12630591
12631133
12631200
12632615
12633399
12634564
12635139
12636133
12637060
12637310
12638490
12638577
12640979
12642789
12645032
12647032
12648446
12648767
12649318
12653098
12653198
12653924
12655010
12657217
12657750
12659408
12660144
12660654
12661568
12661900
12663208
12663464
12665119
12665694
12666092
12669140
12669528
12672845
12676488
12677096
12677428
12677468
12677962
12678288
12678790
12679356
12679525
12680336
12680451
12680915
12681370
12682180
12682911
12683329
12684910
12685273
12685701
12685763
12687355
12688912
12689824
12691566
12692311
12694904
12694979
12695839
12696740
12697000
12701533
12701931
12704805
12704836
12704958
12705551
12706372
12706595
12707096
12707795
12710185
12710360
12714007
12714465
12714754
12715813
12716134
12718210
12718496
12719514
12721411
12721887
12721899
12723440
12723483
12723509
12723725
12724087
12725782
12726650
12726655
12728290
12728870
12729592
12730022
12731045
12731647
12732481
12733212
12734578
12735709
12736226
12737201
12738128
12739330
12741475
12741871
12742272
12742442
12743343
12743476
12743719
12743998
12746023
12746868
12749385
12749855
12751479
12755335
12756984
12757927
12758651
12761413
12761835
12762720
12766617
12767206
12768529
12768689
12769216
12770725
12773195
12773375
12777341
12777691
12777821
12779085
12779792
12780643
12780959
12781119
12782717
12783994
12784435
12784448
12784910
12785825
12786472
12786500
12786616
12787066
12787489
12790165
12791967
12792835
12796594
12797418
12797813
12798257
12799277
12800011
12802269
12802693
12802772
12804893
12805979
12806278
12806657
12806665
12807455
12807511
12808104
12809276
12809424
12809690
12811031
12811078
12811724
12813375
12814994
12815829
12817468
12817744
12819157
12819737
12821164
12822883
12824443
12825118
12825788
12826040
12826278
12826463
12827821
12828967
12829406
12829864
12830166
12833179
12833207
12833761
12837303
12840204
12840695
12842203
12843635
12845534
12847348
12848408
12850746
12851446
12852973
12852998
12853501
12854053
12855561
12856310
12856749
12858220
12858302
12859118
12860329
12861048
12861336
12862564
12862918
12863580
12865998
12867130
12867207
12867450
12868260
12868448
12868577
12869593
12872067
12874094
12874224
12875708
12876272
12877436
12877800
12878582
12880033
12883043
12884138
12886113
12886230
12886925
12887241
12887390
12887868
12887907
12888983
12889116
12889569
12890893
12891725
12898036
12898304
12899559
12900129
12901808
12904671
12904838
12904855
12905034
12905438
12905800
12906400
12907425
12907650
12908695
12909250
12911202
12912779
12912984
12913423
12913649
12914445
12916415
12917445
12918116
12919803
12920741
12920884
12921371
12921489
12922023
12922599
12923131
12923400
12925217
12927272
12928422
12929256
12930118
12930502
12931114
12932417
12933157
12933794
12934440
12941500
12943028
12943615
12944741
12945406
12946644
12947666
12947744
12948562
12949055
12951725
12952870
12954971
12955847
12956352
12958242
12961081
12961215
12962568
12963317
12964767
12966716
12970626
12971780
12972127
12974175
12975243
12975421
12975649
12978420
12978503
12980228
12981752
12982678
12983307
12983346
12984248
12984388
12984436
12985597
12986173
12989144
12989801
12989948
12991684
12991907
12992132
12992575
12994305
12994471
12995725
12999244
13001242
13002081
13004738
13005022
13005926
13006022
13007328
13011096
13013688
13015871
13015931
13016221
13018564
13020187
13022558
13022997
13024215
13024863
13025312
13029338
13031258
13031360
13031748
13034532
13034902
13035015
13038005
13039698
13041852
13042571
13042909
13044546
13047007
13048263
13049046
13053472
13054059
13054594
13054784
13056127
13057694
13057758
13058142
13059877
13060488
13060855
13060996
13062111
13063321
13064066
13064717
13066109
13066122
13067992
13069567
13070036
13072161
13072388
13072697
13073438
13076266
13077597
13078555
13079392
13079636
13084198
13085545
13086756
13091810
13093184
13093410
13096733
13097175
13098364
13098714
13098854
13101101
13103348
13104438
13107775
13109019
13109066
13110682
13111753
13113341
13117025
13117427
13119999
13120953
13121442
13122558
13124383
13127555
13128073
13130080
13132327
13134532
13135007
13136679
13136802
13138041
13142845
13144793
13145182
13148068
13152489
13152926
13156324
13156918
13162232
13162548
13163240
13163649
13164678
13164729
13165589
13167712
13172614
13173758
13175229
13175744
13179380
13180067
13180476
13181988
13182310
13182759
13183356
13184065
13184821
13184834
13186944
13188309
13192184
13192345
13192935
13195036
13197952
13198022
13198493
13199101
13200281
13201567
13203262
13203740
13207126
13207326
13209769
13212197
13212800
13213247
13218084
13220680
13221002
13223266
13223642
13226371
13231517
13234338
13237594
13237793
13238007
13241124
13241831
13242393
13242794
13243425
13246714
13246814
13248483
13249594
13249882
13253345
13262052
13264725
13266852
13270689
13270716
13273439
13273472
13273886
13274433
13274822
13275801
13280868
13286659
13287100
13287811
13288121
13292634
13293078
13293179
13295142
13295893
13296218
13296864
13297638
13304322
13304510
13307422
13308519
13309303
13312888
13313762
13315461
13316732
13319707
13320217
13321059
13323367
13324586
13328091
13328474
13330075
13332678
13332797
13333466
13333853
13335839
13336867
13337225
13338040
13340289
13342525
13343222
13349497
13352266
13355894
13357531
13358745
13359256
13361349
13362241
13365181
13366394
13367936
13368962
13369624
13371463
13372970
13373567
13373785
13379047
13379869
13381338
13382180
13383364
13388289
13389659
13395144
13395394
13400122
13403976
13404957
13406715
13408699
13408995
13411970
13412165
13412637
13414275
13416035
13416134
13416417
13419016
13422263
13424072
13425352
13426840
13427809
13427973
13431036
13434459
13436639
13437056
13437320
13437407
13442201
13443422
13446878
13447972
13448198
13449088
13449190
13453208
13454840
13457221
13457353
13462206
13462726
13463321
13463459
13467752
13468222
13468390
13468423
13468425
13469569
13469860
13470653
13470946
13473893
13474167
13474338
13475135
13475269
13479607
13479811
13481114
13481737
13481920
13484704
13484964
13485144
13488090
13488387
13489051
13490238
13490462
13492802
13493768
13493829
13494112
13496872
13501343
13506207
13509820
13513057
13515265
13519460
13520551
13520604
13522621
13523007
13526106
13532985
13536417
13538272
13538439
13541403
13544961
13546270
13549501
13551769
13551966
13558744
13562020
13562273
13564867
13567585
13568316
13568903
13570078
13570214
13572390
13573085
13573448
13573797
13579270
13579911
13581156
13582661
13584828
13591418
13592680
13594073
13596741
13600289
13605824
13606240
13607704
13608256
13608390
13611548
13612479
13612613
13614629
13615840
13616967
13625571
13625697
13631558
13631653
13633337
13640071
13642336
13643641
13645570
13648762
13654917
13660422
13660888
13669348
13670041
13674053
13674664
13675385
13676958
13682365
13682465
13682656
13686981
13688993
13693096
13693220
13693498
13696166
13697856
13698333
13700006
13701216
13705281
13706180
13709024
13715204
13719579
13721468
13726681
13727100
13735042
13736571
13737149
13739036
13741826
13744673
13745407
13746911
13747459
13755962
13756317
13759071
13760609
13761570
13766686
13766687
13767933
13773063
13773248
13781405
13790176
13792795
13800093
13800539
13807015
13812866
13818787
13819516
13827003
13827388
13829764
13837701
13839100
13841024
13841411
13846626
13849626
13854845
13857668
13858173
13860802
13861435
13863229
13866754
13867931
13868094
13868607
13871329
13872583
13883386
13884224
13890403
13894589
13896517
13898688
13902395
13903392
13903580
13904794
13907362
13907654
13911004
13915357
13918010
13919266
13920447
13920571
13928188
13928452
13931615
13935713
13937007
13938715
13946524
13950159
13961981
13963091
13963135
13965210
13968319
13969500
13980708
13981220
13983009
13984190
13988066
13997921
14000572
14005662
14006237
14017884
14019781
14021039
14026524
14031618
14035297
14039268
14040928
14041600
14042527
14044709
14044797
14045572
14048386
14052943
14057039
14059582
14063069
14063920
14067534
14069294
14069422
14071845
14074864
14081249
14081407
14081487
14086626
14087712
14091169
14097820
14098752
14098814
14100782
14103888
14103964
14108306
14116268
14120611
14121231
14126173
14126255
14129774
14129999
14130622
14133362
14136257
14139262
14139501
14146685
14147277
14147443
14148194
14151333
14154357
14157794
14158994
14159327
14162291
14167810
14168320
14173187
14175588
14179404
14182179
14190912
14192428
14194788
14196112
14199603
14200512
14203458
14204029
14204927
14204960
14210497
14220413
14222668
14224862
14226397
14226891
14228961
14244223
14248479
14249485
14252907
14252925
14253026
14257108
14258686
14270692
14271807
14272222
14287712
14291596
14291915
14293453
14295263
14303060
14307764
14309014
14310934
14322014
14324318
14327189
14353557
14357644
14359062
14360533
14376170
14377963
14378301
14382849
14395595
14396501
14402548
14404364
14408439
14414327
14415736
14424311
14433067
14436021
14445322
14447542
14456982
14457716
14501929
14545237
14552362
14555849
14568200
14582359
14591240
14596347
14597112
14598185
14605833
14628104
14633705
14667497
14693240
14696721
14699766
14700937
14701139
14719983
14735663
14737352
14742006
14754600
14756338
14761103
14768424
14773992
14785266
14786927
14787544
14793934
14794584
14798959
14802024
14803400
14806952
14815815
14822864
14822989
14827790
14831664
14834416
14835111
14846258
14846265
14851375
14862649
14863091
14863239
14867302
14875885
14876015
14878514
14881452
14882802
14883439
14894291
14895066
14897192
14898136
14900816
14907694
14909423
14920850
14922227
14922598
14931496
14934440
14939014
14939091
14948722
14952687
14959951
14961575
14965105
14965754
14973559
14978031
14978094
14984359
14996595
15001390
15005209
15009466
15010443
15010994
15012912
15013330
15016974
15019119
15020218
15020505
15021297
15021908
15026772
15027947
15029771
15029907
15031342
15033510
15038188
15042163
15043865
15043888
15046476
15048780
15052785
15060813
15067475
15074549
15075787
15079504
15087949
15088460
15090226
15090923
15094770
15095247
15095380
15095726
15096939
15098028
15099450
15100558
15105467
15107340
15120244
15123187
15123762
15132068
15134812
15136686
15137458
15138939
15143252
15143739
15148667
15152787
15152795
15158769
15167353
15167413
15169581
15170898
15179217
15179956
15182886
15188435
15193126
15193172
15193461
15196432
15197877
15199354
15200652
15202035
15203050
15204404
15206602
15206980
15207698
15208250
15208283
15212723
15220044
15221398
15223829
15229423
15231345
15234544
15235668
15236443
15236629
15237802
15237829
15239316
15245707
15247083
15254291
15254724
15263297
15269072
15269492
15270318
15271824
15276273
15276309
15277710
15279855
15285269
15290793
15291254
15295409
15297137
15298740
15301794
15309872
15309948
15309963
15315570
15316019
15316300
15316715
15320400
15320819
15320835
15321522
15322326
15324747
15325931
15328111
15329779
15333324
15337527
15340353
15346176
15346531
15347437
15350066
15356148
15359457
15361611
15363510
15365262
15366890
15367863
15372784
15373758
15375792
15376087
15382673
15386384
15393193
15395282
15397791
15402402
15404040
15406614
15407114
15407407
15409451
15411120
15415978
15416317
15418398
15420235
15420457
15425248
15427505
15437953
15439169
15440024
15442381
15442764
15443932
15444714
15446124
15452124
15452425
15453408
15456355
15460978
15461550
15471021
15472661
15473683
15473738
15473876
15475197
15481579
15483401
15485208
15486326
15486807
15488590
15488689
15490508
15492545
15492585
15492917
15501162
15503491
15506575
15506697
15506929
15508180
15512720
15513481
15517248
15519169
15519537
15521943
15525021
15526066
15530547
15531327
15534079
15534370
15543822
15546999
15548757
15550253
15551858
15554321
15554674
15557045
15558507
15558708
15564817
15565687
15567342
15567833
15568361
15574542
15577993
15580745
15583977
15590348
15593328
15603480
15605032
15607287
15612338
15613778
15615176
15616241
15624503
15633839
15637137
15639252
15641322
15641970
15642263
15642425
15642668
15645501
15651049
15652326
15658240
15663340
15666450
15667178
15667207
15667344
15669898
15673528
15673701
15675667
15675978
15676677
15678264
15683857
15687480
15690194
15690968
15692524
15697847
15700665
15702902
15708044
15715368
15717832
15718287
15721768
15721865
15721884
15727626
15729075
15733272
15734481
15736174
15738516
15740847
15752650
15752722
15753062
15753816
15754379
15757098
15760615
15761396
15761879
15765428
15766031
15767117
15774409
15774890
15775080
15775566
15776428
15777197
15779276
15779589
15780681
15783848
15787335
15787883
15787961
15790708
15795883
15796878
15796982
15798513
15799183
15803079
15803343
15808952
15810990
15813494
15814504
15819237
15823591
15823600
15824751
15827437
15828402
15832837
15838502
15839431
15848229
15849464
15854184
15854285
15856217
15857510
15859337
15860080
15860244
15863801
15865168
15867181
15871307
15874221
15874288
15874393
15874583
15876456
15881131
15883141
15883531
15884824
15885881
15887320
15890021
15890128
15893237
15896603
15899195
15899225
15899831
15900157
15900332
15902552
15903113
15908426
15911418
15912369
15913543
15915687
15917692
15918342
15919164
15920585
15922311
15922796
15923805
15927340
15929903
15931500
15933238
15934994
15935636
15936163
15936855
15937542
15937850
15940762
15942012
15946262
15953325
15957223
15958703
15962586
15965125
15966855
15969908
15970874
15971341
15973141
15973322
15973700
15977379
15977993
15979536
15980272
15982954
15984731
15990245
15995552
15996315
15997034
15998895
15998997
15999727
16002811
16006349
16006536
16007942
16007949
16008716
16016240
16018073
16019314
16020374
16021003
16024431
16026050
16026689
16027231
16027245
16030459
16031221
16032265
16033162
16034679
16036266
16037648
16038380
16038569
16039538
16039972
16041598
16042365
16042946
16045976
16046989
16049527
16051597
16053527
16055474
16062876
16064925
16065573
16066242
16066331
16068374
16068448
16069512
16069980
16069987
16075464
16075923
16077391
16079559
16080067
16080136
16081022
16082115
16086595
16087609
16093113
16093198
16093815
16094931
16098170
16098665
16101034
16102578
16102936
16103281
16108559
16108774
16112774
16113275
16117914
16118207
16118898
16129096
16131183
16131740
16132362
16135270
16136512
16136632
16136896
16141369
16142222
16143507
16144520
16147144
16149597
16151469
16154252
16154936
16156697
16160132
16162106
16162667
16163895
16166764
16168669
16169474
16170352
16173713
16175287
16177964
16178243
16178265
16181244
16182300
16186852
16187041
16188485
16189914
16190694
16191812
16192556
16198612
16198675
16201109
16203008
16205146
16207133
16208333
16210489
16211007
16211077
16216055
16217525
16217601
16219361
16220197
16221709
16222989
16223195
16223949
16224243
16224873
16226295
16228617
16229045
16229553
16231801
16232758
16235029
16236395
16237957
16241794
16247676
16249108
16250677
16251037
16251708
16253950
16254388
16254434
16258937
16260082
16260204
16260334
16265422
16268993
16269317
16271773
16274456
16274616
16274705
16275637
16277023
16277650
16278134
16278204
16279197
16281753
16283016
16285318
16286612
16288512
16288877
16290470
16291935
16293377
16296182
16296917
16297299
16297730
16297749
16302716
16303138
16303777
16307659
16310454
16311917
16316155
16316403
16318558
16319111
16321003
16321813
16323083
16325968
16326177
16326394
16327440
16328615
16328736
16331206
16332513
16332912
16333178
16335039
16340563
16341368
16341662
16343153
16343547
16345700
16346460
16346500
16347433
16349072
16350418
16350820
16354081
16354251
16355487
16356384
16358722
16360300
16361103
16362025
16363143
16370634
16371141
16374758
16376648
16376895
16377032
16377219
16377760
16379404
16381497
16381755
16382255
16383226
16383677
16388231
16388605
16390265
16390300
16390811
16392508
16394545
16395865
16396701
16401855
16402120
16404402
16406783
16408796
16411101
16411806
16412281
16413059
16413420
16414259
16415455
16416667
16417177
16419926
16420325
16420671
16421679
16425297
16425363
16427617
16428291
16433302
16433447
16439776
16440170
16440179
16440610
16444460
16444893
16445963
16447769
16448966
16450559
16453422
16453719
16455496
16460148
16461309
16465656
16466494
16468176
16469611
16470898
16471097
16471563
16471629
16474668
16474697
16476152
16476894
16477386
16478925
16481900
16483638
16484537
16487431
16488702
16491004
16493462
16494620
16498105
16498974
16502640
16504195
16506758
16506872
16508167
16508256
16508655
16508839
16509411
16513221
16515226
16516262
16517819
16517898
16520203
16520620
16520925
16521640
16524543
16526122
16526614
16526732
16530464
16536994
16537771
16539360
16540678
16541952
16544056
16545382
16547501
16550149
16550379
16550452
16550567
16556549
16556870
16558353
16559642
16560110
16560362
16561403
16561531
16564157
16565286
16565427
16567130
16570592
16574127
16575835
16576195
16578808
16580857
16581923
16582407
16582852
16586983
16587546
16589060
16589467
16590842
16592121
16592416
16592452
16594203
16594880
16595651
16597111
16597446
16598255
16605140
16605182
16605803
16605905
16607528
16607816
16608976
16609642
16609936
16611065
16620648
16621118
16622806
16622940
16623574
16624361
16624899
16625443
16626157
16628005
16628199
16630780
16632781
16632987
16634396
16637269
16637594
16637654
16641500
16652464
16655122
16655175
16658003
16659230
16660493
16661182
16662178
16663746
16664327
16664486
16665148
16665230
16668873
16669447
16669876
16673356
16675658
16677881
16678059
16680299
16682678
16685130
16685137
16685207
16687103
16687358
16687511
16697081
16699517
16699809
16701333
16702611
16705432
16709034
16710546
16711715
16712680
16717739
16717794
16718299
16719902
16720355
16723526
16724042
16724290
16726227
16727117
16728421
16730427
16732349
16734080
16738984
16740561
16741282
16741754
16743040
16743200
16743695
16744671
16749698
16752794
16755696
16756803
16756835
16761785
16762965
16763874
16764721
16764722
16766776
16768274
16770693
16780530
16780986
16781194
16784609
16787639
16789659
16789711
16793366
16793920
16796129
16796176
16796740
16797281
16798106
16799934
16800434
16808178
16809341
16810617
16814206
16817914
16818480
16819937
16820081
16820478
16822368
16823293
16825258
16827658
16828293
16828358
16832421
16834187
16834311
16834592
16834747
16835942
16838363
16839182
16841381
16841892
16842185
16842900
16849931
16852033
16853422
16855231
16856191
16856260
16861296
16862084
16862629
16863899
16868300
16873441
16874487
16877436
16878677
16886210
16888946
16889254
16889979
16890294
16891034
16892504
16895705
16901579
16902259
16905043
16913303
16914670
16914751
16918536
16918845
16919131
16920618
16921781
16923263
16926420
16926546
16927403
16927439
16930513
16935805
16939366
16946093
16946446
16946888
16947422
16949738
16950015
16951606
16953304
16959790
16960618
16966124
16967005
16967264
16967366
16967712
16970532
16970669
16971188
16978556
16979108
16982786
16984043
16984302
16985419
16985961
16987132
16990534
16991129
16992395
16994688
16997375
16998921
17002471
17002731
17004082
17004107
17004305
17008840
17009119
17009536
17010027
17010690
17013434
17015052
17017667
17018484
17019837
17020204
17021540
17021598
17021759
17023172
17023689
17024576
17025472
17026256
17026274
17027102
17031547
17032013
17037463
17037873
17038372
17038487
17038513
17040610
17041275
17042162
17042822
17043432
17043841
17045742
17047842
17049212
17050492
17051618
17054082
17055153
17057920
17059622
17059790
17067334
17071623
17072917
17073023
17074051
17074923
17076607
17076727
17078697
17081664
17081867
17084223
17089911
17090592
17091600
17092332
17093702
17095513
17095822
17095918
17096536
17098116
17099665
17102272
17107116
17111277
17112548
17112630
17113607
17120061
17120064
17125740
17125895
17125960
17126459
17126760
17131485
17132627
17133494
17133997
17134406
17136471
17138611
17138914
17139672
17139712
17142868
17143643
17144008
17147549
17147940
17151348
17151377
17152661
17155247
17159580
17159749
17159910
17160910
17161173
17162543
17163989
17164524
17167863
17169369
17170293
17171320
17171872
17176555
17177067
17179610
17179678
17183403
17184564
17184616
17185562
17187182
17194191
17194987
17198368
17200131
17202378
17202699
17203841
17205347
17205543
17209033
17209242
17210642
17210941
17211253
17212867
17214506
17215475
17216273
17219280
17220389
17221254
17221774
17224212
17224808
17225496
17233424
17235058
17236213
17242387
17242976
17244043
17244294
17245155
17245414
17246427
17246682
17251226
17254753
17255541
17256019
17259165
17261295
17262653
17262800
17273441
17273975
17274008
17275479
17275809
17276046
17280983
17281899
17285854
17286103
17287165
17287260
17288489
17294610
17295740
17295835
17296037
17296755
17298797
17301087
17309549
17310322
17310647
17311801
17312129
17314479
17314658
17316745
17319443
17320667
17320736
17321570
17324272
17325200
17328684
17329829
17330573
17331395
17335105
17335800
17339097
17339545
17340533
17343789
17351967
17355158
17358540
17360029
17362310
17364677
17365199
17366852
17368883
17369984
17372644
17373037
17375857
17376369
17378172
17380995
17382201
17382392
17384426
17385426
17385671
17386022
17386972
17389975
17391786
17395152
17396175
17397253
17399539
17400327
17402398
17403108
17405208
17407509
17409454
17410020
17412248
17412628
17412761
17413396
17414774
17416122
17420263
17420739
17421397
17421648
17424394
17424418
17428083
17428558
17428968
17430382
17433332
17438251
17441028
17441623
17444159
17444561
17445657
17445780
17446558
17447338
17449472
17450527
17458644
17458881
17463253
17464455
17467010
17468025
17469038
17472257
17472612
17473370
17473373
17475466
17476433
17476774
17480270
17481075
17484542
17487551
17488361
17489613
17490461
17494576
17495762
17499587
17501303
17503703
17504276
17505751
17507634
17508565
17514941
17517214
17518774
17519188
17521488
17522247
17523723
17524190
17525174
17525269
17528105
17530160
17530286
17530561
17531564
17531821
17533838
17536829
17537782
17542743
17543621
17544794
17545800
17548077
17548295
17550294
17551663
17557348
17557586
17557938
17561696
17562923
17571924
17572162
17572431
17573154
17574181
17575124
17578197
17578232
17585429
17586591
17586683
17587128
17587950
17591092
17592134
17593145
17597749
17600457
17602543
17604429
17607360
17607616
17610089
17610934
17611360
17611384
17612875
17612876
17614732
17616441
17620195
17620465
17620943
17625646
17626067
17627726
17628454
17628687
17630409
17630712
17630913
17632417
17640500
17640633
17642832
17648149
17648391
17648875
17650838
17651531
17654711
17656318
17667098
17667963
17670406
17674553
17676282
17678154
17678196
17678373
17682931
17684055
17685032
17685252
17686300
17686723
17690536
17691362
17694208
17695637
17697134
17700299
17701066
17701545
17702602
17703248
17706931
17707926
17709525
17709868
17711496
17714243
17715381
17717073
17720877
17722193
17722428
17724137
17724814
17729181
17729845
17731441
17733747
17734313
17739539
17740575
17742252
17744748
17750681
17753761
17754169
17754569
17756228
17758465
17758698
17758819
17761580
17764000
17764122
17765710
17767756
17769041
17769310
17770242
17770951
17771202
17774868
17775143
17776546
17786750
17787862
17790086
17791646
17793306
17794061
17794826
17795669
17798073
17798329
17798406
17803299
