29981972
29982026
29982441
29983556
29986575
29987806
29989390
29991551
29993440
29994644
29996322
30001130
30001624
30004348
30010926
30012014
30012187
30013704
30013900
30014804
30023194
30024294
30027865
30028497
30028731
30029595
30030689
30031145
30031551
30033513
30036084
30039400
30043383
30047193
30048023
30050378
30054591
30054902
30056128
30056908
30057346
30060602
30062407
30065724
30070114
30070937
30072117
30072955
30076851
30077614
30078948
30080374
30080906
30083860
30085629
30086274
30086790
30090145
30094366
30096800
30098060
30101234
30110912
30113198
30119816
30120025
30120524
30121365
30122612
30123689
30128508
30131255
30131336
30131426
30131589
30135658
30136913
30137252
30137257
30138333
30138782
30139427
30140184
30144456
30144523
30146184
30149811
30150016
30151674
30158237
30163704
30166311
30170113
30170633
30172028
30172413
30172866
30175705
30175976
30177673
30178660
30181409
30181768
30188691
30189718
30189858
30190104
30191919
30197434
30200740
30204489
30205551
30215074
30215356
30216475
30217237
30217511
30219027
30219204
30221015
30221137
30221909
30223626
30224405
30225174
30227003
30230112
30230656
30231073
30231469
30234371
30238330
30239420
30242426
30242784
30243880
30244932
30245996
30250963
30251137
30251639
30252534
30252583
30257543
30272375
30277381
30280162
30281926
30282173
30282237
30283689
30287687
30288411
30288675
30290427
30293175
30297009
30297316
30297976
30299643
30302596
30308845
30312513
30315253
30316239
30317412
30319366
30321189
30326964
30328715
30333564
30337061
30337211
30340227
30341154
30342831
30344036
30346504
30356468
30356700
30359484
30361881
30363650
30365242
30368916
30370109
30370264
30370453
30371908
30373987
30376484
30378842
30381729
30382091
30382286
30382742
30384262
30387291
30390340
30390661
30394205
30397531
30403873
30404413
30406101
30406692
30408187
30411601
30414206
30415167
30417808
30418065
30419083
30425451
30427144
30427352
30430218
30431779
30432551
30433794
30434022
30434884
30436731
30437629
30438111
30442120
30445622
30446053
30448451
30452199
30454178
30454437
30459233
30459368
30460341
30463677
30465911
30471102
30471354
30473508
30473805
30475486
30476406
30482828
30484953
30486397
30490012
30492039
30496771
30498518
30498805
30500004
30501205
30503823
30504987
30506519
30507287
30510504
30510859
30514020
30516233
30517279
30518204
30523233
30523815
30525371
30527590
30528359
30528387
30531114
30531754
30532648
30535588
30535708
30536214
30536451
30540601
30541657
30544076
30544681
30544870
30548184
30548674
30551031
30556140
30556167
30557838
30558815
30559261
30560357
30561184
30562019
30562441
30563023
30565276
30565728
30567785
30571406
30576140
30581224
30582825
30586211
30586947
30588021
30590776
30590994
30591505
30594335
30595660
30597956
30599804
30601319
30604714
30609638
30610058
30610196
30612984
30613053
30615814
30617732
30620341
30620778
30627439
30627626
30630219
30635609
30636659
30637812
30638318
30641444
30642566
30643493
30644996
30645361
30646207
30647494
30648448
30651865
30655457
30655731
30657449
30659078
30661641
30662328
30664002
30664013
30665167
30665817
30670144
30673254
30674040
30682278
30682439
30685853
30689626
30694749
30695424
30706320
30707330
30707726
30708122
30708907
30710023
30711855
30712261
30712514
30712535
30713062
30714271
30714672
30717064
30718741
30719834
30720108
30720456
30722657
30722663
30722972
30724456
30725237
30727830
30728455
30729248
30729917
30730908
30731936
30732305
30734113
30737103
30738475
30738548
30739900
30742778
30746346
30747224
30747611
30747649
30748330
30751287
30751311
30755299
30755975
30756585
30757862
30758228
30758848
30759541
30774067
30774836
30776735
30779202
30780407
30780792
30781009
30782009
30782335
30783042
30784064
30784613
30785105
30786256
30786476
30787336
30787387
30787483
30790219
30790710
30793398
30794583
30794815
30795878
30798396
30802716
30808778
30809293
30810358
30810612
30811119
30811585
30812541
30813670
30813830
30815562
30816666
30817650
30818618
30818838
30819100
30820066
30821672
30825078
30832848
30835173
30837254
30837574
30840055
30848151
30850138
30850396
30851538
30853057
30853350
30855244
30856611
30860754
30865378
30867151
30869243
30870963
30871744
30874237
30874585
30877859
30879612
30880754
30883265
30885090
30886010
30890192
30890463
30891823
30892262
30892778
30892922
30903513
30903858
30906187
30908154
30910472
30912221
30913233
30913338
30914525
30914757
30917426
30919022
30919174
30919274
30924525
30926997
30931490
30931766
30932888
30934864
30937877
30939270
30947719
30948639
30950106
30951691
30952102
30953046
30953330
30954611
30954713
30955146
30961568
30965308
30965825
30966771
30968229
30969385
30972286
30972863
30974928
30976823
30980473
30980602
30985373
30985728
30990743
30992707
30995832
30997205
30997711
30997783
30998871
30999001
30999097
30999984
31000443
31003800
31007615
31008154
31009865
31010976
31014619
31016571
31018153
31019095
31020472
31022837
31024166
31024735
31024873
31026921
31027657
31032519
31036695
31038042
31040939
31044027
31044222
31044693
31046570
31047817
31049353
31053156
31053541
31055846
31056058
31056356
31056480
31057773
31060097
31063775
31065279
31070724
31072715
31072794
31079161
31081284
31081704
31083625
31083885
31084252
31084826
31086465
31086977
31086995
31090523
31092452
31092513
31092627
31099614
31099846
31101829
31105092
31105193
31105404
31106968
31107208
31109289
31112646
31116492
31117725
31117773
31119109
31119168
31121881
31128194
31131203
31134024
31135769
31136634
31139269
31140952
31141102
31141107
31149867
31150017
31150748
31154880
31157960
31158463
31161186
31164622
31164757
31165571
31168826
31169149
31172090
31172357
31177725
31184982
31190783
31194408
31195347
31198726
31198782
31199199
31201921
31208918
31212191
31219724
31220058
31220182
31220851
31222217
31223499
31224325
31224941
31225725
31227751
31230138
31235998
31243272
31243559
31244077
31245797
31246064
31247195
31248490
31250215
31250619
31263519
31266150
31268108
31269955
31271073
31271519
31279826
31280021
31283156
31286721
31287678
31289182
31289997
31291679
31296164
31296601
31296664
31299387
31302922
31308088
31308448
31310135
31312171
31313370
31315720
31316339
31317694
31321937
31322540
31327849
31329372
31332709
31334274
31334692
31340404
31345067
31348919
31351201
31351924
31352524
31353939
31358217
31359710
31361408
31365699
31368792
31370269
31374218
31374981
31376908
31377523
31380761
31382621
31385293
31386069
31386427
31387140
31388823
31390496
31391056
31391463
31392010
31392358
31393566
31395582
31396712
31398640
31399787
31401065
31405754
31407113
31407255
31408110
31416610
31421805
31423694
31423896
31427141
31427423
31428614
31429515
31429970
31430730
31432172
31435092
31436001
31439068
31443639
31444095
31445921
31447303
31449841
31452673
31453293
31454087
31456667
31462621
31463646
31464042
31466007
31466125
31466400
31467126
31467868
31467993
31469794
31470694
31472111
31472835
31473015
31473277
31473880
31474065
31476924
31477435
31482654
31493670
31495394
31495561
31495813
31504533
31508290
31509213
31510248
31511576
31513735
31515001
31518212
31519736
31520684
31527974
31530629
31530849
31532448
31532698
31538694
31546743
31549518
31551992
31552426
31552511
31552763
31557093
31559115
31562177
31570458
31570919
31571659
31574023
31575753
31576492
31580171
31580352
31580850
31583557
31586997
31588421
31588847
31589065
31595649
31597114
31598041
31599013
31599227
31600242
31600394
31601023
31603041
31610621
31611294
31611986
31613451
31615243
31616317
31618773
31620623
31623580
31623683
31631758
31633019
31640622
31643836
31645606
31649426
31651177
31652285
31652966
31656776
31659529
31664059
31664948
31667344
31669009
31672508
31673739
31680581
31681373
31684089
31684662
31685592
31686632
31688660
31692905
31697274
31700473
31700649
31705781
31706802
31707514
31709047
31710622
31714603
31715740
31716444
31716676
31721011
31721231
31723585
31726344
31726562
31729928
31730694
31732275
31733351
31738911
31740105
31742310
31743027
31744065
31745154
31748261
31750883
31751000
31752807
31753210
31755423
31757852
31758472
31760192
31761876
31765838
31769097
31778494
31779523
31782656
31784069
31784667
31785295
31790392
31790419
31791521
31791813
31792051
31795201
31797466
31797738
31808307
31810011
31814183
31815101
31819117
31820794
31825435
31827852
31832058
31838120
31841049
31851778
31856484
31858333
31859741
31862231
31862856
31865849
31867271
31869953
31870041
31872157
31872707
31882837
31884512
31884601
31884937
31886211
31886824
31887323
31891701
31892035
31895909
31899129
31903708
31904986
31907725
31908293
31908597
31911462
31911872
31916089
31916279
31918490
31920116
31924339
31926396
31926454
31930601
31931798
31934533
31934824
31937731
31937987
31941610
31943486
31944338
31945922
31946136
31946487
31952209
31952489
31954023
31959399
31962073
31963203
31967618
31975263
31978665
31979591
31980055
31982110
31984044
31987838
31990913
31991211
31991984
31992675
31992829
31993468
31994152
32003778
32008152
32009927
32013050
32013115
32014883
32016219
32018374
32021572
32025247
32027591
32029581
32030977
32033994
32035426
32035490
32036269
32037799
32041364
32041687
32043257
32044708
32046814
32048985
32056537
32057479
32061214
32061395
32065084
32070183
32070590
32071064
32075066
32075140
32076773
32077746
32080392
32081144
32082980
32084094
32085881
32089126
32089889
32091322
32091894
32092404
32098686
32098942
32105678
32107690
32107970
32111103
32114068
32114522
32115586
32119816
32122792
32124492
32125278
32125976
32126077
32126088
32126101
32128776
32129669
32129890
32130333
32136814
32136965
32137569
32137937
32140870
32141182
32142984
32143852
32145280
32146594
32149011
32149215
32150335
32150464
32154153
32154943
32155076
32159258
32161950
32163682
32167587
32167777
32169606
32171205
32171974
32173714
32174114
32177600
32179527
32180254
32180739
32182222
32183405
32188237
32192660
32193923
32196423
32199746
32203605
32204376
32208438
32208668
32209917
32210294
32211806
32212190
32212747
32213864
32213907
32214933
32216096
32216390
32220099
32221797
32222060
32223876
32226618
32227999
32228322
32232940
32233069
32239007
32239186
32241268
32243982
32249638
32253978
32255805
32255845
32255997
32256607
32258535
32265551
32266682
32268226
32275975
32276028
32278260
32279867
32281671
32282646
32288381
32290529
32293330
32293881
32294910
32296032
32297223
32297293
32297350
32300986
32304791
32305180
32308733
32310557
32310851
32313572
32315235
32319969
32323022
32328891
32330141
32330331
32331066
32331799
32340908
32341246
32348701
32348898
32349471
32351147
32351591
32352135
32353008
32353439
32359100
32360317
32360939
32361815
32365127
32365788
32370084
32373429
32374074
32374333
32374336
32374337
32375070
32381006
32382156
32385338
32387553
32388507
32389236
32389738
32389946
32390409
32392332
32392347
32392868
32398528
32399722
32404825
32409149
32413946
32414687
32417124
32421397
32425345
32425915
32426986
32427831
32428246
32438188
32439960
32440160
32449710
32450885
32451644
32452153
32452754
32453244
32453467
32454646
32457336
32457820
32458749
32460413
32461501
32461638
32463362
32468365
32469747
32469817
32472096
32475239
32476263
32477595
32479077
32484484
32491031
32492135
32498138
32502324
32504385
32504773
32509309
32510177
32510937
32515358
32516596
32519994
32520070
32523151
32526337
32526722
32527072
32527759
32538720
32538780
32539226
32543290
32543711
32548783
32549444
32549732
32560308
32562912
32565633
32566720
32579387
32580772
32582834
32585084
32587929
32588677
32590170
32590359
32596960
32598966
32600993
32604173
32607145
32608957
32610902
32613132
32627714
32628036
32629090
32629525
32630270
32632736
32633133
32633289
32638149
32639234
32642357
32642790
32644869
32645571
32646974
32647488
32651993
32652202
32655375
32657801
32660155
32661328
32667701
32668566
32679307
32679417
32682851
32683385
32683535
32685488
32687032
32699758
32707966
32717940
32737829
32738840
32738904
32744341
32748796
32754851
32759707
32763299
32763556
32765577
32765950
32772221
32772607
32786242
32790958
32792457
32793177
32794361
32795525
32796747
32800504
32801761
32802023
32804116
32806442
32809598
32809694
32809990
32811380
32814592
32815525
32816326
32817258
32819076
32823289
32826590
32828942
32834404
32838751
32841463
32843141
32845014
32845222
32848966
32849877
32855209
32858910
32859546
32866244
32866669
32867197
32873023
32873740
32879474
32880966
32882921
32883239
32883333
32886549
32886717
32890254
32891038
32891739
32892985
32896007
32897244
32897949
32898440
32900285
32904678
32907511
32911097
32916035
32917515
32918941
32919258
32921212
32921372
32923970
32924512
32924695
32926074
32926662
32928988
32931672
32934623
32936391
32936733
32936843
32942997
32944005
32947074
32947603
32950341
32953853
32960773
32967265
32971075
32972160
32974086
32978172
32985634
32986294
32986628
32987712
32990594
32991139
32995906
32996442
32996664
32997370
32997402
32997500
33000482
33001202
33002378
33005304
33006589
33007685
33008035
33008158
33010587
33010885
33012859
33014932
33021432
33022461
33022911
33025512
33026422
33027422
33028280
33029566
33034635
33038498
33038973
33041157
33043412
33048607
33054964
33060444
33070110
33071595
33071624
33073890
33075512
33077349
33080853
33084807
33090255
33095234
33096287
33097985
33100314
33102239
33104283
33104817
33107289
33110429
33116639
33122789
33125441
33125943
33127718
33128093
33135673
33143915
33146179
33146744
33148249
33154562
33157030
33161957
33162048
33171102
33176022
33179702
33182468
33185381
33185634
33185936
33186249
33186374
33197699
33202223
33203356
33207771
33212653
33214738
33214753
33215120
33219195
33223096
33226495
33228132
33233882
33237954
33239090
33243408
33245091
33252789
33253409
33254632
33262371
33264420
33265434
33266750
33268688
33269452
33269464
33272655
33281471
33282603
33291943
33296287
33296520
33296943
33297132
33308071
33311581
33313030
33315060
33324891
33325479
33326178
33328148
33328824
33334275
33334439
33340550
33341509
33353998
33355286
33355930
33357018
33359034
33359452
33360558
33363229
33363708
33364160
33369281
33371473
33371550
33372863
33377089
33379827
33380317
33380879
33385304
33387955
33390799
33392152
33407553
33407870
33411135
33411175
33412700
33424502
33436619
33437846
33439550
33443688
33444689
33446619
33447176
33447532
33448262
33452167
33454224
33455355
33461417
33466319
33467769
33470910
33481746
33483099
33484894
33485917
33487051
33488807
33488926
33489142
33490566
33490921
33495516
33496170
33501376
33504419
33506279
33509276
33509305
33510992
33514251
33518818
33520815
33521806
33522355
33523420
33524690
33526321
33526834
33528224
33533455
33535246
33537762
33547624
33554338
33561443
33567206
33568256
33575399
33577977
33579918
33581220
33582649
33586913
33589298
33589671
33594042
33597747
33598053
33598126
33600991
33603667
33604359
33608505
33612098
33612143
33613121
33618260
33622217
33624603
33628672
33630126
33632732
33633617
33634079
33634128
33634777
33636296
33641718
33643058
33649139
33660210
33660810
33663394
33666692
33671634
33674784
33676258
33677857
33681395
33691694
33692545
33697101
33700307
33708630
33709788
33717191
33719108
33723075
33724996
33727888
33728875
33733530
33736189
33736896
33746632
33747125
33747986
33752918
33753773
33756017
33758514
33759143
33762240
33762646
33763603
33767051
33767447
33767676
33768327
33769214
33772016
33772623
33778751
33781191
33786495
33788051
33790850
33794240
33802817
33803875
33805070
33807677
33815394
33816159
33816307
33816311
33817714
33820813
33825233
33825253
33826208
33827261
33827675
33828964
33832813
33833384
33836098
33838993
33839331
33840003
33843645
33846701
33849037
33849084
33851178
33852196
33852282
33852925
33858239
33862320
33863661
33865922
33866643
33869516
33871807
33872575
33880147
33887710
33895720
33896101
33898036
33901168
33901485
33901765
33907692
33907713
33908653
33908703
33915480
33915905
33916296
33916904
33920287
33925133
33925795
33929611
33931443
33932734
33941625
33943561
33945797
33946931
33954273
33956495
33964046
33967227
33969526
33974437
33977848
33981480
33983428
33983855
33984189
33984648
33987123
33990874
33991350
33991458
33994460
33996966
33998070
33998158
33998238
33999859
34003808
34004077
34005500
34006782
34014832
34015263
34021661
34027236
34028118
34028293
34029562
34031052
34033787
34034882
34040045
34042735
34047260
34052346
34052612
34055085
34057025
34057360
34065438
34069959
34072759
34075991
34083377
34089267
34090010
34090715
34092157
34094551
34097341
34098144
34099453
34099485
34100479
34110209
34112609
34120058
34121821
34126706
34133353
34133525
34135732
34138388
34142449
34144961
34145495
34145925
34146212
34146992
34148315
34148948
34149245
34150021
34150593
34155244
34162636
34163393
34166945
34166956
34169104
34173027
34174687
34177165
34177551
34179363
34179631
34180236
34180869
34183519
34184194
34192780
34193856
34199718
34208671
34210824
34212273
34215042
34215343
34215788
34216851
34219014
34221060
34221087
34224582
34226658
34227789
34232002
34232497
34234112
34238404
34238516
34240347
34247062
34250804
34252705
34254716
34256305
34257863
34259234
34260642
34261166
34266429
34270956
34271903
34272638
34273528
34273735
34273809
34282766
34286201
34286683
34288978
34291493
34295975
34302557
34308721
34310304
34313535
34315942
34316304
34317075
34320486
34320542
34323613
34328773
34333677
34334027
34336909
34339179
34340674
34344275
34347111
34350018
34355965
34358484
34363485
34366189
34368417
34370232
34375336
34379296
34380525
34381201
34385742
34390114
34393470
34397319
34397789
34398607
34400277
34400765
34401255
34401826
34406875
34409835
34412243
34412999
34417026
34424098
34424637
34429627
34431205
34433354
34435223
34438836
34439804
34442752
34442790
34446440
34447280
34450004
34452253
34453617
34455924
34456433
34459957
34461265
34461631
34466592
34468056
34469579
34471635
34473788
34476336
34476379
34479920
34481809
34481953
34486478
34489524
34494190
34495125
34495195
34499602
34499746
34500443
34501745
34505242
34505971
34507156
34515947
34518206
34527599
34527674
34529024
34532422
34533375
34533924
34539054
34543950
34547560
34552373
34553681
34557267
34558478
34562132
34562208
34564081
34567509
34569230
34570081
34571284
34572644
34576779
34577939
34585348
34585442
34590578
34592491
34592934
34593892
34594248
34594451
34595989
34597075
34599363
34600629
34602025
34609424
34609543
34623715
34624642
34625336
34626193
34626254
34628229
34629977
34634600
34635404
34636245
34636717
34636798
34638971
34639663
34639746
34644018
34644257
34646544
34651290
34654284
34659792
34660460
34660532
34665948
34668272
34668684
34672691
34673880
34675553
34677067
34678605
34689066
34689271
34690718
34691087
34696114
34697234
34700993
34702508
34705116
34705587
34707715
34710065
34711253
34712514
34715230
34718975
34721845
34722073
34722445
34722899
34723091
34723500
34726677
34726759
34733484
34738034
34740311
34740537
34740575
34743046
34745404
34745441
34745980
34747806
34748093
34763120
34764180
34767912
34771028
34774588
34776908
34777278
34777686
34782746
34785016
34785940
34788380
34788395
34789942
34803002
34804527
34805524
34811022
34811230
34814004
34814571
34820946
34829262
34832578
34839644
34842721
34845864
34847413
34847531
34854304
34855455
34856022
34861564
34862194
34863885
34864623
34866480
34869103
34871604
34875967
34876528
34885179
34886414
34897197
34899837
34902992
34906874
34920339
34923215
34927082
34930050
34934257
34939980
34941327
34941738
34944662
34946981
34947764
34948077
34949419
34949847
34955151
34958422
34959968
34964762
34972884
34976106
34977169
34982367
34984276
34984876
34986894
34987981
34991011
34991474
34993961
34994956
34995976
35000269
35000278
35009102
35010410
35011822
35012609
35017487
35019835
35023139
35025294
35027826
35030468
35034977
35038075
35038838
35041084
35046444
35047558
35048156
35048340
35052209
35056974
35057271
35057589
35064254
35064498
35065615
35066981
35067136
35069470
35070691
35071660
35072230
35072586
35074301
35074995
35083298
35083783
35090416
35091600
35094898
35095900
35100274
35100556
35103646
35109044
35111416
35115642
35124379
35130930
35132256
35132919
35133628
35133787
35134186
35141213
35141873
35143210
35143488
35144838
35147925
35148533
35149710
35150096
35153977
35154784
35163598
35163851
35166450
35166852
35174337
35174691
35178515
35184460
35190609
35197149
35197615
35201711
35201933
35203058
35203358
35208820
35220038
35220831
35221310
35231058
35233136
35236405
35240186
35240304
35241522
35243908
35250145
35259315
35259683
35261116
35262928
35263849
35267987
35268910
35269685
35276097
35280871
35281712
35283365
35284441
35285618
35288041
35294442
35300828
35302271
35307550
35307806
35309423
35311807
35314135
35315492
35317235
35317408
35328260
35328719
35329563
35331297
35339367
35339759
35342657
35342928
35344428
35348692
35353459
35354570
35356421
35357722
35363087
35363849
35369055
35372453
35373122
35379508
35384849
35392905
35394109
35394982
35396741
35398684
35411345
35412619
35417627
35422731
35427023
35427947
35430786
35430906
35433111
35435763
35438283
35438580
35440656
35444034
35448933
35449973
35453837
35455184
35456702
35463414
35464547
35465752
35466978
35467283
35467310
35467378
35468271
35468987
35471684
35479689
35483147
35485137
35486970
35492080
35492158
35493521
35500956
35501139
35501168
35507170
35508717
35519216
35523982
35524274
35524349
35525402
35526157
35528007
35529072
35529857
35533428
35535614
35537520
35541291
35543006
35543084
35544078
35548433
35549413
35550388
35552462
35554164
35556332
35560915
35565431
35565557
35566656
35567027
35569097
35574670
35574982
35583600
35585194
35587860
35588720
35589618
35590194
35591154
35596536
35597266
35598973
35600143
35603307
35604649
35604735
35605250
35610227
35613245
35618738
35627588
35630694
35632495
35634829
35637236
35638101
35639342
35640113
35644654
35650347
35650456
35651368
35654161
35656815
35658546
35662288
35662958
35664925
35665103
35665900
35667587
35670345
35670366
35673984
35674017
35675260
35677874
35684152
35684369
35690436
35703422
35705519
35706344
35711429
35712309
35712608
35712613
35714430
35715956
35718580
35720291
35722851
35724322
35724746
35725205
35727312
35731762
35732110
35732111
35740837
35742061
35743260
35746155
35748654
35751373
35753654
35757334
35762568
35766199
35769317
35769842
35770395
35771660
35771896
35773299
35775953
35777295
35778682
35780436
35780563
35781864
35783231
