70154183
70155995
70156162
70156835
70156902
70160003
70162210
70165537
70176351
70178615
70182985
70187291
70188585
70190387
70191722
70198332
70199111
70204548
70205887
70215592
70215842
70220951
70224179
70224997
70225359
70231499
70241450
70242615
70252489
70252537
70259850
70265997
70271155
70276131
70277685
70278196
70279395
70280247
70280830
70283970
70284231
70285332
70286828
70287199
70301597
70305486
70308901
70309545
70309949
70316196
70317974
70321282
70322621
70325592
70329878
70348280
70350497
70359266
70361449
70364093
70369466
70372035
70372254
70378692
70388023
70393521
70394769
70395598
70400726
70402002
70414736
70416802
70417019
70425006
70434747
70437188
70442750
70456145
70457469
70458114
70459733
70460004
70465035
70469556
70472115
70473759
70480206
70482594
70486219
70486360
70486553
70486869
70487380
70493050
70508458
70509673
70510632
70511435
70513639
70514272
70519670
70520707
70523025
70523983
70538958
70542554
70547005
70547331
70557692
70563303
70566589
70569975
70574044
70575464
70583900
70585930
70588481
70588493
70589379
70592054
70594273
70595486
70595715
70598843
70601772
70603793
70610647
70611650
70612403
70619872
70621500
70625610
70628066
70630558
70634680
70635086
70635195
70640084
70646524
70682501
70684674
70685110
70685455
70688481
70693039
70693070
70695429
70698955
70701099
70704844
70705409
70716213
70722835
70724091
70725763
70726334
70727568
70730991
70731320
70734631
70737252
70739873
70742522
70747956
70751249
70756816
70757634
70760680
70766371
70772140
70776369
70800948
70809756
70818278
70818367
70819238
70820417
70820561
70821514
70826945
70836629
70838611
70842399
70848821
70852609
70852832
70853495
70858927
70860014
70860664
70862500
70863485
70865131
70873973
70878555
70880580
70910153
70915158
70915822
70918566
70919658
70920533
70921880
70923097
70927239
70931056
70932195
70932569
70934813
70940521
70940934
70945221
70951976
70957890
70959684
70980299
70987641
70991407
70996744
70998001
71006220
71006427
71006614
71018678
71022502
71028002
71030473
71035321
71038563
71042102
71042628
71042844
71043786
71044803
71045069
71046119
71046321
71047728
71049344
71049608
71050321
71058288
71061874
71065194
71065867
71068948
71069384
71077135
71081883
71084062
71085049
71087960
71091899
71097747
71101582
71115992
71118946
71123012
71123806
71134161
71138969
71139631
71140995
71146114
71148725
71157064
71158566
71160526
71161948
71162897
71164316
71166120
71168926
71170161
71170706
71170855
71171816
71182043
71191162
71201577
71211192
71211435
71218630
71232265
71237282
71238519
71245189
71248617
71254709
71255092
71256129
71258120
71260211
71260228
71264416
71266713
71270524
71270603
71274135
71278260
71286484
71292717
71295231
71300747
71301843
71302552
71302707
71305720
71306372
71312145
71321607
71329131
71331530
71344958
71360475
71361343
71361501
71361809
71362724
71368002
71369744
71375375
71377816
71380854
71388462
71393832
71394792
71397843
71403923
71406255
71406763
71414666
71431304
71435810
71439586
71445050
71451133
71460593
71462032
71473809
71479899
71481247
71485123
71490058
71492389
71494060
71494129
71494896
71495777
71498693
71500882
71502191
71502233
71506643
71507090
71509075
71512307
71514137
71515588
71517883
71523041
71525929
71526109
71535140
71535492
71537401
71540476
71548995
71549332
71550989
71556100
71559849
71560018
71563708
71565674
71570268
71570746
71574785
71576700
71577815
71578632
71580913
71581214
71581314
71581343
71583289
71586870
71587324
71595070
71596358
71597095
71599526
71603800
71611583
71614641
71616601
71620697
71622070
71625317
71626161
71626692
71631637
71633931
71639738
71644108
71645471
71652116
71657858
71658006
71659278
71659605
71664373
71669179
71670434
71672891
71676945
71680395
71686099
71690038
71696692
71701451
71706084
71706335
71713348
71718880
71720654
71722204
71730136
71738350
71740160
71746855
71749059
71750948
71751665
71757520
71757633
71759151
71763113
71764075
71770917
71777034
71779220
71781088
71781315
71783221
71787843
71795438
71796948
71800004
71828291
71830341
71846183
71846695
71850961
71851270
71852485
71868033
71869015
71873820
71874081
71874640
71875313
71879685
71886009
71887237
71887497
71892817
71899617
71901185
71906447
71906462
71906514
71908297
71910892
71916076
71916246
71918248
71924986
71930374
71930990
71932040
71933887
71937842
71942008
71942449
71942527
71946095
71957926
71958698
71959341
71960006
71960472
71968170
71976198
71977198
71980684
71981253
71981864
71982454
71986462
71991495
71999491
72002585
72006386
72010864
72015294
72015546
72025360
72025572
72029194
72032255
72033744
72041428
72043738
72044430
72046715
72049730
72052068
72059543
72060368
72062530
72066222
72067940
72069702
72088519
72094743
72098489
72100552
72101194
72108210
72113569
72117856
72117983
72119900
72122159
72124785
72126755
72128681
72134459
72135566
72136649
72136850
72144315
72146090
72146975
72156048
72157404
72157497
72157626
72166189
72166931
72168396
72168787
72173004
72173614
72176963
72182705
72182753
72185881
72186333
72188584
72194680
72196560
72199973
72210339
72211389
72217783
72218873
72219796
72220215
72224473
72231472
72233034
72237097
72243457
72245022
72249576
72250296
72251269
72252916
72255253
72257370
72257569
72263309
72263483
72271983
72272319
72272870
72278239
72278593
72282187
72283528
72284883
72287001
72287103
72288008
72289298
72289426
72293696
72294895
72295584
72302627
72308064
72309670
72310106
72310940
72311807
72311956
72313027
72313450
72328308
72328357
72330803
72334772
72335930
72336798
72341121
72353066
72357029
72362738
72363806
72364573
72367074
72367303
72368310
72369603
72369949
72370490
72372083
72374726
72377974
72379678
72383672
72386269
72388683
72389377
72390446
72406499
72407550
72415184
72415825
72419724
72420449
72424554
72426984
72448642
72452551
72455230
72456521
72465483
72470756
72471279
72473428
72475220
72477639
72477704
72477895
72480179
72480701
72483757
72486040
72490274
72491354
72501080
72506051
72508940
72511913
72518034
72535798
72543482
72546514
72551538
72551961
72554879
72555341
72556819
72559446
72567857
72568941
72569228
72572188
72574352
72580548
72583325
72583878
72591946
72596531
72598346
72602657
72619840
72638130
72638141
72640783
72645425
72646614
72647115
72654172
72659803
72667957
72678880
72687840
72688170
72696604
72700396
72709432
72710560
72712192
72715945
72717676
72719758
72721696
72725541
72731558
72733746
72741311
72741651
72742183
72743432
72744473
72746406
72755135
72760499
72763528
72764052
72767204
72767500
72773176
72773690
72774026
72783148
72789151
72789510
72790220
72790983
72795031
72809661
72810744
72812501
72813132
72819251
72825819
72826402
72835083
72835966
72839357
72841686
72844847
72850808
72859158
72868733
72878501
72881075
72884645
72885510
72890696
72894159
72900339
72900569
72923818
72925768
72934874
72935730
72938406
72939272
72947028
72947185
72956128
72960376
72961251
72961476
72963186
72972791
72988204
72997062
73005800
73007509
73007749
73009283
73010714
73020239
73024369
73027625
73027791
73031327
73036301
73037461
73039843
73041472
73042990
73043931
73044248
73050221
73051469
73058805
73059751
73065974
73076995
73078143
73078877
73082080
73088661
73090596
73091711
73096922
73105543
73107566
73116252
73122509
73125158
73131768
73139343
73145198
73146202
73152416
73153718
73159917
73161823
73165396
73175816
73182357
73184080
73191256
73193690
73196791
73204078
73204564
73214149
73214252
73214446
73215897
73216573
73226144
73230134
73232836
73235154
73236402
73248424
73253755
73258155
73267741
73271890
73275161
73284977
73289706
73291623
73292127
73295240
73297743
73309751
73312693
73315015
73318586
73319219
73321612
73325901
73326301
73327378
73331441
73331994
73339370
73341321
73345337
73347801
73352787
73364163
73365111
73367827
73372677
73374218
73376546
73377282
73379224
73389828
73392955
73398274
73399325
73400876
73402282
73402394
73402818
73404077
73406362
73408835
73411451
73412857
73414794
73416618
73423929
73424899
73432777
73434134
73435637
73436134
73460360
73464052
73469878
73479554
73503832
73508931
73509058
73511230
73527124
73530330
73533801
73540248
73544639
73546453
73547412
73547780
73564292
73564959
73569684
73576505
73587605
73595039
73597058
73609671
73611489
73615494
73617342
73620980
73621580
73622609
73626537
73630853
73631370
73632680
73640920
73643146
73644865
73649842
73654372
73657150
73658952
73659051
73660378
73662594
73665158
73668524
73672033
73673944
73674578
73679693
73681459
73683180
73686655
73689230
73695924
73696395
73700406
73703586
73712195
73712740
73718111
73719085
73722413
73728447
73738580
73747929
73756129
73762040
73762535
73767738
73777428
73781354
73781693
73781867
73784840
73785040
73785265
73799948
73804557
73805476
73808185
73808572
73809893
73813207
73817709
73824719
73841897
73851241
73853784
73859563
73861370
73876425
73886384
73886794
73890463
73897656
73898722
73906970
73911384
73915396
73917256
73924115
73924839
73937311
73937675
73938613
73938843
73947535
73948326
73952006
73952657
73963802
73967276
73969879
73977452
73990714
73997800
73998211
74000975
74002331
74003181
74004266
74004826
74015259
74015590
74018153
74018472
74018561
74021152
74025497
74039176
74040459
74043627
74044071
74053850
74053976
74055004
74055788
74056339
74057588
74057707
74068194
74073839
74081376
74083143
74086091
74088147
74095569
74096420
74098491
74107036
74109045
74118441
74119841
74121216
74124734
74125187
74126261
74129881
74147554
74149763
74154513
74157123
74161054
74170965
74172180
74173334
74174162
74176916
74179058
74185184
74187239
74187771
74188122
74190269
74191527
74192091
74199161
74201772
74218175
74218312
74220645
74221628
74225393
74232450
74234646
74235078
74236741
74239148
74242303
74249170
74251364
74256631
74272123
74274123
74278223
74285548
74288522
74291715
74292114
74293927
74296614
74301333
74308668
74313453
74314931
74315265
74316577
74318675
74325048
74325405
74331445
74334894
74344028
74350100
74350389
74356847
74362843
74378204
74380504
74383191
74386373
74387621
74393120
74396721
74401061
74406004
74410585
74411442
74415187
74418582
74419175
74421051
74423748
74428484
74430827
74440884
74442290
74445645
74452292
74452733
74455332
74463107
74472089
74480089
74480475
74484501
74487781
74489707
74492186
74500313
74502685
74503377
74512451
74517440
74518005
74521724
74522387
74524560
74527507
74528617
74547946
74549671
74552518
74555479
74556060
74562993
74564353
74574598
74579238
74586268
74586420
74587359
74592678
74596529
74596766
74599913
74600937
74607017
74609944
74615917
74627171
74628566
74638033
74645075
74647988
74651964
74653767
74665620
74675329
74679304
74697133
74697272
74700421
74704181
74704325
74722745
74725763
74728075
74728108
74729032
74733127
74736484
74738903
74739309
74739548
74742653
74744103
74752503
74757493
74759770
74771061
74783184
74785446
74793336
74795549
74796764
74805532
74805838
74808120
74808481
74821946
74824331
74832647
74834743
74835879
74843558
74844733
74848429
74849450
74851491
74856183
74857641
74858335
74866153
74867005
74867310
74869296
74869626
74869916
74878856
74882525
74883349
74883803
74887367
74889258
74893638
74896714
74896811
74898054
74902909
74908740
74921558
74927710
74929978
74930041
74930117
74931289
74947952
74954670
74966738
74967546
74973083
74976879
74977486
74978383
74980944
74982305
74982840
74985732
74987458
74987841
74991168
74991485
74993266
74998643
75003772
75009139
75012613
75017974
75018570
75021497
75023255
75028890
75029678
75037422
75043430
75049040
75049759
75051429
75052931
75063222
75071073
75073564
75078219
75094113
75096251
75103693
75103932
75106154
75111342
75112255
75113027
75116540
75124036
75135934
75139298
75143346
75143541
75148847
75154955
75156812
75161020
75163751
75168090
75172067
75174207
75179078
75180032
75180345
75181985
75184026
75190922
75192037
75192515
75192744
75195138
75197508
75199686
75201295
75205953
75206514
75216410
75225847
75226887
75227313
75231722
75242094
75247294
75249341
75253193
75253583
75257246
75259091
75261499
75262393
75265984
75267600
75267719
75269082
75271259
75272635
75273433
75275298
75277469
75281215
75285987
75287225
75289965
75294784
75305057
75305709
75307345
75309306
75313631
75317569
75322809
75325573
75326466
75327026
75332250
75332525
75334400
75335111
75336172
75336743
75337472
75343360
75347253
75361259
75362585
75364615
75365998
75366503
75366884
75370081
75370235
75373501
75374877
75375675
75377207
75377484
75385275
75388179
75391990
75394617
75398726
75400986
75405101
75416311
75421750
75425033
75426026
75428710
75437194
75438477
75443293
75446884
75458683
75459174
75462377
75464905
75466933
75471906
75476118
75476434
75486045
75488409
75491132
75492943
75493042
75498745
75503482
75508214
75511203
75513225
75516508
75518217
75523393
75525297
75526611
75528781
75531615
75541478
75541996
75548256
75559521
75559725
75561427
75563995
75568063
75569851
75574810
75575514
75576130
75577413
75582591
75587744
75593394
75593717
75595128
75603659
75611724
75612299
75616966
75618231
75618658
75620260
75624604
75631449
75634557
75634761
75638363
75642173
75645860
75646364
75649361
75651996
75656268
75660227
75660961
75665866
75667231
75667383
75668023
75669641
75673203
75677145
75677833
75680689
75682975
75685334
75691594
75698179
75700767
75701686
75702737
75707490
75711933
75722845
75726426
75727919
75732388
75733325
75736708
75742311
75743938
75744311
75746405
75752107
75752386
75754070
75754566
75755233
75756255
75760890
75763488
75763557
75769003
75769474
75773754
75774726
75775689
75787767
75794499
75798655
75801452
75804152
75805933
75815065
75815632
75816790
75819094
75821468
75825781
75825878
75828308
75828982
75830249
75836861
75837189
75837341
75844703
75847094
75854536
75862006
75864513
75866226
75867214
75868559
75870447
75871457
75872415
75876109
75882067
75884062
75887626
75899527
75899789
75902036
75902745
75903304
75904835
75906216
75906498
75910063
75911434
75914456
75917338
75919032
75919052
75922711
75923027
75928856
75929223
75931527
75935113
75936952
75936997
75937222
75937356
75947782
75948639
75949447
75952787
75953840
75971705
75974598
75975816
75977520
75978015
75978071
75981006
75988273
75989144
75989629
75994503
75994966
75996252
75996274
75998162
76000090
76001275
76003547
76004489
76014961
76026028
76028378
76030162
76030970
76035069
76038036
76038902
76042643
76047789
76055706
76055790
76056834
76056913
76063736
76064207
76066288
76074777
76076692
76084426
76091590
76093684
76095716
76097417
76100967
76102565
76105753
76112536
76115860
76116095
76120008
76124458
76125730
76126505
76133845
76135825
76139812
76141314
76143282
76147015
76147177
76159039
76160922
76163568
76165386
76174171
76174304
76177499
76182163
76187325
76187806
76188088
76188255
76192574
76195168
76198580
76202386
76202661
76208931
76217540
76217809
76230679
76237475
76245071
76245273
76255754
76262194
76262247
76263480
76269343
76280889
76286636
76287642
76295606
76303373
76304551
76309165
76311506
76312671
76313032
76314955
76316294
76317235
76321098
76325552
76325583
76329009
76330187
76331123
76334314
76335397
76336207
76341391
76342371
76346748
76348175
76348553
76350380
76355983
76358685
76359225
76364727
76365292
76366518
76371778
76378788
76381021
76383829
76387969
76389192
76389955
76393089
76397845
76401323
76402881
76405764
76408082
76419681
76429250
76438435
76441217
76441708
76449286
76460764
76466868
76467710
76471467
76476058
76477101
76477699
76478278
76481022
76487018
76487446
76490654
76490678
76498641
76498980
76500512
76501738
76502067
76510338
76522175
76523638
76537230
76547333
76553891
76557995
76558729
76560777
76563600
76566671
76568802
76571570
76576591
76578576
76580251
76589579
76592858
76596306
76601591
76609358
76611920
76613092
76619966
76621330
76622234
76627195
76642700
76644660
76652571
76652954
76656680
76657327
76660922
76661093
76677105
76679830
76681330
76684844
76685004
76687004
76687703
76688463
76690546
76692971
76693824
76695365
76695404
76703078
76709683
76712283
76714546
76717778
76718334
76720864
76729163
76731325
76736826
76750369
76750608
76753722
76753762
76764286
76771774
76773265
76780706
76780944
76789376
76798335
76806074
76811616
76817321
76817389
76817511
76822085
76826925
76836125
76839287
76849539
76858427
76860952
76865183
76866992
76869475
76870291
76872730
76873967
76879936
76880840
76884432
76888966
76891248
76892203
76894075
76894691
76897988
76899504
76906134
76907536
76909185
76912260
76915189
76917008
76918911
76919759
76920731
76921522
76924356
76925235
76927329
76929444
76932530
76933964
76936585
76941296
76942544
76947854
76948786
76959191
76962326
76964579
76969890
76973877
76975420
76977801
76980128
76981489
76982978
76983583
76983642
76989549
76989989
76994359
77001145
77002080
77004663
77004849
77008008
77008654
77015123
77016609
77017025
77020335
77023150
77025715
77026170
77027316
77032495
77033350
77033749
77035695
77046869
77049585
77052324
77060788
77060794
77063620
77065744
77076148
77077256
77086671
77093504
77096090
77096748
77097827
77101404
77113664
77113777
77117180
77124575
77125759
77131524
77136433
77137627
77137701
77139941
77140496
77140944
77141514
77142587
77147965
77150673
77155410
77157233
77162756
77165368
77167706
77174569
77178912
77178971
77179189
77186034
77186191
77191035
77198209
77200464
77203272
77205184
77209584
77213843
77214611
77217935
77218439
77219089
77219551
77227459
77234991
77237483
77249457
77250301
77250816
77251258
77251312
77251427
77253245
77254851
77256638
77257331
77263280
77265566
77268515
77273803
77275824
77278032
77282748
77289038
77291455
77291620
77291772
77297705
77299879
77300209
77305809
77309423
77310260
77319215
77325632
77332129
77337170
77339003
77340222
77343927
77349680
77356778
77359237
77363037
77365221
77370078
77375754
77377555
77377905
77382951
77384472
77385009
77386217
77397355
77398841
77400981
77402447
77402514
77402635
77403675
77406435
77411064
77413199
77414339
77416114
77422642
77424034
77424838
77433953
77437096
77438268
77443223
77447543
77449518
77455484
77459391
77459835
77460325
77460473
77466682
77471038
77475920
77476189
77476437
77478802
77481936
77484801
77493035
77494141
77497007
77499313
77501174
77505704
77506460
77507857
77508396
77509991
77511920
77512513
77520649
77523791
77524229
77525236
77531719
77532893
77534036
77534047
77543183
77544089
77550159
77550369
77552341
77563993
77566701
77568549
77570621
77573027
77576200
77577193
77577331
77581964
77590372
77591602
77596855
77597808
77599592
77600297
77600553
77604766
77610537
77611395
77611855
77612752
77614705
77615170
77615929
77617369
77617626
77617840
77618628
77623429
77623459
77624374
77625765
77626812
77631213
77631823
77633063
77634439
77634607
77637761
77638031
77638765
77642497
77655402
77665519
77666831
77667643
77667917
77673135
77673786
77682539
77683545
77687854
77690704
77692329
77693455
77694414
77695698
77696078
77697335
77701964
77702510
77702779
77702901
77703535
77708944
77711921
77720143
77722867
77723137
77723167
77723830
77724718
77728587
77729903
77734719
77734783
77735307
77738326
77743504
77745850
77748819
77752318
77752591
77752866
77754360
77757056
77761393
77763121
77764583
77765953
77767933
77769880
77770131
77770386
77773868
77780336
77785565
77790135
77791889
77793809
77794062
77800487
77800849
77807461
77808986
77815625
77816468
77818402
77818607
77819791
77820757
77820964
77826622
77828200
77830773
77831384
77835437
77845201
77845265
77848527
77849945
77850966
77852399
77853284
77860070
77863387
77863951
77865295
77865863
77866192
77870050
77871889
77876139
77879118
77879645
77879778
77880027
77883511
77889905
77890738
77893882
77897505
77898865
77900877
77901297
77907500
77907599
77907759
77908306
77909492
77912844
77919108
77928507
77931442
77934139
77934363
77936218
77942095
77942157
77943917
77943969
77945842
77946096
77959938
77961122
77964503
77967989
77969928
77972266
77976178
77984647
77986002
77994176
77995611
77996601
78000448
78000879
78001453
78001803
78005133
78008219
78011226
78013412
78019580
78020961
78025332
78030051
78030470
78032527
78037675
78041423
78041467
78043151
78044903
78045537
78046373
78047762
78050829
78050866
78054528
78054860
78061771
78062361
78066462
78066837
78069843
78071709
78073212
78074655
78079647
78085716
78085999
78086630
78087696
78088420
78089328
78090162
78090578
78098416
78100788
78102737
78106353
78107920
78108799
78109265
78111545
78118577
78122353
78122936
78124778
78127679
78128046
78136533
78138868
78145502
78147797
78152785
78158546
78164383
78169660
78169681
78171154
78172720
78174642
78176239
78180009
78181364
78183934
78184145
78187740
78188152
78190762
78191726
78193604
78193867
78193978
78194801
78196094
78197066
78197348
78199409
78202151
78211150
78225445
78227558
78231580
78233049
78233583
78236118
78237855
78238678
78238834
78242386
78245551
78246360
78247813
78249381
78249596
78253184
78254828
78257821
78265417
78268030
78270189
78273490
78274738
78275230
78276688
78276942
78277423
78279186
78279467
78280302
78281695
78286851
78287769
78288511
78301323
78302930
78306508
78308703
78310231
78310589
78310995
78314351
78314808
78317636
78320102
78323151
78327790
78328563
78328895
78329145
78330190
78331778
78334104
78336176
78339957
78340537
78342893
78345222
78345450
78345709
78346934
78347165
78350577
78355712
78356556
78357907
78360056
78360862
78373562
78373916
78375239
78375858
78375870
78376269
78378675
78381612
78387232
78388615
78390667
78397157
78397836
78403699
78405252
78409391
78411761
78412220
78413740
78415359
78417872
78419953
78430193
78431827
78432554
78432565
78434695
78443506
78445036
78446235
78448595
78450707
78452930
78454325
78459124
78461083
78466222
78466727
78467169
78470998
78471939
78478002
78480394
78480609
78480621
78485788
78487226
78489868
78489916
78491936
78493491
78494321
78498412
78506027
78520594
78526626
78528324
78529402
78529767
78531196
78532415
78533745
78535454
78535836
78535843
78540211
78541424
78543439
78545361
78546402
78549414
78551241
78552238
78559949
78563962
78566398
78571443
78571986
78572185
78575972
78577292
78578318
78583724
78587330
78591573
78597422
78598849
78600937
78603838
78605110
78605661
78609371
78613580
78614317
78620572
78621426
78622290
78624138
78624565
78624580
78626289
78631314
78631761
78632798
78632973
78634260
78637646
78638445
78639135
78639793
78640313
78644466
78645951
78646321
78649057
78649506
78653581
78655533
78660258
78663122
78663831
78665909
78669293
78672675
78673135
78674867
78678024
78678611
78684012
78684754
78693064
78693351
78698929
78699098
78704346
78709607
78710252
78715895
78718890
78723609
78728183
78730792
78731293
78733025
78734547
78738642
78748144
78748846
78751446
78755753
78755934
78755953
78763052
78763674
78771066
78775886
78782814
78784602
78792752
78797541
78809042
78812344
78813179
78813483
78817644
78818099
78820173
78823256
78828446
78828720
78829838
78829940
78834392
78835246
78836716
78840911
78846625
78848855
78848883
78848958
78849583
78849939
78852915
78853311
78854412
78862046
78864027
78865547
78865856
78866604
78869967
78872483
78872820
78873520
78874697
78877030
78877281
78878099
78879585
78885168
78888659
78889570
78889841
78892595
78894964
78896235
78897871
78900470
78904837
78906091
78908876
78911304
78912587
78914148
78917763
78918071
78918611
78924786
78928925
78929429
78931917
78941050
78943011
78943528
78949430
78949591
78950239
78951788
78952252
78955490
78955550
78958578
78958897
78967025
78967400
78969855
78971955
78973590
78974674
78978095
78980461
78984843
78985218
78986667
78987365
78990120
78994358
78997356
79000911
79005555
79008713
79012897
79015900
79018861
79020029
79020132
79022842
79025533
79025648
79030287
79031501
79033018
79034787
79035850
79035957
79050143
79054102
79056244
79058227
79060337
79063149
79063602
79066055
79072001
79072882
79074743
79075863
79076445
79077443
79077504
79077740
79080423
79083050
79084590
79086291
79087032
79089354
79096304
79097254
79098516
79099591
79101117
79101422
79102377
79102431
79106015
79108571
79110512
79114130
79118893
79119821
79127843
79131232
79132338
79136670
79140103
79140943
79142048
79144481
79150947
79151015
79152548
79153177
79153951
79162382
79166604
79166997
79169780
79171435
79174864
79175094
79178422
79186413
79194950
79198256
79198278
79198420
79199667
79200879
79201129
79212617
79216704
79219289
79220321
79224825
79231182
79233751
79242410
79243923
79244190
79244857
79246745
79246978
79255628
79257748
79258786
79262157
79268319
79269548
79270015
79271182
79271741
79271973
79271977
79276508
79276824
79276853
79277707
79279522
79281998
79286636
79289264
79293507
79294288
79297328
79301387
79309043
79310220
79311173
79313187
79319521
79321622
79323551
79330107
79330197
79340261
79345306
79348628
79348780
79355219
79355557
79362065
79362482
79364496
79365479
79367307
79375383
79376685
79378203
79380109
79383966
79391215
79393593
79396064
79397526
79397973
79402828
79402868
79404017
79407102
79407972
79410294
79410617
79412627
79417883
79418662
79420742
79422019
79424369
79430286
79430322
79431044
79431618
79435308
79436212
79436468
79436611
79440148
79440166
79444823
79448812
79454481
79454555
79463318
79471948
79476761
79477316
79481283
79487293
79491049
79494080
79498315
79502862
79506358
79506805
79508313
79512205
79515664
79515892
79521132
79521179
79522551
79527785
79528642
79535970
79540400
79544734
79545629
79549530
79555317
79555693
79555735
79557517
79558668
79558833
79559097
79559622
79560596
79562595
79563508
79568020
79570322
79571495
79574924
79575732
79576021
79579212
79579301
79582225
79584505
79585160
79587349
79590234
79592716
79594551
79598484
79601460
79604984
79607083
79610351
79612904
79624181
79626202
79629434
79633473
79634705
79634989
79636783
79639739
79649827
79653482
79654461
79654962
79656333
79658000
79658963
79659542
79665109
79665893
79672312
79673281
79680538
79680586
79681810
79683565
79683629
79684926
79686158
79687773
79690414
79694205
79700555
79706632
79706928
79707486
79711659
79712147
79712843
79715152
79719233
79720243
79721065
79722237
79722763
79725315
79725866
79726659
79727888
79734002
79737231
79741020
79741893
79743152
79746723
79750426
79750547
79752022
79753086
79756677
79760748
79762615
79764277
79764715
79764779
79768882
79770449
79771556
79771638
79773150
79778444
79778955
79780698
79783596
79786564
79787134
79787404
79787745
79789392
79789707
79799468
79800109
79801312
79806058
79806657
79812998
79813814
79817132
79817912
79820491
79822884
79826479
79830997
79832868
79834318
79837057
79839190
79843962
79844149
79847532
79848367
79849068
79849318
79851778
79853592
79857838
79860006
79863023
79865072
79866873
79873291
79873407
79874164
79874892
79878688
79879353
79880148
79880829
79881766
79883892
79885804
79886888
79888940
79892285
79893446
79894191
79897378
79898024
79898040
79898676
79902175
79904581
79905839
79909415
79918751
79920690
79921369
79923168
79923182
79923869
79926115
79926747
79927182
79928283
79930273
79939886
79940882
79941203
79947830
79949071
79953995
79954867
79960793
79961260
79962076
79964079
79974428
79975509
79976042
79978851
79985681
79989919
79991404
79992106
79995274
80002859
80003586
80005259
80005265
80006165
80007584
80011088
80011766
80012255
80013489
80015506
80020859
80022509
80026033
80027965
80028799
80029965
80031604
80033805
80035411
80040161
80045231
80046350
80050348
80052237
80058311
80066853
80071508
80072318
80074801
80079388
80080902
80091955
80096510
80099306
80099416
80105876
80106342
80106411
80106894
80107403
80108705
80109353
80111158
80112098
80114793
80116522
80116558
80123574
80124530
80126651
80127535
80129458
80131365
80135766
80137418
80138059
80139776
80140204
80142183
80144014
80145787
80149068
80152208
80155386
80155446
80163226
80164783
80175799
80176351
80176682
80183692
80186508
80188116
80190145
80192569
80201619
80203732
80207650
80207729
80216233
80216639
80217526
80218996
80219464
80219783
80222638
80222759
80231268
80232398
80233306
80233526
80234590
80237173
80237293
80242125
80244277
80246599
80246687
80249128
80254866
80256473
80258138
80262369
80263243
80263266
80265126
80272461
80275588
80278356
80279762
80280121
80280609
80281428
80284961
80285544
80288278
80289786
80289802
80291147
80292522
80298261
80298446
80304440
80304844
80305555
80310546
80320647
80322894
80324972
80325835
80327919
80328173
80330355
80332161
80333139
80333776
80343609
80345559
80350722
80352878
80354350
80357534
80360287
80360846
80362896
80365460
80366036
80379903
80380203
80386036
80388784
80390321
80391027
80393397
80393458
80394062
80397147
80401222
80402123
80402604
80404486
80404925
80408122
80409749
80412855
80413890
80420789
80420826
80421727
80421973
80421984
80430980
80431535
80434226
80446223
80446673
80447115
80452438
80454090
80455044
80458967
80460900
80461685
80461873
80467147
80468705
80471582
80477757
80485838
80486154
80488626
80488966
80490621
80491109
80491124
80492950
80494028
80496236
80496303
80498485
80499798
80499918
80500972
80503431
80503468
80505197
80507759
80508313
80512231
80513316
80515281
80520037
80521910
80525565
80527770
80530859
80531787
80536636
80540799
80543008
80543857
80545328
80545455
80546656
80549944
80552660
80556316
80558472
80559457
80560411
80561530
80566454
80567071
80568699
80575147
80576410
80577808
80577907
80579174
80583362
80583687
80584152
80587082
80587874
80587921
80593548
80601360
80601852
80605664
80609777
80612203
80612962
80616261
80623843
80632308
80639228
80639373
80649008
80653307
80655020
80656077
80656940
80660000
80660625
80662880
80665776
80667401
80669332
80672390
80672768
80686230
80686373
80689597
80690740
80690929
80690954
80691545
80697466
80703027
80704642
80707035
80713108
80715146
80715702
80720917
80724133
80730262
80730930
80736763
80737930
80738224
80739313
80739855
80751883
80753324
80756654
80758858
80760719
80764214
80765589
80771424
80775135
80782338
80792304
80795368
80796470
80803681
80807853
80808212
80809270
80809839
80810678
80810755
80812542
80819973
80822125
80825782
80827290
80828560
80832910
80833470
80838868
80841034
80842677
80843022
80843333
80844607
80845013
80849774
80852867
80855186
80863125
80866556
80873514
80878599
80878640
80878670
80879766
80887453
80887975
80895950
80896934
80906652
80907947
80908105
80908800
80910030
80911310
80912138
80919083
80919160
80922669
80923880
80927763
80935056
80936434
80941674
80947720
80953891
80954231
80965868
80966166
80969487
80972851
80973682
80975953
80987992
80988018
80991158
80991921
80994838
80995051
80998312
80998446
81003102
81003556
81003764
81011498
81013802
81021270
81024172
81025502
81028706
81031620
81033899
81038848
81039678
81042265
81044751
81048106
81050205
81050536
81056895
81062962
81064051
81067403
81068204
81070342
81071281
81075284
81075688
81080210
81081005
81085359
81090389
81092769
81100468
81105196
81106062
81108685
81109842
81110081
81113217
81116270
81120381
81121115
81123116
81124337
81128538
81131882
81134205
81136205
81136638
81137302
81139052
81142852
81144378
81148524
81150240
81150298
81153954
81154887
81155572
81157413
81162742
81163868
81165086
81168738
81169296
81169962
81170359
81173343
81178693
81180586
81183766
81184873
81185153
81185867
81192669
81193089
81194090
81198395
81201975
81202579
81209814
81209873
81215370
81218330
81224561
81226155
81227418
81227576
81228374
81231870
81232543
81235569
81235644
81238454
81243227
81244138
81246003
81247598
81250690
81250986
81251567
81251951
81254139
81256635
81259819
81260457
81263794
81265378
81266414
81269043
81269627
81270555
81272201
81277404
81278037
81283950
81284786
81288414
81289242
81296156
81304253
81306523
81308095
81310680
81312100
81314479
81316455
81317066
81320044
81324369
81324396
81325570
81333070
81338031
81339965
81345626
81347087
81351291
81355853
81357037
81361198
81367213
81369718
81370825
81371651
81376853
81376933
81377742
81380219
81384412
81386217
81387301
81389039
81391089
81392414
81392997
81394142
81396524
81397809
81399567
81400703
81400842
81403671
81404202
81406127
81408091
81412144
81412239
81412506
81421884
81430495
81431938
81441785
81445701
81445849
81447573
81448662
81450429
81452090
81452912
81455479
81456497
81457097
81459368
81460694
81461105
81461155
81464578
81468112
81469276
81472798
81474254
81476056
81476591
81477000
81479266
81480231
81480817
81482153
81482683
81488521
81488726
81489292
81489544
81490064
81491682
81492111
81497416
81497822
81499754
81507394
81508171
81509757
81511024
81513433
81518850
81519087
81519184
81525017
81531038
81531734
81533146
81534613
81535958
81540607
81551020
81553870
81554329
81555539
81571220
81575805
81578042
81584668
81597523
81599837
81602284
81606063
81607784
81609809
81612084
81613001
81613120
81613565
81614223
81619775
81622375
81623020
81627455
81627710
81629056
81637945
81640407
81640768
81641314
81650031
81654322
81657238
81662200
81665011
81666097
81670870
81677419
81678577
81680534
81681110
81681611
81682181
81690955
81691317
81695511
81701515
81701692
81704053
81705449
81705590
81712294
81714321
81714747
81714894
81717939
81719401
81738047
81740533
81741018
81747406
81747511
81752015
81754134
81755801
81757534
81759701
81760903
81763031
81763603
81764501
81768853
81768977
81769102
81771757
81772472
81772873
81773266
81773595
81773980
81774000
81775521
81775581
81778099
81780914
81782703
81783683
81786605
81786669
81789644
81791396
81791530
81794802
81795991
81795997
81798511
81798831
81799223
81800288
81802890
81807725
81809406
81809678
81816371
81819094
81821516
81829226
81833613
81835116
81835436
81835936
81840258
81842752
81844086
81852726
81857907
81865042
81867622
81874860
81876898
81879905
81880100
81883798
81886523
81890082
81891702
81892062
81898002
81900579
81903908
81904019
81906904
81908087
81909331
81910921
81913177
81918675
81922848
81924650
81925793
81926626
81926913
81926946
81929913
81932881
81935624
81936318
81937163
81941264
81941963
81944983
81958677
81964681
81971369
81974185
81977431
81977622
81981204
81991473
81997416
81999254
82000141
82004077
82006155
82016522
82018058
82024957
82027958
82028305
82028661
82035580
82038974
82043088
82047454
82049834
82051211
82052600
82056387
82056831
82059817
82060549
82061222
82061782
82065257
82069490
82072604
82073097
82083716
82089145
82091202
82092726
82094249
82095244
82095571
82097479
82099003
82099143
82100968
82106252
82107248
82107377
82107883
82111692
82113143
82119837
82123817
82124450
82125823
82126813
82130410
82131126
82131471
82132022
82135447
82147625
82158949
82161740
82163913
82166413
82167454
82169175
82180833
82182206
82182422
82185394
82185696
82188777
82192395
82194862
82196609
82197310
82200070
82201517
82206085
82209484
82212855
82217452
82218134
82219729
82221429
82226386
82228023
82228037
82231405
82236055
82236127
82239059
82239410
82240465
82245170
82247597
82254915
82255969
82259598
82260043
82263178
82266326
82268204
82270019
82270751
82273596
82275171
82278740
82280080
82280597
82289337
82290374
82293512
82294828
82296528
82297148
82303881
82314583
82318476
82321329
82329955
82334343
82336583
82336872
82339751
82339958
82340501
82344479
82352843
82355489
82355913
82358576
82361406
82364627
82365113
82369707
82369818
82376190
82377373
82379232
82384971
82394376
82401487
82402743
82404089
82409389
82411040
82418575
82421941
82421994
82422351
82429369
82437641
82438167
82438764
82439020
82439084
82440830
82443098
82443836
82448201
82452768
82453248
82453993
82459337
82461694
82463573
82467218
82478094
82478409
82487436
82488777
82488913
82494410
82496742
82502337
82503060
82503261
82503716
82505724
82507576
82508142
82509985
82511380
82515721
82519329
82523573
82526534
82527329
82531146
82532437
82532563
82535288
82539475
82543402
82546584
82548263
82549389
82551950
82558564
82559380
82560211
82561108
82565083
82565911
82566506
82570089
82572233
82572998
82573550
82577907
82579031
82584333
82587637
82592724
82599195
82600335
82600649
82606437
82607274
82609024
82609272
82609763
82611332
82612964
82621295
82622517
82625917
82628316
82628928
82629352
82632017
82634078
82635593
82637717
82637945
82639442
82639576
82641169
82641747
82643880
82653943
82657257
82658153
82660905
82664798
82665062
82670039
82679177
82679250
82685428
82687395
82689815
82694550
82696385
82699529
82701816
82708022
82712263
82714122
82715864
82716301
82720151
82720391
82720872
82726356
82728117
82729960
82730859
82731211
82734991
82738511
82741034
82742611
82742977
82747432
82748812
82753360
82755993
82756953
82760249
82761068
82762133
82764419
82764432
82767639
82769473
82771363
82774186
82775193
82777973
82780026
82792161
82793072
82793242
82793799
82795716
82797529
82806871
82808704
82808777
82809246
82818389
82821239
82821272
82821833
82822150
82824034
82830329
82838408
82841342
82842787
82843268
82843543
82846094
82850216
82851003
82851998
82853140
82856069
82859434
82863642
82864473
82864682
82867407
82871730
82872359
82873496
82873897
82877435
82878523
82880360
82880957
82884499
82889873
82891353
82891376
82898674
82898965
82903341
82904014
82904353
82904841
82908659
82911540
82912425
82915813
82920040
82928470
82932925
82936061
82936920
82939653
82941266
82942161
82943431
82944050
82946963
82955367
82956732
82961754
82962791
82970974
82974008
82975270
82975544
82980949
82982016
82987800
82989163
82991848
82993972
82994386
82999258
83002717
83003702
83004440
83005087
83006935
83008629
83009367
83019245
83019720
83021812
83022027
83024361
83026815
83030096
83032557
83033495
83033984
83035419
83036196
83039637
83041971
83043928
83044412
83046804
83047517
83050889
83052655
83059944
83063069
83065456
83066205
83068903
83073924
83075123
83078436
83078795
83080581
83084919
83087107
83087296
83097418
83098953
83100285
83102400
83103107
83106823
83110773
83112431
83115270
83119288
83120653
83128867
83128931
83129241
83130204
83131419
83134550
83136186
83140552
83140752
83141040
83141128
83141228
83143435
83143540
83146210
83148718
83149640
83150005
83150775
83151276
83152077
83154168
83154833
83155600
83155641
83159170
83159289
83159796
83161248
83165672
83170106
83173942
83186717
83187201
83187752
83188808
83189399
83191402
83193424
83199130
83204468
83212435
83213032
83217453
83217721
83220958
83222209
83224348
83228311
83230639
83232676
83241713
83245175
83247999
83249344
83255154
83255548
83258195
83259071
83263336
83264454
83264675
83266825
83268328
83270936
83274921
83275723
83277848
83279463
83280296
83281352
83282525
83285754
83288922
83290103
83290172
83300218
83302536
83304501
83305432
83306211
83306544
83307305
83323276
83323288
83324633
83324735
83327664
83328150
83328905
83330331
83330392
83331306
83338635
83348366
83356791
83358658
83360605
83368256
83371195
83372754
83378238
83388861
83389402
83391801
83397920
83398159
83398360
83400236
83400510
83401784
83406905
83408197
83411280
83415298
83416488
83418328
83419234
83423926
83427909
83428504
83432423
83434803
83441864
83444458
83446536
83451490
83457402
83462519
83464587
83465480
83468596
83475815
83476671
83477012
83477441
83480554
83481237
83485190
83499151
83500084
83500657
83504779
83505560
83507138
83508664
83509992
83511171
83514840
83517064
83518083
83519127
83519505
83528079
83543096
83543794
83545519
83548876
83551281
83557301
83560502
83568610
83568685
83574764
83575336
83579464
83582798
83584170
83588348
83589086
83596912
83597410
83599275
83602078
83605336
83607980
83610074
83610945
83612422
83613031
83617306
83622515
83623134
83627912
83628052
83628311
83630610
83632696
83634920
83636387
83637232
83640467
83640665
83642263
83644582
83647713
83647918
83652019
83652747
83652997
83657079
83658503
83658690
83661912
83663553
83667702
83670934
83673289
83673428
83676502
83678680
83679898
83680924
83683720
83684041
83686705
83689363
83694287
83695708
83695963
83702877
83706842
83711394
83715521
83718422
83718936
83721382
83722604
83725914
83727122
83728928
83729637
83731285
83739019
83742079
83743128
83743897
83746937
83759942
83760214
83767012
83768116
83770849
83771465
83773621
83774216
83774949
83776339
83777050
83778922
83782520
83785594
83786095
83787588
83788328
83796084
83804913
83806457
83808808
83811500
83812298
83819110
83822227
83822476
83822881
83824456
83824518
83830577
83837474
83845979
83847285
83849829
83849875
83855901
83861568
83864986
83866069
83867293
83868458
83868972
83871925
83873004
83873615
83877149
83878122
83878138
83879943
83882245
83883016
83884871
83887809
83888379
83889200
83890666
83898573
83899527
83904613
83905210
83905618
83906646
83908577
83910705
83915211
83919275
83926707
83927737
83928085
83931638
83931676
83937928
83938887
83939112
83941629
83943402
83943688
83944108
83949121
83954776
83954940
83964785
83965401
83965622
83969577
83970742
83973547
83974417
83979176
83980274
83982008
83984120
83984825
83987616
83988012
83995009
83997001
84002686
84004629
84011577
84018743
84026123
84028819
84030273
84032865
84035143
84037921
84041585
84046284
84051231
84051815
84052750
84054254
84054937
84055445
84059470
84060313
84061175
84064169
84065502
84068363
84068444
84070614
84074389
84078364
84079401
84086821
84088306
84088920
84093736
84097214
84100246
84100835
84101614
84102104
84107050
84107092
84110379
84111093
84113345
84117069
84117428
84117822
84119155
84121970
84122344
84126143
84127670
84130495
84138361
84139190
84143575
84146239
84147417
84147810
84148520
84151329
84155533
84158480
84160112
84160599
84162701
84167318
84168412
84169445
84172298
84180234
84180919
84182811
84184894
84186233
84186297
84187961
84191912
84195540
84200117
84202261
84202527
84202904
84202916
84205995
84207706
84213112
84213323
84214441
84218021
84222181
84224615
84224790
84232252
84232482
84233558
84234284
84235641
84237265
84237767
84239050
84239624
84240908
84240936
84241848
84243956
84244264
84246155
84246784
84247792
84250671
84252189
84254104
84257746
84261337
84262874
84265365
84266416
84267110
84268847
84269511
84272647
84273336
84273779
84278662
84281756
84282402
84286392
84297194
84304013
84307671
84307788
84310280
84314047
84316040
84317916
84319527
84322823
84324005
84325216
84327813
84336357
84337386
84343997
84346235
84353420
84353820
84361273
84363569
84365959
84369322
84377577
84379401
84381728
84388891
84392245
84393049
84396740
84398687
84401125
84402059
84403833
84404017
84405671
84408903
84409058
84414936
84419085
84423984
84425167
84431223
84434930
84439744
84441259
84441554
84442828
84448059
84449690
84454240
84455712
84457365
84458107
84460428
84461634
84466298
84466817
84470392
84470980
84471742
84472281
84476122
84476199
84479545
84482077
84484536
84487484
84488122
84488217
84488559
84491895
84492735
84496184
84499325
84503462
84515265
84518465
84519078
84519707
84522146
84529939
84531807
84532904
84536153
84539792
84545225
84545828
84547190
84549655
84552510
84555602
84555698
84560217
84561817
84562649
84569382
84573266
84575722
84578336
84581753
84586740
84589048
84591779
84592203
84597183
84606390
84608805
84610010
84613911
84615161
84615622
84615658
84620108
84620821
84622176
84629450
84631401
84632249
84634796
84634899
84651565
84653288
84655066
84656832
84663517
84664679
84668917
84670068
84670299
84675773
84686423
84689665
84689942
84691560
84693040
84696183
84698319
84703197
84704828
84708003
84711892
84713737
84714008
84715208
84715341
84723775
84726473
84731847
84734034
84734464
84735255
84740072
84743063
84748183
84749556
84757730
84761596
84764365
84765222
84768270
84769593
84779688
84781877
84784569
84788282
84793452
84793771
84793774
84807151
84808900
84809492
84815574
84816883
84818872
84820709
84823430
84825906
84827449
84833639
84836059
84838732
84839687
84840068
84842080
84843431
84851723
84852083
84853800
84855790
84864218
84871378
84872665
84874983
84877655
84878916
84880040
84881363
84884089
84890301
84891059
84892346
84899013
84905273
84907486
84907946
84911591
84914666
84917306
84920994
84923251
84923272
84923852
84924724
84925246
84930404
84932230
84933511
84935260
84936461
84941765
84942338
84943058
84947940
84948756
84949722
84951285
84951287
84956026
84961587
84966426
84966441
84966954
84967088
84969613
84970197
84972423
84975731
84977796
84979259
84979448
84982769
84985114
84986822
84987687
84993996
84998006
85001284
85005319
85022900
85023255
85024134
85025620
85025821
85027155
85030919
85031303
85034338
85035550
85035925
85036444
85039065
85039291
85041228
85041782
85046519
85049482
85050265
85051884
85058660
85061593
85067642
85070358
85076135
85076647
85077753
85080196
85084130
85089475
85094697
85096104
85099692
85103461
85108743
85118175
85119289
85120173
85120518
85122127
85122492
85125370
85126470
85127347
85128867
85129405
85129551
85131979
85136606
85138510
85143854
85147542
85147897
85150130
85150386
85154392
85156236
85158020
85158606
85164043
85169651
85170887
85173782
85176083
85176530
85178459
85184667
85184870
85185238
85186150
85186247
85186503
85187098
85196763
85205276
85214147
85214412
85216636
85223430
85226616
85227661
85229164
85230513
85234493
85235655
85236058
85237480
85239733
85242670
85243959
85244582
85246502
