53480002
53484935
53487529
53490932
53494727
53496050
53504038
53507375
53516670
53517901
53521849
53521914
53523409
53530934
53535846
53537922
53542863
53548114
53549096
53552070
53555793
53560390
53560854
53562906
53567255
53570370
53570581
53575350
53581990
53583784
53585806
53587560
53588257
53589130
53589215
53590563
53592673
53594595
53594831
53596018
53599662
53600022
53601073
53603478
53604871
53607598
53610362
53620883
53628561
53634881
53636994
53638209
53642433
53646513
53649487
53659703
53664532
53667314
53667379
53669063
53669289
53676198
53677312
53678889
53680079
53680815
53681282
53685015
53685953
53686533
53691223
53692114
53694469
53702881
53723614
53735135
53739246
53740513
53742924
53749076
53750292
53775858
53776467
53777046
53777673
53778302
53784078
53793343
53803878
53807351
53807631
53818330
53820183
53820694
53821043
53821887
53823807
53824607
53826744
53830177
53830264
53831546
53842610
53843502
53849992
53854296
53855148
53857727
53858258
53869487
53874738
53878056
53879697
53880595
53880622
53882036
53886238
53891282
53892867
53896051
53907199
53907840
53913487
53917758
53921254
53923604
53924215
53926674
53927666
53930649
53931405
53939457
53944677
53947487
53948441
53950821
53956576
53962824
53962959
53964215
53973053
53975357
53980563
53983766
53984023
53986054
53999280
54000997
54007495
54007546
54008726
54009882
54011411
54012968
54018377
54019593
54022971
54023480
54025818
54035432
54036198
54038128
54048910
54051323
54051753
54052514
54053992
54058545
54058721
54060723
54065726
54067543
54074599
54080037
54089745
54090757
54096998
54116717
54117915
54120069
54121239
54128012
54128261
54128503
54141697
54142348
54144618
54149425
54150438
54156096
54156850
54157686
54162988
54168577
54174195
54174394
54174806
54191344
54204329
54205889
54208485
54209012
54214341
54219159
54220054
54220212
54222367
54227635
54230318
54236082
54241606
54242539
54243829
54244437
54245881
54262291
54262438
54264928
54269899
54270444
54271099
54271904
54275377
54284277
54290957
54292967
54296279
54296761
54299515
54302161
54302992
54305061
54306158
54312147
54314342
54317457
54322062
54323983
54328249
54329496
54344306
54345767
54347514
54351430
54362775
54364882
54369064
54369505
54372658
54381989
54393306
54397114
54397832
54399720
54403878
54405259
54407625
54410536
54416585
54417139
54419406
54419593
54423824
54429611
54431752
54433202
54438897
54442407
54443654
54444719
54450409
54455799
54457656
54459535
54460058
54460850
54464584
54471419
54474778
54477550
54487082
54487128
54490681
54499693
54501055
54510496
54510746
54521385
54521608
54524048
54524109
54526412
54528075
54539159
54539320
54544161
54550606
54551767
54551955
54558154
54558322
54559096
54561702
54563707
54564879
54567821
54571304
54575461
54576779
54579575
54588975
54591419
54591835
54593062
54596313
54597752
54598503
54600748
54609746
54613369
54620604
54621420
54624009
54626160
54633073
54633460
54637628
54637781
54641668
54642860
54647950
54648313
54650084
54651132
54652149
54653879
54660105
54665305
54666864
54673493
54680011
54683246
54691177
54697272
54697961
54705423
54705803
54710735
54717447
54718027
54721047
54724856
54732892
54736788
54739831
54743562
54745348
54750540
54752203
54753975
54753990
54754490
54756745
54765348
54767142
54772795
54774641
54783954
54789543
54805828
54807002
54807673
54812582
54817211
54818212
54826397
54827277
54833141
54847768
54848392
54851460
54852250
54855505
54858229
54858993
54859214
54860912
54861212
54864404
54864691
54875063
54875549
54878378
54880905
54886969
54889579
54889650
54894268
54908920
54925799
54927621
54928334
54931078
54933510
54940571
54946280
54946511
54949125
54953361
54959868
54962765
54964855
54973860
54978869
54993845
54997035
54997548
55001546
55002899
55003338
55005156
55009187
55010862
55019022
55021052
55022484
55022919
55023309
55026608
55033178
55033390
55039419
55046125
55049142
55054902
55062429
55066984
55068570
55070426
55084913
55087291
55094138
55095259
55095817
55102661
55107749
55110309
55110565
55111059
55117644
55134201
55137197
55138425
55139089
55139180
55140398
55147624
55148851
55154868
55155384
55158029
55164868
55166381
55173720
55174137
55183641
55184949
55191260
55191709
55193069
55194266
55203914
55206949
55210181
55212810
55217532
55219219
55220550
55225002
55236756
55242547
55247109
55250745
55251017
55258956
55259994
55262236
55262680
55263566
55269156
55269832
55277658
55278992
55280732
55281459
55284952
55286027
55291752
55294757
55295336
55297902
55298162
55301021
55301584
55309160
55312045
55317259
55323160
55323761
55325177
55326627
55330584
55332283
55335646
55336474
55341542
55343718
55347670
55358989
55363146
55366228
55368104
55368344
55368505
55369191
55370510
55371243
55376671
55377164
55379526
55381315
55381351
55382060
55384935
55387650
55391560
55393358
55405862
55413541
55415087
55415175
55419261
55420217
55422747
55430072
55430614
55440749
55444824
55445400
55448465
55450705
55456282
55458051
55460860
55467025
55467858
55468823
55471867
55479804
55484273
55490302
55493288
55495188
55500187
55502396
55505255
55509195
55515801
55523951
55524085
55524379
55524700
55532212
55532782
55533868
55536661
55536758
55538312
55545549
55546689
55548374
55552546
55553062
55553968
55560782
55560931
55563947
55572231
55578413
55578609
55581406
55581669
55582259
55585788
55592597
55595399
55603142
55605421
55615156
55621527
55626668
55627620
55631138
55635475
55635516
55645036
55646768
55650098
55651090
55651433
55651907
55654572
55658997
55667854
55668829
55673118
55673493
55674437
55674774
55681548
55689397
55691324
55695457
55695645
55698590
55703301
55706275
55712535
55715312
55722957
55725380
55725511
55726574
55730690
55732901
55733546
55735267
55738958
55742727
55745541
55747286
55749980
55751487
55753877
55755518
55757871
55766853
55768908
55769223
55770106
55773326
55773936
55776310
55778187
55781714
55798683
55799511
55799999
55800759
55806040
55814942
55816585
55820854
55822165
55822642
55835843
55837328
55837825
55839756
55844097
55844960
55845943
55846589
55846804
55847031
55847127
55848494
55853474
55858181
55863140
55864054
55868075
55868396
55874870
55875036
55876174
55879805
55882687
55887641
55890852
55893375
55907606
55913089
55913947
55914464
55915300
55917819
55917889
55920353
55921485
55922227
55926446
55932929
55937693
55940037
55943937
55951869
55954044
55954940
55955094
55960423
55962697
55962910
55963515
55966336
55969198
55979170
55979431
55979844
55981516
55986042
55988171
55988551
55990232
55991043
55991492
55992257
56004378
56007685
56008112
56013855
56014813
56017684
56020221
56020598
56021131
56022117
56028043
56028513
56029057
56034754
56042334
56045821
56046640
56052898
56053949
56058337
56059805
56063063
56068445
56079777
56082946
56088091
56091532
56103292
56103842
56109623
56117062
56118047
56121774
56123875
56125828
56140159
56140289
56140898
56141780
56145723
56146441
56146980
56157367
56157489
56162051
56162236
56164061
56167065
56172793
56174141
56175154
56181401
56182687
56184914
56185977
56187157
56188405
56191358
56196479
56198786
56203580
56216109
56223853
56224222
56230648
56232950
56236138
56239442
56240825
56241883
56244512
56245061
56245323
56245767
56247299
56248206
56249960
56253032
56256897
56258163
56260500
56266466
56267987
56268799
56276418
56278413
56279070
56282464
56284852
56285309
56285340
56288427
56288556
56296342
56309703
56314196
56317548
56319132
56321632
56323397
56325710
56331618
56331936
56332748
56334819
56337666
56341737
56345273
56346190
56348853
56349853
56351501
56351740
56353825
56359020
56367641
56370571
56379034
56385507
56385822
56397270
56397883
56403712
56405441
56408606
56414957
56419933
56420266
56420285
56421152
56421377
56422589
56423810
56425653
56428407
56430443
56433632
56433949
56445723
56449059
56449500
56453688
56457054
56457462
56458043
56458380
56467124
56476953
56478164
56480624
56491881
56498530
56498540
56501958
56505929
56506529
56508002
56512317
56512943
56521781
56525309
56526955
56527522
56533806
56539428
56539583
56540176
56542200
56546475
56547138
56556128
56557144
56560228
56561069
56561846
56562120
56568191
56577213
56578270
56579563
56581690
56582376
56592862
56595390
56598246
56600200
56601549
56611220
56618665
56620580
56622680
56623609
56626069
56626313
56627309
56631488
56633823
56633991
56640072
56645712
56654611
56658001
56658167
56664591
56671316
56671831
56673190
56675367
56676068
56676070
56679491
56690497
56691925
56692323
56697252
56699189
56701404
56705965
56710143
56714347
56714454
56715289
56718259
56720483
56721402
56725659
56729051
56736203
56738571
56740585
56745286
56745885
56746680
56747087
56749059
56749444
56750656
56754200
56761088
56762317
56763015
56775900
56779224
56791463
56795588
56801655
56808714
56814019
56816076
56817916
56818103
56819544
56820864
56827297
56827828
56839301
56850627
56851785
56854664
56855010
56856271
56865982
56867200
56867372
56868318
56875405
56881954
56883340
56887779
56900477
56902047
56908795
56911937
56913947
56915010
56920274
56923715
56927418
56937703
56937870
56944937
56945907
56954238
56955677
56956159
56958801
56967144
56968030
56968867
56979638
56980352
56983267
56983493
56983863
56985548
56988207
56991421
56992412
57001117
57001716
57002625
57005324
57007682
57015638
57018683
57020102
57022699
57022786
57023646
57024525
57030946
57031256
57032893
57038108
57044262
57044928
57045135
57048086
57061016
57062242
57067061
57070882
57071909
57082046
57083776
57088414
57090082
57090170
57092759
57099768
57101566
57104267
57106270
57107456
57107645
57108144
57122874
57122941
57123324
57124660
57125719
57127614
57131765
57135670
57141999
57148894
57151200
57152246
57153823
57156608
57157523
57157634
57160437
57162845
57165478
57166868
57167772
57168451
57168455
57173603
57176566
57177519
57177763
57179173
57187439
57189989
57191108
57194165
57194801
57197437
57203594
57208635
57222058
57226829
57228297
57228318
57228973
57229167
57234936
57235253
57238943
57249000
57249879
57251949
57252021
57252202
57252919
57254260
57258885
57258986
57259531
57260348
57261779
57269098
57271493
57271612
57278463
57280511
57283978
57285612
57298251
57311671
57318759
57319322
57325022
57325074
57342876
57344026
57344871
57345062
57345867
57350447
57352253
57356701
57359543
57361086
57361853
57366213
57370470
57371457
57376096
57386628
57386833
57390871
57391672
57391963
57395575
57402640
57405016
57408086
57412116
57418443
57420087
57427208
57434717
57434909
57437301
57438840
57445536
57445735
57446617
57449594
57449809
57452003
57457629
57458079
57458953
57459284
57459897
57462653
57463752
57464906
57465374
57479824
57483063
57483266
57487125
57492529
57496008
57498450
57502046
57502976
57504569
57504831
57506588
57509759
57512895
57518133
57520310
57520512
57522639
57522657
57524776
57525298
57529573
57529854
57530965
57540770
57548626
57549698
57556528
57557936
57559635
57560305
57564799
57564956
57565448
57566649
57570374
57571040
57571217
57571832
57575454
57577153
57577182
57579187
57579265
57580537
57580781
57583777
57586468
57587118
57590589
57594827
57598180
57599613
57602744
57608167
57609815
57616385
57617221
57617852
57619933
57621527
57622619
57629897
57630600
57636631
57636985
57637087
57637967
57640464
57645522
57648891
57649238
57657537
57658165
57660800
57662228
57665017
57670008
57670276
57680785
57682083
57687543
57690545
57696189
57700151
57702186
57705649
57714549
57716572
57717762
57730538
57736674
57738883
57741915
57758565
57760993
57767136
57772544
57773238
57773824
57776471
57784381
57788033
57795682
57797551
57800117
57801988
57802783
57804093
57814318
57814692
57815921
57819669
57825167
57841675
57846543
57852527
57853631
57854241
57854357
57856524
57856822
57858188
57859925
57869510
57869988
57876134
57879343
57883047
57885366
57886348
57887927
57895032
57895931
57897810
57898638
57904632
57912144
57914000
57914121
57922179
57931179
57938092
57941782
57942920
57944309
57947871
57955562
57955847
57957024
57959464
57960836
57963377
57964448
57965483
57969147
57980847
57983361
57983775
57984605
57985578
57989629
57993527
57995904
57996081
57999853
58000390
58004234
58015114
58018125
58018675
58021525
58022545
58023219
58025495
58035449
58036078
58037309
58038769
58039959
58040883
58041263
58043931
58045150
58046907
58049878
58051318
58052937
58056885
58058933
58060806
58064790
58068489
58072385
58073807
58076291
58076699
58077961
58079591
58080530
58082273
58082300
58084204
58088296
58103313
58107277
58108609
58111702
58112317
58112797
58115655
58116229
58119256
58122733
58122812
58129056
58129721
58131446
58132070
58136693
58138758
58139024
58145086
58146989
58153603
58154415
58155077
58157071
58163668
58169249
58173106
58181159
58184656
58194844
58195415
58196806
58211059
58214919
58215343
58219984
58220072
58226283
58227287
58235657
58239205
58241632
58243363
58246219
58248242
58253116
58254457
58262646
58262986
58265812
58266876
58270481
58277459
58281683
58288998
58290276
58293263
58301532
58303825
58303888
58306720
58308174
58310634
58322633
58324589
58330195
58336121
58348922
58351097
58361324
58361888
58363210
58364977
58378991
58385846
58387385
58388956
58390558
58392082
58392256
58392779
58398539
58403239
58406045
58411464
58413424
58414678
58420921
58422058
58422568
58425320
58425625
58425807
58431871
58432626
58436269
58442005
58443162
58443181
58443548
58447040
58448991
58451873
58455711
58456679
58461679
58467139
58478776
58485298
58494092
58501443
58505263
58505859
58508438
58518513
58519500
58521502
58521959
58524700
58538861
58546146
58546274
58550394
58551114
58551285
58551626
58552031
58554290
58554951
58557378
58568474
58578400
58579377
58581255
58585365
58587936
58592121
58596597
58602646
58604844
58604931
58611718
58614658
58616482
58620165
58631655
58635081
58636291
58638366
58639066
58642072
58642740
58648625
58658543
58660188
58660599
58661235
58664858
58668833
58671784
58672697
58680358
58695780
58696013
58709962
58717120
58718406
58724044
58724557
58726490
58726931
58729392
58731297
58732770
58744230
58749111
58754104
58756567
58756967
58758743
58758794
58772748
58779512
58779792
58780876
58783282
58788664
58790212
58792934
58793647
58794617
58795461
58800908
58801117
58808759
58809310
58811789
58813731
58821713
58834462
58834700
58834962
58838107
58840143
58842043
58842093
58843076
58850131
58851971
58852108
58855297
58857021
58857275
58861393
58861562
58863550
58867257
58868227
58868255
58868311
58871521
58871804
58872800
58873181
58874738
58874926
58877842
58878209
58878913
58883217
58889184
58890224
58892543
58892802
58895127
58895212
58902537
58903245
58905394
58911070
58911328
58916183
58918111
58921654
58922366
58922480
58933119
58936697
58938469
58939049
58948109
58949565
58957565
58958760
58966750
58975303
58975433
58982193
58986381
58986976
58990619
58996097
59002098
59002875
59006833
59009804
59013434
59015235
59021595
59027298
59030036
59033925
59037665
59041118
59043421
59044947
59050048
59053727
59059571
59062199
59066258
59067825
59068421
59074004
59083525
59086703
59086895
59088161
59093153
59095119
59101594
59106817
59112007
59115328
59115458
59117090
59119710
59122446
59124056
59128751
59130129
59134573
59139223
59143431
59156025
59158521
59158816
59160219
59166255
59168641
59169664
59171885
59181798
59183956
59188369
59191205
59199270
59201030
59209361
59209644
59212407
59218507
59224268
59233548
59239341
59243246
59243729
59244826
59247220
59250919
59252064
59252384
59253902
59254134
59258342
59260616
59261530
59264027
59265249
59266138
59267438
59275897
59276169
59282369
59283015
59290252
59291671
59291771
59302664
59304620
59305928
59309173
59318302
59318860
59321747
59322746
59331671
59332192
59333574
59334538
59335604
59336060
59337380
59345107
59345132
59346748
59349383
59349777
59350406
59356833
59357452
59361597
59362551
59364291
59365673
59371326
59373181
59388784
59389948
59390281
59392975
59396182
59398852
59402705
59402903
59406604
59412513
59414107
59415899
59416332
59416896
59418424
59423037
59427342
59429818
59434349
59437744
59440321
59442622
59444708
59447162
59449293
59449783
59455753
59457164
59459758
59464558
59466324
59468644
59472695
59480460
59482719
59491982
59492988
59495149
59495175
59495678
59495717
59498802
59499687
59499883
59505408
59516692
59517068
59518917
59526016
59526177
59528254
59531772
59532749
59534254
59537026
59539663
59540779
59541249
59548372
59549357
59554426
59564175
59565024
59571411
59576838
59578055
59581823
59583009
59585836
59588238
59590608
59592619
59596804
59598206
59598684
59599432
59600919
59603188
59604145
59604720
59613308
59619856
59623722
59626644
59628945
59638097
59640156
59648456
59652052
59654433
59656593
59668647
59669811
59674032
59678731
59683674
59685250
59689964
59692409
59693601
59694489
59702302
59704469
59705043
59710023
59719219
59719435
59720011
59726157
59726562
59727228
59728939
59733979
59739169
59747858
59748104
59753466
59777184
59779056
59779065
59779940
59780875
59781265
59784594
59785376
59790538
59790649
59792889
59794261
59800619
59802512
59807717
59808430
59811431
59813913
59816569
59817964
59819462
59822356
59822677
59825186
59826887
59830342
59837423
59837901
59839834
59848208
59854291
59856602
59856810
59860389
59861535
59863827
59867000
59870005
59874312
59874532
59883145
59883390
59892442
59893927
59894247
59900496
59901004
59903936
59912056
59918041
59926973
59933141
59940381
59942343
59946837
59958351
59960643
59969869
59970716
59971278
59973603
59976603
59982151
59982693
59984474
59989388
59990919
59991308
59993227
60004175
60006260
60007833
60007897
60010796
60014234
60017464
60019310
60023578
60038297
60044151
60044253
60046009
60046697
60048793
60050612
60058668
60059442
60059654
60059671
60064808
60076118
60086172
60087218
60091024
60098883
60103655
60108587
60109262
60119732
60121191
60121336
60124331
60129841
60139437
60141364
60142333
60146570
60148650
60155178
60157973
60158730
60162482
60162782
60163361
60164653
60171096
60175459
60175556
60178285
60182653
60185044
60186507
60188637
60192483
60205583
60206790
60211756
60213069
60217014
60218862
60222646
60226768
60232001
60233990
60234459
60234469
60245317
60249402
60263531
60264773
60265889
60273936
60274822
60277865
60278902
60290447
60290824
60292262
60294661
60299451
60303576
60304564
60312299
60317122
60317837
60326343
60327068
60333378
60337999
60339700
60346028
60351084
60353476
60353605
60357334
60361019
60365643
60370703
60371762
60372423
60376341
60392123
60396237
60399411
60413629
60414501
60419036
60424815
60429562
60432234
60433199
60433836
60450064
60465839
60466366
60470286
60472733
60479446
60480435
60483453
60483751
60484135
60487503
60499684
60500339
60500836
60501064
60502749
60503093
60511098
60511316
60516040
60517121
60518036
60522589
60522619
60526575
60526836
60528576
60536834
60539597
60539927
60540522
60543218
60546192
60548109
60548874
60551384
60551849
60571977
60573173
60574703
60577489
60577735
60579065
60589934
60591184
60593934
60594435
60595306
60595473
60597376
60601262
60606356
60606818
60609857
60611202
60613219
60616573
60620031
60621555
60622613
60628913
60630005
60631170
60638749
60644518
60646878
60651367
60655574
60656822
60657038
60661726
60670074
60675482
60677677
60683073
60683756
60688604
60691894
60698918
60699952
60700240
60706061
60706254
60708674
60711660
60714596
60717297
60719079
60726413
60727060
60731797
60734804
60737692
60739018
60751167
60756732
60757972
60758791
60769014
60769309
60771819
60784908
60785248
60785706
60786054
60787266
60787945
60791231
60791453
60792340
60798730
60799382
60802258
60808131
60813085
60813131
60829027
60831043
60831440
60831867
60833232
60838703
60841102
60845714
60852131
60853113
60868348
60873341
60877485
60881123
60886244
60889318
60900238
60913085
60916117
60921568
60922124
60922856
60925327
60926266
60928233
60941570
60943906
60947366
60957416
60963215
60966819
60968814
60969797
60970720
60971193
60971907
60973870
60975468
60975840
60982847
60986913
60988928
60994305
60995622
60996718
60996844
60998065
61002137
61003088
61015247
61016006
61016352
61022561
61027631
61032363
61034506
61037357
61038955
61045927
61046426
61048068
61051582
61058338
61059296
61059667
61065857
61066151
61066517
61069877
61079924
61081876
61089233
61095884
61106292
61108426
61110980
61111317
61113980
61115920
61116119
61118109
61122555
61129737
61131727
61146257
61153817
61153926
61154032
61154124
61163134
61177078
61177377
61179558
61180219
61181190
61185506
61188345
61195794
61196218
61198723
61200544
61205476
61209769
61209813
61213558
61215632
61217822
61220327
61226931
61232165
61232458
61235325
61235728
61238459
61244957
61246075
61251369
61253875
61256454
61256565
61263397
61263887
61265058
61266632
61266972
61267743
61268647
61270417
61274099
61284710
61291547
61291840
61304046
61305354
61309082
61309768
61310967
61311263
61313043
61316455
61316502
61316880
61317875
61319023
61330757
61331930
61335085
61336998
61344445
61348590
61353645
61356158
61357047
61361028
61361043
61367823
61367840
61371543
61374686
61378141
61379463
61387594
61388791
61393566
61393724
61398328
61400221
61401908
61404992
61410673
61417090
61423027
61429605
61430061
61433554
61436614
61438834
61439323
61449666
61460337
61461181
61461710
61464213
61466229
61468591
61472768
61474049
61478550
61479698
61480341
61480864
61482080
61482941
61483707
61483868
61487535
61492861
61519554
61520015
61521073
61532032
61533343
61533779
61537618
61538250
61539122
61547246
61547278
61547284
61547946
61548978
61549529
61551338
61551469
61551898
61552034
61552093
61553599
61560012
61563423
61566093
61572076
61572166
61580620
61580833
61586953
61599311
61601087
61608279
61608907
61612002
61613617
61615655
61617861
61618255
61624818
61631568
61632906
61635199
61636482
61641814
61644721
61655309
61658595
61659468
61665142
61672240
61672680
61673258
61680572
61681008
61681602
61684175
61686229
61686271
61696382
61700255
61705262
61707532
61712018
61716258
61716343
61721336
61723802
61728593
61729128
61730959
61733226
61734338
61736952
61737989
61740699
61743691
61747693
61748134
61753243
61759015
61760226
61768257
61768696
61777833
61778137
61778842
61779176
61783613
61783710
61784180
61787191
61790687
61792018
61792528
61792680
61797140
61798071
61798341
61800304
61811571
61815494
61815672
61816903
61818094
61820360
61820849
61826647
61835554
61835744
61850844
61851771
61853041
61855248
61862146
61873196
61876536
61878537
61883707
61886419
61893424
61896241
61898738
61900453
61903508
61905477
61915840
61915948
61922193
61923293
61926680
61931267
61937717
61939787
61944221
61947783
61947876
61948474
61953894
61967767
61978797
61979610
61981846
61982003
61987369
61988136
61988713
61990150
61990574
61991869
61992469
61995854
61996323
61999229
62001878
62008270
62012210
62012914
62013234
62016001
62016190
62017701
62021845
62027345
62028925
62030680
62031603
62032137
62035408
62035501
62036189
62037270
62038055
62043440
62044684
62045493
62046928
62047805
62048266
62048868
62051000
62055007
62057864
62061045
62061124
62071282
62073810
62079280
62079817
62080330
62081017
62083701
62089526
62092318
62093965
62098909
62102643
62106968
62107997
62108405
62109150
62115404
62116472
62117991
62122856
62129942
62132438
62132582
62137128
62137565
62137856
62139383
62147863
62149946
62152946
62159020
62163516
62164349
62164719
62166655
62168800
62170952
62172051
62175428
62175915
62180868
62181260
62183453
62185943
62187349
62188512
62188805
62192572
62193058
62193220
62194808
62209838
62210669
62212983
62214326
62215076
62216065
62219291
62223022
62228652
62232671
62233834
62241826
62250082
62250591
62251950
62252712
62254487
62255399
62256246
62256261
62261378
62269099
62272803
62278568
62282551
62288877
62289485
62293314
62294197
62296326
62299153
62305468
62309300
62314525
62315137
62329733
62333677
62336349
62337105
62337525
62338711
62340849
62342040
62343557
62343687
62349395
62353442
62358260
62359105
62360078
62360126
62363797
62375069
62378036
62381251
62382973
62398997
62401056
62401725
62404432
62408476
62412043
62419804
62422016
62424304
62424675
62431820
62436456
62437023
62440975
62443524
62445315
62456466
62458962
62466207
62466765
62468894
62469541
62471219
62474484
62475155
62476980
62477151
62478411
62496908
62498315
62508902
62514442
62514816
62515854
62518891
62525152
62525694
62526306
62529232
62533608
62541129
62550981
62557231
62557649
62558319
62559293
62559432
62560875
62568101
62572690
62574114
62581567
62581927
62584462
62584476
62587901
62589109
62591977
62594065
62598990
62602110
62606004
62606658
62612096
62616281
62626054
62627766
62628148
62634845
62640100
62646903
62648074
62658638
62658917
62662732
62665651
62667354
62669639
62671251
62673632
62678913
62683245
62690977
62691084
62692114
62696535
62701270
62703377
62708918
62709850
62710396
62713091
62720437
62722296
62722328
62727216
62734323
62735329
62735928
62745305
62747125
62747304
62749380
62756014
62764171
62765658
62766403
62767030
62769962
62774960
62774979
62781221
62783919
62790333
62792104
62793418
62794781
62794820
62797120
62798068
62799437
62799828
62799993
62800703
62801833
62804541
62805879
62810500
62815474
62816180
62817157
62817954
62818454
62819617
62826007
62827211
62827830
62828227
62829598
62829602
62832224
62834046
62841295
62842189
62842667
62846773
62847758
62854649
62856983
62859708
62863223
62868565
62869260
62870634
62872883
62873699
62875996
62892377
62894755
62896712
62898777
62899053
62899537
62901698
62906933
62910005
62910647
62912519
62916405
62922468
62925081
62938806
62942121
62946093
62946714
62953353
62956944
62961715
62964500
62964525
62964990
62968669
62969982
62985391
62990092
62997984
62998997
63014400
63018073
63024513
63032329
63033587
63040701
63043144
63044729
63048535
63049943
63052738
63054477
63056876
63058480
63058831
63062643
63064196
63070152
63074812
63075699
63075911
63077480
63078699
63088277
63089194
63099084
63100662
63100743
63112411
63121560
63123127
63126564
63134913
63135155
63136652
63136967
63146686
63149182
63150546
63154743
63155657
63160632
63161831
63169587
63172288
63174230
63182637
63185632
63188790
63189885
63190812
63194942
63196439
63203756
63209782
63211613
63215146
63222912
63223908
63225565
63227781
63231592
63231930
63232690
63234857
63235365
63235918
63246327
63247971
63251158
63253327
63256728
63258467
63260257
63263475
63266265
63268852
63269248
63271050
63272148
63274994
63276024
63279323
63282035
63285094
63286393
63289854
63297079
63299848
63303510
63306704
63321179
63324359
63324380
63324933
63326431
63330030
63334793
63336521
63337318
63341515
63342094
63342862
63344981
63347350
63359304
63361268
63362755
63362858
63364028
63369264
63370458
63380682
63381825
63386863
63389731
63391155
63395802
63397359
63402923
63408278
63409115
63410856
63411383
63418491
63419733
63429114
63429389
63431538
63434280
63434688
63435835
63438327
63440165
63440992
63447112
63449487
63466546
63466964
63468086
63469849
63484303
63485026
63491025
63491879
63493995
63495023
63495267
63498966
63501835
63502855
63507537
63508931
63509072
63511968
63512017
63513595
63521944
63527861
63529072
63532610
63536380
63536823
63539689
63540032
63540657
63543433
63543566
63545750
63546225
63548613
63550393
63554396
63555628
63558278
63558986
63562719
63563418
63565340
63566376
63571895
63572535
63576397
63579993
63582989
63583434
63587384
63588133
63592254
63592843
63593676
63596917
63601323
63603337
63613684
63616665
63620940
63623113
63624290
63627043
63629529
63632657
63632694
63634758
63635999
63646654
63650393
63653237
63656836
63658145
63661749
63665804
63666455
63667610
63676240
63677911
63678558
63679041
63683914
63686781
63690785
63698678
63700475
63701964
63702591
63703710
63710677
63715701
63719094
63719380
63720151
63731049
63732941
63734052
63741612
63747275
63748899
63757042
63757842
63758098
63759864
63760842
63769929
63771170
63776434
63781364
63781993
63786989
63791183
63798991
63800673
63800958
63811094
63815041
63822982
63823681
63824765
63825865
63827298
63828204
63828884
63830063
63838357
63846089
63853126
63855529
63857585
63857586
63859528
63866120
63870071
63875021
63880011
63884570
63885174
63887222
63889453
63892247
63899582
63911882
63919636
63923530
63927779
63933409
63934419
63938177
63942719
63944582
63951442
63951522
63958961
63960698
63969711
63971701
63972725
63983838
63984856
63993334
63997460
63997708
63997762
63998898
64005657
64006643
64010465
64011830
64017173
64017859
64018345
64022528
64024999
64028294
64033202
64037169
64042120
64049506
64049686
64054714
64054728
64055825
64056233
64062569
64070770
64071425
64073130
64075199
64085162
64087294
64090048
64092748
64093430
64098168
64100980
64111363
64112583
64114433
64117027
64118601
64118968
64120760
64122600
64129763
64130394
64131162
64133225
64135207
64136888
64138798
64141248
64142691
64149102
64149154
64150732
64151366
64151497
64156609
64162508
64170060
64171641
64179618
64180090
64180377
64181443
64183996
64184480
64186191
64187111
64195322
64201832
64223721
64224821
64225914
64226195
64234702
64237242
64237331
64240734
64246475
64248480
64257125
64257524
64259260
64260696
64262379
64262391
64263666
64263704
64264544
64266249
64272120
64276382
64277983
64279213
64280636
64280877
64281513
64283936
64288482
64291253
64294505
64297847
64298581
64299432
64308545
64316353
64317907
64318361
64326949
64328709
64329826
64333677
64336452
64339833
64342821
64346211
64351687
64354350
64355445
64357000
64357637
64358099
64364443
64366023
64375433
64382603
64383274
64387418
64393771
64396062
64397162
64399925
64400629
64405864
64415079
64417202
64418925
64426726
64426780
64427273
64429814
64437000
64437643
64438167
64455885
64462200
64466337
64468427
64470632
64471028
64476188
64478075
64481080
64482134
64491632
64497996
64498554
64519633
64539753
64548615
64549095
64550689
64551613
64554456
64554470
64555899
64558917
64559809
64561094
64564504
64567609
64567846
64578368
64579366
64581743
64585733
64585961
64586547
64587905
64589669
64596582
64596765
64600959
64604907
64604932
64605703
64607626
64619673
64620473
64623849
64624607
64625253
64625412
64625516
64639635
64641018
64662103
64663482
64664128
64666285
64671500
64676596
64676843
64680869
64681317
64685388
64705766
64707702
64710697
64717184
64729163
64735633
64740665
64741733
64742114
64744281
64747258
64755435
64756569
64764010
64764105
64767986
64772762
64785115
64785398
64786586
64791435
64793012
64795491
64808317
64808490
64809240
64814498
64818712
64822563
64824799
64824810
64825999
64826455
64827954
64831057
64832032
64832453
64843659
64851096
64852249
64853562
64858119
64859593
64859604
64862644
64863982
64869193
64876014
64882180
64885327
64888973
64893020
64894193
64896393
64899889
64900002
64900089
64903304
64903509
64904251
64905134
64907846
64909416
64916224
64919720
64926261
64926845
64930459
64931791
64931874
64933065
64934614
64946616
64948728
64950874
64954167
64956537
64958360
64959589
64969387
64969573
64980984
64985320
64985861
64986343
64986780
64989643
64996152
64997271
65001044
65005149
65012459
65014245
65027526
65027975
65031511
65034418
65040376
65049349
65054066
65056572
65057830
65071176
65075682
65077176
65079423
65082288
65082600
65082788
65085078
65086261
65089136
65090157
65090919
65092023
65092994
65096278
65096444
65096935
65098476
65103616
65104103
65106426
65106715
65113289
65123518
65129364
65132736
65133926
65136988
65146073
65148369
65149563
65155342
65157302
65157476
65158988
65159287
65159376
65161395
65162802
65165096
65165606
65169512
65174729
65176228
65177270
65183822
65185618
65186655
65195449
65201095
65201924
65202320
65210681
65213881
65215306
65217932
65226258
65226598
65226712
65230935
65235583
65236688
65238711
65241004
65241685
65244715
65245084
65246639
65249191
65251203
65251708
65256305
65257520
65261342
65268523
65268841
65269147
65274750
65274859
65276153
65279389
65280757
65282802
65286153
65302070
65304412
65305785
65306097
65307828
65310192
65312808
65315148
65315661
65315718
65316135
65319000
65323260
65326960
65330167
65331442
65340119
65342267
65342601
65353657
65354712
65362343
65374425
65377163
65379666
65380144
65383736
65388416
65388596
65391576
65398534
65398897
65400155
65400648
65400999
65401995
65403255
65404582
65405531
65409232
65416922
65418047
65422024
65425790
65429573
65432711
65433555
65435338
65435850
65437702
65438498
65439836
65442892
65443671
65443804
65447608
65448411
65448820
65454113
65457771
65475480
65482233
65483448
65489747
65490839
65493956
65496833
65499080
65500971
65501914
65504003
65505162
65518133
65519766
65520184
65524189
65527032
65530235
65531175
65534583
65540440
65542966
65546835
65548870
65551640
65551690
65558841
65560311
65560776
65562880
65564785
65567437
65570903
65573797
65580653
65581320
65582988
65586282
65589324
65591788
65594067
65600140
65602709
65605546
65606765
65608037
65610285
65628548
65640421
65642461
65643684
65646196
65646790
65648709
65649444
65654962
65656139
65664942
65670012
65673330
65674942
65678513
65679491
65681366
65687090
65706231
65706269
65711691
65713548
65716598
65717157
65718737
65720525
65721493
65726090
65727152
65728418
65732217
65732868
65734905
65736091
65738881
65744590
65745666
65752760
65752791
65753298
65761590
65765689
65767927
65772236
65773558
65775986
65776312
65782152
65784842
65785212
65787068
65787857
65789545
65793307
65799002
65802645
65807143
65809073
65818192
65821828
65839747
65842299
65842702
65860100
65869848
65878232
65878504
65888015
65900825
65902973
65904196
65904239
65904248
65908867
65910333
65911642
65912935
65914287
65916625
65919227
65926381
65929123
65929974
65933020
65934999
65942844
65945722
65946128
65948418
65949138
65951143
65951813
65956299
65959802
65961084
65967978
65968100
65972379
65978316
65978834
65982067
65982774
65984014
65986165
65990750
65994323
65995702
65995963
65996735
66000900
66005069
66006260
66012444
66017859
66024870
66025919
66027528
66027871
66032253
66032440
66037353
66041192
66042962
66044078
66044453
66048299
66049710
66053271
66053795
66059422
66063358
66079399
66085970
66090953
66093389
66098240
66098920
66101593
66108320
66109903
66114979
66115427
66115811
66120596
66125176
66127989
66128117
66129704
66130259
66130503
66134606
66139012
66141691
66142185
66144022
66144902
66145179
66150376
66152115
66156956
66159525
66167140
66176542
66180237
66183549
66189411
66192530
66192767
66197551
66198246
66199850
66212232
66213301
66215126
66216051
66222416
66223025
66233802
66248396
66249064
66254228
66256055
66256127
66258897
66262433
66262896
66270419
66279608
66279840
66280483
66281271
66288397
66289993
66299588
66300808
66301086
66302500
66309157
66309479
66314398
66314791
66317661
66329156
66329640
66330363
66336670
66336679
66338270
66341460
66349533
66353932
66354080
66355635
66357205
66357503
66357917
66358533
66359251
66364738
66371249
66371939
66379107
66380225
66386349
66389279
66399640
66405852
66406831
66406871
66421360
66423476
66425448
66433127
66433338
66444193
66444441
66447729
66448389
66452068
66453232
66454724
66455738
66464025
66464180
66488822
66495057
66496902
66496957
66499703
66501842
66502199
66504192
66505983
66508492
66510747
66523773
66524918
66533560
66543936
66545017
66548254
66551804
66554436
66558406
66559004
66559766
66559828
66560014
66569279
66571838
66573919
66575302
66576139
66580964
66586296
66588750
66596488
66597936
66598658
66599456
66602054
66613541
66616965
66618271
66618287
66619412
66621181
66624895
66627316
66628923
66633581
66634163
66645303
66646983
66650319
66657847
66660887
66662638
66662789
66662816
66667170
66674630
66679842
66680264
66685855
66685856
66692491
66696767
66696931
66703410
66723223
66724654
66726920
66726971
66730514
66733432
66733874
66734163
66734626
66737002
66739087
66743586
66748844
66763258
66766553
66766685
66767330
66770406
66771013
66777600
66777738
66783675
66784477
66788231
66792263
66792397
66793665
66794177
66800627
66801322
66801755
66805880
66806663
66812244
66813642
66819561
66820459
66821320
66823019
66826334
66827426
66827505
66827814
66831628
66832135
66834669
66835517
66835602
66839052
66841416
66843737
66843784
66845437
66846953
66858272
66858669
66864297
66864899
66869586
66877267
66883283
66883872
66888140
66888794
66890240
66892470
66898380
66911010
66913159
66918197
66918443
66923671
66925743
66930183
66932137
66932509
66936531
66937095
66940355
66944756
66945293
66947230
66949783
66959218
66964932
66969184
66970211
66974051
66979141
66984890
66987577
66989635
66990110
66991656
66993934
66994068
66998617
67000966
67001155
67002470
67014352
67014816
67017279
67017940
67018820
67021980
67024904
67026660
67031043
67038100
67039010
67040208
67040430
67042903
67045560
67045866
67045968
67048807
67050469
67051409
67059037
67066753
67069761
67071911
67074629
67079630
67086786
67089348
67090673
67091097
67091241
67091336
67093048
67096735
67097825
67100178
67110428
67113404
67113606
67118628
67119581
67119607
67122525
67124544
67125500
67128114
67139984
67140549
67147495
67148738
67150347
67150694
67152121
67152983
67154906
67157610
67157948
67160911
67160991
67163774
67163865
67164023
67166780
67170534
67178399
67182455
67185165
67186255
67187855
67190252
67192708
67200737
67201283
67211037
67214481
67215067
67217178
67217689
67219422
67222302
67226608
67228458
67240792
67244383
67249208
67252245
67253252
67256445
67262286
67263404
67269063
67276154
67276442
67277510
67280043
67283685
67284326
67289502
67305655
67310448
67310587
67311263
67311869
67320003
67325832
67337520
67341984
67342401
67343105
67343214
67344821
67345963
67348185
67349020
67352573
67356097
67356516
67359546
67359783
67367600
67369776
67375423
67379174
67381466
67383796
67387522
67387545
67388296
67394344
67395212
67395687
67396636
67398351
67399646
67406478
67409449
67410854
67416021
67424618
67431628
67433281
67436015
67441744
67442058
67443095
67444434
67445240
67451617
67456028
67456703
67461461
67461594
67463537
67472575
67477787
67482690
67485044
67487418
67487800
67492337
67493055
67497432
67497830
67502844
67506332
67506349
67507748
67508507
67513257
67516665
67519205
67520626
67522195
67523438
67530828
67535995
67536427
67543403
67546642
67551587
67553977
67555235
67556889
67564145
67564768
67567942
67569595
67573341
67577986
67580096
67581133
67586015
67588877
67589903
67592267
67607232
67611462
67617336
67618569
67620367
67628712
67630384
67638582
67649697
67661611
67662754
67671390
67672678
67674150
67674859
67675082
67685101
67685487
67687166
67694100
67695011
67704779
67704896
67705103
67706448
67711064
67712281
67712582
67714159
67720081
67723884
67724879
67725223
67728115
67729815
67731771
67736183
67736667
67737319
67743503
67743863
67746295
67746706
67750283
67751878
67752837
67756450
67756812
67757236
67757814
67767954
67768882
67768984
67771253
67773567
67775489
67778113
67778172
67778387
67787067
67787400
67789682
67790949
67797313
67797371
67803520
67805209
67808084
67808550
67810303
67810352
67810400
67822003
67826945
67835695
67839617
67840863
67841045
67844073
67846329
67855752
67859816
67861054
67865971
67874232
67883792
67884922
67886367
67891216
67893519
67901842
67904409
67906616
67907136
67911369
67917755
67920495
67924519
67927543
67927736
67928217
67935387
67937307
67946964
67951435
67954584
67959380
67960101
67962907
67963772
67966219
67970202
67973577
67977393
67985852
67987153
67991942
67995300
67998814
67999611
68002880
68008607
68012062
68019783
68020580
68023929
68024500
68031911
68032860
68033946
68035632
68038255
68038365
68040639
68042771
68046744
68047112
68049753
68050883
68050893
68052786
68054359
68057761
68057933
68059874
68065424
68067675
68068101
68070716
68074548
68076105
68083257
68086172
68086197
68089127
68093129
68094374
68096399
68102588
68104789
68107148
68111317
68116845
68121912
68126905
68127174
68128135
68129528
68131460
68137880
68141962
68142018
68150014
68153296
68155936
68156148
68166262
68168179
68175079
68181243
68185929
68191042
68191461
68193736
68194123
68195057
68202546
68206644
68208074
68208672
68212377
68213089
68216171
68220435
68223320
68225400
68232514
68233365
68237411
68238358
68239714
68241024
68244014
68244977
68247091
68248910
68251621
68255366
68256885
68257592
68258950
68259980
68265498
68267658
68269402
68274297
68274985
68277812
68277920
68279033
68280671
68283819
68287093
68287286
68291108
68291868
68294154
68296001
68296485
68303625
68307151
68308214
68308244
68309258
68313535
68314764
68317472
68320158
68327502
68334827
68338419
68340330
68340403
68346436
68349339
68354800
68355370
68359673
68361231
68365890
68369168
68372922
68374289
68393905
68394474
68396217
68397925
68398652
68399186
68400164
68402097
68407284
68409397
68414031
68415834
68416459
68424097
68425186
68428090
68430159
68441083
68444729
68446081
68447194
68449194
68449430
68450486
68451211
68464915
68468642
68470369
68470766
68473272
68474398
68477179
68479025
68488131
68490241
68494240
68494625
68494658
68496938
68499105
68499884
68511468
68516432
68528305
68528861
68534605
68538530
68541242
68542659
68543955
68548381
68550082
68551562
68551774
68553616
68557471
68558530
68565743
68567072
68571346
68574360
68583431
68588131
68590133
68593477
68601021
68604077
68605627
68608039
68609666
68614449
68623238
68626384
68630643
68636281
68637491
68639225
68640031
68649011
68650386
68657899
68664262
68664716
68671942
68676390
68687731
68690215
68694902
68695880
68701675
68704182
68704661
68708717
68710165
68711849
68715534
68720504
68727550
68728142
68737193
68740064
68746016
68746148
68746416
68748874
68749603
68756628
68760350
68763944
68766003
68767350
68773630
68776501
68779347
68781791
68785491
68787256
68787924
68791442
68822676
68824037
68830949
68831190
68833163
68839648
68839969
68840923
68845579
68846237
68846468
68848216
68850512
68850656
68853354
68854353
68854897
68858278
68860569
68862690
68863207
68870764
68872448
68875271
68877665
68883280
68885454
68890784
68892275
68898894
68899062
68900944
68902879
68905458
68906125
68906529
68913098
68922764
68923347
68923698
68925680
68928111
68928285
68937074
68938615
68938706
68939162
68939217
68943199
68943584
68943996
68944994
68946806
68948269
68951947
68954660
68955739
68967678
68968454
68970353
68977045
68979704
68980404
68982489
68988049
68991097
69004624
69004950
69007918
69010029
69010096
69010286
69011026
69021087
69027430
69028950
69030537
69030990
69034969
69035632
69035823
69039840
69045186
69048551
69050280
69073479
69074620
69075248
69077282
69082483
69087051
69096276
69100011
69103253
69104693
69107588
69111231
69118527
69121330
69130183
69135409
69140976
69141307
69142187
69146675
69147581
69153475
69156796
69160392
69161063
69161344
69167047
69167308
69168644
69168731
69173206
69175310
69175674
69181478
69186356
69190887
69191206
69204765
69210558
69211405
69218297
69222624
69225278
69227232
69228401
69231600
69235869
69236320
69238306
69242345
69243141
69251791
69252675
69254350
69255203
69256773
69258327
69259050
69259436
69260685
69261004
69265617
69267334
69272514
69273216
69277722
69280420
69285485
69286555
69292586
69293404
69306123
69308192
69311270
69311499
69315229
69316073
69317056
69320326
69320701
69325939
69329282
69334452
69337682
69341194
69341690
69341706
69350941
69352769
69355342
69359281
69364990
69371523
69373458
69374229
69374460
69378803
69379812
69381870
69382494
69388111
69389043
69389432
69392737
69395773
69396301
69401884
69404064
69404381
69409462
69410624
69414859
69424774
69429290
69433900
69442521
69445516
69448866
69452160
69458953
69461142
69465577
69469803
69471584
69472002
69473254
69475794
69486218
69499777
69502969
69513164
69513180
69517571
69522921
69526155
69527294
69527671
69530855
69538359
69540774
69543874
69545750
69547797
69550572
69552187
69563295
69568223
69578196
69580732
69589092
69594729
69594880
69600969
69610562
69626366
69628874
69630931
69641314
69642232
69643460
69644310
69652979
69658390
69668448
69670805
69675191
69684176
69686422
69686606
69687041
69687809
69689334
69689673
69694670
69695631
69703428
69708943
69710569
69718715
69726997
69735091
69735738
69736135
69737494
69739572
69740354
69741655
69742556
69743211
69743267
69751452
69753737
69754631
69755172
69758199
69765343
69770565
69771679
69794633
69800362
69814950
69816299
69830969
69836790
69838059
69842107
69842746
69844407
69853810
69854219
69854268
69856631
69863888
69864223
69864802
69867944
69868295
69868516
69872655
69881926
69889213
69902648
69908141
69908998
69910220
69910383
69921177
69921430
69921671
69922973
69923699
69928807
69934471
69949420
69952345
69954540
69954663
69958117
69960297
69964915
69965763
69971737
69981764
69983450
69993003
69994562
69995758
69996751
70002914
70007085
70012610
70018610
70020995
70026110
70028505
70035371
70039085
70044854
70044943
70045016
70059100
70059348
70062468
70063216
70064677
70066312
70068021
70069783
70070652
70071960
70085548
70086963
70087009
70094381
70097795
70097938
70105524
70106142
70106740
70107255
70110313
70114469
70115289
70122080
70125675
70133003
70138906
70140311
70145243
