2784044
3272081
3367948
3423569
3457772
3850489
4060273
4177456
4184048
4242035
4278314
4283711
4453417
4520707
4529613
4581153
4595144
4606708
4614601
4882241
4934423
4942390
5031240
5078265
5097775
5186763
5210669
5228169
5401273
5438694
5482530
5528026
5583838
5600243
5737782
5755974
5762903
5817267
5830787
5918176
5921925
5934088
5963362
5976150
5990285
6020771
6022846
6062402
6066189
6075622
6154914
6180881
6271148
6297267
6367327
6373245
6467084
6498182
6573545
6591118
6622562
6624589
6654680
6695851
6739666
6770120
6783912
6816045
6852661
6872876
6875404
6944859
7013538
7040029
7088583
7104869
7250622
7352280
7372153
7382931
7451046
7451688
7512358
7527995
7609502
7616708
7621979
7646375
7716643
7861782
7907369
7909248
7950880
7954314
8024708
8048382
8116827
8120483
8127042
8410579
8447217
8497958
8680325
8833187
8928957
9198240
9285697
9600858
10674040
10681672
11134517
11186348
11333676
11456724
11483009
11484567
11575730
11694443
11782224
11805489
11873351
11879249
11925861
11966283
11993475
12000841
12019334
12036342
12081235
12082791
12093971
12102804
12129559
12145209
12167285
12169240
12222426
12293298
12303930
12372506
12389401
12392413
12396476
12415124
12478164
12492069
12508441
12558946
12578570
12627810
12638393
12646441
12655413
12661067
12678078
12680336
12701931
12706759
12718496
12724040
12728870
12757902
12786500
12880336
12888983
12917445
12940288
12953982
13137333
13261401
13282241
13348545
13515265
13554110
13591164
13630811
13723367
13769980
13820966
13854845
13997921
14122396
14501929
14569802
14881452
14904839
15006066
15071270
15170797
15341454
15388748
15390211
15394665
15473651
15510356
15512150
15513142
15704627
15724630
15757098
15811465
15824370
15848880
15987751
16039758
16125616
16196366
16260082
16262997
16287706
16289608
16357004
16418447
16425008
16456817
16459451
16500426
16611211
16618481
16658308
16671113
16679204
16679508
16680606
16686688
16687103
16749650
16775022
16783436
16833196
16833690
16840952
16919657
16948243
17013355
17092522
17158084
17168047
17172762
17343769
17352349
17377054
17497523
17521916
17533059
17536486
17549814
17579586
17597486
17608209
17619244
17663848
17685218
17685889
17715197
17748974
17769158
17770242
17778915
17787862
17793107
17812318
17870405
17966698
17995853
18027730
18041181
18042651
18049538
18064762
18074976
18104642
18118440
18124166
18169441
18181472
18200209
18223013
18260828
18330721
18357015
18365438
18382306
18393277
18396924
18450258
18477329
18504525
18620780
18664063
18743021
18753648
18768098
18775796
18791602
18832267
18877133
18940413
18961043
18980250
18995359
19059251
19085671
19103580
19111879
19137090
19155420
19156213
19163907
19242718
19250207
19275803
19316274
19401737
19436020
19498863
19579010
19644767
19664466
19667373
19694417
19741478
19754451
19757103
19766129
19790652
19800167
19814327
19815543
19835056
19839868
19858601
19860527
19884214
19962342
20078884
20095628
20114961
20115817
20155596
20166612
20178038
20248162
20249159
20253634
20254823
20265555
20352198
20398800
20412269
20413282
20481013
20538506
20539665
20574726
20622082
20633440
20638357
20658486
20669315
20745497
20751929
20771986
20816430
20855908
20899751
20904836
20913463
20982128
21042854
21103399
21230037
21292514
21294741
21326188
21495388
21514140
21534664
21539782
21677663
21702300
21727363
21799433
21801152
21863649
21912466
21927923
21930939
21953226
21971096
21988933
22019585
22057626
22063622
22133437
22136518
22191956
22203931
22312921
22356217
22365045
22381388
22410360
22461902
22519774
22526338
22530358
22583493
22648236
22674507
22698010
22805011
22817054
22868923
22902594
22949482
22993674
23065983
23082035
23112554
23212742
23354033
23364873
23395838
23402424
23414226
23488617
23501004
23509362
23532193
23540095
23546392
23611868
23623949
23713306
23729299
23740558
23744665
23747445
23860006
23901670
23946224
23986602
24079441
24146802
24153437
24237788
24276859
24287491
24309294
24320736
24358597
24412042
24413667
24429780
24468248
24523824
24528421
24548006
24644160
24705625
24805984
24833850
24835613
24841593
24899088
24994541
24994700
25003535
25124455
25146389
25193741
25196433
25316970
25348690
25376398
25454268
25483022
25497969
25532613
25544197
25631736
25642336
25645628
25675509
25678432
25734875
25748495
25769618
25798788
25818933
25879943
25931997
26019892
26021303
26094417
26165439
26190381
26239870
26341851
26358732
26456753
26508685
26680856
26687548
26697243
26716218
26818111
26927070
26987070
27003994
27018101
27038172
27083602
27083610
27172414
27298253
27333708
27340476
27615540
27644127
27646841
27648293
27704703
27731960
27745005
27747017
27781113
27811091
27839854
27853848
27900606
27964979
28025107
28053468
28114110
28174499
28202179
28215257
28255841
28296731
28341442
28343281
28385353
28422208
28464252
28503714
28589344
28643917
28733846
28769104
28792442
28838302
28849796
28880712
28935763
29043276
29061107
29100973
29102459
29114530
29115077
29159654
29194157
29364425
29448876
29468079
29509598
29545582
29565310
29584102
29588105
29654666
29677637
29682776
29707099
29716990
29820638
29830250
29831164
29852280
29852829
29967427
30024515
30043236
30128076
30159854
30197100
30314103
30336528
30345724
30417589
30431151
30434591
30445259
30446053
30446968
30453801
30486397
30507033
30576140
30671997
30732948
30747913
30817031
30827640
30833015
30882098
30926725
30937001
30939931
30941867
30993634
31019156
31042720
31122168
31267408
31301723
31344191
31351201
31352931
31356996
31360577
31504831
31552391
31569121
31707135
31810011
31837047
31907247
31961438
32019330
32024021
32039585
32081331
32116577
32171416
32186697
32200036
32241268
32263343
32284470
32324627
32330141
32521645
32620668
32621628
32646937
32721611
32733017
32747084
32780385
32785485
32791558
33144418
33167772
33205211
33289909
33299497
33312788
33389743
33507997
33523202
33607631
33749634
33772228
33990734
34089267
34089858
34172641
34185346
34253675
34308315
34344301
34406862
34420180
34427981
34428190
34442790
34552609
34569813
34638146
34702026
34727137
34834965
34839216
34962459
34974254
35012920
35022581
35173291
35209274
35214767
35247713
35273406
35298721
35336293
35485194
35521230
35555026
35573844
35686752
35772611
35796782
35799029
36002446
36107404
36172277
36219289
36276968
36314263
36326742
36360991
36396215
36425549
36466220
36475008
36638562
36650496
36652880
36660486
36661522
36665315
36689298
36699582
36826758
36883016
36927778
36934375
36957384
36992728
37029850
37072466
37124657
37128357
37157416
37167469
37253867
37429029
37482125
37488888
37548681
37597909
37644521
37649360
37690344
37787780
37801360
37828875
37899051
37919507
37946832
37955015
37986147
37986818
38055091
38088667
38114450
38155746
38166612
38189741
38289958
38303527
38430216
38479222
38502910
38520962
38669308
38690339
38751751
38762797
38790582
38820638
38954827
39068421
39070921
39109714
39118617
39157166
39168928
39184784
39211003
39212980
39242097
39243660
39304477
39308920
39358721
39375076
39408851
39430549
39453994
39461301
39551035
39621066
39627491
39629478
39850335
39867968
40046059
40086741
40093717
40224758
40441247
40478088
40492765
40500822
40605117
40714136
40847690
40862067
40876085
40895232
40911768
40924474
40951218
40989590
41035183
41036679
41241373
41289305
41374191
41382981
41413480
41455543
41470507
41484538
41678440
41717301
41723852
41797923
41973698
42125306
42131486
42165933
42178154
42201852
42254717
42399778
42470859
42524746
42542341
42563679
42741524
42767226
42803751
42843195
42851951
43013166
43057083
43167681
43197734
43237884
43254750
43261038
43282420
43297089
43387557
43426518
43430835
43453823
43519803
43523127
43592267
43617776
43642679
43674609
43693596
43858154
43867724
43907522
43967449
44075734
44157996
44217680
44231978
44352014
44366794
44468951
44545117
44614146
44627078
44710974
44713305
44725007
44745490
44936596
44960879
44986432
45087630
45201022
45313196
45368558
45408084
45482768
45489311
45537803
45565920
45566472
45605533
45727888
45928664
45976940
46063123
46071911
46072478
46073721
46134898
46149560
46211045
46304258
46416731
46441467
46479551
46488090
46501515
46574650
46652452
46843435
46903537
47077805
47199867
47243591
47246112
47248824
47257532
47265345
47313758
47388766
47397666
47404991
47407657
47436375
47515395
47522347
47554718
47616229
47680609
47686719
47706027
47908715
47968962
47982164
48029527
48070457
48084119
48097760
48098336
48161431
48192552
48328739
48352161
48356480
48368143
48385943
48463707
48492878
48668307
48960818
49004865
49075963
49121544
49176448
49178537
49276023
49278031
49283279
49300044
49316128
49350425
49445581
49569300
49588049
49597088
49668238
49704784
49716102
49765603
49833565
49899049
49974141
49986085
49999449
50040344
50083359
50167651
50203228
50230884
50580095
50597244
50617500
50645006
50843589
51153539
51260149
51308685
51327086
51426250
51467447
51573425
51658828
51686359
51697270
51806004
51917793
51933058
51942538
51974561
52152672
52160154
52182136
52231896
52277100
52408000
52425731
52430287
52495043
52650230
52725292
52830792
52857600
52928126
53003566
53049244
53061088
53151171
53232178
53233116
53304849
53352128
53409775
53499406
53594752
53627456
53691616
53698269
53725446
54001425
54075640
54186744
54289632
54358034
54443501
54648313
54843493
54912314
55042744
55151184
55205456
55323160
55336461
55387650
55445102
55545362
55633230
55725102
56016758
56018969
56055451
56463510
56527123
56529991
56556570
56583412
56734803
56739480
56819526
56915297
56918414
56951007
56983078
57015256
57051489
57058600
57071685
57173509
57252427
57352253
57373500
57599613
57650336
57728632
57814692
57883173
57897629
57951363
57968763
57972892
58109811
58118337
58216169
58466835
58488662
58534204
58549538
58549656
58635081
58641369
58794743
58911963
58935342
59009804
59071410
59127734
59178318
59199890
59215170
59255071
59349383
59400773
59541816
59779940
60442059
60805717
60881228
60959625
61030097
61113652
61169670
61201798
61235645
61271339
61446651
61681008
61802790
61818482
61947783
61991588
62526228
62555474
62586616
62635812
62716926
62722296
62772057
62894571
63039306
63220313
63256728
63274994
63279323
63362755
63438925
63513877
63600755
63771631
63776434
63958994
63998305
64174270
64186191
64256921
64279213
64294505
64457693
64470330
64588443
64956250
64962362
65054066
65174729
65214548
65315661
65322997
65340529
65378567
65392232
65578865
65663035
65779550
65830460
65873461
66241152
66287804
66519570
66567209
66582898
66628450
66668706
66723223
66845437
66873894
67025855
67059280
67124544
67125500
67299727
67307285
67374285
67587255
67698842
67916554
67949934
67992100
68042786
68056384
68114268
68191385
68291108
68300301
68387527
68482418
68490243
68593477
68634300
68677347
68756628
68790091
68954511
69048227
69198904
69250657
69379812
69418410
69433246
69581138
69811502
69867877
69922049
70262269
70317974
70380695
70473329
70487380
70509259
70563845
70654159
70741152
70788268
70837421
71043786
71087960
71101072
71197211
71206608
71270524
71447341
71506643
71522269
71544028
71609008
71644696
71690038
71800542
71863446
71879990
71933130
72006386
72031936
72033495
72257407
72382985
72443580
72508292
72543448
72572123
72615519
72702199
72723200
72837709
72844847
72853959
72857108
72976460
73058805
73122775
73221859
73339370
73477619
73785265
73830747
73894353
73908481
74002778
74033588
74129881
74216234
74244276
74706996
74804463
74848206
74922147
74926001
75119748
75158454
75263673
75745934
75850016
76002764
76064289
76148608
76181785
76228847
76267260
76300060
76623115
76660370
76692886
76752600
76968068
77032017
77142152
77273803
77370078
77371795
77409071
77465459
77475920
77787949
77811850
77894654
77967989
78107803
78242001
78366339
78404178
78537871
78582604
78650455
78729697
78858250
78892881
78903927
79002297
79071570
79095670
79118181
79119654
79254192
79277445
79307445
79376714
79410294
79436611
79477316
79599836
79656211
79658000
79813070
79813591
79873925
79883756
80005389
80020104
80107403
80239559
80325527
80408122
80464371
80493600
80503512
80671083
80671339
80703569
80878599
80880271
80991921
80998446
81040151
81048649
81083855
81122021
81136638
81155572
81274327
81276833
81701692
81759565
81825917
82075816
82083446
82091202
82129709
82182494
82303881
82339958
82500002
82600537
82817988
82818389
82873776
82908659
82980949
83035627
83095881
83121142
83122317
83127364
83164777
83285202
83323276
83345678
83485102
83509876
83539722
83647295
83649919
83687420
83735532
83887748
84113135
84246122
84282402
84314047
84328914
84359460
84365959
84392850
84395716
84412168
84454240
84488727
84589048
84592203
84728826
84829690
84914529
84916837
84932962
85050168
85240421
85332456
85388449
85460470
85503377
85549172
85582793
85686889
85746311
85797541
85918985
86101992
86271660
86420744
86449604
86458173
86458363
86468534
86495393
86541255
86543885
86660727
86762440
86871995
86899963
86901111
86955087
87172190
87219248
87229829
87364405
87417468
87452811
87654310
87680538
87683432
87685343
87803255
87833176
88020997
88077919
88107899
88152077
88172090
88188129
88338328
88486446
88632431
89084766
89100614
89113558
89116381
89172646
89208805
89309431
89348898
89567689
89587720
89852986
89926746
90227955
90280104
90470301
90507377
90509946
90512104
90638213
90886048
90893566
90999285
91067825
91141565
91181431
91262372
91269798
91351190
91443839
91495494
91647608
91660837
91667329
91758535
91882085
91913429
91918361
91958270
91992414
92077829
92172509
92248727
92407580
92415330
92561854
92739850
93021854
93209729
93563789
93821695
93828058
93844873
94024991
94053024
94067017
94153449
94194068
94631357
94680215
94860183
95911254
96075993
96412234
96629616
96741007
96780326
96794458
96825950
96869797
96890433
97328487
97330082
97341411
97372073
97423301
97427911
98075824
98204176
98219426
98320384
98384484
98390456
98428688
98465124
98493304
98823022
98906014
99192590
99407355
99533761
99570011
99634023
99814502
99845091
99951091
99955104
99955910
100132860
100282422
100601557
100770039
100935296
100944499
100979355
101030711
101080607
101255280
101303025
101472096
101482630
101491585
101537074
101595727
101658487
101799127
101944294
101990764
102090768
102255834
102288978
102420561
102521537
102624503
102726858
102727900
102750215
102909248
103009043
103063923
103110060
103250092
103295478
103768622
103828070
103854627
103919415
103927794
103953455
103983092
103985019
103985902
104013950
104247107
104253065
104283696
104409071
104414031
104439247
104465025
104500873
104658002
104672902
104684944
104694178
104900800
104967623
105077199
105114467
105285214
105293896
105412305
105492688
105543041
105816984
105821555
105950737
106163636
106318876
106439209
106466061
106475568
106512900
106590519
106653453
106655207
107148200
107209428
107259606
107293274
107304173
107403087
107479826
107507289
107566739
107659128
107677033
107859177
107865190
107922953
107945373
108096503
108298046
108429780
108646473
108694265
108725589
108779384
108927926
109255150
109537903
109642457
109934042
110048722
110079640
110178013
110266424
110341944
110496009
110626558
110784609
110807595
110904583
111023806
111065413
111079811
111125628
111128060
111211759
111212618
111424496
111434656
111476130
111628870
111660683
111820547
111836053
111922154
111964044
111985392
112026978
112102843
112190954
112197627
112284989
112290742
112331163
112343289
112355175
112432655
112533769
112596953
112621491
112638080
112678232
112758025
112843922
112867662
113078369
113185849
113203499
113389923
113436827
113550554
113580605
113660129
113678778
113770083
113888451
114037061
114099924
114121221
114246123
114348284
114379791
114570263
114660670
114799807
114800879
115093124
115169609
115258815
115300908
115392810
115477442
115477586
115551494
115573000
115726434
115780348
115801545
115826166
115898055
115922889
115932466
115943529
115989848
116160333
116214275
116217234
116296931
116384525
116395921
116430845
116460692
116594069
116760556
116786383
116867969
116877609
116951377
117003286
117070933
117141439
117161508
117344127
117383933
117557651
117647583
117735992
117744463
117891530
117893810
117909817
117927020
117931902
118014043
118081992
118088622
118111227
118165107
118262393
118269289
118328234
118434649
118625370
118687814
118718890
118728586
118784762
118813659
118840818
118909814
119208268
119252437
119425207
119506717
119548807
119667135
119704695
119788716
119795425
119955833
120023703
120565121
120671577
120736230
120850313
120864589
120919678
120926872
121077733
121699410
121992889
122042754
122076116
122101391
122109923
122115563
122124847
122131722
122153829
122259540
122260971
122431500
122705816
122714263
122782156
122821329
123053297
123114360
123434354
123504960
123547119
123722906
123799453
123968319
124005363
124091112
124151347
124433552
124533247
124724148
124758245
124860409
125107165
125135398
125145858
125207595
125226033
125371993
125410779
125731049
125835993
125857602
126100909
126101811
126211270
126394157
126534744
126546057
126574625
126620816
126703633
126710025
126731649
126741410
126848811
126980469
127215937
127218850
127554847
127558151
127596923
127597328
127761314
127770747
127842341
127849687
127855754
127895002
127967831
128208995
128233949
128256847
128283480
128289585
128384689
128553097
128620863
128800476
128917400
129140802
129167660
129169753
129173603
129251042
129320857
129523818
129585022
129774252
129788807
129854503
130117525
130122890
130194901
130318252
130344080
130363884
130383796
130444463
130463233
130571068
130598326
130621209
130757102
130765810
130832643
130960436
131404630
131655547
131676451
131810697
131924245
132127942
132473750
132513730
132544754
132609370
132803772
133069691
133097167
133369661
133775734
134009164
134113037
134268481
134370583
134438553
134562223
134635208
134678667
134887078
135151242
135391595
135476892
135517968
135644659
135801397
135852087
135878878
135931837
135976011
136005664
136060228
136243291
136338309
136465178
136553536
136625013
136687905
136814745
137203677
137246848
137397320
137402053
137436353
137814314
137951929
137969055
138148259
138200134
138228477
138253386
138293929
138309808
138319083
138583056
138651650
138693018
138696951
138793492
138909912
138928779
138994080
139022228
139032509
139057806
139301129
139372251
139459613
139912703
139927840
140306916
140394800
140409214
140478662
140535929
140754346
140802269
140912197
140969769
141027926
141050373
141235901
141461424
141649984
141681471
141723669
141778690
142080300
142108977
142171154
142201232
142258096
142499691
142589747
142599139
142746319
142945347
143173275
143292958
143441112
143583078
143763646
144061830
144317430
144326338
144331152
144392399
144585419
144686873
145035943
145121502
145253130
145292246
145447837
145457166
145576815
145752253
145752349
146142648
146152022
146173960
146321107
146612078
146625280
146627093
146854642
146890139
147202458
147306754
147381063
147513760
147593764
147701109
147820573
147957233
148173338
148236431
148265472
148319392
148347534
148424300
148745336
148967921
149277530
149504191
149642502
149660511
149672749
149732869
150006899
150127459
150144651
150700234
151097720
151174167
151263516
151276192
151460291
151762994
151867903
151988590
151997703
152036543
152743176
152869893
152905969
152978351
153053828
153185423
153246321
153332627
153405388
153509312
153550716
153625789
153901055
153905882
154062204
154149766
154243074
154289814
154302076
154328755
154341183
154378931
154408150
154522759
154660663
154760934
154950425
155013812
155275724
155424900
155952307
155954608
156008202
156058366
156241840
156278735
156612640
156748297
156760240
156764072
156775785
157090167
157117101
157210346
157339033
157407081
157436843
157839752
158024007
158118886
158375957
158399377
158471274
158486214
158538190
158708938
158920044
159032577
159124877
159367643
159528387
159760998
159910714
160031668
160036567
160097239
160146836
160215454
160836908
160947374
161147895
161824437
161837403
161929177
161954811
161959503
162018811
162332791
162450508
162729196
162956036
162956572
162998283
163164857
163188038
163381988
163383549
163404831
163534563
163563064
163650779
163920933
163992701
164009954
164026272
164061732
164204314
164260289
164410213
164502778
164569044
164869048
164878454
164919755
165059523
165170695
165174204
165268313
165274994
165396810
165488879
165550971
165589233
165598708
165704655
165722012
166108317
166115435
166278917
166330143
166475114
167041851
167089443
167141678
167282307
167422386
167613051
167713878
167736468
167789630
168197037
168204274
168296820
168326353
168357810
168685656
168935585
169035042
169092777
169116254
169544767
169592394
169653390
169671784
169890521
169974814
170693954
170726370
170787090
170839765
170875009
171017495
171033007
171067176
171087987
171105209
171405772
171449547
171584608
171621894
171674059
171929413
172012166
172142957
172223023
172339761
172347495
172378858
172403434
172469860
172724704
172818543
172869967
172902242
173056914
173256753
173266140
173407436
173463405
173502315
173507904
173641100
173749043
173815784
173983781
174055890
174066576
174263220
174392817
174490217
174493505
174536166
174549921
174553663
174602228
174654453
174832297
174893259
175108977
175209389
175393194
175404772
175454532
175594053
175602554
175762690
175764787
175839073
175896545
175960523
175971292
176069039
176106196
176117814
176175572
176337053
176403073
176406625
176689692
176931678
176959651
177291722
177397300
177456692
177470878
177552705
177805381
177964683
177969768
178006654
178289335
178302968
178305710
178399580
178434501
178491400
178531030
178701155
178721261
178772573
178820017
178847824
178850377
178877251
178966132
179037193
179119898
179191283
179212143
179294423
179311331
179492811
179600852
179608183
179687195
179989861
180192235
180247281
180388690
180592456
181128269
181148910
181172111
181537194
181544931
181692912
181708109
181715484
181748365
181765868
181786637
181904738
182070353
182094260
182117712
182299623
182353773
182377561
182438006
182613590
182664231
182675271
182682329
182756527
182787304
182799109
182889613
182932462
183000944
183039162
183110032
183374569
183395959
183427915
183627352
183678566
183786543
184332399
184369457
184570757
184606166
184706690
184846282
184983547
185056102
185194506
185243050
185623965
185733363
185734821
185981020
186020077
186043217
186115164
186316866
186566420
186732047
186758022
186878633
186919503
187132665
187209080
187223013
187223015
187251146
187395890
187416435
187532876
187543224
187636353
187785364
187824189
187892199
187914023
187991706
188131459
188146762
188273568
188356295
188486452
188496721
188580883
188601037
188629775
188664693
188865679
188947454
189051475
189135048
189188752
189276504
189450873
189463617
189479910
189584001
189678021
189881323
190049141
190111019
190138812
190175490
190359658
190432982
190494215
190539553
190681324
190913865
191097871
191111453
191135320
191207906
191209704
191217539
191219955
191233153
191290331
191345871
191582857
191677963
191707447
191790141
191844998
191851298
191943152
191980389
192008264
192019985
192073502
192136215
192415836
192440019
192457307
192511973
192538834
192781583
193003797
193045917
193051793
193114134
193131090
193143504
193156887
193383969
193384687
193574286
193811991
193879219
193918224
194028210
194036115
194102387
194119887
194159119
194304787
194357366
194367986
194443471
194493783
194612097
194621773
194722892
194755759
194909183
194956655
194973364
195044893
195098611
195128866
195224838
195227031
195271117
195325612
195355558
195375540
195471439
195536077
195555871
195641778
195655970
195826900
195861807
195867314
195904482
195943730
195983247
196005267
196071377
196113963
196118193
196191651
196367234
196439697
196539372
196617759
196718986
196929791
196958612
196995944
197093880
197108453
197138613
197146085
197228321
197266181
197298808
197309670
197502597
197620806
197661893
197792277
197898790
197902174
198020876
198099751
198234887
198252498
198253244
198304515
198314316
198417780
198428842
198527874
198560276
198579852
198616734
198690254
198748455
198778790
198813519
198819530
198876823
198935862
198938484
199165988
199196220
199420689
199435750
199500117
199618902
199807885
200147461
200154711
200297817
200387542
200453125
200552395
200691041
200703877
200736777
200776181
200852905
200864437
200872666
200919309
201020550
201229350
201298873
201308832
201461117
201510124
201635972
201642101
201709015
201760584
201774156
202180702
202402996
202429094
202474601
202628158
202663524
202678590
202729536
202833559
202852502
202856088
203155131
203234525
203269242
203307689
203354441
203452522
203638076
203821750
203859014
203945627
203975197
204050025
204072023
204102890
204114058
204180100
204185464
204203977
204273546
204280265
204295517
204306820
204323224
204372535
204438658
204443626
204563165
204572887
204754570
205040023
205060809
205108521
205161019
205218148
205268770
205287971
205421442
205520695
205557023
205562072
205609610
205688488
205881480
205949379
206126856
206147240
206155112
206178472
206227672
206404169
206488605
206811363
206902464
206957147
206962460
207045029
207066408
207091655
207135894
207209345
207302377
207310569
207368932
207461530
207538040
207554919
207555239
207586360
207701690
207744505
207748670
207881735
208018082
208056707
208106312
208138112
208432355
208449722
208649251
208693567
208720413
208806210
209101339
209205211
209258135
209456165
209485984
209520550
209603046
209623778
209656935
209663615
209695552
209926758
209931800
210051140
210062267
210237638
210559613
210566301
210629061
210745316
210797915
210865217
210873629
210899336
210938471
210960730
211211480
211286392
211319780
211469284
211489497
211537829
211545893
211601189
211632441
211641828
211820486
212007207
212030753
212164130
212178983
212186500
212385056
212528838
212679366
212859684
213105118
213120188
213189413
213208801
213369477
213489563
213646277
213648923
213721692
213734682
213823397
213851522
213946618
213975868
214032325
214156793
214292251
214338852
214565883
214566244
214661317
214846660
214860001
214871580
214968645
215068130
215093765
215254789
215463194
215511133
215513251
215638044
215723330
216019357
216037406
216135268
216203802
216310532
216351906
216562020
216627838
216887579
216985346
216994307
217038620
217187132
217475836
217506239
217628033
217628061
217667773
218097820
218118588
218367747
218412963
218514274
218720322
218794781
218943301
219282625
219478113
219526819
219527842
219691135
219800604
219875971
219933954
219998556
220044769
220358397
220535108
220555650
220564450
220733055
220851907
220939072
221137789
221479485
221601057
221719648
221812701
221942915
222236606
222238497
222501378
222584384
222899553
223088800
223321634
223374079
223431871
223439935
223537730
223842561
224019839
