3457772
3850489
4177456
4242035
4278314
4581153
4942390
5078265
5087366
5097775
5186763
5210669
5348625
5505378
5543192
5583838
5615070
5721549
5722183
5830787
5931792
5963362
5976150
6020771
6200618
6271148
6293842
6714186
6737628
6852661
6875404
7104869
7111976
7314334
7372153
7382931
7437528
7451688
7502197
7512358
7621979
7716643
8088438
8127042
8447217
8497958
8680325
8821343
8833187
9198240
9285697
10481033
10698264
11134517
11154931
11159663
11186348
11333676
11456724
11550600
11575730
11615559
11782224
11805489
11943225
12000841
12019334
12145209
12155631
12338630
12340919
12356606
12415124
12508441
12578570
12638393
12655413
12757902
12761299
12848255
12953982
13034196
13072737
13261401
13361371
13638434
13723367
13769980
14122396
14749360
14940144
15170797
15219396
15319921
15394665
15513969
15616115
15683347
15708945
15724630
15848880
15980934
16019409
16280141
16357004
16466026
16618481
16620094
16679204
16680606
16749650
16775022
16798171
16833196
16833690
16897588
17013355
17061225
17158084
17160544
17310135
17310281
17377054
17493287
17497523
17533059
17536486
17549814
17597486
17738731
17748974
17769158
17793107
17995853
18049538
18064762
18100862
18169441
18181472
18223013
18260828
18330721
18393277
18467523
18664063
18712304
18721141
18743021
18791602
18805361
18893352
18977556
18980250
18995359
19107640
19242854
19436020
19441494
19498863
19644767
19664466
19741478
19757103
19815543
19835056
19846520
19949264
20078884
20155596
20178038
20249159
20304037
20538506
20632212
20726195
20771986
20798265
20816430
21015016
21061096
21103399
21150955
21230037
21278698
21326188
21442016
21722325
21727363
21749360
21882071
21893368
21912466
21927923
21968289
21988933
22019585
22057626
22133437
22136518
22253393
22283925
22356217
22530358
22674507
22698010
23061403
23402424
23408475
23611868
23714096
23721253
23740558
23747445
23901670
24153437
24153811
24237788
24412042
24434086
24443439
24528421
24538773
24559199
24644160
24899088
24994541
25196433
25253967
25360058
25532613
25645628
25718599
25734875
26021303
26087174
26094013
26094417
26131471
26165439
26190381
26358732
26408677
26554892
26697243
26716218
27013149
27018101
27298253
27321699
27615540
27624723
27646841
27648293
27704703
27847266
27900606
28040129
28114110
28150794
28248836
28503714
28721478
28734040
28769104
28792442
28880712
29043276
29100973
29159654
29194157
29309254
29376989
29448876
29468079
29489370
29721315
29751543
29830250
30065670
30434591
30568788
30671997
30926725
31089694
31133315
31267408
31556994
31644390
31788976
32171416
32258508
32263343
32324627
32491909
32590980
32721611
32746711
32785485
33299497
33425032
33507997
33523202
33539149
33674089
33749634
34010577
34060079
34172641
34386591
34406862
34443669
34569813
34611029
34727137
34834965
34839216
35209274
35214767
35336293
35573844
36074748
36111388
36172277
36360991
36466220
36559111
36883016
36927778
36934375
37025160
37157416
37158137
37253867
37426422
37482125
37518343
37597909
37833636
37910640
37930755
37946832
37956650
37986147
37986818
38084194
38238810
38273908
38303527
38479222
38520962
38700107
38751751
38954827
39028567
39243660
39375076
39551035
39848379
39928523
40086741
40117245
40224758
40714136
40822435
40876085
40895232
41717301
41723852
41975304
42062432
42125306
42178154
42191075
42399778
42416335
42524746
42563679
42741524
42803751
43167681
43223319
43261038
43519803
43592267
43674609
43916863
44255687
44366794
44713305
44725876
45201022
45408084
45482768
45565920
45727888
45797315
45976940
46211045
46345547
46457688
46479551
46616576
47285598
47313758
47325860
47388766
47397666
47515395
47522347
47554718
47612354
47651785
48047799
48161431
48328739
48368143
48492878
48715985
48960818
49004865
49121544
49176448
49445581
49716102
50083359
50167651
50230884
50297283
50645006
50740163
50870979
50879505
51300259
51308685
51467447
51658828
52369886
52650230
53233116
53298705
53409775
53594752
53691616
53725446
54075640
54863943
55336461
55445102
55626508
55894774
56055451
56527123
56529991
56929420
57124660
57219892
57525833
57728632
58109811
58177286
58488662
59071410
59127734
59255071
59269055
60143851
60722395
61179132
61235645
61251740
61569057
61588944
61802790
61818482
61838698
62484036
62526228
63737690
63958994
64174270
64177774
64250016
64470330
65447608
65830460
65873461
66873894
67992100
68042786
68191385
68677347
69198904
69250657
69433246
69561229
69811502
69943716
70170843
70380695
70457635
70722427
70830696
71544028
71800542
71863446
71879990
71933130
72257407
72758940
72976460
72977795
73301102
73339370
73565581
73894353
74002778
74033588
74216234
74804463
74926001
75158454
75263673
76002764
76207636
76692886
76846546
77142152
77273803
77787949
77811850
77951297
78366339
78582604
78672520
79029211
79095670
79118181
79140921
79254192
79307445
79410294
79658000
80005389
80039086
80239559
80408122
81122021
81134845
81773554
81825917
82091202
82625762
82734733
82873776
83035627
83159492
83285202
83485102
83647295
83887748
84246122
84278822
84454240
84488727
84779312
84914529
85050168
85240421
85460470
85559056
85686889
85746311
86068680
86213765
86271660
86395662
86458363
86495393
86660727
86899963
86906967
86955087
87054239
87219248
87471552
87683432
88188129
88207552
88632431
88775207
89117644
89567689
90116728
90470301
90509946
90864041
91351190
91370996
91495494
91667329
91695802
91706514
91747748
91758424
91882085
91891136
91958270
91982745
91992014
91992414
92036408
92072160
92082626
92114470
92177046
92201763
92243254
92248727
92280255
92287393
92297418
92415330
92436095
92449827
92461765
92545054
92632342
92689107
92693167
92732744
92739850
92790938
92850622
92859678
92938746
93200905
93212122
93238341
93333667
93389172
93413523
93432480
93642092
93785955
93821695
93828058
93899233
93952886
94050349
94053024
94150058
94316354
94361995
94473661
94486942
94631357
94647785
94680215
94809814
94855925
94899721
94998879
95021280
95038039
95051765
95243232
95315145
95369527
95490326
95540105
95597462
95696714
95734630
95910913
95911254
96021380
96047586
96060745
96076559
96081595
96107649
96169019
96222745
96363287
96412234
96501712
96741007
96869797
96890433
96946993
97070239
97257216
97330082
97341411
97361651
97372073
97425869
97442940
97909798
98204176
99046923
99192590
99407355
99533761
99617511
99955910
100744581
100770039
100944499
100957954
100979355
101255280
101303025
101482630
102288978
102624503
102749739
103250092
103768622
103896756
103953455
103985902
104013950
104283696
104409071
104672902
105077199
105190920
105285214
105293896
105543041
105728780
105821555
105950737
106064421
106103696
106163636
106318876
106441393
106512900
107304173
107403087
107479826
107659128
108298046
109255150
109388907
109642457
109701016
109834409
110048722
110079640
110626558
111065413
111079811
111476130
111628870
111820547
111836053
111922154
112102843
112290742
112331163
112596953
112638080
112655837
112678232
113220016
113289487
113436827
113660129
113678778
114195050
115300908
115573000
115801545
115922889
116160333
116460692
116594069
116760556
116786383
116877609
117065516
117070933
117141439
117161508
117814879
117893810
117927020
118165107
118328234
118750737
118784762
119208268
119252437
119788716
120007543
120023703
120671577
120919678
121783321
122076116
122109923
122124847
123053297
124005363
124091112
124567768
124724148
125107165
125145858
126100909
126534744
126546057
126710025
126825011
127597328
127842341
127849687
127855754
127957648
128208995
128283480
128384689
128714717
129223405
130121673
130318252
130344080
130363884
130419153
130463233
130621209
130757102
130811953
131212207
131427124
131767755
132609370
133058574
133069691
133332068
133775734
134113037
134156214
134268481
134438553
134678667
134801711
134884779
134887078
135801397
135944881
135976011
136465178
137203677
137397320
137502775
137729629
138148259
138228477
138253386
138309808
138696951
138928779
138946940
139051184
139057806
139311680
139372251
139459613
139960440
140269893
140394800
140478662
140754346
140912197
140969769
141014273
141050373
141337288
141739308
141839636
142171154
142201232
142945347
143108094
143583078
144331152
144585419
144631660
145121502
145253130
145292246
145447837
145457166
145631661
145964036
146142648
146152022
146235477
146252190
146480733
146625280
146890139
147168672
147513760
148103999
148173338
148184653
148236431
148319392
148347534
148434850
148708551
148745336
148859764
148967921
149277530
149660511
149732869
150006899
150955184
151174167
151263516
151762994
151997703
152905969
152978351
153053828
153246321
153392504
153405388
153727445
153808284
153819654
154243074
154289814
154328755
154341183
154408150
154522759
155006586
155268184
155954608
156241840
156519807
157407081
157529777
158538190
158617520
159032577
159374003
159581736
159929782
160097239
160146836
161450379
161824437
161837403
161965841
162172649
162332791
162450508
162480079
162949393
163374796
163381988
163442131
163480968
163793296
164061732
164204314
164220518
164395793
164410213
164463828
164869048
164878454
165203498
165268313
165274994
165371421
165413619
165704655
165719829
165778204
165790470
166474433
166625257
167141678
167288218
167589595
167736468
168069355
168197037
168204274
168265677
168296820
168326353
169035042
169116254
169219565
169576209
169581353
169653390
169890521
169972255
170109524
170693954
170787090
170875009
171033007
171050850
171087987
171329206
171665514
172142957
172506142
172851944
172869967
173056914
173159776
173256753
173266140
173407436
173463405
173749043
173815784
174025957
174287415
174490217
174493505
174553663
174602228
174605300
174606204
174832297
174893259
175021150
175239410
175248908
175293680
175393194
175594053
175635641
175764787
175960523
175971292
175987848
176069039
176106196
176295662
176403073
176689692
177079788
177291722
177441920
177964683
178006654
178023851
178127446
178289335
178302968
178399270
178514789
178531030
178541095
178697616
178721261
178752459
178847824
178850377
178984266
179019277
179037193
179119898
179160579
179191283
179230012
179294423
179311331
179522844
179608183
179617204
179827445
180599139
181074499
181103169
181306066
181544931
181708109
181748365
181765868
181904738
182299623
182353773
182377561
182438006
182530893
182547829
182613590
182664231
182675271
182716333
182756527
182787304
182799109
183000944
183330990
183374569
183395959
183474194
183627352
183678566
183750629
183843263
183847923
183929609
183976736
184264685
184332399
184457003
184570757
184606166
184706690
184727639
184810559
184846282
184933096
185428914
185623965
185923238
185981020
186020077
186127787
186386067
186431591
186732047
186758022
187044086
187132665
187223013
187223015
187395890
187690385
187696257
187743030
187773686
187823275
187824189
187892199
187930142
187991706
188110293
188126146
188146762
188261579
188299026
188471692
188496721
188580883
188602120
188664693
188802716
188881334
189051475
189188752
189450873
189463617
189479910
189584001
189678021
189694004
190138812
190175490
190321371
190359658
190494215
190624229
190913865
191024345
191111453
191135320
191217539
191233153
191290331
191338313
191398359
191677963
191844998
191851298
192073502
192258348
192272969
192511973
192601557
192727490
193045917
193156887
193452390
193785957
193811991
194337494
194357366
194429542
194601526
194652247
194728448
195104520
195224838
195227031
195555871
195904482
196082241
196617759
196660219
196718986
196811400
196929791
197021115
197108453
197186012
197228321
197266181
197275560
197661893
197902174
198063266
198084037
198778790
198964247
199165988
199464453
199512440
200000712
200529062
200703877
200872666
201229350
201296869
201298873
201419387
201461117
201635972
202337221
202628158
202912261
203155131
203940251
203975197
204306820
204563165
204843039
205218148
205268770
205287971
205421442
205556382
205667007
205949379
206610242
206811363
206962460
207644227
207748670
207848411
208134533
208138112
208432355
208693567
208885250
209296031
209663615
210559613
210566301
210936735
211157441
212385056
213224864
214012738
