2840658
2872331
2893588
3121942
3457772
3506634
3547527
3551911
3674585
3737898
3807904
3850489
3856365
4093777
4136766
4177456
4242035
4278314
4300951
4331295
4520707
4545882
4559899
4581153
4600005
4708201
4823341
4924555
4927951
4934423
4936512
4942390
4993602
5031240
5037144
5078265
5087366
5097775
5125778
5186763
5206580
5210669
5312084
5348625
5354741
5454076
5460317
5505378
5525932
5543192
5546148
5565328
5569183
5583838
5590882
5611055
5615070
5643028
5690034
5718802
5721549
5722183
5755974
5762903
5801681
5805233
5810252
5817267
5829192
5830787
5859955
5878725
5921925
5931792
5933604
5940842
5963362
5976150
6006209
6020771
6022846
6061801
6098545
6100018
6106397
6129330
6156073
6180881
6194121
6200618
6215524
6224394
6224919
6252684
6268715
6271148
6273521
6293842
6329903
6339773
6423540
6442102
6453736
6462115
6495878
6549975
6596417
6657005
6659764
6695851
6714186
6716103
6737628
6745473
6767167
6852661
6872876
6875404
6899560
6900360
6902033
6906562
6925204
7043978
7081053
7087076
7104869
7111976
7120056
7159978
7193605
7197529
7214378
7216454
7220551
7271312
7274355
7312025
7314334
7322266
7325431
7355258
7372153
7382931
7388168
7416059
7437528
7451046
7451688
7454272
7497850
7502197
7512358
7571482
7609502
7621979
7666334
7667240
7712514
7716643
7775445
7904710
7904930
7907369
7922345
7954314
8083974
8088438
8116827
8123426
8127042
8159159
8215234
8233921
8261668
8405714
8447217
8456774
8497958
8563366
8620651
8680325
8821343
8833187
8915966
9060957
9083267
9105794
9181567
9198240
9285697
9452835
9896996
10099361
10418858
10481033
10681672
10698264
10982704
11134517
11154931
11159663
11164562
11186348
11216604
11297856
11333676
11337693
11393611
11394989
11456724
11457263
11492457
11550600
11556887
11572052
11575730
11611276
11612982
11615559
11708005
11763607
11771349
11782224
11797034
11801203
11804463
11805489
11818438
11877980
11938064
11943225
11961519
12000841
12018810
12019334
12034809
12036342
12057675
12093971
12138570
12145209
12155631
12168461
12169240
12202289
12229005
12301798
12310314
12328174
12338630
12340919
12356606
12372506
12415124
12423660
12459869
12472887
12478164
12492069
12498985
12502520
12505685
12507838
12508441
12538526
12558946
12559025
12569213
12578570
12579032
12583569
12583570
12591905
12596377
12638393
12641928
12646441
12655413
12667983
12696611
12702368
12706759
12710416
12711360
12722916
12728870
12747600
12757902
12761299
12848255
12862120
12873509
12888365
12892638
12913709
12924220
12940288
12940468
12953982
12994980
13034196
13072737
13093410
13104312
13121076
13137333
13163578
13185894
13261401
13264725
13280899
13293013
13295936
13309025
13312800
13334053
13361371
13404954
13422719
13426407
13452420
13630756
13638434
13659335
13722782
13723367
13765222
13769980
13782042
13941826
14017884
14025920
14027845
14035954
14052943
14096834
14122396
14244223
14344906
14569802
14749360
14835111
14862475
14900178
14933464
14940144
15003821
15068564
15146992
15163506
15170797
15212706
15217613
15219396
15298900
15305085
15319921
15346301
15394665
15472077
15473651
15488469
15512150
15512180
15513969
15526657
15616115
15683347
15696472
15708945
15724630
15733297
15750903
15754379
15761879
15769933
15811465
15848880
15874583
15876911
15883217
15935161
15980934
15987751
15992458
16019409
16039758
16135438
16150488
16151005
16194325
16196366
16238705
16245923
16280141
16284107
16287706
16316566
16329811
16333215
16352796
16357004
16374358
16389911
16392150
16405274
16421426
16425008
16432761
16435768
16456817
16466026
16502674
16514648
16516335
16528752
16552911
16587422
16593069
16594963
16618481
16620094
16623709
16634749
16638161
16658308
16679204
16679508
16680606
16686688
16691662
16695955
16708716
16719474
16723691
16747865
16749650
16755183
16759644
16775022
16779538
16798171
16833196
16833690
16856839
16885321
16897588
16918984
16949557
16982133
16996678
16997999
17013355
17014725
17024535
17051618
17061225
17073049
17107784
17158084
17160544
17164749
17172762
17182133
17197561
17203254
17203915
17214088
17220827
17231208
17233412
17275479
17309511
17310135
17310281
17313652
17333418
17352349
17359618
17360200
17377054
17398375
17404193
17439942
17488512
17493287
17497523
17533059
17536486
17549814
17564547
17571002
17597486
17616163
17637735
17639248
17653722
17685889
17715197
17738731
17738754
17748974
17769158
17787862
17793107
17826155
17870405
17870493
17878737
17883929
17923378
17928548
17937564
17964219
17978117
17990089
17995853
17999968
18034008
18049538
18050361
18064762
18077574
18100862
18110665
18128767
18139543
18169441
18181472
18187302
18216176
18223013
18245358
18257168
18260828
18277817
18280093
18302124
18313530
18330721
18358162
18393277
18395189
18396899
18396924
18438071
18467523
18471314
18487343
18488514
18562010
18586018
18597856
18600287
18602695
18605625
18631326
18631521
18640075
18644319
18664063
18691924
18699824
18712304
18721141
18722397
18724771
18735341
18743021
18791602
18805361
18816681
18832267
18846057
18881005
18893352
18909643
18919483
18929602
18976366
18977556
18980250
18986907
18995359
18995782
19020012
19020512
19046806
19075745
19100232
19100762
19107640
19111147
19121212
19155420
19167124
19171732
19238830
19239374
19242854
19267653
19275803
19364695
19368982
19401737
19411363
19436020
19440207
19441494
19464727
19498863
19529731
19567400
19580237
19581919
19600306
19644767
19664466
19694282
19703610
19708385
19736991
19737703
19740445
19741258
19741478
19749327
19757103
19814327
19815543
19835056
19839868
19846520
19849539
19860527
19868230
19883030
19883639
19884214
19900707
19925939
19946830
19949264
19962342
19996751
20000276
20062008
20075665
20078264
20078884
20079734
20081293
20084240
20095057
20098470
20100192
20119955
20126601
20127326
20140006
20152262
20155596
20159808
20166612
20176330
20178038
20179275
20187830
20248162
20249159
20255243
20304037
20320252
20330335
20335544
20352198
20357925
20379596
20405742
20451275
20464602
20487686
20494938
20508430
20513924
20534411
20535555
20538506
20574726
20622082
20632212
20637106
20642141
20651970
20674809
20692989
20726195
20744560
20771986
20783259
20787623
20798265
20811447
20816430
20837087
20862680
20864276
20886480
20899751
20906036
20913463
20921808
20924179
20941449
20943688
20947365
20977032
20979137
20982128
20990045
20997001
21002695
21015016
21036030
21037808
21042854
21051239
21056457
21061096
21087566
21103399
21105035
21147801
21150955
21153999
21198643
21205165
21214431
21220524
21229674
21230037
21237023
21278698
21324963
21326188
21328195
21344952
21397785
21442016
21454479
21466015
21514140
21534664
21596172
21600314
21615158
21655451
21677663
21680063
21685048
21686816
21709939
21722325
21727363
21731162
21749360
21755623
21799433
21800383
21815216
21828013
21836245
21852068
21863649
21882071
21890641
21893368
21905252
21912466
21914908
21927923
21953226
21964061
21966808
21967309
21968289
21969198
21971096
21988933
21993216
21994081
22000878
22003290
22015678
22017694
22019585
22028155
22044288
22050235
22052289
22057626
22075100
22080524
22115722
22123225
22133437
22136518
22154931
22159023
22164582
22234400
22248514
22253393
22283925
22287730
22330526
22336097
22344761
22349256
22355192
22355526
22356217
22381388
22402255
22402259
22404395
22409031
22410360
22436139
22461902
22471911
22520533
22526338
22530358
22554404
22571727
22617486
22622201
22633259
22644409
22652468
22674507
22698010
22713476
22760100
22805011
22808389
22817054
22832957
22855129
22856591
22858311
22863516
22868923
22883126
22947449
22949482
22951107
22951285
22956168
22966894
22968659
22990179
23019376
23053987
23061403
23065991
23077594
23119318
23121020
23125292
23164942
23166273
23278008
23353858
23376743
23402424
23408475
23414226
23426674
23460911
23488553
23510394
23521867
23540095
23544914
23545844
23546392
23611868
23615601
23623949
23646846
23714096
23721253
23740558
23744665
23747445
23784933
23792100
23795479
23854229
23860006
23871968
23883728
23887790
23901670
23942699
23944375
23946224
23969056
24022989
24039941
24044995
24079441
24090430
24153437
24153811
24237788
24275926
24287491
24292521
24309294
24347778
24392627
24412042
24431509
24434086
24436051
24438938
24443439
24473885
24497119
24512856
24523824
24528421
24538773
24559199
24581719
24594123
24598325
24644160
24670238
24671040
24675421
24694059
24705625
24719867
24723812
24731198
24741546
24791128
24795552
24841593
24851480
24899088
24908315
24930359
24986557
24994541
25071048
25084452
25111304
25127243
25164813
25193257
25196433
25245238
25253967
25257789
25267456
25316970
25348690
25360058
25373964
25382569
25399194
25406807
25422973
25437086
25497969
25501096
25511255
25532613
25556301
25586433
25642336
25645628
25678432
25695387
25718599
25727945
25734875
25749904
25769618
25773047
25774024
25788004
25809112
25897354
25909322
25931997
25932550
25939458
25996971
26019892
26021303
26027228
26050531
26052645
26054497
26074750
26087174
26094013
26094417
26129732
26131471
26165439
26168774
26177150
26188764
26190381
26225214
26239870
26277197
26358732
26362025
26365131
26408677
26432206
26444483
26473568
26554892
26634417
26649757
26650555
26685596
26697243
26712094
26716218
26731100
26735246
26748293
26818111
26827562
26846110
26849380
26893008
26901560
26920957
26986268
27003994
27013149
27016223
27018101
27040614
27055303
27055841
27083602
27107086
27127333
27137133
27193180
27205249
27208375
27256326
27285043
27287894
27290471
27298253
27302330
27317769
27321699
27333708
27340476
27364652
27377170
27411956
27433919
27460774
27497456
27522126
27563187
27571646
27615540
27624723
27637911
27646841
27648293
27649638
27694504
27704703
27711264
27728860
27738676
27747017
27771590
27780817
27839854
27847266
27855879
27859315
27861829
27876256
27900606
27906065
27964979
27966587
28002585
28024871
28040129
28053468
28076672
28109096
28114110
28143289
28150794
28167680
28202179
28248836
28252070
28253858
28369823
28387119
28390341
28400507
28446125
28500480
28503714
28532848
28543963
28599325
28638159
28643917
28717798
28719739
28721478
28733846
28734040
28755657
28761115
28769104
28773456
28782746
28784527
28792442
28858199
28870676
28880712
28885101
28925500
28935763
28980548
28982397
29004012
29016129
29039575
29040118
29043276
29077556
29100973
29104659
29115077
29119302
29146720
29155473
29159654
29194157
29244543
29263119
29268920
29308684
29309254
29328483
29329697
29343857
29345639
29364425
29368297
29376989
29422428
29438975
29447672
29448876
29451217
29461849
29466749
29468079
29489370
29491009
29501164
29509598
29543227
29584102
29588105
29591149
29608023
29633727
29699160
29704288
29721315
29734839
29751543
29820638
29825166
29830250
29840838
29866537
29967427
30010529
30017174
30043236
30065670
30128076
30159854
30197237
30268045
30314103
30345724
30389315
30413628
30428747
30431151
30434591
30453801
30507033
30522056
30568788
30639361
30642706
30661915
30671997
30752120
30781957
30783198
30817031
30818629
30833015
30849398
30892133
30908536
30915590
30926725
30946583
30968857
30991161
31019156
31032123
31033146
31089694
31131624
31133315
31137725
31168787
31245257
31245347
31252195
31267408
31320892
31352931
31404057
31419583
31422085
31430671
31488664
31521068
31532067
31552391
31556994
31644390
31769016
31788976
31789629
31837047
31838216
31841693
31852345
31891072
31903708
31970889
31971199
32011342
32019330
32046533
32076272
32116589
32123906
32171416
32186648
32246100
32246845
32258508
32263343
32324627
32327887
32336154
32346475
32356464
32431975
32491909
32501255
32536581
32546272
32590980
32594393
32617398
32620668
32621628
32629215
32640122
32646937
32687041
32701691
32718250
32721611
32744761
32746711
32780385
32785485
32851821
32867197
32879545
32888389
32890979
33055336
33144418
33167772
33213284
33269464
33289909
33299497
33312788
33325138
33414965
33425032
33438511
33440455
33507997
33523202
33539149
33605870
33674089
33720640
33749634
33772228
33789887
33797178
33831271
33902609
33928749
33942629
34004257
34010577
34042545
34060079
34118297
34143070
34164383
34172641
34185346
34248766
34252705
34308315
34329800
34386591
34406862
34423867
34424098
34427981
34443669
34549900
34557295
34569813
34611029
34636798
34638146
34642001
34662479
34727137
34744735
34834965
34839216
34845722
34962459
34974254
34983501
35012920
35022581
35030577
35095091
35209274
35214767
35216148
35240999
35308343
35315468
35336293
35342887
35406830
35425665
35431936
35459029
35489358
35573844
35700919
35731467
35737609
35799029
35867871
35881102
35923180
35939819
36002446
36006017
36020822
36056626
36074748
36111388
36118600
36164994
36170156
36172277
36250779
36293188
36303842
36360991
36387117
36403465
36415022
36420255
36461070
36464184
36466220
36470137
36475008
36559111
36597653
36626075
36638562
36650496
36657407
36661522
36691602
36750911
36832176
36837767
36876908
36883016
36894832
36911677
36927778
36934375
37025160
37029850
37157416
37158137
37167469
37249933
37253867
37426422
37429029
37482125
37506113
37518343
37548681
37571655
37597909
37619943
37631558
37645337
37657786
37702211
37787780
37795589
37806715
37833636
37838089
37852548
37871331
37903035
37910640
37930755
37932705
37946832
37949668
37951640
37956650
37986147
37986266
37986818
38025021
38084194
38117651
38143840
38157595
38166612
38189741
38208642
38211569
38214266
38238810
38244346
38270442
38273908
38303527
38335418
38341692
38382683
38385935
38409430
38433237
38479222
38489986
38504744
38516790
38520962
38524466
38591921
38598889
38700107
38704308
38743568
38749081
38751751
38778155
38790582
38817751
38835469
38842404
38901237
38930293
38954827
38970222
38998772
39028567
39047230
39047257
39068421
39070921
39089917
39109714
39157166
39176438
39227772
39243660
39304477
39323092
39358721
39375076
39380273
39430549
39465180
39551035
39557369
39587628
39600355
39679073
39680227
39680821
39833034
39848379
39850335
39857704
39867968
39881890
39928523
39939231
40019093
40086741
40102892
40114944
40117245
40203097
40224758
40241670
40316253
40332450
40408834
40441247
40442853
40464603
40478088
40502775
40504207
40519005
40644242
40706133
40707819
40714136
40736925
40757830
40767940
40822435
40847690
40872422
40876085
40877789
40895232
40924474
40951218
41046166
41072147
41169172
41169997
41171959
41187912
41201583
41230595
41330785
41342662
41362510
41395271
41431932
41455543
41467952
41470507
41518093
41701315
41705963
41711504
41717301
41723852
41824045
41835643
41973698
41975304
42024527
42062432
42125306
42143835
42178154
42191075
42220022
42237954
42293757
42312721
42337040
42395523
42399778
42415674
42416335
42422000
42437997
42460415
42473698
42524746
42542432
42558207
42563679
42633069
42663363
42663547
42695217
42710906
42741524
42803751
42833459
42870535
42872400
42922279
42944914
42960406
43014339
43057083
43108342
43116306
43156845
43167681
43168929
43170985
43192395
43223319
43232988
43250741
43254750
43261038
43301865
43323608
43335277
43348154
43366505
43430835
43450016
43453823
43489008
43519803
43523127
43541336
43572195
43592267
43674609
43764605
43847024
43848489
43876144
43916863
43927120
44007993
44010017
44060719
44087415
44126795
44175352
44206316
44241389
44246242
44251116
44255687
44302661
44312240
44322890
44324363
44325859
44328356
44366794
44412758
44417923
44449295
44450004
44533950
44565476
44567018
44573639
44627078
44683907
44713305
44716784
44725876
44733745
44745490
44776937
44783697
44905032
44908127
44934108
44937783
44960879
44962966
45005592
45047421
45134252
45201022
45208805
45226136
45287769
45300288
45313196
45340617
45364951
45367910
45368558
45384807
45408084
45422629
45476634
45482768
45489311
45565920
45566472
45578313
45614767
45645064
45670347
45672454
45722191
45727888
45796686
45797315
45826051
45826188
45853378
45927002
45928664
45964107
45976940
45996101
45998091
46071911
46090354
46113105
46175423
46211045
46239714
46240900
46253150
46279785
46312901
46331760
46345547
46370761
46457688
46464420
46479551
46501515
46558784
46565685
46574650
46588542
46616576
46618498
46680851
46700081
46729205
46745588
46753938
46817320
46903537
46930569
46957933
46967571
46999294
47012894
47024453
47047287
47077805
47111157
47174372
47202765
47246112
47248824
47251361
47257532
47285598
47291925
47303627
47313758
47325860
47388766
47397666
47407657
47515395
47522347
47550649
47554718
47612354
47651785
47682518
47772349
47809342
47826745
47916440
47957847
47976675
48005958
48017240
48029527
48030370
48047799
48089983
48124616
48161431
48202847
48241604
48298262
48328739
48368143
48394848
48416554
48428035
48463707
48492878
48587874
48715985
48722958
48883582
48960818
48968677
49004865
49082487
49121544
49137986
49176448
49276023
49281703
49286876
49288408
49312931
49350425
49370144
49378813
49444932
49445581
49449907
49484594
49526996
49546976
49575848
49597088
49716102
49801885
49826234
49833565
49872478
49932793
49974141
49996206
50065106
50083359
50167651
50193589
50227876
50230884
50231007
50297283
50448799
50462179
50615589
50616016
50627396
50630115
50645006
50660113
50697137
50721391
50724666
50740163
50793433
50851648
50870979
50878105
50879505
50897615
50960865
50968563
50968773
50991596
51010699
51036942
51086107
51142684
51236358
51300259
51308685
51323166
51385762
51396133
51404851
51441837
51467447
51506179
51510095
51536354
51538938
51566988
51584948
51591680
51658828
51671334
51681370
51763593
51868468
51914453
51942538
51974561
51990972
52008097
52056736
52120426
52145029
52151740
52153162
52159946
52160154
52276428
52277100
52287152
52287404
52315112
52369886
52417713
52479264
52511933
52514782
52575613
52650230
52830792
52897643
52904297
52924161
52928126
53049244
53102180
53233116
53298705
53315342
53315371
53350669
53353272
53392753
53409775
53470403
53506413
53548114
53594752
53625222
53676327
53691616
53725446
53735107
53757108
53787584
53897912
53922073
53927566
53960449
54075640
54092614
54147083
54147525
54155763
54161201
54223980
54275337
54298160
54334961
54432212
54436069
54551955
54558154
54737838
54815371
54863943
54932647
54949380
55096338
55151184
55163204
55175099
55297989
55336461
55387650
55394062
55411902
55445102
55508507
55545362
55626508
55680758
55682262
55725102
55739191
55796851
55824126
55894774
55897737
55982771
56016758
56028147
56051035
56055451
56105257
56140749
56154535
56298628
56316290
56343354
56343914
56344455
56358922
56401796
56463510
56495971
56527123
56529991
56629634
56734803
56849961
56911937
56918414
56929420
56968030
56999003
57051489
57124660
57130029
57173509
57198813
57219892
57333295
57459160
57462059
57525833
57533082
57617703
57648837
57650336
57651475
57682954
57697109
57700522
57710920
57728632
57744771
57843696
57882330
57983554
58062051
58085542
58087284
58094533
58109811
58118337
58149627
58177286
58196813
58244926
58317634
58438482
58488662
58491081
58604844
58641369
58694995
58715120
58822703
58863231
58884532
58929665
58935342
59021763
59043281
59071410
59122446
59127734
59178318
59199890
59215170
59235028
59255071
59269055
59336443
59357188
59416831
59503950
59536049
59743832
59944915
59980906
60091098
60143851
60215603
60297235
60330853
60401110
60442059
60443020
60478637
60492353
60508842
60520420
60546385
60655574
60722395
60756732
61030097
61169670
61179132
61201798
61205644
61235645
61243316
61251740
61266632
61324017
61370765
61448128
61482430
61569057
61577014
61578078
61588944
61605003
61635199
61682537
61802790
61808636
61818482
61838698
61863581
61980290
62129942
62149788
62158637
62250028
62313696
62361778
62417256
62480346
62484036
62526228
62584462
62678724
62716926
62803988
62841234
62863020
62910005
63137365
63198169
63269248
63309881
63479533
63484303
63555628
63600755
63625134
63629529
63647872
63676821
63691657
63737690
63958994
63976601
63989602
63998305
64089854
64100980
64174270
64177774
64223744
64250016
64320483
64424990
64470330
64588443
64667385
64818712
64859593
64897024
64955692
64985320
65047601
65067753
65306097
65340529
65406191
65447608
65455942
65538628
65717131
65745666
65779550
65830460
65873461
65916918
66005069
66027528
66129704
66167665
66241152
66276202
66276284
66420790
66639551
66668706
66728880
66834833
66873894
67014429
67071131
67078163
67222577
67299727
67374285
67444434
67509396
67555235
67588464
67588877
67841570
67843668
67893272
67916554
67946419
67992100
68033946
68042786
68056384
68114268
68131460
68157584
68191385
68204471
68244977
68308244
68334827
68387277
68438957
68447897
68487949
68548569
68555913
68634300
68677347
68790091
68831529
68897316
68925680
69048227
69073479
69161344
69198904
69226049
69231724
69250657
69283940
69325939
69393733
69410624
69433246
69516538
69561229
69685464
69783253
69811502
69878614
69934471
69943716
70165537
70170843
70380695
70457635
70467995
70473329
70505009
70566589
70722427
70830696
70836629
70837421
70964591
71073987
71077785
71100985
71101072
71139829
71158318
71170161
71189912
71196965
71197211
71206608
71313340
71329131
71357665
71391477
71408987
71502191
71544028
71549332
71572912
71603793
71610295
71633003
71644696
71781315
71786617
71800542
71863446
71879990
71932040
71933130
72044430
72144315
72257407
72271824
72383672
72391010
72443580
72538217
72554879
72559446
72572123
72591303
72723200
72758940
72763528
72774026
72790582
72882704
72905918
72919338
72929130
72929431
72942601
72976460
72977795
73140237
73301102
73339370
73477619
73565581
73576379
73668482
73690600
73808572
73894353
73981532
73986110
74002778
74033588
74100290
74102040
74154513
74188122
74195638
74216234
74244276
74410564
74461500
74477591
74480875
74503377
74585518
74638033
74804463
74848206
74851082
74857988
74922147
74926001
74934483
74959128
74986230
75012613
75053141
75135024
75140113
75158454
75179751
75263673
75326960
75424981
75434364
75659533
75681879
75706668
75745934
75836766
75881225
75907638
76002764
76023394
76038497
76053570
76067167
76116095
76181785
76207636
76228847
76257817
76260585
76306044
76339125
76346223
76350722
76526218
76580251
76623115
76644660
76692886
76708034
76762568
76843379
76846546
76871842
76949840
76989549
77098096
77105138
77117180
77142152
77162541
77180667
77273803
77330369
77361758
77605685
77655891
77720072
77787949
77811850
77816468
77888555
77940194
77951297
78001453
78015922
78086630
78190762
78197348
78366339
78477860
78582604
78639793
78646321
78672520
78806452
78858250
78903927
79029211
79057732
79095670
79118181
79119654
79140921
79148493
79254192
79307445
79410294
79454159
79598638
79599836
79656211
79658000
79680586
79735912
79786564
79857838
79891463
79964350
80005389
80020104
80039086
80065172
80088311
80100083
80107403
80145845
80183874
80186508
80190145
80216233
80239559
80288278
80305664
80408122
80489588
80583687
80632308
80662880
80668245
80671339
80687256
80696786
80837004
81122021
81131882
81134845
81154887
81176842
81256015
81263794
81276833
81386221
81412239
81536251
81575805
81611517
81626559
81631387
81650319
81662200
81681611
81753711
81773554
81825917
81847070
81905604
81922734
81943661
81944983
81986041
82083446
82091202
82105955
82182494
82316343
82339958
82501318
82509354
82514637
82625762
82665062
82721001
82734733
82793661
82817988
82842507
82873776
82959431
83035627
83043928
83122317
83127364
83128361
83129241
83159492
83164777
83189426
83252566
83261355
83285202
83292626
83300694
83485102
83487705
83509876
83612422
83647295
83711825
83817129
83837474
83881799
83887748
83898920
84041558
84046016
84205995
84232252
84245922
84246122
84278822
84395716
84454240
84484536
84488727
84563452
84615622
84740831
84779312
84903699
84911591
84914529
84923272
84947940
84974981
85035702
85050168
85177576
85240421
85307719
85332456
85448251
85458192
85460470
85546309
85559056
85582793
85586948
85686889
85688968
85746311
85769980
85778883
85797541
85812432
85824380
85830901
85889120
85918985
85932070
85939809
85995209
86068680
86090790
86213765
86271660
86295941
86342101
86395662
86458173
86458363
86495393
86541255
86642017
86660727
86777248
86803418
86871995
86891998
86892148
86895298
86899963
86901111
86906967
86955087
86961719
87054239
87059998
87078098
87105143
87121892
87172190
87181989
87219248
87281154
87298704
87366557
87436864
87471552
87496536
87509565
87536861
87669413
87683432
87685343
87691712
87747446
87815759
87842053
87849474
87867079
87943276
88031421
88031912
88045951
88055364
88107899
88108929
88188129
88201546
88207552
88241284
88263316
88264991
88276975
88448871
88486446
88586840
88632431
88651123
88673592
88741628
88775207
88797303
88823699
88886987
88920666
88928541
89033848
89088445
89113558
89115042
89117644
89147784
89172646
89185822
89215676
89306759
89348898
89478854
89567689
89583954
89675393
89676525
89705217
89732101
89806788
89820364
89852986
89853745
90006095
90011423
90048243
90074949
90097003
90107255
90116728
90211736
90219938
90292985
90344261
90354197
90382979
90470301
90507377
90509946
90512104
90578519
90638213
90699041
90778513
90861895
90864041
90999285
91036631
91079713
91141565
91267320
91269798
91282525
91335645
91351190
91366328
91370996
91443839
91463316
91495494
91635008
91667329
91695802
91706514
91747748
91758424
91882085
91891136
91958270
91982745
91992014
91992414
92036408
92072160
92082626
92114470
92177046
92201763
92243254
92248727
92280255
92287393
92297418
92415330
92436095
92449827
92461765
92545054
92632342
92689107
92693167
92732744
92739850
92790938
92850622
92859678
92897770
92938746
93200905
93212122
93238341
93333667
93389172
93413523
93432480
93642092
93785955
93821695
93828058
93899233
93952886
94050349
94053024
94150058
94316354
94361995
94473661
94486942
94631357
94647785
94680215
94809814
94855925
94899721
94998879
95021280
95038039
95051765
95243232
95315145
95369527
95490326
95540105
95597462
95696714
95734630
95910913
95911254
96021380
96047586
96060745
96076559
96081595
96107649
96169019
96222745
96363287
96412234
96501712
96741007
96869797
96890433
96946993
97070239
97257216
97330082
97341411
97361651
97372073
97425869
97442940
97457729
97479106
97512379
97890319
97909798
97910327
98000956
98083913
98131458
98204176
98222663
98361956
98578676
98585106
98665131
98823022
98906014
99046923
99139444
99192590
99223481
99298091
99407355
99492479
99533761
99570011
99617511
99704894
99721406
99739281
99866996
99955910
100132860
100147630
100215700
100216973
100313319
100513296
100628577
100696743
100722227
100744581
100770039
100944499
100957954
100979355
100984179
100999369
101080607
101124517
101135732
101243733
101255280
101272721
101275674
101303025
101482630
101505631
101537074
101556279
101672886
101820841
101921806
101944294
101990764
101997469
102038064
102076751
102079844
102209929
102255834
102259158
102288978
102374478
102414529
102420561
102480463
102521537
102600810
102624503
102719980
102733482
102749739
102939329
102955372
102991540
103063923
103075547
103110060
103240270
103250092
103295478
103302692
103558686
103768622
103776365
103888460
103896756
103919415
103953455
103983024
103985902
104013950
104054602
104153357
104229609
104282724
104283696
104409071
104465025
104521823
104579554
104663989
104672902
104694178
104699137
104758186
104866525
105051899
105077199
105190920
105285214
105293896
105361968
105543041
105555219
105579191
105708542
105728780
105776461
105821555
105891145
105950737
105974891
106011160
106028042
106040059
106064421
106078743
106103696
106152375
106163636
106276176
106318876
106327125
106358885
106370614
106400440
106439209
106441393
106475568
106512900
106598555
106653453
106816530
106837675
106866644
106962476
107092595
107164694
107224857
107304173
107374294
107403087
107479826
107526089
107556364
107568085
107659128
107761195
107859177
107879892
107909411
107922953
108160651
108245396
108247789
108298046
108429780
108498301
108625613
108770937
109016074
109025418
109040679
109119941
109130684
109213045
109255150
109317286
109364281
109388907
109437966
109537903
109561582
109642457
109669334
109701016
109745612
109763306
109786329
109831706
109834409
109963215
109969819
110048722
110079640
110176474
110201065
110228145
110341944
110349249
110383447
110626558
110646962
110658620
110713251
110718835
110734706
110784609
110786638
110856121
110883154
110902953
110903473
110904583
111005544
111061259
111065413
111079811
111125628
111128060
111150243
111211864
111397874
111455685
111476130
111481776
111488207
111560969
111596735
111628870
111645257
111651695
111660683
111706463
111816631
111820547
111836053
111922154
112030098
112039346
112102843
112196738
112253506
112290742
112331163
112355175
112361625
112390019
112467290
112498728
112504239
112533769
112596953
112614041
112638080
112655837
112678232
113007273
113026975
113030305
113074674
113128080
113173098
113220016
113252539
113289487
113297119
113389923
113436827
113463426
113498379
113580605
113619876
113656461
113660129
113666627
113678778
113770083
113908033
113931424
113993045
114099924
114132700
114195050
114202468
114228142
114254077
114312922
114316729
114379791
114381402
114570263
114591650
114726980
114809048
114984860
114993108
115064152
115090171
115121881
115169609
115273615
115281258
115300908
115304450
115305019
115312966
115377821
115392810
115417173
115435662
115495725
115551494
115552896
115556425
115573000
115630846
115642982
115692839
115740898
115780348
115801545
115812347
115889736
115897424
115916000
115922889
115932466
115968057
116160333
116170581
116389608
116430834
116430845
116460692
116503193
116594069
116680384
116707675
116760556
116786383
116801174
116821352
116829844
116877609
116899640
116986781
117028841
117065516
117070933
117141439
117161508
117218579
117264264
117275836
117383933
117627472
117800469
117814879
117860377
117893810
117923008
117927020
118004089
118026203
118074689
118111227
118142736
118165107
118259614
118262393
118269289
118328234
118429125
118443459
118455874
118551117
118584953
118750737
118784762
118909814
119011707
119116165
119157617
119192958
119208268
119252437
119252871
119462432
119556663
119619257
119679514
119725696
119738229
119788716
119806847
119891076
119916240
119921859
119955833
119956521
119985201
120007543
120017584
120023703
120070106
120071893
120168496
120245290
120270991
120426075
120447794
120504113
120506129
120565121
120589268
120611784
120613422
120617902
120671577
120679437
120850313
120852347
120864589
120919678
120993382
121060710
121075947
121199446
121288791
121343557
121378968
121419868
121439109
121474872
121586826
121783321
121903032
121988326
122076116
122109923
122124847
122127647
122376519
122525407
122627002
122730208
122736706
122744148
122776678
122815496
122818379
122821397
122862070
122888812
122916981
122928397
123031297
123040535
123053297
123180241
123257337
123316457
123330332
123337394
123394086
123555394
123643210
123731495
123801337
123822398
123833717
123846578
123945386
124005363
124034917
124091112
124164271
124223020
124433552
124489251
124489464
124492869
124558867
124567768
124627249
124724148
124725192
124735790
124758245
124773364
124860409
124875915
124880402
124938001
125063076
125107165
125135398
125145858
125180987
125262162
125336675
125341934
125380686
125395083
125412970
125433754
125516705
125533612
125637798
125646467
125653143
125740841
125761702
125785993
125811697
125835993
125895311
126100909
126178362
126182626
126255181
126306985
126382058
126394157
126506957
126534744
126546057
126555361
126574625
126597870
126651296
126665569
126710025
126752555
126767889
126825011
126848811
126979668
126996161
127007024
127176804
127201821
127218850
127336850
127347622
127352793
127354208
127558151
127576322
127597328
127663191
127842341
127849687
127855754
127916738
127957648
127967831
128018854
128144365
128208995
128226987
128252784
128276176
128283480
128384689
128388668
128518616
128537385
128571522
128714717
128747241
128770268
128776283
128803006
128848534
128861899
128917400
129011051
129012905
129112722
129197997
129212962
129223405
129320857
129402856
129406967
129456900
129551733
129602168
129710286
129822073
129976245
129990555
130011894
130058918
130121673
130318252
130344080
130348525
130363884
130383796
130419153
130444463
130463233
130474702
130485448
130598326
130621209
130757102
130811953
130835388
130854623
130899171
130913185
130960436
131126164
131139251
131146127
131212207
131294444
131328590
131353240
131427124
131501887
131573254
131574942
131594671
131744841
131767755
131768982
131810697
131834490
131847017
131917437
131937589
131993656
132026379
132035767
132183857
132275202
132361736
132413937
132555611
132599552
132609370
132625988
132660224
132733732
132817044
133058574
133069691
133256173
133332068
133775734
133816803
133882529
133927916
133945844
134009164
134113037
134156214
134255401
134268481
134351446
134370583
134380792
134436068
134438553
134465930
134518473
134608702
134611459
134635208
134678667
134801711
134812802
134884779
134887078
134974642
135147884
135270746
135335506
135382403
135476892
135583259
135699319
135709913
135801397
135944881
135976011
135983509
136070521
136103648
136158838
136209642
136217738
136286182
136346248
136405905
136427333
136428930
136465178
136519150
136553536
136557577
136566003
136592848
136625013
136643895
136687905
136711846
136776452
136814745
136892061
136894983
136964699
136965764
136970703
136981755
137034640
137095160
137138077
137170692
137175389
137203677
137262798
137277177
137285070
137372999
137397320
137404741
137436353
137502775
137520689
137529284
137567661
137621651
137663478
137701280
137729629
137858979
138148259
138156986
138157270
138200134
138203535
138228477
138253386
138279355
138309808
138386075
138421659
138473516
138608402
138611389
138693018
138696951
138787037
138793492
138807966
138928779
138946940
138994080
139051184
139057806
139096526
139124505
139148768
139276976
139311680
139372251
139386618
139423332
139459613
139532875
139612293
139658176
139700658
139720833
139763031
139793162
139918782
139942625
139949278
139960440
140142357
140269893
140304927
140306916
140364656
140394800
140418852
140460429
140478662
140638493
140646246
140742439
140754346
140799090
140884541
140902310
140912197
140922135
140969769
141002822
141014273
141050373
141235901
141337288
141348380
141350021
141398661
141415791
141419735
141429953
141435850
141437514
141458522
141464974
141506523
141522432
141550988
141634816
141649984
141739308
141839636
141977423
142074002
142080300
142115207
142136856
142171154
142201232
142260096
142431078
142506164
142599139
142755799
142772615
142812686
142945347
143108094
143158818
143192078
143254128
143292958
143314522
143532703
143544948
143583078
143617718
143627726
143670659
143684633
144061830
144136254
144331152
144585419
144587226
144631660
144638120
144641120
144927877
145121502
145231214
145244984
145253130
145261027
145292246
145397519
145447837
145457166
145476455
145543798
145549623
145601683
145613148
145631661
145870820
145902650
145933721
145964036
146032977
146075744
146142648
146152022
146185874
146201608
146227172
146235477
146252190
146480733
146554032
146625280
146628683
146644048
146852250
146862836
146879306
146890139
146906191
146986289
147087609
147095927
147125296
147168672
147188457
147306754
147338427
147357598
147381063
147398572
147410523
147513760
147624291
147701109
147773396
147774403
147792225
147820573
147860402
147864601
148103999
148173338
148184653
148236431
148319392
148347534
148400209
148434850
148565103
148708551
148745336
148859764
148967921
148983125
149231267
149277530
149405195
149464169
149502871
149503531
149529378
149627639
149660511
149672749
149679446
149704293
149732869
149732989
149753657
149865037
149916327
149989735
150006899
150127459
150144651
150208846
150216817
150221549
150302232
150365605
150502520
150722057
150955184
151059625
151174167
151206391
151263516
151286953
151386643
151414341
151416866
151720123
151735515
151762994
151921244
151955764
151997703
152037307
152204244
152431025
152446687
152629385
152864896
152873536
152905969
152920542
152964958
152966917
152977697
152978351
153053828
153246321
153332627
153392504
153392587
153405388
153533134
153625789
153683992
153727445
153768189
153808284
153819654
153901055
153905882
154008021
154203736
154236373
154243074
154289814
154328755
154341183
154401567
154408150
154522759
154577136
154660663
154710829
154760934
154818516
154950425
155006586
155027703
155047245
155204059
155268184
155511917
155908093
155954608
156121905
156151010
156241840
156295340
156415672
156451787
156505691
156519807
156601948
156753334
156884994
157083176
157117101
157407081
157436843
157529777
157547691
157592517
157608777
157753173
157759568
157922702
157967788
158072317
158375957
158491290
158538190
158574024
158599330
158617520
158699092
158832498
158920044
158925873
159032577
159035790
159148667
159210407
159264531
159354585
159374003
159469103
159581736
159788779
159908619
159928886
159929782
160065952
160097239
160146836
160193834
160308907
160325049
160364614
161147895
161311898
161370042
161424050
161450379
161824437
161837403
161929177
161965841
162074755
162172649
162223230
162327940
162332791
162450508
162480079
162634118
162856790
162863420
162881197
162949393
162954992
162956572
163065029
163112575
163164857
163374796
163381988
163411172
163442131
163480968
163793296
163928114
164050404
164061732
164088803
164192814
164204314
164220518
164287074
164320329
164395793
164410213
164463828
164481549
164496902
164521187
164735300
164825700
164869048
164878454
165059523
165203498
165268313
165274994
165371421
165396810
165413619
165450569
165521021
165589233
165656755
165692414
165704655
165719829
165722012
165778204
165790470
165848213
165864172
166006313
166115435
166116281
166162142
166266258
166331902
166474433
166481702
166563682
166584292
166604262
166611660
166625257
166699417
166713050
166870879
167124526
167141678
167282307
167288218
167365886
167589595
167673756
167690204
167736468
167764110
167832802
167962694
168069355
168197037
168204274
168212758
168263634
168265677
168296820
168326353
168339048
168357810
168585896
168630820
168685656
168742643
168743899
168826089
168935585
169018813
169035042
169112811
169116254
169134047
169135580
169191749
169198046
169219565
169295639
169374309
169375553
169439860
169563471
169576209
169581353
169638229
169653390
169704393
169754529
169890521
169923801
169957123
169972255
169974814
170109524
170205131
170226985
170251178
170330858
170334445
170368496
170693954
170726370
170729150
170761411
170787090
170844743
170852885
170875009
170973579
171033007
171050850
171087987
171105209
171136537
171329206
171400558
171534628
171584608
171621894
171665514
171674059
171922727
172012166
172088183
172142957
172197024
172223023
172393424
172506142
172534955
172621165
172728955
172773887
172793738
172805235
172818543
172851944
172869967
172901305
173056914
173159776
173171655
173208932
173256753
173266140
173285800
173304945
173311097
173349760
173407436
173463405
173502315
173617903
173749043
173815784
173874543
173930907
173973893
173983781
174008814
174025957
174066576
174119791
174174193
174229582
174287415
174340526
174490217
174493505
174549921
174553663
174602228
174605300
174606204
174608173
174719267
174774375
174832297
174883542
174893259
175021150
175167410
175239410
175248908
175293680
175321712
175366648
175393194
175416425
175481264
175585100
175586546
175594053
175635641
175764787
175792459
175912613
175960523
175971292
175987848
176041615
176067277
176069039
176106196
176144847
176148701
176262451
176284571
176295662
176403073
176510428
176575911
176578736
176614500
176689692
176705239
176738421
176792866
176939220
176959651
176993100
177004859
177079788
177157232
177160742
177162444
177281602
177290557
177291722
177301181
177441920
177470878
177476739
177636103
177952684
177964683
178006654
178023851
178057899
178127446
178143750
178289335
178302968
178321223
178399270
178434501
178491400
178504172
178514789
178531030
178541095
178614518
178697616
178721261
178752459
178772573
178820017
178847824
178850377
178877251
178984266
179019277
179037193
179119898
179160579
179191283
179230012
179294423
179311331
179522844
179548949
179608183
179617204
179755566
179820627
179825867
179827445
179989861
180069104
180187317
180212899
180246371
180330082
180441421
180502962
180515338
180579146
180592456
180599139
180674475
180937273
181037503
181074499
181103169
181123610
181306066
181508294
181522557
181527050
181544931
181604093
181693236
181708109
181715484
181748365
181765868
181819541
181904738
181986165
182141116
182184068
182252901
182299623
182307116
182353773
182377561
182438006
182446651
182480895
182530893
182547829
182613590
182664231
182675271
182676501
182696968
182716333
182744003
182756527
182787304
182799109
183000944
183008457
183043410
183137673
183210151
183260106
183330990
183350057
183374569
183395959
183474194
183483693
183573245
183615060
183627352
183636743
183678566
183750629
183843263
183847923
183894825
183929609
183937650
183976736
184181057
184258243
184264685
184332399
184369457
184387822
184427276
184456866
184457003
184570757
184606166
184706690
184727639
184810559
184846282
184933096
184979017
184983547
184997179
185056102
185199192
185277164
185313977
185428914
185623965
185629912
185710413
185721167
185756949
185796069
185911083
185923238
185962579
185981020
186020077
186085272
186115164
186127787
186316866
186386067
186431591
186459626
186619337
186627368
186713211
186722336
186732047
186758022
186902481
186994780
187044086
187096352
187132665
187223013
187223015
187302444
187353894
187395890
187553466
187645384
187690385
187696257
187743030
187757345
187773686
187823275
187824189
187892199
187914023
187930142
187991706
188110293
188112454
188126146
188131459
188146762
188200396
188261579
188273568
188275060
188299026
188367814
188471692
188496721
188566247
188580883
188602120
188629775
188664693
188802716
188807055
188876330
188881213
188881334
188918725
189051475
189147786
189188752
189278338
189406539
189450873
189463617
189479910
189561345
189584001
189596870
189678021
189694004
189890780
189909337
190019704
190049141
190138812
190175490
190302759
190321371
190359658
190430333
190494215
190504908
190539553
190624229
190799661
190863125
190913865
191024345
191033485
191111453
191135320
191200610
191207906
191217539
191233153
191290331
191338313
191398359
191656315
191677963
191755558
191844998
191851298
191969607
192029754
192073502
192084716
192258348
192272969
192293750
192385290
192511973
192601557
192727490
192826104
193003804
193045917
193087743
193156887
193220535
193350664
193434011
193452390
193573821
193632072
193764612
193782458
193785957
193811991
193859946
193950585
194046104
194135269
194315594
194337494
194357366
194392068
194429542
194469468
194489636
194601526
194643205
194652247
194654409
194728448
194824150
194915211
194938298
195044893
195075589
195097825
195104520
195128866
195129989
195224838
195227031
195555871
195703067
195785785
195808520
195904482
196057354
196074938
196082241
196167134
196367234
196486781
196489379
196617759
196660219
196715517
196718986
196811400
196915102
196929791
196993535
197021115
197033565
197108453
197137827
197146085
197186012
197228321
197266181
197275560
197620806
197661893
197832419
197866360
197870105
197878910
197902174
197997632
198063266
198084037
198248128
198369863
198502213
198587970
198602423
198616734
198778790
198903036
198964247
199075944
199165988
199249020
199422464
199464453
199512440
199562728
199568633
199851131
200000712
200147461
200236548
200432163
200529062
200650106
200703877
200872666
201020550
201050397
201147752
201229350
201296869
201298873
201419387
201461117
201635972
201753156
201794297
201902594
201922528
201969381
202121793
202337221
202429094
202561632
202628158
202680423
202912261
202968230
203143463
203155131
203234525
203638076
203638205
203940251
203967302
203971710
203975197
204000576
204034494
204078783
204295517
204306820
204559814
204563165
204843039
205014301
205218148
205268770
205287971
205421442
205509700
205556382
205634970
205667007
205777057
205949379
206336922
206340993
206610242
206660636
206765475
206811363
206902464
206962460
207026278
207209345
207221051
207298946
207306491
207341987
207644227
207748670
207811811
207848411
208134533
208138112
208200033
208272260
208432355
208693567
208885250
209296031
209469953
209512609
209663615
210094914
210463900
210559613
210566301
210936735
211157441
211626816
212061954
212316061
212385056
213124896
213224864
214012738
214819551
