3209190
3612942
4076431
4177456
4793179
4828660
4870744
4985133
5004869
5069231
5223124
5600243
5735183
5876569
5971624
6085145
6100674
6126110
6325337
6469042
6589371
6840844
7171616
7291601
7442377
8164825
8304801
9198240
10688840
11433469
11664727
11751094
11760631
11875372
11906500
11965166
12155631
12213871
12224357
12303734
12305162
12565516
12578570
12606037
12648859
12661241
12680336
12861035
13249594
13396859
13428603
13493638
13640000
13856026
14009405
14099840
14689384
14807664
14874631
15120237
15319317
15388214
15683764
15946262
15962586
16202487
16834922
17034180
17211050
17293881
17572162
17738731
17764298
18014748
18136054
18546110
18841139
18910384
19012600
19013204
19571865
19667373
19737073
19935310
19935822
20199794
20444779
20633606
20646533
20716633
20740216
20765653
20820578
21054568
21075748
21318259
21343352
21528099
21695114
21901110
22253393
22362382
22565479
22571259
22622375
22724502
22754395
22759142
22915741
22923340
22989749
23640658
23728388
23870589
23903122
24204790
24239346
24407846
24468248
24644407
24764102
24767080
24925781
25003672
25120758
25291427
25342802
25445798
25653505
26324317
26392582
26405927
26498387
26514026
26536418
26761334
26776184
26815796
26870728
26872699
27001538
27031127
27257452
27364161
27460065
27633938
28019400
28154476
28363062
28397249
28560429
28947617
29110172
29220537
29403078
29638406
29639560
29759703
29845273
29942186
29951243
30582742
30716642
30990991
31040287
31046570
31051087
31075044
31154116
31354371
31673733
31750017
32067504
32367836
32500389
32721611
32762862
33011011
33498493
33880147
34271585
34373668
34377739
34392941
34724199
35333719
35378033
35549386
35997398
36517610
36774097
37251844
37292862
37327967
37518343
38095602
38159770
38174840
38785423
38817751
39119701
39149657
39212945
39256516
39284912
39294711
39358764
39403444
39802531
40224758
40500188
40559355
41181332
41293281
41372038
41716136
41978338
41993891
42128847
42201966
42214459
42298759
42347765
42395757
42648233
42885979
43062820
43172989
43187614
43319328
43328254
43982530
43995826
44138397
44572090
44591450
44818635
44899513
44908008
44954562
45076740
45087630
45130126
45193114
45344613
45529654
45556747
45811480
45879365
45986011
45987241
46577950
46631529
46902681
46996561
47062564
47077805
47622523
48367071
48536631
48678460
48838512
48856732
48984121
49226342
49906015
50170174
50193062
50556644
50664227
50691381
50921716
51934366
52137335
52151360
52204796
52731698
53409474
53465386
53625785
53636474
53650161
53837616
54021771
54120148
54322539
54343822
55136346
55465370
55465703
55880308
55880607
56237145
56560228
56916139
57091051
57146336
57464906
58218257
58801094
58830086
58842043
59643336
59830342
59835106
59880419
59885190
60172702
60448542
60488974
60546192
60556703
60574703
60941570
61191428
61235645
61326463
61535360
61753251
61899420
62083701
62180034
62316163
62487178
62624441
62648074
62688153
62694503
62749622
62772884
62861627
63314687
63422943
63719380
63995750
64486648
64578976
65174729
65315661
65601988
65628451
65648995
65749347
66565229
66843737
66958847
67000627
67124544
67279362
68137397
68365029
68441024
68677347
68720644
69121042
69349150
69396831
69471477
69548887
69635945
69969731
70129095
71006427
71318228
71318357
71579543
72129296
72220307
72257407
72666515
72861868
72914585
73763055
74561074
74926001
75094113
75197508
75222441
75228795
75566885
75929949
75954940
76100967
76447025
76692886
76939526
77273803
77641627
77750571
77781797
78074425
78419953
78697574
79029211
79062732
79477316
79849068
79989797
80164507
80576432
80727665
80878599
81044481
81044751
81339162
81642291
81825917
82163763
82693153
83088123
83411492
83418371
83615144
83647295
83897107
83898192
84071314
84820332
84989307
85191838
85866248
86053241
86326340
86406907
87062427
87219248
87255392
87683432
87755518
87829382
88465090
88558866
88560540
88609954
88667629
88687341
88844642
88905333
89618501
89639532
90230465
90470301
90545528
90579647
90913370
91019711
91505504
91559428
92037029
92087512
92221787
92316076
92348702
92387861
93325017
93655510
93662590
93859939
93885627
94264892
94371659
94406242
94420703
94495532
94699052
94732415
94760728
94767798
94832919
95279305
95670619
95905734
96000085
96798550
96961248
98204176
98628913
98637080
98743435
98931353
100979355
101091648
101120369
101336037
101667798
101734573
101761969
102013745
102093551
102449278
102545072
103617003
103848995
104283696
104284694
104354145
104563838
104587754
104769549
104811411
104856935
105079827
105198993
105632229
105773568
105812977
105819813
105959885
106317974
106335788
107198746
107253046
107304173
107560986
107626108
107801448
108078377
108822037
108884628
109083194
109243132
109255150
109316366
109565262
111115140
111667533
111920588
112000312
112127026
112152902
112182694
112183736
112195395
112315792
112325430
112513902
112596953
113047015
113208476
113565885
113591613
113678778
114181081
114290844
114303868
114326934
114466219
114849281
114886362
115370082
115492228
115540963
115573000
115721535
115913694
115960157
116140978
116208262
116430591
116763708
116786218
117414462
117444821
117528830
117608910
117868810
117868828
117965079
118204255
118436155
118484217
118922088
119252437
119447566
119927083
120125909
120150530
120216029
120245412
120428271
120547651
120671577
120808120
121991556
122197518
122414126
122415744
122730208
122968123
123383596
123703074
123998053
124061361
124091112
124105020
124248708
124630399
124987774
125084040
125119531
125264778
125365569
125709388
125789351
125800726
125844248
125906811
125979265
126552239
126604048
126634161
126773303
126847566
127010578
127610284
127936604
127957648
128377682
128379117
128765713
128790445
128980597
129048459
129078243
129402557
129406412
129452984
129584889
130318252
130324413
130363884
130396829
130419153
130477461
131017586
131042522
131052813
131470168
131680547
131767755
131824098
131922592
132113337
132127942
132274338
132884248
133093036
133243515
133326470
134055261
134081630
134156214
134194377
134203798
134442076
134672344
134884779
134902518
135001889
135536062
135821369
135910567
135944881
136246918
136354490
136611898
136711317
136740309
137008341
137069813
137203677
137345572
137544295
137650387
137701280
137710252
137729629
137968737
138268100
138349456
138406934
138524017
138667343
138814750
138851961
138928779
138985318
139030720
139051184
139221182
139379637
139769250
139847263
139851336
139889445
139955073
140086662
140114021
140174088
140515174
140534895
140710311
141337288
141739308
141789750
141804066
141839636
141999478
142126966
142261814
142718557
142856539
142905591
142918616
143129122
143137383
143583078
143947485
143966397
144055893
144069856
144127060
144250985
144523022
145132926
145146075
145186991
145392111
145447837
145631661
145747054
145964036
145994938
146092493
146179787
146235477
146252190
146274845
146480733
146541262
147001454
147024899
147202458
147570288
147864601
148067372
148103999
148173338
148434850
148448839
148609463
148699274
148751880
148872815
149009937
149333845
149388102
149431524
149549857
149592998
149604531
149688995
149732869
149754964
150022674
150188558
150580153
150633892
150766782
150876354
150955184
150970765
151143633
151460291
151645868
151722065
151730378
151782995
151959051
151987323
151988590
152228755
152270443
152434948
152607035
152787642
152812835
152838774
152842529
152957125
152978351
153246321
153270846
153819654
154243074
154289814
154302076
154341183
154508874
154589398
154932767
155006586
155183488
155268184
155277656
155354124
155514003
155620133
155942737
156014872
156151010
156158417
156241840
156308459
156605290
156785067
157065258
157383699
157407081
157529777
157579060
157683384
157817353
157821456
158126851
158137524
158240148
158617520
158896816
159160786
159374003
159527865
159530411
159539598
159581736
159725168
159770307
159818065
160293070
160381875
160962959
161106674
161174138
161353201
161495630
161616850
161690737
161754632
161824437
161965841
162037241
162450508
162480079
162528294
162608977
162752629
162886256
162902290
163013942
163171593
163249167
163340683
163354000
163374796
163442131
163752311
163793296
163969016
164056112
164131718
164355598
164410213
164630513
164644877
164878454
165031174
165048448
165091804
165203498
165236676
165252120
165268313
165270604
165278654
165333019
165371421
165426911
165719829
165857320
166102099
166474433
166528880
166531747
166562305
166652205
166815988
166963690
167474515
167482197
167589595
167713141
167814749
167845834
167987026
168069355
168204274
168256082
168296820
168326353
168403700
168515282
168691725
168816551
169035042
169083536
169107633
169131058
169148266
169184089
169195780
169219565
169283613
169304758
169373960
169389992
169543571
169545498
169576209
169578353
169641455
169721277
169897982
169972255
170109524
170305870
170514903
170543581
170569268
170741413
170787090
170847886
170888490
170913470
170961902
170986712
171033007
171050850
171077545
171087987
171127043
171216491
171264372
171329206
171401104
171405772
171430642
171610032
171816658
171841227
171849173
171962959
172000332
172038863
172127712
172142957
172234894
172773971
172828239
172851944
172891469
172983192
173056914
173109951
173256753
173407436
173428760
173463405
173502199
173553645
173783630
173866924
174027642
174068922
174070841
174111976
174224529
174306058
174380467
174426393
174490217
174570177
174602228
174605300
174640169
174832297
174838452
174883542
174937642
174938487
174974993
175024686
175110741
175199076
175248908
175303882
175338205
175393194
175480552
175594053
175635641
175645936
175658936
175675570
175823344
175839073
175891496
176077486
176268548
176295662
176326318
176438880
176520951
176610956
176689692
177088628
177095149
177190072
177280359
177291722
177300625
177342443
177510486
177524074
177594232
177708930
177817270
177817408
177969693
178003982
178006654
178102915
178145930
178186841
178206924
178229589
178289335
178302968
178321114
178350804
178404235
178530753
178541095
178543122
178613190
178697616
178709141
178733699
178752459
178847824
178870871
178929697
178940224
179013348
179093117
179160579
179167100
179191283
179301532
179377351
179521240
179522844
179608183
179670891
179711811
179768380
179963149
180033840
180148941
180242470
180281818
180297732
180406024
180417655
180577957
180599139
180715949
180767272
180793097
180859587
180965187
181033884
181074499
181119469
181243279
181280674
181529037
181540913
181708109
181720885
181748365
181779111
181904738
181922157
182083415
182260888
182344138
182353773
182432456
182443677
182469249
182480769
182505089
182547829
182613590
182664231
182674833
182716333
182767752
182769952
182797317
182799109
182932462
182937521
182938247
183000944
183146425
183204036
183300086
183330990
183382223
183406679
183474194
183498978
183500016
183560520
183627352
183678566
183702510
183786543
183824839
183843263
183878298
184017369
184040309
184053948
184228165
184706690
184846282
184901845
184914141
185158898
185277753
185326004
185342298
185414203
185428914
185464432
185586790
185623965
185872270
185923238
185981020
186025904
186060172
186146948
186212863
186229182
186267518
186356070
186379771
186394377
186400144
186431591
186439635
186511375
186528354
186549514
186566420
186573728
186598693
186727611
186797267
186814116
186889827
186920788
186927037
187027104
187027148
187148873
187229843
187329776
187350368
187365109
187378338
187380884
187392588
187416435
187475822
187616313
187690385
187743030
187769714
187777334
187778768
187785364
187824189
187831587
187930142
187991706
188074650
188074930
188110293
188126146
188134782
188261579
188435131
188471692
188486839
188580883
188662436
188674755
188786733
188798639
188801943
188802716
188832848
188884881
188982483
189167233
189172114
189263873
189450873
189535667
189596728
189598094
189640943
189665831
189692592
189842005
189857667
189881323
189918713
189938154
190138812
190152058
190175490
190211414
190243277
190309807
190321371
190358095
190572977
190753897
190868547
190913865
190976728
190979492
191001168
191012079
191013151
191048614
191111453
191135320
191192095
191217539
191253102
191290331
191332492
191339301
191345871
191376467
191398359
191511327
191512550
191660100
191684069
191719725
191776080
191852164
191943152
192019985
192073502
192084163
192160013
192185806
192192258
192201534
192477351
192525805
192538834
192577250
192659539
192663749
192706125
192773549
192781583
193014224
193131090
193139916
193156887
193186703
193261517
193291405
193394913
193399781
193470924
193488362
193626957
193687977
193718529
193778764
193785957
193811991
193852634
193868818
193901241
193918224
194003539
194028210
194079485
194102387
194143157
194211645
194261863
194367986
194384813
194438382
194443471
194507466
194553733
194630349
194652247
194681963
194705390
194722892
194817216
194916531
194970156
195098611
195104520
195127128
195244097
195290319
195292329
195320759
195471439
195472487
195497461
195520546
195533291
195536077
195555871
195641778
195656314
195826900
195867314
195884113
195904482
196007897
196071377
196082241
196118193
196279702
196339337
196396076
196439697
196468780
196532367
196539372
196580695
196617759
196633763
196714902
196718986
196783364
196864783
196929791
196938414
196975555
196977834
197076214
197108453
197117397
197123284
197138613
197155776
197186012
197228321
197239487
197275560
197288920
197336915
197387265
197413964
197432110
197445385
197481495
197542270
197549042
197661264
197792277
197798510
197902174
197942121
197947061
198041362
198084037
198375024
198404714
198431754
198481517
198499744
198515491
198527671
198579852
198596138
198690254
198776808
198778790
198816234
198949920
198951746
198964247
199121429
199128556
199146827
199200127
199340395
199353450
199360096
199435750
199512440
199649455
199753464
199779888
199813835
199962735
199984088
200008130
200228923
200295809
200332619
200346955
200386802
200394860
200434000
200434263
200484109
200591142
200728322
200763877
200764350
200872666
200886504
200919309
200920646
201100247
201129191
201149998
201229350
201270116
201296869
201379501
201387047
201461117
201483891
201552713
201574231
201626028
201635972
201642101
201924916
202107073
202350504
202424381
202436630
202474601
202474911
202477493
202557496
202642381
202662821
202750469
202833559
202841612
202852502
202855679
202867321
202874537
202912261
202919208
202981022
202987572
203082729
203155131
203269242
203340724
203354441
203910406
203940251
203944025
203975197
204050025
204072023
204097318
204159994
204175205
204203977
204209546
204251529
204273546
204306820
204443626
204451993
204563165
204631076
204655176
204704857
204754570
204802901
204843039
204846821
204983447
205268770
205413752
205502101
205609610
205654436
205778617
205873671
206071958
206116455
206197799
206334424
206395074
206586103
206690234
206813447
206835749
206868135
206962460
207058754
207091655
207145432
207163813
207328694
207364150
207379143
207390038
207470434
207538040
207566269
207586360
207617030
207637336
207641468
207644227
207661540
207724343
207740058
207744505
207811811
207815142
207848411
207867553
208106312
208134533
208138112
208306655
208408136
208477639
208573927
208579386
208693567
208840253
208885250
209001882
209025434
209163487
209170913
209205211
209258135
209360669
209367161
209456165
209476315
209486648
209497055
209520550
209623778
209661992
209685374
209695552
209788222
209926758
209931800
210001799
210008284
210058175
210142585
210211009
210268520
210286247
210514428
210530009
210534504
210603911
210605121
210629061
210718088
210797915
210855137
210922729
210934818
210936735
210938471
210960730
211083591
211157441
211160164
211310680
211363751
211446724
211601189
211632441
211711289
211716701
211759737
211818524
212154876
212178983
212195752
212250472
212455812
212459642
212489534
212540356
212609564
212632829
212661692
212672380
212852860
212871708
212960835
213003096
213120188
213248350
213272895
213489563
213574370
213646277
213721692
213786631
213815363
213823397
213823740
213892133
213909443
213975868
214068794
214246114
214256058
214273914
214292251
214304926
214346407
214967429
214968645
215081123
215093765
215150399
215209251
215513251
215516642
215638044
215723330
215843556
216062146
216247685
216277948
216310532
216312356
216315940
216351906
216403679
216562020
216588192
216627838
216883931
216893603
216994307
217061158
217141154
217141349
217252733
217272896
217321628
217470202
217475836
217691846
217703168
217883329
217931199
218118588
218152644
218266592
218300511
218367747
218528868
218543174
218568928
218794781
219120859
219154114
219377893
219526819
219527842
219691135
219774561
220276831
220358397
220452862
220535108
220564450
220939072
221039234
221285154
221358756
221443650
221479485
221551132
221719648
221884765
222209792
222236606
222477283
222483907
222584384
222819809
222899553
223196705
223214625
223431871
224254371
225138434
225341664
225560225
225678431
225888896
