4648009
4920394
5069231
7164009
11703318
11889635
11984774
12661241
13104438
17883938
18106689
18307210
18789813
22689322
26708042
27836634
33836098
36390444
39256516
49469040
61118571
69208364
70595715
72129296
77641627
89039650
92897770
99863670
104563838
110319723
115943529
116140978
124091979
133243242
144450445
146575977
147864601
148751880
159035790
168326353
172142957
172733727
172845894
175603861
176175722
177524074
182353773
185953274
187132665
188074650
191325764
191684069
192979936
197207145
199429768
208278685
