204306820
203975197
198951746
198099751
197866360
197207145
194652247
194046104
187297286
185953274
185277164
185214273
182443677
182353773
181748365
179277567
177470878
171077545
169148266
167789630
164527620
163093785
162500604
161965841
161690737
161206146
160972922
159965672
159035790
156241840
154577136
154576552
151735515
151118138
150807113
150188558
149592998
149333845
148814343
147120926
146235477
145146075
144525110
142856539
140710311
139348588
139030720
139003107
138422263
138349456
137729629
137490098
136999830
136886241
136644356
136501198
136354490
135222268
134081630
132142105
132113337
127709512
125208658
124642388
124186724
124049142
123727469
122792821
122234137
122188797
122029165
120750113
118922088
118476344
116545759
116095599
115222740
114238914
113888477
113780480
113421554
113208476
112765767
112443203
112350024
112320358
112143549
112000312
111855322
111482780
111140520
110679353
110035948
109255150
108700311
105798284
104624639
104561450
102624503
101054395
100546949
100147630
98099166
97214278
95430983
94095593
92897770
92685230
92444134
90859368
90766985
90709145
89066372
86660727
82302587
79787404
78718890
78525601
75273433
75197508
74909581
73494370
70595715
69334096
69290610
68517338
65765221
63256728
61948835
60941570
60681906
60482681
59880419
59813913
59283015
59260616
58268183
57736793
55597840
55335646
54921300
54120148
54071544
53931405
53622924
52904930
52151360
51441765
50908676
50660466
50585373
49909102
47892443
47233380
46686119
46133190
46131632
44374099
44312240
41878189
39119421
39102689
37518559
37251844
36895372
36709197
36638637
35923523
35627587
34967683
34504901
33880147
32175576
31580154
31338087
30966177
30216924
30114847
29931372
29845273
29759703
29353499
29246423
29186262
29045061
28663616
28600601
28385887
28105460
28032385
27783356
27050312
26890976
26805990
26803131
26634838
26539604
26224476
25841337
25166615
24986629
24564322
24458367
24239346
23363425
22702955
22689322
22604002
22375886
22200469
21919039
21585622
21185953
21127886
20703866
20188903
20175509
19973556
19671877
18728281
17933136
17723462
17655024
17280983
17075140
16974536
16780986
16551977
16275637
15962586
15870158
13104438
12635092
12593275
11804463
11572052
7880667
7567827
7254087
6777841
5483156
4985133
3618305
