4510196
4920394
5069231
5278235
5853675
6063772
6652352
7164009
7211952
7573324
7750379
10920794
11703318
11804463
11984774
12648908
12661241
12786500
13104438
13231140
13249594
13261601
16128672
16169421
16979108
17081553
17458881
17883938
18106689
18307210
18466851
18789813
19079052
19791539
19948486
19972403
20435330
20621543
21849167
21945463
22689322
23233982
23620629
23680542
23972822
24356769
24468248
25191554
25896377
26285318
26500480
26708042
27059209
27139506
27836634
27844831
27853848
28368940
28678242
29307642
29353499
30969385
31628143
32602569
33003841
33836098
33929316
35808480
36285346
36390444
36469611
39212945
39256516
39440686
40338725
40500188
42313617
42426692
42559583
44572090
44963558
46125836
46131632
46573575
46851921
47998367
48112793
48126879
48596201
48629345
48886014
49073563
49469040
49507805
49734525
50904420
51030534
52934891
54510864
55465370
55556015
56079326
56092996
56233012
56608273
56875405
56941172
57153291
57694071
58587452
58660599
59813913
59822356
59932838
60546192
60786989
63071143
63421322
64208028
64392818
65765221
65963378
66913203
67116580
67363527
69208364
70595715
72129296
73078143
73152462
73435365
73988330
74973501
75197508
76315702
76566060
76804509
77641627
78421649
78834392
79658500
79949071
80552667
81990145
82904353
84187621
84793771
85467501
86469747
88966727
89039650
89161314
90108735
92013271
92231577
92685230
92897770
93655510
93666408
94291611
95122811
95769579
99107014
99863670
100084047
100147630
100692847
100979355
102132176
102260626
103038892
103848995
104507458
104563838
105636339
105819813
105976698
107949113
108757513
108912437
109083194
110147743
110319723
110332250
111855322
112320358
113087714
113508953
113699229
114243716
114902321
115117784
115943529
116140978
116545759
116763708
116871069
118524702
124091979
126996161
127364192
127554847
127691283
129358261
130440623
131525266
133243242
136354490
136731650
137313941
138524017
139870678
143387205
144450445
147864601
148609463
148751880
150229671
150368695
155475419
156707671
156765703
159035790
163534563
164605835
164630513
164974930
165031174
168162053
168204274
168256082
168326353
169083536
169220456
169288911
169576209
169641455
169715954
170109524
170466711
170569268
170787090
171329206
171849173
172142957
172733727
172845894
173241717
173858954
174490217
174974993
175110741
175393194
176529181
177190072
177291722
177524074
177594232
178206924
178404235
178847824
179101074
179312653
180192235
180216092
180441421
181510253
181922157
182353773
182505089
182664231
182767752
182799109
183678566
183824839
183878298
184278944
185117271
185623965
185953274
185981020
186206166
186511375
186727611
186889827
187297286
187639402
187677834
187690385
187769714
187824189
188074650
188161762
188261579
188335589
188435131
188674755
188786733
189033580
189678021
189749951
190138812
191013151
191111453
191290331
191325764
191495081
192039158
192201534
192527522
192909143
192979936
193839080
194553733
194702373
195555871
196122978
197207145
197902174
198515491
198778790
199429768
199984088
201270116
201387047
206395074
208278685
209163487
210058175
211157441
