3618305
4985133
5483156
6777841
7254087
7567827
7880667
11572052
11804463
12593275
12635092
13104438
15870158
15962586
16275637
16551977
16780986
16974536
17075140
17280983
17655024
17723462
17933136
18728281
19671877
19973556
20175509
20188903
20703866
21127886
21185953
21585622
21919039
22200469
22375886
22604002
22689322
22702955
23363425
24239346
24458367
24564322
24986629
25166615
25841337
26224476
26539604
26634838
26803131
26805990
26890976
27050312
27783356
28032385
28105460
28385887
28600601
28663616
29045061
29186262
29246423
29353499
29759703
29845273
29931372
30114847
30216924
30966177
31338087
31580154
32175576
33880147
34504901
34967683
35627587
35923523
36638637
36709197
36895372
37251844
37518559
39102689
39119421
41878189
44312240
44374099
46131632
46133190
46686119
47233380
47892443
49909102
50585373
50660466
50908676
51441765
52151360
52904930
53622924
53931405
54071544
54120148
54921300
55335646
55597840
57736793
58268183
59260616
59283015
59813913
59880419
60482681
60681906
60941570
61948835
63256728
65765221
68517338
69290610
69334096
70595715
73494370
74909581
75197508
75273433
78525601
78718890
79787404
82302587
86660727
89066372
90709145
90766985
90859368
92444134
92685230
92897770
94095593
95430983
97214278
98099166
100147630
100546949
101054395
102624503
104561450
104624639
105798284
108700311
109255150
110035948
110679353
111140520
111482780
111855322
112000312
112143549
112320358
112350024
112443203
112765767
113208476
113421554
113780480
113888477
114238914
115222740
116095599
116545759
118476344
118922088
120750113
122029165
122188797
122234137
122792821
123727469
124049142
124186724
124642388
125208658
127709512
132113337
132142105
134081630
135222268
136354490
136501198
136644356
136886241
136999830
137490098
137729629
138349456
138422263
139003107
139030720
139348588
140710311
142856539
144525110
145146075
146235477
147120926
148814343
149333845
149592998
150188558
150807113
151118138
151735515
154576552
154577136
156241840
159035790
159965672
160972922
161206146
161690737
161965841
162500604
163093785
164527620
167789630
169148266
171077545
177470878
179277567
181748365
182353773
182443677
185214273
185277164
185953274
187297286
194046104
194652247
197207145
197866360
198099751
198951746
203975197
204306820
