212408320
211157441
210211009
209497055
208278685
208138112
207470434
204631076
204563165
203975197
203910406
202981022
202968230
202855679
202662821
201834941
201461117
201270116
200920646
200591142
199984088
199753464
199429768
198778790
198776808
198515491
198099751
197866360
197542270
197228321
197207145
196783364
196617759
196007897
195904482
195127128
194775266
194652247
194553733
194507466
194261863
194079485
194046104
193901241
193839080
193811991
193785957
193718529
193687977
192635976
192527522
192192258
192073502
192039158
191684069
191135320
191111453
191013151
190934700
190868547
190211414
190162581
190152058
190138812
189938154
189918713
189857667
189450873
189167233
189098870
189051475
188802716
188786733
188580883
188486839
188435131
188261579
188126146
188074650
187991706
187824189
187769714
187690385
187297286
187229843
187148873
187027104
186927037
186920788
186889827
186727611
186549514
186528354
186511375
186464963
186212863
186060172
185953274
185923238
185414203
185342298
185277753
185277164
185214273
185117271
184914141
184846282
184706690
184289689
184245740
184053948
184040309
183843263
183824839
183678566
183627352
183406679
183146425
182937521
182769952
182674833
182664231
182505089
182443677
182432456
182353773
181922157
181904738
181720885
181708109
181549117
181280674
181119469
181074499
181033884
180859587
180767272
180599139
180441421
180406024
180297732
180281818
180192235
179963149
179824215
179768380
179670891
179312653
179301532
179101074
178940224
178929697
178870871
178733699
178613190
178541095
178530753
178404235
178350804
178302968
178206924
178186841
177817408
177817270
177594232
177524074
177300625
177291722
177280359
177095149
176689692
176610956
176575911
176529181
176520951
176428192
176326318
176295662
176027005
175839073
175645936
175393194
175369182
175303882
175248908
175110741
175024686
174974993
174832297
174756959
174640169
174605300
174602228
174426393
174407750
174380467
174111976
174070841
174068922
174027642
173783630
173502199
173428760
173256753
173109951
173056914
172983192
172891469
172828239
172733727
172000332
171849173
171841227
171610032
171329206
171264372
171077545
171033007
170888490
170741413
170543581
170305870
169578353
169543571
169373960
169184089
169148266
169107633
169083536
169035042
168816551
168691725
168515282
168296820
168256082
168238791
168204274
168069355
167845834
167789630
167474515
166963690
166815988
166102099
165725239
165714216
165352976
165270604
165203498
165031174
164605835
164421754
164236572
164203930
164131718
163969016
163793296
163752311
163534563
163382970
163374796
163354000
163325733
163171593
163092892
163013942
162886256
162752629
162686563
162608977
162480079
162178173
161965841
161754632
161616850
161353201
161020085
160962959
160381875
160293070
160244823
159818065
159760998
159725168
159539598
159374003
159160786
159075418
159035790
158896816
158617520
158566480
158333191
158240148
158126851
157817353
157683384
157529777
157383699
157291751
156605290
156586346
156158417
156014872
155942737
155514003
154622291
154589398
154576552
154302076
154289814
154008132
153246321
152978351
152957125
152842529
152228755
151959051
151735515
151126524
150955184
150876354
150871985
150188558
150075540
149732869
149679446
149604531
148908107
148632653
148609463
148364116
148210036
147864601
147570288
147095927
147001454
146575977
146402432
146235477
145994938
145447837
145392111
145186991
145146075
145132926
144450445
144269501
144127060
144069856
144055893
143583078
143129122
142856539
142506164
142262872
142171936
141839636
141789750
141789043
140793172
140710311
140114021
139889445
139847263
139454425
139432068
139311065
139221182
139030720
138928779
138814750
138524017
138268100
138079266
137729629
137650387
137345572
136354490
136217738
135910567
135601210
135166878
134966646
134902518
134466846
134226797
134203798
133864718
133569571
133280344
132864333
132732462
132127942
132113337
131767755
131470168
131375605
131195202
130440623
130281356
130194901
129452984
129406412
129048459
128790445
128765713
128379117
128023226
127796911
127695560
127609794
127554847
127010578
126996161
126847566
126773303
126634161
126604048
126552239
126470462
125800726
125789351
125365569
125208658
124786641
124061361
123998053
123727469
123699556
123383596
123337394
123164147
122958945
122025251
121993742
121847534
121432153
121333122
121288791
120874976
120808120
120472318
120428271
120216029
120150530
120125909
119447566
119256649
119252437
118922088
118279804
118204255
117941920
117352104
117182301
116545759
116456659
116387425
116170581
116140978
115721535
115540963
115426852
115141253
115122418
115117784
115046848
114886362
114849281
114814046
114326934
114179006
113948109
113752361
113699229
113678778
113509435
113047015
112913030
112596953
112320358
112152902
112147407
112127026
112000312
111966204
111947500
111920588
111855322
111620532
111610725
111550118
111251498
111127450
111115140
110199238
110158194
109565262
109464824
109316366
109255150
108700311
108292598
107304173
106739497
106720269
106650942
106650509
106540882
105819813
105773568
105198993
104557714
104507458
104095377
103963808
103848995
103675819
103257074
103110060
102784849
102330732
102038513
101990994
101761969
101605313
101120369
100979355
100692847
100147630
99111460
99107014
98743435
98628913
98204176
96798550
95769579
95670619
94767798
94760728
94371659
92897770
92685230
92528232
92444134
92350355
92316076
92221787
92087512
92013271
91574572
91019711
91000788
90766985
90509634
90276678
90230465
89639532
89039650
88691903
88609954
87829382
87755518
87733284
86880301
86053241
85973803
85866248
85039474
84018743
83745315
83615144
83411492
82726364
82693153
82163763
81775521
81533146
80576432
79787404
79303213
79064605
78834392
78649506
77641627
76939526
76934697
76893903
75197508
73448602
73078143
72129296
70979069
70595715
70317974
69662500
69270078
69208364
69134533
68441024
68168179
68038019
67000627
66565229
66092949
65096444
64664128
64561857
64520872
64087600
63262801
63256728
63189885
62832224
62694503
62694423
62624441
62340849
62180034
61259938
61191428
60941570
60556703
60546192
60448542
59932838
59813913
59283015
59260616
58660599
58414678
57493010
57055659
56875405
56608273
56584444
56560228
56030452
55915605
55880607
55465370
55100725
55044849
54343822
54159605
54120148
53919926
53820694
52151360
51780760
51611890
51478213
51275330
50945482
50908676
50821254
50733496
50585373
50443078
50193062
50170174
49611657
49507805
49226342
48762445
48536631
48132392
48126879
47994630
47622523
46608682
46577950
45986011
45902075
45811480
45529654
44954562
44685173
44616189
44572090
44138397
43359410
43172989
43057083
42770209
42768063
42724780
42648233
42214459
42037054
42036034
41993891
41603155
40757925
40500188
40345508
40004976
39840221
39781559
39256516
39248827
39119421
38170256
38159770
37406897
37251844
37146216
36545069
36390444
35627587
35549386
34957470
34869551
34724199
34668272
34605924
34535667
33880147
33836098
33746632
33528096
33498493
32367836
32175576
32056537
31935943
31439152
31340404
31110276
31105193
30914757
30798380
30582742
30362529
30269746
30243880
30114847
29942186
29865644
29353499
29246423
28964281
28960758
28932794
28887837
28860641
28812627
28560429
27916547
27844831
27822977
27633938
27345740
27227595
27050468
26997998
26890976
26872699
26776184
26708042
26640585
26536418
26498387
26285318
25653505
25439496
25127836
25120758
25003672
24925781
24693941
24468248
24432731
24431937
24248238
23928235
23903122
23870589
23809674
23683870
23640658
23319648
23306480
23267938
23039392
23021559
22989749
22936576
22915741
22805813
22712323
22702955
22689322
22622375
22609860
22476072
22115744
22086756
22003228
21945463
21848281
21797098
21718829
21641342
21600676
21528099
21438156
21075748
20842029
20444779
20414835
20184838
19992283
19963925
19948486
19908762
19185119
18811213
18307210
18109347
18106689
17883938
17870405
17769041
17542071
17458881
16979108
16834922
16520203
16469919
16275637
16146399
16128672
15962586
15943543
15870158
15120237
15088460
14807664
14734350
13727100
13640000
13428603
13249594
13155881
13104438
12861035
12845692
12790877
12701931
12661241
12578570
12543335
12401257
12303734
12224357
11984774
11906500
11875372
11833429
11760631
11703318
11596912
11572052
11572015
9470401
9198240
8410579
8164825
8088712
7571482
7283906
7164009
6943463
6652352
6484437
6370386
6325337
6100674
6085145
5853675
5735183
5711118
5483156
5357559
5278235
5223124
5069231
4985133
4920394
4703049
4648009
4510196
4177456
3612942
3209190
