3209190
3612942
3626157
3980339
4076431
4152543
4177456
4510196
4648009
4703049
4793179
4809473
4828660
4870744
4920394
4931716
4985133
5004869
5023173
5069231
5223124
5357559
5483156
5536912
5600243
5603911
5670472
5711118
5720912
5735183
5763429
5808760
5853675
5876569
5971624
5997460
6052330
6054085
6063772
6074356
6085145
6090737
6100674
6126110
6242242
6325337
6366036
6370386
6442696
6469042
6484437
6544501
6589371
6624589
6650227
6768936
6777841
6840844
6943463
7093504
7164009
7171616
7240083
7271564
7283906
7291601
7324011
7345580
7442377
7483972
7567827
7571482
7573324
7767877
7823422
7848236
7880667
8088712
8164825
8304801
8341664
8410579
8910972
9105794
9181567
9198240
10688840
10838726
11369587
11375907
11402006
11433469
11563697
11572015
11572052
11596912
11664727
11667800
11703318
11719512
11730161
11751094
11760631
11779578
11833429
11837805
11863539
11875372
11906500
11917771
11943068
11965166
11978290
11984774
12155631
12213871
12224357
12272620
12303734
12305162
12338709
12389388
12401257
12413917
12431582
12465230
12516751
12543335
12565516
12578570
12592510
12606037
12635092
12648859
12661241
12680336
12701931
12746023
12790877
12845692
12850746
12861035
13057694
13104438
13119513
13119999
13148068
13155881
13183746
13249594
13251202
13392285
13396859
13428603
13493638
13640000
13727100
13841411
13856026
14009405
14099840
14377963
14411606
14689384
14701139
14734350
14807664
14874631
15088460
15120237
15218971
15230329
15319317
15388214
15683764
15838379
15854184
15870158
15898985
15943543
15946262
15957223
15962586
16041598
16112774
16128672
16146399
16202487
16208165
16253017
16275637
16275830
16513398
16520203
16564157
16567130
16715043
16729879
16780986
16817835
16834922
16886573
16974536
16979108
17034180
17205543
17205980
17211050
17214506
17236213
17293881
17375740
17458881
17542071
17572162
17629985
17738731
17764298
17769041
17870405
17881307
17883938
18014748
18041181
18083994
18106689
18109347
18132010
18136054
18313606
18332294
18365438
18441291
18546110
18607557
18786070
18811213
18841139
18893428
18910384
18966536
18968050
18973777
19012600
19013204
19026456
19062061
19128242
19172798
19185119
19200818
19240745
19273340
19302555
19518553
19520294
19571865
19586257
19667373
19692549
19737073
19745673
19782077
19866470
19899067
19908762
19921366
19935310
19935822
19948486
19957618
19963925
19992283
20015237
20081738
20184838
20199794
20256985
20309177
20322915
20333373
20350636
20389017
20414835
20444779
20482785
20542498
20552778
20575457
20633606
20646533
20692825
20716633
20740216
20763390
20765653
20820578
20829211
20842029
20866837
20942752
21054568
21075748
21102300
21111994
21197343
21268025
21295535
21318259
21343352
21437577
21438151
21439693
21528099
21600676
21638602
21641342
21664189
21695114
21718829
21775954
21797098
21800529
21805477
21818770
21848281
21852995
21901110
21918737
21945463
22003228
22003251
22032929
22102984
22104468
22115722
22115744
22140300
22253393
22254005
22269328
22325019
22362382
22476072
22538568
22565479
22571259
22609860
22622375
22635573
22689322
22702955
22712323
22724502
22754395
22759142
22779900
22805813
22877597
22915741
22923340
22936576
22966502
22984959
22985308
22989749
23021559
23039392
23052141
23064534
23068097
23233982
23267938
23268702
23306480
23319648
23363521
23372934
23454158
23462997
23494350
23541030
23555880
23632172
23640658
23683870
23693203
23728388
23787679
23789900
23809674
23870589
23903122
23928235
24090430
24124141
24204790
24238705
24239346
24248238
24271199
24348267
24371406
24407846
24431937
24455497
24468248
24552065
24564322
24610448
24644407
24654136
24693941
24745984
24764102
24767080
24843991
24886160
24901905
24925781
24987426
25003672
25059674
25076784
25093529
25120758
25127836
25173953
25191620
25256336
25291427
25320460
25342802
25439496
25445798
25462609
25501922
25524038
25625494
25647627
25653505
25740401
26215361
26216991
26285318
26324317
26341851
26392582
26405927
26425477
26498387
26500480
26514026
26536418
26600173
26761334
26762516
26776184
26790691
26795599
26811221
26815796
26870728
26872699
26890976
26921057
26974971
26997998
27001538
27031127
27035138
27074164
27139506
27147743
27227595
27257452
27277116
27345740
27364161
27460065
27554349
27632862
27633938
27822977
27823589
27837028
27844831
27850455
27853848
27898220
27916547
28019400
28032385
28051849
28154476
28164793
28230263
28320062
28363062
28397249
28560429
28563516
28812627
28860641
28887837
28932794
28947617
28960758
29029669
29110172
29134897
29220537
29246423
29249521
29353499
29403078
29450922
29638406
29639560
29759558
29759703
29845273
29865644
29938480
29942186
29951243
29979539
29984379
30114847
30243880
30257543
30359840
30551031
30582742
30593065
30716642
30798380
30804779
30890192
30914757
30926495
30990991
31023063
31040287
31046570
31051087
31067418
31075044
31105193
31110276
31154116
31258404
31340404
31354371
31386069
31439152
31601023
31628143
31673733
31750017
31935943
32056537
32067504
32125278
32175576
32214933
32367836
32374333
32457336
32500389
32587929
32721611
32762862
32936733
33003841
33011011
33360558
33476177
33498493
33528096
33624603
33746632
33806112
33836098
33880147
33908703
34145925
34224582
34236056
34271585
34373668
34377739
34392941
34535667
34605924
34668272
34724199
34941327
35333719
35378033
35449485
35549386
35627587
35997398
36232023
36359164
36360991
36374136
36390444
36402487
36517610
36545069
36669191
36774097
36887570
36999219
37146216
37152344
37251844
37292862
37310930
37327967
37338440
37406897
37518343
37725469
37952048
37993120
38095602
38121420
38159358
38159770
38170256
38174840
38209395
38781043
38785423
38817751
38845377
38917261
38953302
39119421
39119701
39149657
39180044
39206726
39212945
39256516
39284912
39294711
39324496
39358764
39403444
39594284
39775804
39781559
39802531
39840221
39869242
40004976
40224758
40345508
40500188
40511382
40559355
40581970
40705682
40757925
40833118
41181332
41241373
41293281
41294268
41372038
41603155
41716136
41745437
41871930
41878189
41978338
41993891
42026334
42036034
42037054
42128847
42201966
42214459
42298596
42298759
42344384
42347765
42373859
42395757
42563236
42569991
42648233
42724780
42768063
42778892
42885979
43022023
43057083
43062820
43161569
43172989
43187614
43319328
43328254
43982530
43995826
44138397
44207848
44214628
44539157
44543156
44572090
44591450
44610066
44616189
44685173
44818635
44888718
44899513
44908008
44954562
45076740
45087630
45130126
45193114
45219318
45344613
45529654
45556747
45811480
45879365
45902075
45986011
45987241
46091945
46125717
46153961
46195425
46301386
46333853
46374182
46516586
46577950
46608682
46631529
46787211
46805397
46835402
46902681
46996561
47062564
47077805
47135385
47199867
47256837
47274150
47372044
47588440
47622523
47640287
47957847
47994630
48061116
48122275
48126879
48132392
48154229
48367071
48536631
48678460
48762445
48838512
48856732
48886014
48968089
48984121
49073563
49085597
49226342
49469040
49507805
49611657
49710555
49906015
50061091
50170174
50193062
50217668
50382571
50485561
50556644
50585373
50647101
50664227
50691381
50733496
50821254
50908676
50921716
50945482
50960190
51478213
51780760
51836619
51934366
52137335
52151360
52160074
52204796
52324064
52671216
52731698
52747512
52971012
53212803
53409474
53465386
53548114
53570370
53625785
53636474
53650161
53679385
53820694
53837616
53888456
53919926
54021771
54120148
54126593
54169152
54322539
54343822
54345767
54373968
54564879
54579575
54759021
55026315
55044849
55100725
55136346
55173677
55465370
55465703
55468823
55472586
55532212
55738958
55766406
55802490
55880308
55880607
55915605
56030452
56079326
56204517
56220244
56237145
56265404
56560228
56575069
56584444
56608273
56875405
56916139
57055659
57091051
57146336
57316834
57464906
57493010
57522639
57757397
57773567
57895931
57922179
57966291
58108609
58218257
58414678
58592121
58595656
58660599
58801094
58830086
58842043
58958760
59260616
59283015
59364139
59643336
59813913
59819462
59830342
59835106
59848415
59874532
59880419
59885190
59932838
60138010
60171096
60172702
60213808
60221638
60448542
60469966
60488974
60529666
60546192
60556703
60574703
60651367
60717297
60733662
60941570
60986913
61086428
61089233
61129737
61185211
61191428
61235645
61246075
61309082
61326463
61535360
61734338
61753251
61835945
61899420
62028403
62083701
62180034
62316163
62340849
62466207
62487178
62624441
62648074
62688153
62694503
62749622
62772884
62832224
62861627
63100743
63156256
63189885
63256728
63314687
63421322
63422943
63629529
63719380
63771631
63803098
63995750
64087600
64350837
64486648
64496245
64520872
64561857
64578976
64664128
64762578
65096444
65174729
65230935
65312808
65315661
65471002
65546835
65601988
65628451
65648995
65749347
66092949
66139012
66176542
66565229
66843737
66958847
67000627
67124544
67187391
67279362
67405961
67407647
68038019
68137397
68149632
68150890
68168179
68249298
68365029
68441024
68677347
68720644
68768000
69053555
69073479
69121042
69208364
69270078
69349150
69396831
69471477
69548887
69635945
69956095
69969731
70070652
70129095
70317974
70595715
70940521
70979069
71006427
71251904
71315955
71318228
71318357
71364411
71579543
71830341
72129296
72166931
72220307
72257407
72666515
72861868
72914585
72962453
73078143
73088661
73266903
73448602
73763055
74081376
74557801
74561074
74926001
75009139
75094113
75197508
75222441
75228795
75273433
75401654
75566885
75667231
75929949
75954940
76100967
76213893
76281479
76447025
76692886
76893903
76934697
76939526
77273803
77641627
77720072
77728661
77750571
77781797
77849945
78074425
78419953
78649506
78678024
78697574
78834392
78967400
79029211
79062732
79064605
79303213
79477316
79604984
79727888
79787404
79830997
79849068
79989797
80164507
80576432
80727665
80792424
80878599
80887975
81044481
81044751
81227576
81339162
81642291
81775521
81825917
82163763
82219729
82693153
82726364
83088123
83264675
83401726
83411492
83418371
83574764
83615144
83647295
83654140
83718936
83745315
83897107
83898192
84018743
84071314
84325216
84531807
84711776
84820332
84923272
84989307
85039474
85176083
85191838
85467501
85548960
85692256
85866248
85957887
85973803
85986013
86043711
86053241
86326340
86406907
87062427
87219248
87255392
87683432
87733284
87755518
87829382
88465090
88558866
88560540
88609954
88667629
88687341
88691903
88844642
88905333
88966727
89039650
89161314
89618501
89639532
89991104
90108735
90230465
90276678
90470301
90509634
90545528
90579647
90682174
90766985
90913370
91000788
91019711
91505504
91559428
91574572
91825394
92003411
92013271
92037029
92087512
92221787
92316076
92348702
92387861
92444134
92528232
92685230
92897770
93143799
93325017
93655510
93662590
93859939
93885627
94003597
94264892
94371659
94406242
94420703
94495532
94699052
94732415
94760728
94767798
94832919
95164597
95279305
95670619
95690729
95769579
95905734
96000085
96798550
96961248
97214278
97715480
98204176
98315271
98322715
98628913
98637080
98743435
98931353
99107014
99111460
99863670
99907717
100015244
100147630
100692847
100979355
101091648
101120369
101336037
101595727
101667798
101734573
101761969
101966416
101990994
102013745
102038513
102093551
102321889
102330732
102396076
102449278
102545072
102572548
102591777
103110060
103257074
103617003
103675819
103848995
103892943
103963808
104092373
104095377
104231861
104283696
104284694
104321879
104354145
104507458
104557714
104563838
104587754
104603614
104769549
104811411
104856935
104909236
104951380
105079827
105198993
105632229
105773568
105812977
105819813
105926305
105959885
106317974
106335788
106540882
106650509
106650942
106720269
107198746
107253046
107304173
107432792
107560986
107626108
107801448
108078377
108292598
108344253
108700311
108790816
108822037
108884628
109083194
109243132
109255150
109316366
109464824
109565262
109948332
110158194
110199238
110324511
111115140
111127450
111188707
111251498
111550118
111610725
111620532
111667533
111730645
111855322
111920588
111941338
111966204
112000312
112127026
112147407
112152902
112182694
112183736
112195395
112279871
112315792
112320358
112325430
112331467
112502749
112513902
112596953
112913030
113047015
113208476
113406885
113508953
113509435
113565885
113591613
113678778
113695109
113699229
113752361
113781819
113889563
114179006
114181081
114238914
114290844
114303868
114326934
114466219
114490564
114814046
114849281
114886362
115046848
115122418
115129518
115141253
115370082
115426852
115452640
115492228
115540963
115573000
115582880
115611137
115721535
115881107
115913694
115943529
115960157
116084677
116140978
116170581
116208262
116264106
116315084
116387425
116430591
116456659
116545759
116639842
116763708
116786218
117182301
117184317
117352104
117414462
117444821
117528830
117608910
117868810
117868828
117941920
117965079
118204255
118279804
118436155
118484217
118922088
119065924
119252437
119256649
119447566
119927083
119963007
120097157
120125909
120150530
120216029
120245412
120252715
120428271
120472318
120544411
120547651
120550650
120671577
120808120
120874976
121288791
121333122
121432153
121750885
121847534
121941538
121991556
121993742
122025251
122197518
122414126
122415744
122621485
122730208
122792821
122944295
122958945
122968123
123010789
123073259
123164147
123313813
123337394
123383596
123699556
123703074
123704469
123727469
123821683
123947683
123998053
124061361
124091112
124105020
124248708
124281021
124630399
124765230
124786641
124987774
125084040
125119531
125208658
125264778
125365569
125709388
125789351
125800726
125844248
125906811
125979265
126470462
126552239
126604048
126634161
126665569
126773303
126793894
126847566
126996161
127010578
127354208
127420936
127535697
127554847
127609794
127610284
127683218
127724879
127936604
127957648
128023226
128188184
128202910
128297671
128377682
128379117
128529425
128765713
128790445
128980597
129048459
129078243
129402557
129406412
129452984
129493559
129584889
129795251
130194901
130220906
130281356
130318252
130324413
130363884
130396829
130419153
130440623
130477461
130527425
130550914
131017586
131042522
131052813
131104709
131195202
131375605
131470168
131525266
131635217
131680547
131767755
131824098
131922592
132113337
132127942
132274338
132732462
132787199
132864333
132884248
133082838
133093036
133243242
133243515
133280344
133326470
133569571
133685958
133846000
133864718
134055261
134081630
134156214
134194377
134203798
134226797
134442076
134466846
134672344
134884779
134902518
134966646
135001889
135166878
135536062
135601210
135821369
135910567
135944881
136217738
136246918
136310158
136354490
136539951
136611898
136711317
136740309
137008341
137035957
137069813
137201540
137203677
137345572
137402053
137544295
137650387
137701280
137710252
137729629
137968737
138079266
138268100
138349456
138394757
138405883
138406934
138524017
138667343
138814750
138851961
138928779
138985318
139030720
139051184
139221182
139311065
139379637
139432068
139454425
139477780
139576562
139603693
139769250
139847263
139851336
139889445
139955073
140086662
140114021
140174088
140385093
140515174
140534895
140710311
140793172
140812053
141337288
141363917
141739308
141789043
141789750
141804066
141839636
141999478
142126966
142164988
142171936
142261814
142262872
142506164
142670393
142718557
142856539
142905591
142918616
143129122
143137383
143457057
143527865
143583078
143664306
143947485
143966397
144055893
144069856
144127060
144250985
144262363
144269501
144338570
144450445
144523022
144596208
144638120
145132926
145146075
145186991
145302928
145392111
145447837
145631661
145747054
145964036
145994938
146092493
146179787
146235477
146252190
146274845
146402432
146480733
146541262
146575977
146645757
147001454
147024899
147095927
147202458
147452649
147459062
147570288
147864601
148067372
148103999
148173338
148210036
148434850
148448839
148609463
148632653
148667656
148699274
148751880
148814343
148872815
148908107
149009937
149122726
149172030
149333845
149388102
149431524
149549857
149592998
149604531
149679446
149688995
149732869
149754964
150022674
150075540
150188558
150229671
150580153
150633892
150647428
150766782
150871985
150876354
150955184
150970765
151126524
151143633
151460291
151501356
151645868
151722065
151730378
151735515
151782995
151959051
151987323
151988590
152032487
152204244
152228755
152270443
152434948
152497968
152541645
152607035
152787642
152812835
152838774
152842529
152957125
152978351
153148203
153246321
153270846
153819654
153990446
154243074
154289814
154302076
154341183
154508874
154576552
154589398
154622291
154932767
155006586
155183488
155268184
155274532
155277656
155354124
155514003
155620133
155942737
156014872
156151010
156158417
156241840
156308459
156586346
156605290
156621472
156785067
157065258
157291751
157383699
157407081
157529777
157579060
157683384
157792563
157817353
157821456
157931503
158126851
158137524
158240148
158299328
158333191
158545623
158566480
158617520
158896816
159035790
159075418
159160786
159354585
159374003
159527865
159530411
159539598
159581736
159725168
159760998
159770307
159817974
159818065
160213960
160215306
160244823
160293070
160381875
160962959
161020085
161106674
161174138
161303548
161344519
161353201
161495630
161616850
161690737
161754632
161824437
161965841
162037241
162178173
162450508
162480079
162528294
162608977
162686563
162752629
162886256
162902290
163013942
163092892
163171593
163249167
163325733
163340683
163354000
163374796
163382970
163442131
163534563
163752311
163793296
163969016
164056112
164131718
164196287
164196867
164203930
164236572
164355598
164410213
164421754
164605835
164630513
164644877
164878454
165031174
165048448
165091804
165116985
165203498
165236676
165252120
165268313
165270604
165278654
165333019
165352976
165371421
165426911
165714216
165719829
165725239
165857320
166102099
166474433
166528880
166531747
166562305
166652205
166727301
166735352
166815988
166963690
167317437
167371740
167474515
167482197
167589595
167713141
167789630
167814749
167845834
167987026
168069355
168204274
168238791
168256082
168296820
168326353
168354685
168384161
168403700
168515282
168691725
168816551
169035042
169083536
169107633
169131058
169148266
169184089
169195780
169219565
169283613
169304758
169373960
169389992
169453332
169543571
169545498
169576209
169578353
169641455
169721277
169758858
169897982
169972255
170109524
170213442
170305870
170514903
170532357
170543581
170569268
170741413
170744317
170787090
170847886
170888490
170912990
170913470
170961902
170986712
171033007
171050850
171077545
171087987
171127043
171216491
171264372
171329206
171401104
171405772
171430642
171548852
171610032
171721503
171784662
171816658
171841227
171849173
171962959
172000332
172038863
172127712
172142957
172234894
172733727
172773971
172828239
172845894
172851944
172891469
172983192
173056914
173109951
173232714
173256753
173407436
173428760
173463405
173502199
173553645
173783630
173866924
174027642
174068922
174070841
174111976
174224529
174306058
174380467
174407750
174426393
174490217
174570177
174602228
174605300
174640169
174756959
174832297
174838452
174883542
174937642
174938487
174974993
175024686
175110741
175199076
175248908
175303882
175338205
175369182
175393194
175480552
175594053
175599956
175635641
175645936
175658936
175675570
175705650
175823344
175839073
175891496
175908932
176027005
176077486
176268548
176295662
176326318
176428192
176438880
176520951
176529181
176575911
176610956
176689692
177088628
177095149
177098376
177190072
177280359
177291722
177300625
177342443
177352666
177510486
177524074
177594232
177708930
177817270
177817408
177969693
178003982
178006654
178102915
178145930
178186841
178206924
178229589
178289335
178302968
178321114
178350804
178404235
178530753
178541095
178543122
178613190
178697616
178709141
178733699
178752459
178814403
178847824
178870871
178929697
178940224
179011308
179013348
179093117
179101074
179160579
179167100
179191283
179217394
179277567
179301532
179312653
179377351
179521240
179522844
179608183
179670891
179711811
179768380
179824215
179963149
180033840
180148941
180192235
180216092
180242470
180281818
180297732
180406024
180406987
180417655
180441421
180577957
180599139
180715949
180767272
180793097
180859587
180965187
181033884
181074499
181119469
181243279
181280674
181510253
181529037
181540913
181549117
181708109
181720885
181748365
181779111
181904738
181922157
182083415
182260888
182344138
182353773
182432456
182443677
182469249
182480769
182505089
182520872
182547829
182613590
182664231
182674833
182716333
182767752
182769952
182797317
182799109
182932462
182937521
182938247
183000944
183146425
183204036
183300086
183330990
183382223
183406679
183474194
183498978
183500016
183560520
183627352
183678566
183702510
183786543
183824839
183843263
183878298
184017369
184040309
184053948
184217201
184228165
184245740
184278944
184289689
184632383
184706690
184846282
184901845
184914141
185117271
185158898
185214273
185277164
185277753
185326004
185342298
185414203
185428914
185464432
185586790
185623965
185721167
185872270
185923238
185953274
185981020
186025904
186060172
186146948
186206166
186212863
186229182
186267518
186356070
186372906
186379771
186394377
186400144
186431591
186439635
186464963
186511375
186528354
186549514
186566420
186573728
186598693
186727611
186797267
186814116
186889827
186920788
186927037
187027104
187027148
187108351
187148873
187229843
187297286
187329776
187350368
187365109
187378338
187380884
187392588
187416435
187475822
187616313
187639402
187690385
187743030
187769714
187777334
187778768
187785364
187824189
187831587
187930142
187991706
188074650
188074930
188110293
188126146
188134782
188261579
188299026
188435131
188471692
188486839
188580883
188662436
188674755
188786733
188798639
188801943
188802716
188807055
188824590
188832848
188884881
188982483
189051475
189098870
189109831
189167233
189172114
189263873
189265710
189450873
189535667
189596728
189598094
189640943
189648080
189665831
189692592
189842005
189857667
189881323
189918713
189938154
190138812
190152058
190162581
190175490
190211414
190243277
190309807
190321371
190358095
190504908
190572977
190574006
190753897
190868547
190913865
190934700
190976728
190979492
191001168
191012079
191013151
191048614
191111453
191135320
191192095
191217539
191253102
191290331
191332492
191339301
191345871
191376467
191398359
191511327
191512550
191660100
191684069
191719725
191776080
191852164
191943152
192019985
192039158
192073502
192084163
192160013
192185806
192192258
192201534
192477351
192507943
192525805
192527522
192538834
192577250
192635976
192659539
192663749
192706125
192773549
192781583
192909143
192912126
193014224
193131090
193139916
193156887
193186703
193261517
193291405
193394913
193399781
193470924
193488362
193626957
193687977
193718529
193778764
193785957
193811991
193839080
193852634
193868818
193901241
193918224
194003539
194028210
194046104
194079485
194102387
194143157
194211645
194261863
194367986
194384813
194398561
194438382
194443471
194494226
194507466
194553733
194630349
194652247
194681963
194686375
194702373
194705390
194722892
194775266
194817216
194916531
194938298
194970156
195098611
195104520
195127128
195244097
195290319
195292329
195320759
195471439
195472487
195497461
195520546
195533291
195536077
195555871
195641778
195656314
195826900
195867314
195884113
195904482
196007897
196057354
196071377
196082241
196118193
196122978
196279702
196339337
196396076
196439697
196468780
196532367
196539372
196580695
196617759
196633763
196714902
196718986
196783364
196864783
196929791
196938414
196975555
196977834
197076214
197108453
197117397
197123284
197138613
197155776
197186012
197207145
197228321
197239487
197275560
197288920
197333384
197336915
197387265
197413964
197432110
197445385
197481495
197542270
197549042
197661264
197706499
197792277
197798510
197866360
197902174
197942121
197947061
198041362
198084037
198099751
198375024
198404714
198431754
198481517
198499744
198515491
198527671
198579852
198596138
198690254
198776808
198778790
198816234
198949920
198951746
198964247
199121429
199128556
199146827
199200127
199288956
199340395
199353450
199360096
199429768
199435750
199512440
199649455
199753464
199779888
199813835
199962735
199984088
200008130
200228923
200295809
200332619
200346955
200386802
200394860
200434000
200434263
200484109
200591142
200728322
200763877
200764350
200872666
200886504
200919309
200920646
201100247
201129191
201147752
201149998
201229350
201270116
201296869
201379501
201387047
201444773
201461117
201483891
201552713
201574231
201626028
201635972
201642101
201834941
201924916
202107073
202350504
202424381
202436630
202474601
202474911
202477493
202557496
202642381
202662821
202739399
202750469
202815256
202833559
202841612
202852502
202855679
202867321
202874537
202912261
202919208
202968230
202981022
202987572
203082729
203143463
203155131
203269242
203340724
203354441
203910406
203940251
203944025
203975197
204050025
204072023
204097318
204159994
204175205
204203977
204209546
204251529
204273546
204283808
204306820
204443626
204451993
204563165
204631076
204655176
204704857
204754570
204802901
204843039
204846821
204983447
205268770
205413752
205502101
205529916
205609610
205654436
205778617
205873671
206071958
206116455
206197799
206334424
206395074
206586103
206690234
206813447
206835749
206868135
206962460
207026278
207058754
207091655
207145432
207163813
207221051
207328694
207364150
207379143
207390038
207461530
207470434
207538040
207566269
207586360
207617030
207637336
207641468
207644227
207661540
207724343
207740058
207744505
207811811
207815142
207848411
207867553
208106312
208134533
208138112
208278685
208306655
208408136
208477639
208573927
208579386
208693567
208840253
208885250
209001882
209025434
209065787
209163487
209170913
209205211
209221125
209258135
209360669
209367161
209456165
209476315
209486648
209497055
209520550
209623778
209661992
209685374
209695552
209788222
209926758
209931800
210001799
210008284
210058175
210142585
210211009
210268520
210286247
210514428
210530009
210534504
210603911
210605121
210605469
210629061
210718088
210797915
210855137
210922729
210934818
210936735
210938471
210960730
211083591
211120093
211157441
211160164
211310680
211363751
211446724
211601189
211632441
211711289
211716701
211759737
211818524
212154876
212178983
212195752
212250472
212341886
212408320
212455812
212459642
212489534
212540356
212609564
212632829
212661692
212672380
212852860
212871708
212960835
213003096
213089920
213120188
213124896
213248350
213272895
213352639
213489563
213574370
213646277
213721692
213786631
213815363
213823397
213823740
213892133
213909443
213975868
214068794
214246114
214256058
214273914
214292251
214304926
214346407
214359136
214429439
214819551
214967429
214968645
215081123
215093765
215150399
215209251
215513251
215516642
215638044
215723330
215843556
216062146
216247685
216277948
216310532
216312356
216315940
216351906
216403679
216562020
216588192
216627838
216883931
216893603
216994307
217061158
217141154
217141349
217252733
217272896
217321628
217470202
217475836
217691846
217703168
217883329
217931199
218118588
218152644
218266592
218300511
218367747
218528868
218543174
218568928
218794781
219120859
219154114
219377893
219526819
219527842
219691135
219774561
220276831
220358397
220452862
220535108
220564450
220939072
221039234
221285154
221358756
221443650
221479485
221551132
221719648
221884765
222209792
222236606
222477283
222483907
222584384
222819809
222899553
223196705
223214625
223431871
224254371
225138434
225341664
225560225
225678431
225888896
