212408320
209163487
208306655
208278685
207748670
206811363
205268770
203945627
202855679
199435750
199429768
198778790
198515491
197207145
197186012
195933501
194728448
193399781
191398359
191111453
190908596
190573549
190344470
189938154
188801943
188110293
187690385
187297286
186814116
186386067
185981020
185953274
184727639
184289689
183847923
183474194
182903714
182547829
182353773
180859587
179608183
179522844
179160579
176610956
175823344
175248908
175239410
174756959
174490217
174070841
172733727
172506142
172126439
171264372
171050850
170787090
170543581
169219565
169148266
169116254
168515282
167814749
167589595
167317437
167121988
166528880
166474433
165371421
163534563
163442131
163382970
163092892
162538789
159581736
159354585
159035790
158778147
158299328
157407081
157065258
156586346
156519807
155274538
155268184
154576552
154341183
154243074
153819654
153435843
153392504
153053828
152607035
152032487
151730378
150857060
149688995
149604531
148745336
148434850
148184653
148103999
148067372
147346330
147168672
146891945
146877540
146575977
146541262
146480733
146235477
145964036
145631661
144450445
144250985
143762207
142261814
141739308
141050373
140515174
140086662
139030720
138545618
137650387
136771211
136765043
136731650
136611898
135944881
134884779
134672344
134156214
133637138
131052813
130811953
130811713
130419153
130363884
130318252
130250161
128377682
128009827
127957648
127901307
127554847
126996161
126604048
124281021
123425909
123192659
123164147
122621485
120472318
118755363
117868810
116140978
115943529
115582880
115122418
113699229
113384513
112596953
112320358
111855322
111610725
110762126
110331912
109255150
109162262
108700311
107811820
105819813
104354145
103807565
102570628
101734573
101091648
100692847
99075487
95666435
95011323
94732415
93456267
92897770
92685230
91293128
91000788
90766985
90544499
90193580
87829382
85467501
85176083
80727665
79029211
75401654
75197508
73627894
73078143
71506333
70595715
69280420
69208364
68658635
66208533
63256728
63189885
63100490
62340849
62028403
61118571
60546192
59283015
59260616
57757397
51478213
50585373
48539080
47465654
46100327
45193114
44746368
43057083
42136380
39825626
39119421
38953302
37582102
37338440
37251844
36320460
36274401
35449485
34715230
33880147
33836098
31935943
31340404
30114847
29202365
28987551
27012588
26872699
26793603
26708042
24455497
24059249
23306480
22702955
22689322
22596188
22586373
21411027
21156261
21141025
19963925
19948486
19520294
19191648
18307210
18106689
17458881
16979108
16729879
16202487
13841411
13249594
13104438
13066362
12661241
11703318
11596912
11368162
8536556
7283906
7164009
6523479
5853675
4920394
