212408320
211157441
210211009
210058175
208278685
207867553
206962460
204563165
202981022
202855679
202662821
201635972
200591142
200008130
199435750
198515491
197902174
197207145
196975555
196929791
194775266
194686375
194553733
194507466
194046104
193852634
192909143
192527522
192201534
192192258
191660100
191290331
191111453
190868547
190211414
190175490
189918713
189665831
189167233
188110293
187991706
187639402
186356070
185981020
185953274
185428914
185414203
185277753
185277164
182937521
182799109
182674833
182520872
182353773
182344138
181922157
181904738
181549117
181529037
181510253
181243279
180406987
180192235
179277567
179167100
178814403
178206924
178006654
177524074
177342443
177098376
176610956
176529181
176295662
175908932
175705650
175658936
175393194
174974993
174838452
174605300
174602228
174068922
173783630
173463405
173109951
172142957
171962959
171841227
171264372
171077545
170961902
170912990
170787090
170744317
169758858
169453332
169184089
169083536
168691725
168354685
168326353
167474515
167317437
166727301
166652205
166474433
166102099
165714216
165352976
165333019
165116985
165091804
164630513
164605835
164410213
163534563
163325733
163013942
161344519
161174138
159817974
159527865
159160786
159035790
158800426
158545623
157931503
157817353
157792563
157407081
156014872
155277656
154622291
154508874
154341183
154289814
152838774
152787642
152434948
151987323
151735515
151501356
150580153
150188558
149826749
149754964
149604531
149592998
149388102
149333845
149172030
148872815
148814343
148751880
148667656
148173338
147606643
146645757
146541262
146274845
146179787
146092493
145302928
144596208
144450445
143966397
143664306
143527865
143457057
143137383
143129122
142905591
142856539
142261814
142164988
141804066
141503702
140174088
139889445
139432068
138851961
138524017
138406934
138405883
138394757
137650387
137203677
137008341
136740309
136711317
136611898
136539951
135910567
135821369
135536062
135170144
135001889
134672344
134563009
134442076
134194377
134081630
133864718
133326470
133243515
133243242
132884248
132787199
131824098
131767755
131680547
131525266
131375605
131042522
130550914
130527425
130477461
130440623
130396829
130324413
130194901
129795251
129584889
129493559
128980597
128297671
128202910
128188184
127796911
127756119
127695560
127610284
127609794
127554847
127535697
127420936
127010578
126996161
126793894
125801457
125208658
125119531
124786641
124248708
124105020
124091112
124061361
123947683
123821683
123704469
123313813
123073259
123010789
122944295
122792821
122414126
122197518
121941538
121539065
121414514
121288791
120671577
120472318
120252715
119927083
118484217
118204255
117965079
117608910
117444821
117352104
117184317
116639842
116545759
116456659
116208262
116084677
115611137
115573000
115452640
115141253
115122418
115046848
114490564
114326934
114303868
113889563
113781819
113591613
113509435
113508953
113368683
113163945
112596953
112513902
112325430
112320358
112183736
112147407
111966204
111947500
111941338
111855322
111667533
111610725
111188707
109836500
109255150
108790816
108700311
107198746
106335788
106317974
105632229
104909236
104856935
104811411
104603614
104557714
104507458
104283696
104231861
103963808
103960043
103892943
102572548
102545072
102038513
101966416
101761969
101091648
101004770
99746800
99107014
98808718
98743435
97715480
95690729
95670619
95164597
94888924
94699052
94264892
94003597
93655510
92897770
92685230
92528232
92387861
92348702
92341462
92316076
92185933
92003411
91759784
91574572
91019711
91000788
90545528
89066372
88905333
88844642
88667629
88158700
87368601
87062427
85191838
84923272
84711776
84531807
84325216
83718936
83647295
83452171
83401726
83264675
81825917
80887975
80792424
80576432
79858589
78967400
78649506
77849945
77273803
76213893
75273433
75228795
75222441
73763055
73266903
72962453
72666515
72257407
71830341
71318228
71251904
70399598
70070652
69635945
69121042
69053555
68677347
68441024
68249298
68168179
68159432
68150890
68137397
67187391
67000627
66668105
66092949
65601988
65230935
64933487
64762578
64496245
63629529
63599318
63394226
63256728
63189885
62861627
62466207
61734338
61185211
61089233
61086428
60717297
60529666
60221638
60171096
60138010
59932838
59880419
59874532
59848415
59835106
59819462
58958760
57922179
57895931
57146336
56875405
56237145
56220244
55136346
54579575
54564879
54120148
53888456
53548114
52747512
52137335
51275330
50908676
50647101
50485561
49469040
49226342
49169500
49085597
49073563
48886014
48367071
48126879
47957847
46996561
46631529
46333853
46301386
45986011
45879365
45237319
45219318
45193114
44899513
44888718
44818635
44543156
44214628
43982530
43646291
43583040
43022023
42563236
42395757
42347765
42313617
42298759
42298596
42026334
41838495
41745437
41603155
40833118
40581970
40511382
39840221
39522185
39180044
39119421
38121420
36887570
36669191
36402487
36390444
34869551
34605924
34373668
33476177
32500389
32457336
32374333
31386069
31110276
30914757
30749445
30593065
30362529
29984379
29979539
29845273
29653122
29450922
29299937
29246423
28812627
28803980
28563516
28164793
28051849
28032385
28019400
27898220
27837028
27823589
27793080
27277116
27257452
27139506
27074164
27031127
26974971
26870728
26790691
26776184
26514026
26405927
26392582
26285318
25647627
25255989
25191620
25173953
25003672
24901905
24745984
24654136
24564322
24552065
24455497
24407846
24348267
24238705
24073026
23541030
23494350
23462997
23454158
23306480
23268702
22984959
22724502
22571259
22565479
22538568
22325019
22102984
22032929
21852995
21848281
21775954
21695114
21641342
21268025
20820578
20763390
20692825
20569925
20322915
20002273
19963925
19935822
19921366
19908762
19745673
19571865
19273340
18966536
18910384
18607557
18546110
18441291
18307210
18014748
17881307
17458881
17205543
17081553
16979108
16974536
16817835
16780986
16208165
16202487
15957223
15943543
15898985
15120237
14874631
13428603
13392285
13249594
13148068
13119513
13104438
12850746
12746023
12635092
12431582
12401257
12338709
11984774
11863539
11837805
11719512
11596912
11402006
9198240
8910972
7880667
7291601
7240083
6777841
6768936
6469042
6442696
6370386
6242242
6063772
6006235
5763429
5536912
5357559
4920394
4510196
4348482
4177456
3738718
3626157
3618305
