208278685
199429768
197207145
192979936
191684069
191325764
188074650
187132665
185953274
182353773
177524074
176175722
175603861
172845894
172733727
172142957
168326353
159035790
148751880
147864601
146575977
144450445
133243242
124091979
116140978
115943529
110319723
104563838
99863670
92897770
89039650
77641627
72129296
70595715
69208364
61118571
49469040
39256516
36390444
33836098
27836634
26708042
22689322
18789813
18307210
18106689
17883938
13104438
12661241
11984774
11889635
11703318
7164009
5069231
4920394
4648009
