207644227
206395074
201615261
199512440
197902174
197207145
197155776
196578403
196310592
195933501
194690239
194507466
193785957
193156887
192527522
191852164
191013151
188674755
186758022
186431591
185428914
185214273
183555319
182560104
179427497
179134504
178404235
177964683
174304501
172733727
172505524
171945931
171430642
165113769
164605835
161549260
159035790
153007943
148814343
148751880
147606643
147024899
146575977
139889445
139576562
137131106
136185426
130440623
128276176
127010578
126979668
125800726
124891922
121539065
120150530
116532998
116215360
114906341
112320358
111855322
104321879
104092373
102092560
101004770
97214278
95670619
92897770
92341462
91000788
88896416
83264675
80576432
78287769
76315702
69208364
68463237
66707729
65588835
63256728
62340849
62028403
61086428
56079326
46333853
46196166
43802875
39440686
39212945
31105193
29845273
26890976
26708042
24455497
24206750
22934593
22689322
22476072
21063853
18307210
17897013
17081553
16979108
16275637
15962586
15238892
13249594
13104438
13066362
12661241
12635092
7567827
7164009
6777841
5278235
3626157
