4348785
4510196
4828660
5853675
6366036
6777841
7164009
7240083
9198240
9463398
11863539
11946391
12025282
12257721
13060264
13104438
13249594
15238203
16202487
16208165
16307290
16670063
16780986
16842674
16979108
17081553
17355734
17361380
17377217
17883938
18106689
18861650
19026629
19188574
19434292
19555664
19749777
20179924
20393867
20403307
20610100
20706280
21014764
21121303
21168487
21306616
21472283
21477661
21505761
21521058
21850899
21857747
21907418
22102984
22113601
22657424
22689322
22726690
22751642
22933471
23039392
23268702
23372934
23563193
24327580
24515555
24927846
25340081
25640427
25988448
26198151
26378444
26753614
26870728
26890976
27017174
27502167
29013238
29246423
30081413
30518060
30665058
30741033
30820066
31075044
32031673
32754185
33011011
33624603
33880147
35784935
36402487
36638637
37651079
37766900
38004548
38953302
39468171
39840221
40318970
40635667
41126341
41213194
41878189
42293496
42344384
43697564
44612407
45201816
45715540
45811480
46452310
46516586
46690305
46698119
46787211
46835402
47274150
48485020
48677821
49315315
49884030
50193062
50553907
50695050
50821011
50904420
51148310
51413580
52754948
54034440
54120148
54899824
55608086
56371587
56436662
56608273
57146336
57728374
57878505
58414678
59132854
59260616
59813913
59896079
60994305
60997256
61086428
61158258
61309082
62028403
62116334
62233848
62340849
62918610
63141599
63223072
63256728
63502855
63887751
65104103
65489747
66555315
66641056
66951504
67215875
68003746
68249298
69191171
69208364
71149468
71565180
72508940
74050337
74401948
74913321
75197508
76447025
76569629
79801312
80048818
81093606
81220817
81533146
82078641
82693153
83264675
84187621
84666953
87070147
90230465
90264795
90766544
91617242
92003411
92897770
93388597
93931394
96578783
96798550
99150719
101569953
101734573
102038513
102075768
102682135
104507458
105701279
105819813
105861067
107143251
107548176
108018841
108624367
108700311
108851591
110727456
111550118
111855322
112143549
112320358
113191875
113509435
113781819
113889563
115994730
116084677
117094149
117340290
117444821
118279804
118445186
119314883
121941346
124031435
124091112
124642388
125974400
126268576
126634161
127109616
127231081
127868570
128469114
128828180
128980597
130250161
130396829
130550914
131042522
135910567
136334946
137203677
137435516
138394757
138524017
138545618
139477780
140278860
141148131
141740447
142267105
142510875
142787511
142856539
142918616
144000465
144331152
144897188
145121502
145392111
146166655
146235008
146861866
147370234
147452649
147609904
148632653
148667656
148751880
148872815
149178528
149526751
149796297
150030659
152565866
152838774
153435843
153666068
154622291
154764291
155817014
157407081
158446868
159075201
159607661
159668766
161711266
163092892
164203930
164953949
165127651
166446347
166542879
166814079
169896025
171697297
174133543
177098376
177352666
179101074
188982483
192527522
194507466
194840479
197207145
208278685
