3234284
4177456
4510196
4648009
4805805
4920394
6195245
6228865
6779545
7164009
7567827
7573324
9181567
9198240
10758873
11420082
11572015
11596912
11703318
11875372
11951216
11984774
12401257
12415635
12578570
12661241
12703400
12746023
13104438
13223356
13482792
14734350
15088460
15298164
15319317
15854184
15962586
16128672
16979108
17051618
17458881
17883938
18106689
18910384
18966536
19191648
19770991
20062118
20329866
20906536
21641342
21758094
22689322
22923340
23070181
23680542
23683870
23921127
23928235
24237151
24239346
24455497
24627043
25146636
26600173
26890976
27345740
27844831
27853848
27898220
28678242
29301630
29353499
29845273
29865644
30243880
31105193
31340404
31626892
32025247
33340712
33880147
34728143
34861564
35226628
35923523
36152563
36360991
37152344
37805502
39149657
39248827
39256516
40123026
42136380
44954562
45064696
45087630
45986405
46301386
48112793
48143901
48310089
48885768
49284429
49448786
50733496
54159605
57146336
57493010
57895931
58958760
59260616
59813913
59863827
59924957
60546192
60941570
61118571
62340849
63256728
64220745
65010577
66092949
66843737
67000627
68191385
68441024
68677347
69208364
69270078
69307124
70026110
70595715
74174570
75197508
76315702
77655262
78908648
79766445
81775521
83294544
84224790
88966727
89161314
89618501
90840107
92013271
92897770
95670619
99940153
100358450
100508633
100675050
100692847
101824849
102624503
102740930
103057631
103734766
104283696
104653422
104766254
104951380
109255150
109565262
110319723
111855322
112127026
112320358
112466759
112596953
113048549
113450840
113678778
113705178
114250823
115117784
115573000
115718169
115881107
116140978
116277853
116639694
117507680
118910537
119256649
119459566
120857430
120975325
121288791
122109923
123448697
123681591
124786641
125019286
125529716
125800726
126016068
126181940
126773303
129452984
129577842
129616571
130281356
131195202
131767755
132732462
133243242
133528301
134672344
136217738
136354490
136427333
137402053
137820048
138253386
139700658
140174088
140178233
141291511
141789750
141839636
141923615
142506164
143527865
143533577
144127060
144338570
144356774
144390539
144681478
145486077
145994938
147095927
147864601
147914242
148173338
148210036
148448839
148632653
148814343
148908107
148967921
149074694
149333845
149388102
150061604
150955184
151143633
152228755
152451009
152692799
153405388
154622291
155274532
156586346
156605290
157383699
157529777
157579060
157817353
157974313
158507033
158785638
159106242
159527865
159965672
160381875
162178173
163325733
163382970
163752311
163969016
164061732
164131718
164196287
164421754
165268313
165857320
166034400
167171210
168204274
168288091
168326353
168515282
169131058
169227032
169373960
169389992
169641455
170913470
171224579
171264372
172142957
173241717
173358266
174027642
174068922
174407750
174701958
174756959
175138442
175528163
175928190
176326318
176438880
176520951
176529181
177291722
177300625
177342443
177524074
178870871
179277567
179824215
179963149
180293931
180441421
180767272
181280674
181549117
181904738
181981387
182377561
182443677
182469249
182488135
182664231
182767752
182769952
182787304
183824839
184040309
184289689
184846282
185326004
185953274
186060172
186549514
186727611
187457203
187823275
187991706
188074650
188299026
188435131
190138812
190152058
190868547
191070356
191325764
191660100
191851298
191852164
192073502
192201534
192527522
192635976
192979936
193811991
193852634
193901241
194046104
194211645
197207145
199429768
202341445
207120161
207867553
208278685
