3209190
3612942
4177456
4510196
4648009
4703049
4920394
4985133
5069231
5223124
5278235
5357559
5483156
5711118
5735183
5853675
6085145
6100674
6325337
6370386
6484437
6652352
6943463
7164009
7283906
7571482
8088712
8164825
8410579
9198240
9470401
11572015
11572052
11596912
11703318
11760631
11833429
11875372
11906500
11984774
12224357
12303734
12401257
12543335
12578570
12661241
12701931
12790877
12845692
12861035
13104438
13155881
13249594
13428603
13640000
13727100
14734350
14807664
15088460
15120237
15870158
15943543
15962586
16128672
16146399
16275637
16469919
16520203
16834922
16979108
17458881
17542071
17769041
17870405
17883938
18106689
18109347
18307210
18811213
19185119
19908762
19948486
19963925
19992283
20184838
20414835
20444779
20842029
21075748
21438156
21528099
21600676
21641342
21718829
21797098
21848281
21945463
22003228
22086756
22115744
22476072
22609860
22622375
22689322
22702955
22712323
22805813
22915741
22936576
22989749
23021559
23039392
23267938
23306480
23319648
23640658
23683870
23809674
23870589
23903122
23928235
24248238
24431937
24432731
24468248
24693941
24925781
25003672
25120758
25127836
25439496
25653505
26285318
26498387
26536418
26640585
26708042
26776184
26872699
26890976
26997998
27050468
27227595
27345740
27633938
27822977
27844831
27916547
28560429
28812627
28860641
28887837
28932794
28960758
28964281
29246423
29353499
29865644
29942186
30114847
30243880
30269746
30362529
30582742
30798380
30914757
31105193
31110276
31340404
31439152
31935943
32056537
32175576
32367836
33498493
33528096
33746632
33836098
33880147
34535667
34605924
34668272
34724199
34869551
34957470
35549386
35627587
36390444
36545069
37146216
37251844
37406897
38159770
38170256
39119421
39248827
39256516
39781559
39840221
40004976
40345508
40500188
40757925
41603155
41993891
42036034
42037054
42214459
42648233
42724780
42768063
42770209
43057083
43172989
43359410
44138397
44572090
44616189
44685173
44954562
45529654
45811480
45902075
45986011
46577950
46608682
47622523
47994630
48126879
48132392
48536631
48762445
49226342
49507805
49611657
50170174
50193062
50443078
50585373
50733496
50821254
50908676
50945482
51275330
51478213
51611890
51780760
52151360
53820694
53919926
54120148
54159605
54343822
55044849
55100725
55465370
55880607
55915605
56030452
56560228
56584444
56608273
56875405
57055659
57493010
58414678
58660599
59260616
59283015
59813913
59932838
60448542
60546192
60556703
60941570
61191428
61259938
62180034
62340849
62624441
62694423
62694503
62832224
63189885
63256728
63262801
64087600
64520872
64561857
64664128
65096444
66092949
66565229
67000627
68038019
68168179
68441024
69134533
69208364
69270078
69662500
70317974
70595715
70979069
72129296
73078143
73448602
75197508
76893903
76934697
76939526
77641627
78649506
78834392
79064605
79303213
79787404
80576432
81533146
81775521
82163763
82693153
82726364
83411492
83615144
83745315
84018743
85039474
85866248
85973803
86053241
86880301
87733284
87755518
87829382
88609954
88691903
89039650
89639532
90230465
90276678
90509634
90766985
91000788
91019711
91574572
92013271
92087512
92221787
92316076
92350355
92444134
92528232
92685230
92897770
94371659
94760728
94767798
95670619
95769579
96798550
98204176
98628913
98743435
99107014
99111460
100147630
100692847
100979355
101120369
101605313
101761969
101990994
102038513
102330732
102784849
103110060
103257074
103675819
103848995
103963808
104095377
104507458
104557714
105198993
105773568
105819813
106540882
106650509
106650942
106720269
106739497
107304173
108292598
108700311
109255150
109316366
109464824
109565262
110158194
110199238
111115140
111127450
111251498
111550118
111610725
111620532
111855322
111920588
111947500
111966204
112000312
112127026
112147407
112152902
112320358
112596953
112913030
113047015
113509435
113678778
113699229
113752361
113948109
114179006
114326934
114814046
114849281
114886362
115046848
115117784
115122418
115141253
115426852
115540963
115721535
116140978
116170581
116387425
116456659
116545759
117182301
117352104
117941920
118204255
118279804
118922088
119252437
119256649
119447566
120125909
120150530
120216029
120428271
120472318
120808120
120874976
121288791
121333122
121432153
121847534
121993742
122025251
122958945
123164147
123337394
123383596
123699556
123727469
123998053
124061361
124786641
125208658
125365569
125789351
125800726
126470462
126552239
126604048
126634161
126773303
126847566
126996161
127010578
127554847
127609794
127695560
127796911
128023226
128379117
128765713
128790445
129048459
129406412
129452984
130194901
130281356
130440623
131195202
131375605
131470168
131767755
132113337
132127942
132732462
132864333
133280344
133569571
133864718
134203798
134226797
134466846
134902518
134966646
135166878
135601210
135910567
136217738
136354490
137345572
137650387
137729629
138079266
138268100
138524017
138814750
138928779
139030720
139221182
139311065
139432068
139454425
139847263
139889445
140114021
140710311
140793172
141789043
141789750
141839636
142171936
142262872
142506164
142856539
143129122
143583078
144055893
144069856
144127060
144269501
144450445
145132926
145146075
145186991
145392111
145447837
145994938
146235477
146402432
146575977
147001454
147095927
147570288
147864601
148210036
148364116
148609463
148632653
148908107
149604531
149679446
149732869
150075540
150188558
150871985
150876354
150955184
151126524
151735515
151959051
152228755
152842529
152957125
152978351
153246321
154008132
154289814
154302076
154576552
154589398
154622291
155514003
155942737
156014872
156158417
156586346
156605290
157291751
157383699
157529777
157683384
157817353
158126851
158240148
158333191
158566480
158617520
158896816
159035790
159075418
159160786
159374003
159539598
159725168
159760998
159818065
160244823
160293070
160381875
160962959
161020085
161353201
161616850
161754632
161965841
162178173
162480079
162608977
162686563
162752629
162886256
163013942
163092892
163171593
163325733
163354000
163374796
163382970
163534563
163752311
163793296
163969016
164131718
164203930
164236572
164421754
164605835
165031174
165203498
165270604
165352976
165714216
165725239
166102099
166815988
166963690
167474515
167789630
167845834
168069355
168204274
168238791
168256082
168296820
168515282
168691725
168816551
169035042
169083536
169107633
169148266
169184089
169373960
169543571
169578353
170305870
170543581
170741413
170888490
171033007
171077545
171264372
171329206
171610032
171841227
171849173
172000332
172733727
172828239
172891469
172983192
173056914
173109951
173256753
173428760
173502199
173783630
174027642
174068922
174070841
174111976
174380467
174407750
174426393
174602228
174605300
174640169
174756959
174832297
174974993
175024686
175110741
175248908
175303882
175369182
175393194
175645936
175839073
176027005
176295662
176326318
176428192
176520951
176529181
176575911
176610956
176689692
177095149
177280359
177291722
177300625
177524074
177594232
177817270
177817408
178186841
178206924
178302968
178350804
178404235
178530753
178541095
178613190
178733699
178870871
178929697
178940224
179101074
179301532
179312653
179670891
179768380
179824215
179963149
180192235
180281818
180297732
180406024
180441421
180599139
180767272
180859587
181033884
181074499
181119469
181280674
181549117
181708109
181720885
181904738
181922157
182353773
182432456
182443677
182505089
182664231
182674833
182769952
182937521
183146425
183406679
183627352
183678566
183824839
183843263
184040309
184053948
184245740
184289689
184706690
184846282
184914141
185117271
185214273
185277164
185277753
185342298
185414203
185923238
185953274
186060172
186212863
186464963
186511375
186528354
186549514
186727611
186889827
186920788
186927037
187027104
187148873
187229843
187297286
187690385
187769714
187824189
187991706
188074650
188126146
188261579
188435131
188486839
188580883
188786733
188802716
189051475
189098870
189167233
189450873
189857667
189918713
189938154
190138812
190152058
190162581
190211414
190868547
190934700
191013151
191111453
191135320
191684069
192039158
192073502
192192258
192527522
192635976
193687977
193718529
193785957
193811991
193839080
193901241
194046104
194079485
194261863
194507466
194553733
194652247
194775266
195127128
195904482
196007897
196617759
196783364
197207145
197228321
197542270
197866360
198099751
198515491
198776808
198778790
199429768
199753464
199984088
200591142
200920646
201270116
201461117
201834941
202662821
202855679
202968230
202981022
203910406
203975197
204563165
204631076
207470434
208138112
208278685
209497055
210211009
211157441
212408320
