159907525
207420681
25689320
155701185
25438248
135226709
181931124
200611429
117389874
71353572
44308592
109723873
162673373
20861384
93001605
51071978
24209493
27220660
74612700
185123093
86294496
43653887
123473453
42905657
184298315
67311978
122274777
181996106
98785131
126521663
130861614
116331397
121216796
130746732
114688395
67017973
116978755
166294748
37478306
184206679
103890980
20465776
201353400
38684829
179408749
5716719
24568205
11517550
155190844
145307473
143389799
6979008
61053253
82284397
70309502
68312374
126851544
116384985
45634213
157306508
119387246
125729004
81558141
44618594
62278122
106817464
23991837
36514127
163152895
95675622
30987952
213453881
27644616
30193971
77368745
111713278
118045567
19101104
150954001
120580094
225783134
24541118
162359283
147785102
22331496
77886173
22692218
141437812
140803969
49188273
194764015
158233688
169190818
173472450
159138780
138491868
69069231
171099038
91947265
6164125
94421494
32694793
60761116
69434966
53634465
5447569
153070657
14171331
116946477
165182929
165134004
120145201
26357327
13643111
131417647
155286185
7207486
157631618
201520905
39800575
68558170
90510862
106261062
7852768
99047569
182096542
32684006
155181876
26415886
123683246
185711275
67981823
147219484
90601772
120625122
131320190
125053228
99300747
173498301
174515031
32375155
104465077
21990544
5537606
188036169
9598522
165578134
22898120
22335817
62363724
123904867
27933489
26620710
81568806
21867140
71890404
62851742
76990154
140541074
165938904
122966419
191422459
30561130
30187862
117336848
53944192
176160151
128341493
212043290
102113539
161720437
58087342
195830444
148066413
20968537
107784521
18253735
168458029
26951823
202777322
42476336
43090434
211608805
71824477
202752906
114428403
16116188
39336029
28343015
51909599
118890054
154610973
34347291
151361727
132884100
27968721
12616773
27428844
163054192
50356861
53865933
84395849
140924318
143911546
197323689
177066918
46930806
128916639
117374528
144860608
18111461
147325415
24955720
114315746
39703508
132540703
54199536
26189418
12870905
201521141
23238211
146867044
191012399
81171865
118448798
125953870
19152886
64546737
23941583
23532915
169946830
117107685
28694490
21965599
70016277
212114942
210166052
141483270
59875642
100877060
106315660
20973668
24130209
12229009
38400174
68986596
113763766
188422817
32674150
5251141
77428771
156914893
49031982
16265053
156504823
47072135
184504479
5825358
179420235
79912847
140095186
176837358
133076358
60487540
51458100
88867191
7219313
171195941
12271916
116323655
22019749
172843901
123724093
68025472
105166609
214981572
28484454
86644445
216611585
35459888
82499614
187500765
110460161
171888418
25615831
121916252
100807192
30126676
36643187
28139706
84750416
191796169
198984837
22132999
175222044
144698015
114790589
205872262
214232353
41506763
140043454
69930064
55282787
35290213
89823995
128834559
28281128
44188609
34109954
129040728
76068517
12368444
191699630
111893015
40370958
135575559
51723853
62833719
194588037
154138635
152599217
106627600
75003477
19820632
42717316
104220768
116266495
112420943
26350471
222238436
210171323
43022269
25341530
112138900
65289590
25706782
79050263
91022318
41284064
61950185
13179032
205628962
177307380
45274198
110872225
114433423
29965555
153209566
162239460
110756769
25986253
196913625
143195041
130165635
32912275
182645529
217117148
23411321
114989654
114728678
59021087
115189231
5130035
124957572
18063375
41160864
97680336
30726916
24408865
214041722
82460604
29357059
115409015
122457480
52067740
39174836
167295498
67276145
87016133
8874565
118525414
226584131
139876315
97003116
160955788
11331475
218978528
12826262
71526442
62166777
11592535
192020957
32373670
30532293
80598581
28361399
47521603
26896954
92787119
109259626
106526775
52090446
23326583
28238366
202164804
51586685
30789625
160423008
23164646
101561237
90125435
24147949
68149157
145964711
47183585
71844665
22592506
22941967
78379813
141026443
171374815
64215982
23583243
19335273
36564364
176028492
135202872
104702172
188312008
22755135
64096419
39374990
65896365
203974066
20102357
186700936
219061924
21586485
74587126
7370792
24718024
20450012
183798295
213124200
59589953
32521909
128118269
108955317
13660764
25577060
21785612
42507177
66923123
117440182
184188913
184154705
47805446
83024919
68391923
89197379
4463798
146188540
12879070
13382762
74615084
175793397
189551938
144583469
97472456
158413323
157602698
170193638
55135111
74077098
204796965
110760854
209866007
120115282
32732067
40397114
