84655150
212221948
133662457
13822908
100947254
173166856
114064152
123819710
19311504
120545957
68943317
83144168
69873977
92133293
179834782
30621807
139859979
95647915
132316112
53735137
106903480
12250011
217597866
73953316
59341015
193841703
18961098
93250061
79749941
135830716
28234891
203167061
86106905
68658594
5931772
138621023
234174622
45315320
100870545
35045155
17307774
74144323
12468311
82530959
230780418
99775628
30260424
105250120
8603289
194922421
88509088
176122985
37234918
231557762
134312049
112432639
124498434
78359347
240886301
187455178
86461601
116834125
167374708
146013208
120469190
75633034
69392103
20360362
78611158
134442306
6555785
192666886
20590944
38515912
11132460
209375052
35153217
8176222
240481151
134571882
74654419
122100557
74664414
122418075
13278440
83592917
134628394
111775637
144195624
7628746
119571320
53866370
134708713
91585671
42205676
39753099
116253761
234530363
79607453
22738345
236692753
102983564
238411744
117841353
128702760
6194398
75753394
137407211
33709230
255941082
134882939
123753798
15057868
194861157
104669685
75020479
118914330
42501258
104056535
194908731
15122766
269386430
15142540
146078790
185079126
84917672
75114854
69864714
124793924
254930915
17373283
64443032
12533822
75181709
16333121
90151278
135120592
111468979
85235173
155867170
251714714
34727430
25891586
211488084
74899395
29778477
237316767
134856024
21084964
155122621
78873782
151432800
58574330
7376802
79005159
183294381
17121405
60753169
23033862
15515639
142432704
138731941
45895362
37650763
208148588
34924458
232499162
264185566
97410397
27260152
106498060
135552135
75626225
116187919
21292935
131724547
124782880
180951248
15761976
15772238
99731559
17362231
75722539
15798664
135480037
135698095
179352668
11975301
123228085
114129465
132173416
23931598
223663251
33566712
33873283
90512459
173921938
74187496
244444445
230243590
38055791
75928381
104494321
158910850
62493954
135942458
113001688
195895303
108797270
23011850
153491082
183721270
13858480
100673100
6040890
100727837
110625731
137801142
181279617
41099569
24391392
110691409
202761549
17460669
16352353
76282426
76299440
119461548
113472444
50417151
105961427
50088673
16464293
47515656
41460858
81030543
136318383
160531229
16478391
129304677
136364210
87131670
121618474
103913940
127438221
252984569
110932242
148739138
102654795
145640565
96818973
196408651
16622731
143647841
223641233
48074016
12161295
109213230
5515250
46048447
53417121
92165631
171381642
80461141
229531775
16762601
229936885
181301426
3555359
231885803
213360093
16804241
6007926
86745851
119472409
229422266
260079460
163881544
20099274
7321790
96599930
167527551
221757946
136847649
47000950
136038215
159863237
85212954
17048601
184520381
48708983
174699125
128866610
136936363
136952990
136967416
217235982
55092240
50143291
108030286
88964097
85672793
104439377
159885111
120457761
171566024
77126832
28716084
77136913
123096462
50110427
242287273
25836491
126862912
77188881
77603352
17299711
137173078
75731069
156392351
216776083
53230869
171928977
117939457
122395698
88169122
17402979
158330303
51511856
155636845
17462800
52048354
32493438
6807081
237798131
106618160
137388568
129884783
46289167
5011434
104986751
120687615
19551701
136213292
153578405
79387980
137504820
77609028
233068132
95625334
258644994
17416625
137576536
77655757
87030362
209648212
187585976
81906227
192219346
204403633
100015866
72917090
24423968
117534263
139005249
44602968
204458366
113888237
109880902
86428139
195732005
5109914
137763702
76398848
108654600
37924058
106530487
240075439
17983272
21083358
53811047
216108073
225907424
11460309
190706380
127464955
236560787
8985821
78047053
112924675
253487936
25945816
187290279
175531052
158603895
201042215
78121489
53471590
120490417
232772410
138108822
152351997
76475426
78213171
217629932
185724544
20843549
83099560
22080782
71143250
18348183
200450938
216020992
110220227
58989852
87511996
79672509
96676303
138370093
198256987
18473962
27861829
208509379
201272088
30062571
76541075
113174695
19748606
105282193
20558828
198375559
105139850
63577443
119975741
195589531
54358379
227713891
52160927
198477759
45445882
75840303
228578852
78663525
222677339
258466489
198129789
173768152
7365248
49431298
198613923
110482917
230527751
142585381
194461742
176439687
18876185
184815668
15982084
138789905
5361550
41339961
100760180
12193718
168052731
29602624
55376569
141030595
179483480
81008172
234316068
210863309
40978624
235378117
175202410
15456499
120473424
83373140
13540417
19143841
108610582
79092851
19825136
112749298
248451203
112322284
18336063
112574105
19945564
180217025
87380453
7408956
219458238
4365131
167180024
128077875
204228169
184191497
127112194
19342355
199133385
44055239
131614391
22792278
116833238
19398874
19411805
116570454
135590218
251265048
109366006
18631635
19540548
86712507
199347773
79509013
12116964
20821414
203876114
33522252
19632189
266308933
89730712
88957027
184092887
106519220
17121581
106354981
15138859
150610834
28595177
19774057
125811345
201764553
54248672
99697968
139708101
82595628
259582141
202268196
229966337
171019742
235914464
259661060
143428256
30336034
111741847
26241103
226180791
139848946
60883733
69204971
144347956
20042175
82584644
81084630
137756653
229520219
80014029
178486927
227724579
43266774
89953308
20128428
189556359
20022041
178516641
140012458
20167469
205322909
5186132
200016544
43441935
79091877
133606947
148891750
22737368
239265001
207269191
140185563
82726929
69423892
137110609
140211081
20369951
49803278
135238323
12335794
108292825
85818509
64234047
133355080
243151651
42949185
20493693
27992847
140372012
120249119
140413380
112168749
42084195
53941958
249808618
185275211
80552501
113504513
136015655
231282903
234469058
135347760
12697057
26963603
29843189
57171892
172442963
35525717
64124504
52058703
20763451
200550446
80704402
73836257
179855423
200601072
13167844
200612121
173504998
178563435
166750892
80775535
191209527
13102142
38843240
115321991
88475042
140813149
80120949
20990543
200691333
38153426
156566860
140900835
250826792
22025538
80427503
136519228
81021187
89482321
58715630
246414336
4715159
224790051
84336278
263319579
81133079
26065694
31222671
21228002
81162306
40496467
85277876
220487076
39226378
235125884
88956733
190377316
207435855
117873033
142573976
137657872
30686137
106847380
141294417
236023675
247629612
48106794
34474478
19222517
112683180
129467996
71405448
245253669
201323989
119230674
8328252
201345672
21561215
244410586
119340157
34824825
106069965
181858942
79179219
141498532
198895579
7331873
40167923
51051228
81604939
61168102
131044619
21688632
12258916
93172024
242472586
82869012
39729951
29667818
81682679
123599283
111807209
182143584
64748403
17963324
240315613
245297407
221399464
122668604
52759237
212581788
81816146
21907415
138424202
225665833
141787511
114796257
133519045
68657168
21963242
107679401
19299070
83087940
113996966
137165047
21587401
81979219
135905906
203647368
22083851
113230520
6083605
159457196
58846834
146920587
78128019
186545016
28364811
89591618
12390218
129226989
220520151
36346617
217497817
47186119
32043651
198873558
142189824
161449873
212168365
213534261
208355383
7769699
37113017
150303778
5163831
8262393
235311805
49627713
20415777
12379210
22498997
39477982
118781587
57664266
55573004
249567384
122964095
47930597
78730132
208497677
170800268
36488881
19561725
131548095
157880439
15280661
142550402
59416077
173920718
17437609
103442003
226990518
22717802
105154828
222129159
131580927
21215006
152307382
17700375
40594733
110734026
59350367
60475290
231030685
37846527
105303315
12247761
126051666
98372592
12959442
6762307
44733438
12401039
194340570
142070043
254530174
155592052
196245687
87565908
16879162
134569960
186687197
173865917
169398724
75565793
161504490
78127853
239351876
213424643
83004777
83020725
228315277
106069688
177008255
79003755
10993008
47328296
32185828
144927679
63029157
261063718
137745128
127956721
23226840
125420424
12554254
25824440
161771362
222150951
117248581
208946452
11700216
24401055
122624533
244278871
53175023
13254966
203190668
23405510
130245025
232837153
111971141
12181954
18827996
123872701
107221515
104131648
86919818
151989723
203298768
38273406
111982073
92164380
7933722
81642385
37112801
86261861
24718531
83527000
129807029
82748218
100080484
35093998
83626360
15042764
78281011
106496583
210063172
33127331
175945232
203584766
107287245
87204432
179581144
117270383
3641660
7079642
143749861
17360746
122164572
23935653
104507241
170602941
81018221
192183416
23994204
49112828
83958645
56547193
89700764
210071795
98350470
66883043
5667182
126675527
151308988
4966440
104547594
84056601
169124794
26251292
235530477
210490111
11240207
144031787
211508363
121384476
154376479
144522378
204011086
47021528
24243243
238059677
35678359
201555708
204057740
118387102
207128746
122033116
54028872
13791295
180314634
225534003
24356676
84281706
240993984
204188464
87296581
84336935
205902432
84364576
69258909
12367903
25408161
35448393
29415493
142102600
84404063
44010507
19473796
212830015
204301602
57882884
106627831
140974843
153423853
222873358
246041441
204364785
239172350
199880450
124200961
95251801
39291461
239108988
127285467
121496546
204463073
70583692
38919182
7188979
59328113
126270295
84694391
114171647
84703291
24773949
5667054
240315072
218785446
84731851
171807171
186292696
84782118
6126893
88572860
150522300
71262488
24928086
196453350
115288411
70047142
109890551
88102040
59590843
70873442
159785140
30455550
129467354
137033111
22298539
16813089
25824115
174785252
77339150
187343752
182427648
107897804
149733932
39324212
64068951
17732781
161383660
12624184
66379185
129565863
218515537
82977864
235782107
246993882
25246903
5218059
12937099
109748155
5404184
89447171
124069439
34780341
84521646
265083774
25391248
85334663
86174936
94123908
192117457
25447232
13134147
106561963
119985436
164471222
145363185
36083240
205356033
85526256
42838758
146175419
105795506
19199864
25629276
20973599
133912533
83295304
117992684
39411709
179186642
265404059
170755908
169978528
19889629
110667786
145639091
18510046
116700676
226420604
129160636
135357769
178584418
32196287
50437318
120248139
23546569
190316346
155624350
72280561
170352730
179723093
105434127
81249483
78050674
25988995
152164447
204041456
3925934
175989468
72006814
5688718
26068280
79474027
171000800
147960018
42094136
26110690
35710866
152777572
73605349
26152518
137087647
86117177
7287247
176131775
24860387
127025505
149043935
104733329
104722379
16528181
86252839
101240592
86315995
86338747
117171057
183303331
144948980
194372764
111576425
146323202
86404037
243654209
133627707
60575978
125215646
86429021
40331270
48203600
85397351
131054680
58703687
68645378
146426213
202978656
162938162
116393961
73112563
87061588
125920945
86565946
7144830
133003584
5097365
86582953
186237615
233920509
78674637
206524519
176252117
142638686
26753219
86707728
107678519
227351088
236307462
27006282
67200060
117806337
17360209
89656455
146719770
91123619
223223301
115715064
206701550
74995728
238256266
243478936
5568111
30498983
29404082
169704567
39093945
199617233
67517547
27020803
138587501
86974173
72433639
170854199
32161359
81291375
146957401
27882146
168653433
229628411
181540401
114171202
116788010
207027056
212613654
87201476
88900897
192248506
145956132
245964294
268869600
119985093
191646296
96247650
87773123
143273603
117247826
69980989
126105562
111882808
100025040
218613654
12542524
38721580
128799001
116952179
105565218
157990111
125744221
166784966
38294554
100649108
27646133
7495008
143021729
72280238
188317739
27708340
184091421
170514660
132937691
193606098
12126422
112725831
61407867
87723773
40374833
87740633
12838093
158525486
81718250
112802460
207635470
183368759
206109830
119514188
130627422
115309767
27932424
229880100
12783327
94123447
53868610
4757707
31287133
242110126
135499711
24016991
28012055
122974050
7275965
28044632
185416189
207854477
28078153
28083974
25463201
17447572
252993408
130098885
108554198
28142170
61801963
265705189
207941999
138390214
137525242
167941562
88119487
148813656
116919649
41261626
28228755
236438497
72980875
7724833
88185852
81334957
5381743
97572322
50601110
94419005
36268864
96674495
128306154
195099813
233493194
213883533
88300401
148237252
16494956
37637474
25205760
127649199
78882349
171138621
12542354
112922784
64977112
206339650
77864083
202529395
132006883
37287083
88461890
32239592
6618931
20775987
88482625
152087342
114981180
117773425
117871713
178649611
229562459
148455308
241212192
71261809
239328958
93937185
76944336
204193613
208456470
28674547
141127369
58265334
7440075
88643966
148580003
49845548
134130948
132674730
244661101
88682624
119842495
15191951
68984386
112013954
90083105
112287676
125382677
124309670
131930171
114685495
191470831
6126158
46440374
108477407
19867145
63586498
130025029
142397396
29009003
107349645
8808642
43144705
29348964
12826919
142868191
89012181
81531887
200273788
88823916
89057766
29132052
27181043
104809449
186565630
28122650
53414838
30837991
231456517
209091731
88188837
82177833
113623360
133473896
82988056
137119911
66641197
73747097
89307526
125765792
89207076
164941307
157123719
175923150
22954669
29478792
59042570
3465444
153236814
212098637
158995986
51126436
184726133
209326549
191864879
11710032
170769300
121134335
10877903
97812960
58133783
40604433
89551936
125382529
33104354
162160216
45739498
29716973
89653343
29726016
77798162
142769527
89670937
215963590
122360585
24454622
232200942
29836678
239941883
140900444
117115999
29863725
156017790
29887288
130331430
217846785
222593949
189346535
12290254
66257873
26513000
29841494
19297605
110480876
123225511
64210398
108919189
185744296
88046367
165970397
165094472
217737263
97966151
88911327
113699862
3169706
8556612
30153283
105050145
24848719
74841850
7187978
212426982
57564325
117225425
208375848
70352749
240292177
29162608
6114962
58013219
30294647
190189542
143240229
22231879
23578604
41892060
16374158
64823481
215649925
86272569
106769096
221777387
208529709
85418538
213226210
127791162
16987276
215109430
72060742
108641349
215678772
192149370
41655364
115265487
48695566
90540230
20885097
82976872
110732586
214113043
147203700
83316283
87739677
68162863
254963751
123893271
90656695
63312448
175112686
118199780
255259359
150236550
246368768
29523818
114378567
200700480
210663718
84443993
150761204
90833049
119042827
227908731
175189294
20348527
21684303
210816704
39355986
20720786
30903353
28253694
229102146
182963059
77502289
9235272
7373941
26797466
224963415
23107650
235802921
39980055
215492522
50221359
210979715
210995453
177444740
55483827
48180841
68250356
107119305
26107653
180959359
192696686
18169625
221372115
47720972
238583939
195083556
5008913
31483593
203306247
91746885
98502417
117334693
69564204
83261400
124878548
188328001
241321160
18246232
91424469
91439706
6049039
31532152
100308976
124199692
69969289
211528907
141822621
23767369
196736797
210532534
225226090
223747974
271408991
31704570
121191539
31717468
11118387
104513355
105017008
148879697
31341185
208397462
95830791
48776729
235102066
6355557
92765064
20943597
18366607
55352327
31034597
151712242
5523425
16395781
2906610
62666251
116918544
87827043
159017435
86973012
135192407
218109182
6169388
23994355
236875761
54268336
20720453
32076767
6716824
99301567
45268251
11304446
211935056
64275704
39706146
107622792
24081920
239218820
111104570
59436233
32244204
27618435
140940584
49078472
92205958
86788805
71666254
33662274
121732492
20753401
16888402
200032321
92278553
128874768
32363613
123389316
212168356
100155534
108104505
102049707
219639253
212227370
101447506
45859432
32467999
188992807
118440348
48936095
118166621
53217149
136604732
35534510
152402440
17994208
20862845
92500105
122546206
86075084
226298924
42344774
140108393
87027639
139878461
105378159
237149373
42968847
105443840
13424549
119217678
57279183
240182224
112549729
237412123
249696900
55779160
125688523
57706180
8260495
11862714
32852165
107754054
30541703
14895578
51563776
80068692
27486920
225762359
35917645
215689271
39662197
201805936
33019525
105805102
114279627
123367296
122918386
231565311
155502607
239853700
223463046
188590480
120499557
210893591
11424705
88856029
229780607
33153233
114104420
16916085
17846411
117115387
110173720
171882274
191185360
174148712
99857325
7193768
33315545
213110885
4340655
94757496
105323278
227196596
244802587
18103541
113841592
34767912
39473786
153575507
12563333
196178057
178550164
217616193
154976960
34756938
37888351
27749574
116261289
105564115
55855653
107326901
153508940
33656786
84522615
40045288
38959412
93621087
209776683
11260362
102878221
59030846
144356401
119644507
12749417
153634591
111476546
131535109
111509387
223338919
191710807
88518401
38676631
220769449
61997997
175434642
217309560
213689002
18453817
106709010
122951070
36300683
112159623
152622856
154079072
6037642
12464704
224404491
24629036
120224752
34046487
210553997
107677192
163298111
153930422
34080335
19302261
49165729
77277933
230941024
196944378
39169287
128994880
15705576
201959013
146710356
220780340
33640231
99846545
40811620
34234875
44589021
129323331
25099798
112439969
140064294
126367093
59346872
121014196
118571398
154198229
52093531
36322507
156060770
199812971
49811669
81125805
208561215
7723707
34154592
19849573
217254716
247297641
111399773
181320086
211002819
184506238
67428575
25296822
4833135
242415485
89030943
214413258
9869670
8544839
137962014
143546003
125348762
21639832
7581315
76691401
88746244
8139703
230842362
52176575
112181675
127669924
126980136
31165435
187199632
34867777
130650809
15891575
139626223
105859505
131540565
113874169
12541173
20547695
37103515
84218048
59055645
232211490
242912389
227732393
108998263
75963055
228374442
25943986
115067193
78332531
154461785
72141289
218876607
24308263
50342023
61975425
69970524
217658569
161447929
163098921
5224871
50940616
57603329
237500740
58902717
114104073
57221143
194915375
239671486
97532959
163132828
219844239
77598695
12705379
51503782
49088432
187130038
123429106
220088806
172439226
219404213
256120260
102613501
149631012
48400497
4710249
219516311
143363336
246795177
112407156
113431384
110205826
225668536
135230639
134512146
102826151
16863391
190286810
5413425
6452940
12980488
14906649
89186178
45587652
147383784
78592283
14784344
160912776
138670187
117497691
42086919
219855450
199894618
114333278
80120970
103074303
103082656
28389756
219944397
174701628
23803650
228756458
9999487
157320304
64553608
75611285
196592601
82398708
118246721
6529324
47467905
86067578
101476869
84003825
154843779
241108318
220267924
228206086
26066081
29566802
7584095
51946967
6254118
89415392
151022001
70291351
177774246
122496453
246718613
54194133
5887211
112437600
6376390
46688206
103798422
126654499
216908946
219125559
24430326
31294183
19798357
146451150
200964590
228328314
179027737
186273771
190110806
220880657
113981544
220916489
173264524
84982098
168357392
221877178
220990350
27258375
237897947
104206639
26926998
11298742
104243020
125706646
109074381
88452217
67738331
7415828
171491197
104378758
98235889
41658701
221235430
157732889
221280117
6727897
18743478
148423098
147953115
31905582
29291504
203192336
207430912
255860127
221379558
250861276
80270767
136331070
107759666
205397730
7859115
50387547
5168599
151006576
108554574
203486842
33816428
104736483
221581845
207889491
15900056
173249146
148423056
19095033
224827478
146175862
17948504
104884274
117650310
90760476
226065711
221790104
12567466
83556854
40955423
232409809
19453716
105031953
11283348
136147563
221892508
105081360
55355764
207996458
12353430
106857652
155103421
247696776
177174313
241505534
256257479
248790470
45098146
105408335
84416307
89720894
147536327
131225095
76711651
116763588
5978697
47635771
21892462
124666959
196286552
249974495
105603992
14065508
33816311
25928218
59253877
118338130
230881023
87932285
237985427
131454371
29199627
204862543
133563974
243752669
186793306
178660621
222571578
105745941
222583641
112055156
84859578
230330669
81924471
64130402
167776261
105877326
153345330
231630055
212918765
88360287
105933267
222766598
23100081
55095771
105960115
118169931
102806495
143225322
222826923
30732699
121257893
30254379
222939063
136346155
222961792
61822028
53689343
21571354
84630228
26692497
235742217
139586985
106244236
116702340
20042638
161646117
26814776
248099937
15318949
234534528
221831030
229489816
223184423
42376933
110908553
198808801
78500109
223251882
78652971
6330172
133074688
90668549
33174140
150165547
223382293
205509166
6574750
15456488
130949770
148147644
204480238
7151122
234335744
24261787
52282857
102332494
8913635
38631559
49546476
124147035
196164091
192174178
178110137
121838687
170038597
243095169
261577151
227533000
232957489
22381455
32669605
125599274
238417333
22259151
220470392
13300967
243202159
49225413
235329349
223998772
210121077
22748317
43553923
254881408
224069946
17360236
97807479
57724964
143775486
134939597
44088955
129803163
117542988
43722064
57419215
37087503
105512114
43844350
17535422
134358675
62888316
164091888
126730457
180265530
256945120
212566958
179638759
77705042
20378791
36858176
107535179
20669234
126665965
222579926
212857392
50218997
41205065
107654172
44226490
20271758
120783781
46076211
176703623
79004404
224588165
152565446
119377368
19201656
155347677
54606340
164733885
43110512
76894777
126516377
91111684
224788625
147107961
138052154
224830246
108045299
219354311
187251604
129451455
95820054
45510536
108143543
236919060
177544344
211695501
235848960
130781402
215119780
173049955
108966850
137767556
118857536
80716470
152274915
44486275
82841357
207953555
211496745
213667498
50585781
225277273
108456694
62769516
175052528
241505116
72507325
50555187
9952913
80655287
84431175
29810723
87646936
198915514
217076468
225511241
245250404
148162666
154338613
134938351
56089055
34916559
209356514
88971386
108874989
92273373
108880405
202676083
55202393
108921231
45311700
225776678
210105557
162838152
124146754
67554279
109008691
5733648
231048738
169763154
21654996
33984017
169121091
109128811
111076349
119682929
93328137
23176093
57220240
228358204
192189160
30804299
183154539
203944858
37255408
109278336
65689226
16296928
30972447
33693532
134236130
174502086
116931242
175954348
237025910
5106825
87473180
173263823
51395858
196775227
109479954
226310702
132493387
9968081
84446343
226411620
236536699
46916750
135871801
225147875
226534575
197860573
12459836
181472903
134771117
212643090
147474607
252878470
160147527
241474365
18253589
210334743
22686816
155152117
176260012
109951063
6403548
28465291
12077625
22335201
133548120
158771669
110054181
16480270
12322205
3639186
105084704
13606304
88711334
239147523
51135885
216311919
110194189
128533961
6513124
227074130
6681276
24811656
240511225
42483424
85791493
171964311
56333442
62387093
22564456
53306609
110432409
250463042
88588994
194726634
102041551
113995983
110556433
133700920
72231891
227427109
173691708
123968119
110618825
70779621
51579148
77093148
110690854
7659590
74738944
110713827
59329644
21463744
216663445
227598242
182267693
173171925
10839271
21494307
208225010
41428552
26477864
225682760
227727963
84599033
203339547
227776069
159856929
117573086
68455954
246702369
111002980
116227821
227854360
192646802
11583761
221891558
33647439
114423945
128014087
36444949
7353787
182756823
228030318
230727426
4584170
232760593
228101426
150170039
219048146
224964214
232149103
29840943
21540099
111374482
153665637
21463659
57311673
111434056
18253383
132080384
217687583
207842750
15624009
22151555
104624916
6788115
84491934
22151544
211970221
188244795
192188840
40159624
215853113
3058072
70469249
26187294
35298345
201620899
102469416
228726158
129649690
114332115
100543239
233616573
133394999
111965982
135550464
228832611
12795849
159872073
109929442
228903255
160774001
130138852
12332764
55981611
28036974
188779774
5626225
155163653
121578113
49209453
33677857
9447961
150944431
78743928
134251021
92257631
164045379
16418818
229237669
114469633
184835689
229292480
58993100
85271450
192723770
216816080
108828711
229404887
88619285
152901118
73118264
21280044
128793514
21579061
155866788
134541422
77841938
117938723
111733210
112806139
13101480
7430002
149797831
178705547
123443039
134694269
167974067
37855483
23840976
75564135
229888507
17198367
80486544
120645491
131743852
113134968
35328740
113143376
142268972
32561790
113965063
7445245
22013755
113208638
211404396
55171254
74310576
113265409
23955192
230142141
5901242
112084743
230169165
25483882
113371771
153971115
130505565
173507893
66743483
32439454
4571252
168768916
40939021
15394442
232057092
3835604
222793166
191745265
230432179
146190002
230453981
23474272
64452422
7857930
230516725
6573820
14232605
103309953
144202677
36373137
113745809
20683714
112420999
18008486
40847263
113791011
113814457
5136825
146670566
145700786
16067025
118673368
58259143
113896965
240250873
237774378
230770359
208148169
144080351
172284865
230314315
189008836
164840087
108446343
230891101
33876353
114085470
224537483
121134544
230947673
185431664
118841491
226890004
231012376
227730785
231031235
194175817
118719184
204525109
56501087
3623353
168203194
246686651
195354935
3562200
153390084
116685993
82580695
55920164
31629120
71910364
215837461
18436428
11893591
114508355
136390916
135183240
119712794
143331208
5885789
18971460
41901959
22518041
177589368
86898852
79156371
114668972
179011051
250936384
28212144
118703830
186394665
33539951
51639756
140457225
33708101
84445653
127307132
114822901
240189604
36203405
68715323
23611980
128762657
231715552
6451367
57983843
44500708
200009084
158847463
113613229
189497895
114973833
131931369
6145613
115005876
233830187
197676430
115055542
230635198
115111108
13587366
234013618
223557301
164687062
28724482
20561220
50049840
232129594
84934772
210441041
51242222
223465560
21111539
92440677
37361615
232242557
28141968
67492287
115455877
115471781
119162340
115505686
232378342
115579805
87334788
122586609
232454274
132400857
39333600
206879118
232546042
87640512
29274740
4494512
62004205
64602993
86050651
189852566
14293470
91523393
219521442
19857932
198700544
12474307
5977330
129251696
181059338
197034251
152380921
116042821
238293859
232904520
76740834
222578813
142948822
19842608
204586000
176412055
122143203
57484355
168325224
209951723
29075936
73897417
103584770
64893372
229992968
116450770
23343298
116470827
233298392
88068451
202644515
8436176
198868624
116536980
196116960
99564264
222838630
235236386
267201502
221279353
42299153
106886727
152396125
51366144
26843991
167285658
86172831
21080784
67929733
26981561
167866552
18329117
21952134
151310727
130010494
46823615
264043906
140460203
140468529
26523375
73041987
137103723
243900903
82089974
187341377
13354238
93737631
5728759
8744420
187380199
146035578
40991740
206536177
115611083
88679990
220654908
188807900
175656851
87605827
39346627
61404267
157009265
47120610
110182256
146267787
119007676
126323482
22008392
85447827
99285934
78499733
38233733
45510835
106446903
50368684
204390618
110985401
252985698
111546663
187814801
163483114
106824276
163889785
94277481
73854728
6183464
255433950
204516401
26505158
120478502
229199596
46478481
114827130
47558907
65544415
112920751
41323227
116017381
108101594
146906359
71890253
18686099
64013166
30985564
47756444
133803679
141413089
123787979
235228310
24153584
119143014
208906862
243956953
37883495
141514648
118272064
106330640
61003570
54587717
194604227
119297812
229431747
28688371
112843246
235228260
51413644
9192892
104491983
70970851
218119308
40268974
76416983
129613457
121800643
199781378
228686576
136019620
101218575
86366930
17253794
120458997
204929529
133929379
187830268
138854970
74909350
48306520
21105228
61913133
70574044
4625288
89424837
54703755
110027162
88553897
33027269
48437968
118942003
5167180
206586619
127736059
58003595
13905503
55081123
48561777
47581445
94369734
113752763
147148089
192455802
157991667
195320190
105314412
41184931
212680723
84615303
214161299
142326396
51442537
13711911
24966261
95578264
108420701
123836161
177620926
236072455
38455981
113355960
219377170
108947432
81470239
236126571
13440926
142527156
118813773
23698536
13257052
238111822
189385695
100098446
111230282
10228140
184975404
36722733
174514560
29466004
91592342
94988967
43468618
111836617
213882710
231688188
27811220
162098948
221031877
189580625
