26184839
35111430
52700586
59675195
167327470
24797490
198356575
16733541
170327236
24580446
196189467
228025484
82156306
102750668
36741775
233307017
6679226
23604798
25036042
185148360
20401808
142220383
21359850
18145586
174586913
144485718
58171149
259607966
227078561
125143361
235137051
17676629
19584306
49839518
117601355
33611325
23098564
261894595
25540413
64442163
39873659
55442385
170287693
125985818
18532286
170654558
133366440
226463190
35878977
114714456
176206865
175879973
26356984
20320282
198773687
74443861
60017126
20589806
33347185
125571228
54382159
13682786
27196502
179257168
43568422
153801313
250930590
159585187
150809295
7469765
29967303
134635758
238789363
79131663
189135786
162287151
88436427
50629616
104365321
11802166
17796954
247425122
106877428
26404189
190337059
176990460
38274241
7417212
152755279
92760284
55658383
41222658
11176755
111131296
143546320
111244330
101005531
19742880
56622094
236568224
261514335
73867500
23279826
147569484
21026584
45734552
182070827
55493166
20432040
38291122
27310721
161399271
20899874
151523090
155722293
151802050
190106475
22513054
142718393
228658121
80380368
144161782
104540057
108114943
39675127
123120816
42488747
24618453
48116843
142002960
98560707
6590091
28460106
25358543
208661057
133743367
184703848
82778286
77332070
25145069
45288448
22201342
85448814
20239298
224043147
129690220
174035134
198158340
75167501
101994869
178438548
196353458
40979665
210004913
108177684
209140704
111224251
112765474
107311474
50631107
230387797
103324003
132193359
94322698
37624090
36693955
79386669
44948610
25944021
96601392
127455069
260874210
171276357
30521857
29243689
113067879
16021521
6937766
44325451
28501088
133039324
153269642
20960403
23296581
104236592
76651620
11374273
56695222
26253520
69511026
216057840
56946805
35283230
96110600
77673946
15996309
100445668
188502151
102327128
42558131
226567684
7048508
13015499
209635853
40894950
129201102
137311839
66972973
115614037
12729504
63047689
15830731
114185868
8234552
5478191
60876019
23418753
62006932
254191288
207240739
150359901
118342647
75520313
108729523
201933946
87149785
118102331
122114305
190218634
62836693
270335873
68054270
19211164
23550282
248083337
9980017
115716527
12248628
120910709
239686687
243802273
126021090
264691618
175638160
150768770
25176994
7909734
12549744
68969815
74262778
20871692
16292113
158824490
233070158
29529047
69151247
135333093
60611539
144269663
199799051
182563787
90095376
75808612
212047229
34769000
121179339
160479298
43647425
172786953
261666143
62783111
23904315
156095038
31374478
22459366
108605910
124478430
38239883
222133242
124023244
53574110
13788382
21921396
188662632
37198423
40564189
25097249
71054692
20270367
76810890
63293066
15830314
117326949
228998115
71005856
227974550
46582710
87818621
21742176
244621218
142135654
236500796
201998210
27250726
93942771
75844240
122641877
129642193
45864760
11349836
55705202
167817680
221823932
114591023
39429186
44430668
42137381
22568128
149791879
69776427
200126053
226702750
21263954
29519664
34194881
42387931
121130394
51384346
160433430
16721267
120333803
24508314
111746534
148294082
111766545
22169238
122123711
241257891
196904153
18143270
194686195
27341533
21815441
23473354
190800105
124542241
38049210
209063627
91951492
115068742
214538254
22216147
49046547
91597118
115823584
27771548
115427292
13451205
199667040
25636727
23661067
185199402
162978230
11259892
118541184
101858236
105029301
37425215
21450854
119607960
183836128
191587388
221232487
39730489
32873465
16332533
112718289
198757829
133088121
79175865
97954560
107530216
67546991
18239778
215181349
27439885
238847549
47814363
152740073
106484360
27308093
67605744
42572127
112916155
187771065
4381291
5013488
26538495
58316306
11362832
120645883
22866524
102892881
164075491
221049138
174275857
115098535
121902052
87759943
32210559
29977129
137247864
106637371
155935193
177444287
177564346
197270006
43633556
119407293
29546597
148783607
20893479
24723332
56013954
124263021
22837703
218871661
211809482
89279650
64398695
55999097
24647565
26827017
208156471
257761882
234273951
158771987
262704290
238661046
33208473
81096725
75468711
34149164
88620674
11313491
18481950
105133138
117996558
52928272
132308907
62840354
29178973
206744402
130174195
245742936
20672994
137347530
79085249
211035988
183079490
103165166
143461672
12299259
77073652
36147661
16292114
7332418
187696863
107364690
15332181
189821897
102802904
121477714
136638433
8915197
85216040
186789226
78359469
51446271
192294223
7805019
23328115
30946157
206027923
8410961
106166966
62293729
216318964
188893104
60791713
148169155
202847836
16818777
191280555
111288032
23815640
225291973
71521711
148764585
87019276
58402326
121229564
26993249
137620914
27117172
63203430
254417190
215254449
100567122
16852961
112171792
147938058
110320234
57857201
40060521
119471138
208888410
128597500
20377389
15672846
91616811
8946134
246855486
251193732
67654894
267149118
16535694
172916789
33551216
26905098
86707690
34048129
164235011
174748742
86852862
7550969
60222790
190465676
86361967
8588230
77213319
229600124
47056102
45893932
20640973
46896967
20508569
147802880
214589804
271598913
205826279
232079045
89468700
17736508
222626280
26979968
124668484
210548092
135471301
18823594
64812601
134730810
44259392
210917108
20550814
156599826
130255489
38398284
201882931
7983556
132530527
12304199
58640380
126786311
7334923
218535364
46707689
24423636
75700125
229213896
71174936
113361902
206182210
12353728
162225260
162920192
19616370
59898336
16295725
23752804
16712013
229235161
36666320
256643964
46824651
117276070
110431959
170289180
193387251
18532064
230419148
109413961
7081562
54570905
34364305
203300295
170468378
37890091
72277692
109839944
55433190
76441405
98751605
76179067
205273777
104462545
33259590
92690120
38882953
148483419
254065249
150144348
29672437
26356476
123259611
123495003
74212706
12196851
122240252
63593587
217237524
46265782
159082730
72729439
222300731
102489724
125962538
234032354
155110767
119750371
84681792
117201866
75259212
135902007
58919449
247474212
27837326
23399999
107314734
19168152
27723265
22700637
75998821
91547317
75906266
36509116
163805679
37173753
27217948
6076247
183534715
189094075
43596263
89061471
127509039
174493208
114882497
129797930
13632926
69717892
23926562
128093951
21649340
17212499
19285605
143311666
117113702
11141692
173914479
12182823
38997240
24952365
23669907
228383687
79323566
100541312
52824521
199984549
164150099
27976693
80276679
26093505
92105726
45431651
29526322
136452441
37527748
134026381
147089882
21579848
12309748
113686937
23904512
47750964
180607080
167614694
112469519
166408090
36488014
12446489
228757418
177170618
110989000
109778873
163977274
89382160
240319183
45356044
159203882
112594027
78325089
12117190
219358480
61542281
235838747
35261735
27076150
102545040
198642463
214663991
99967633
7552101
89754799
212309940
113281518
29439355
17048057
43225242
149583804
41290268
154004540
159227280
7348044
107994444
154487838
27638175
131397211
17013574
82926202
20280763
50776753
252228769
154572516
53388267
51101538
258881790
33509377
29282695
239226047
73258693
85242099
90970190
30002407
184203041
49984574
12002394
24726335
67010881
112873844
135847082
210706450
34524623
65016153
148518981
199068320
106493867
4366457
209198322
22543695
228487675
30160832
10291787
127217953
5473517
222749095
28806188
263796065
44539456
6984089
148882460
22569308
28076044
15390291
19539566
41928840
6872035
248629060
19210166
80152869
114575340
184776697
55924431
26864785
118604422
190757329
82902209
60218212
108899687
226316573
41694900
43613883
6807316
107582213
209050631
43297414
95974792
26444437
6348660
69433851
17518557
133359214
206529631
40128775
207819535
140208228
127817194
131024080
16809903
42644779
225470245
174879276
59638004
119689545
190840919
93214485
16962195
42613407
112341522
21436827
115543229
165879207
30740770
41394053
41899864
45033959
42804302
246231532
179561748
141883188
65690183
21345378
16132178
30623349
135856233
39929210
106194732
187782801
54482861
168878821
35303168
136662329
43648666
144334008
27406705
150230064
60098245
27226861
113624189
58519122
111846263
115442516
37348800
62658294
21877139
151854852
6567961
238593788
82267492
82113161
240361055
96495427
183312649
114006876
95323895
22235079
17956285
162996936
7171296
123840385
155933825
164089099
18029424
139341331
96359079
11530839
38665156
185724201
12688787
44562282
69963564
125810116
37763675
110112972
28778129
5957518
149145479
21211576
17481026
152126112
242615575
128295753
115407191
17720121
38294279
85361577
24636441
142936376
57987790
114353226
117613929
44787753
130091075
26284642
29344256
114766205
50153807
167179644
134239023
11593395
154219728
13572548
125294282
191185624
4952020
144309007
81664443
103781961
68816313
12252570
202952350
190037298
45627740
249834307
178574001
142356765
83053225
45561800
115401326
234661914
76579440
