218688047
139069207
108145588
157385236
123141337
114383571
104961200
36014373
134859321
196050999
45253549
79557355
123458852
210299005
58774305
37243515
225212806
172461355
209983061
157540318
146976768
225468874
210016180
90220300
17846624
32408805
63568010
210048213
105564307
67562776
87731242
11052143
105189680
139571060
52526044
61724255
199246772
12813928
69324558
39855444
52811617
12522373
19051904
137581531
210647216
91531368
8071400
195098334
76219210
49340441
19891811
66748143
7218595
36116718
107295324
194719328
18877746
80264044
45847562
114567848
50928085
44201878
126869684
38728668
177142326
210397016
121789152
46748932
189311005
76525331
41565971
30442069
23712411
11878833
133896360
248966215
111361750
62615312
201428447
80100108
148461889
240024065
187672089
87915511
221484229
130126911
131817004
24050396
115530627
20957007
112181161
188675883
17607539
22800738
137284703
191554151
30974633
127791468
235291752
121250452
5664174
126275498
91367350
104836893
158452921
22647053
127422697
224428885
58220985
107950748
239091876
90404484
195876651
240409726
118859531
17289939
165147643
29581535
67070914
17720139
145491319
228295728
20997893
158669936
4404230
80950166
151862454
83756746
102050741
5356819
21131038
161347464
106297457
157383418
20577909
7169821
26815894
244162110
117994528
134060101
158816877
106365418
12754065
171231938
16741063
25400469
127760639
51829277
28004058
263813507
67204016
54026910
141103929
104867518
212552173
237220847
106550284
118060492
62010795
42333990
17924918
211498569
70645636
18262933
90086848
159076352
250154204
102060906
192527078
125240808
94511804
106735160
68955514
68064372
106301488
7948201
143243991
211732939
180194476
154586971
23486813
111197621
106887689
48328472
78112724
60945455
25176895
57647204
106970086
228008774
15640653
106992047
226052356
54558469
118316479
138064981
71151234
7845720
260714657
107061110
132062575
122137107
65093839
230036867
107095927
117978443
48909893
24972000
86286595
107144628
127084461
33791215
138413215
104601071
43450360
43634730
117681375
7773983
252981159
214918167
38543948
106752083
166673628
143780522
220049896
212746635
67490650
107395182
22595569
119822120
109364015
63434402
28167752
107451665
190365655
30513391
107497882
78482449
212403144
47639683
118367593
44382403
212453691
17453551
107576875
111617446
237206867
8007429
83490163
120467392
59767372
25811825
33340427
101681719
52955767
107687691
265045184
89390114
232218502
12680277
201241886
107735311
219506923
2909677
55372017
109548313
104273167
89256928
211742720
145921201
64540565
194257916
34733431
212784591
42533392
211527607
158161576
147452441
54727756
174447937
177592534
221094553
262650403
55542218
72806638
107069838
62358774
15886281
77323794
199768609
55670082
160541954
29765529
40991855
140881590
138843232
213842477
108149425
141936615
225109771
140103113
45631922
50507587
219896071
32387712
213172546
33985613
46441100
213196002
114792636
160760181
58671234
160785038
148123350
68350865
235619054
234943015
213268466
55918471
81226311
119473672
125240480
67174744
112158703
209243316
111381692
139908441
209816914
66701715
131775493
171006182
42425802
42292640
211937204
56088764
182244686
176178888
53530207
24633698
145313985
131181379
195958107
65697874
157075676
34344049
213541171
203398482
108103887
21246665
135647304
232781671
190283461
3844433
118705374
161204983
11471405
82424664
60801688
116236803
86388699
176127618
128405480
3933476
39574509
12188397
19757968
74414612
108929932
196972102
185796987
108947284
205637675
130392596
15332975
120559313
124226306
15906580
109004412
161476165
130443793
109061372
108626201
231806724
111750313
81963666
234758496
42200338
19471119
109128819
96549690
133414245
112836056
188173320
19061387
4281842
153111526
120211008
109216480
149782545
81840717
61160098
4413945
233020047
232607419
117240509
20669504
200936060
202708098
177592261
45652176
113614477
41585698
127670985
56990730
233416597
114638764
31035397
109483384
187026040
28648773
208802644
87494792
207716881
57151542
4709231
85528129
131683083
187005525
109664585
119012484
12218965
173855192
57249496
7466208
214616736
21714218
156962788
182129838
141700716
21079146
103156300
222077529
171425893
16234195
24920257
33165867
122075106
52957079
74148107
28116061
40868595
229278335
214814288
215819029
155408534
210564366
109957293
57513449
117711567
155620907
79515413
168516836
73052075
57582145
18702715
60145892
23158418
212080309
136824987
143103945
23752508
57093472
132942885
53135868
5195828
126551248
50210167
64246272
142530319
215060024
47977184
12259842
69262136
18774383
110210247
118950917
70399096
80867441
155672068
34671508
126121011
215173617
82117079
54573648
88180930
79822641
37734153
104692641
138115547
231214173
129521668
215268235
221462830
130464015
18938230
57970845
5528757
123068565
131805842
58002832
79412894
26302937
58015664
173177309
110500621
162955435
211178834
28720272
12147094
126151682
175994119
92554640
119708832
119719073
119719070
137541889
43716007
170718962
211783148
154685458
110652981
115816474
65840875
211629493
5787761
205299317
168393786
159799904
214026345
19593717
163207732
23045605
169530746
8838561
111883140
67643617
215726067
230517557
33790497
5944280
135687859
227393437
25192325
75377062
125009139
13447871
25334356
14902374
241282916
117557717
158601417
155354385
6134084
204571998
210574395
149823161
119206833
236315050
209642274
6186099
201499085
51603021
17452858
21355438
111152204
84083565
244673318
18477147
147815506
6327119
39372856
17954742
232811906
136466244
176045194
12034275
221565082
22799666
100400633
119616500
28156750
244437694
157013687
60801187
135718486
111372118
197924222
163842105
39004075
64642303
11706478
208966170
243044630
24776540
36494527
43100804
111502249
21406580
21806056
113030213
111519180
44821129
6645624
37610998
228151283
168741882
137244656
206118587
6277653
167174695
80815958
43961643
100482516
111631184
59190113
46430202
200198117
179425312
41943763
216574845
229339446
146463331
73205394
108287668
6825873
30328188
6843209
179824770
124809616
30020891
36228148
135749135
6886139
31823655
84933607
252089121
111823255
8684710
208331021
111848631
6957979
126008026
94111322
196746181
216783948
13898383
106249269
239561909
111073716
152629566
111964322
42353424
164429588
136773394
164030112
25985104
29488209
131744381
163896853
27818592
176813268
82659611
73686740
27736640
81614819
34056568
35859335
26241157
35363754
93424992
138924397
7245952
164600794
165750809
7264440
39308946
164639365
115068437
35477195
7326423
156429664
122310230
59796947
82270338
231090884
162974933
78892010
23106764
21539583
7413405
195240370
23229670
115529341
36832370
22154150
107652469
69087572
188316091
188141958
39976960
156183794
60872678
118735383
164869853
60013101
22164373
210092688
153244036
154793708
7635318
116778947
59418416
116318008
212458804
30082188
21877543
234163717
217522993
26220568
36350894
60200699
254526790
103258163
231746354
18353933
60257239
166211226
217614357
51305657
145602713
165205855
7863400
63884051
217685294
116205291
115355119
62808528
7281222
212550941
124112876
122340836
227761790
40468534
115242433
117629049
55382331
13527292
38245788
140143151
117197181
217886739
60541167
112997089
42230307
236488800
76544354
50619315
33277915
96723056
53774156
5160873
7004611
8215641
64385890
113149864
23854888
42138083
111882669
172009077
135882014
113218070
218128840
253256546
114515110
165704150
67482418
141638570
65092629
196571772
19142525
111872823
56519230
227864132
113334940
8448078
199993151
100379749
124901487
35213777
204294977
16684188
60954271
122002711
113411997
227136859
110284713
30788789
71388998
165907432
113497750
108850678
113525929
115713484
124747808
11747029
210020778
150334815
61147417
76697885
61156037
20924748
146555142
41052241
213310806
128783533
216484098
218546584
97685779
113677863
234860030
61244363
144486033
153397442
12515216
113449734
193263184
27992374
27213904
43756348
33544076
166330941
234573188
110315354
49133913
9002110
26189590
227106034
29293217
67171830
25585249
25872045
131917823
16909413
9123075
61589155
34537611
139794865
17810787
112312704
125454464
168823325
183122551
44872778
44780589
33943493
68933580
119769588
211782456
139067395
151840413
166671437
99519166
38880601
37958729
21436769
142386108
39413226
140685761
12187324
21416266
36791007
114377090
77179153
50270791
36555413
189114653
118960345
89429775
147497338
193939099
28217599
226532320
112333110
146585699
206312630
149996615
90166520
114525766
62084378
266899968
94715137
48734309
119656840
113101319
120271417
229031590
126079195
79299412
40529655
114617899
117208749
222250710
148260796
114661442
117331657
118243283
115979579
159266496
15987411
10323029
40242823
6717481
44401475
182098123
104876142
120629874
238475588
110980963
167307227
226573212
22747751
59141128
52534392
8407546
59929835
219825063
28473580
62494783
164951309
22415138
71719520
188407775
233528187
118755369
20166493
70562050
59929815
150570121
102489473
77922774
115569782
25666970
75867911
21679077
107467563
111175524
41430936
60861906
22440412
10257931
24458280
24704108
26056183
16315089
115198478
86899600
62770399
120660518
202061635
32232694
209594372
103657130
117085702
115303966
24745053
167807866
118212420
76625839
44595976
59110305
131559041
46057076
115410267
201088522
79708970
234951877
164602949
235586937
163025524
130350353
21497990
12842653
46644550
18742617
66556935
254485253
6870970
7434334
115774543
13365028
176679419
220490998
115605573
233252892
152198642
30143050
73706528
11050095
5897864
115672928
79845835
30501546
45825073
115706683
223980584
16294499
10854055
125331227
83386140
17748995
93004313
115813288
63363657
252457088
33400284
218685910
26957434
51448443
161488991
28504121
186901871
149822206
126566445
59704288
125863824
235412708
63521965
206947408
25082940
21569589
44350019
224063453
178820121
125730651
116048339
211136780
229922439
115702745
16314915
215746124
116696313
101342045
11264974
131610106
40519106
116178588
105654341
116193030
47719931
39802091
11300944
12709354
65348130
215715369
72569443
4791508
21630998
161314786
108389204
48088662
147476490
25062396
108809163
11418486
11421334
119523335
230117005
17124062
99508510
111820593
11467886
86725241
177959641
11493040
207889681
91437013
41429247
22184086
11534965
108174069
58157499
11557110
46992626
151942401
237143674
230045274
228088860
54879728
263294048
151942393
32242694
11637429
43274401
185078492
15167603
30726717
54224153
11736049
114012539
176146575
79446704
169116531
21314313
102724747
116686298
230516411
4466507
33779107
11836266
169184394
16048467
114012518
221661479
7178025
13057506
151880881
9953871
237727461
11919559
137940152
22112307
39740508
221751637
234244831
30255483
144372744
8099870
90258971
148859173
12014576
16038189
119779292
117085380
118058463
5590322
12066311
88302545
121797154
140121879
172899476
12109156
12134129
59755288
130283422
135604700
112148228
18557934
168873957
12210471
216258073
49461060
12244459
30962197
225456278
33442973
100092197
37446008
18404270
15024078
55944862
222115076
222119975
98811812
25528239
249138076
133166829
42750242
88865847
19367089
156056665
48918135
117366459
23105769
60123969
26506439
117424955
23454021
68359331
117720347
12559477
43192277
12569801
220099127
181995166
88384388
12607224
27807278
46541723
7649051
131077197
12688299
124910907
12690930
49338050
25502587
22583331
189236937
65195492
12657857
16837000
117659761
227668667
117679324
31003063
198639999
117705918
11633546
117238875
26957072
49962848
183009174
32764847
233568618
224308944
27971118
108419637
21835556
111390104
99569681
146614774
222722735
115692159
200698815
175244959
40529021
120301502
117879286
183618538
230782495
50905166
13051904
172520298
134057832
82648213
23197838
155547640
112178767
165421880
47320089
122012044
51724574
149729596
13202179
186245889
222669993
118171262
17789497
42904007
18783065
170651853
219545862
4873066
7269927
12483944
178543126
37988678
141994269
58822936
198783286
28462681
13424224
129345982
128772373
203669188
118341215
40877187
12350427
188058848
27602252
79124540
84573814
16108587
40487940
218705896
77424196
133986041
115108188
30972184
77260300
220139906
200217270
61287729
145550374
213530935
20893061
12322546
64978930
178358696
66118301
21323255
13684291
66142343
22665080
66172131
118633884
146380029
32969532
78253834
32098875
18291309
154810012
239826910
31422831
217435709
26987609
166978689
169139960
94028040
24508792
32938779
180735023
83365064
13898160
31054060
142405711
32365161
74801909
29220558
23033784
185538978
137939754
161324521
191367237
28114302
49173907
223817814
61946924
224185800
12688335
193282667
245515621
154154400
133463539
53363278
24652148
142866610
24836520
56292771
156387365
45742478
223939016
223966790
20841737
100173771
237604101
121776256
171536766
49388973
224003012
135839889
11305494
32754334
237214856
214741713
174322834
91405743
177160136
222424442
14318156
60348958
125043745
88763038
111154232
128389636
207817421
119271714
119276962
83221563
52246730
185494698
25276906
110529393
173155090
59734350
115846277
147988036
41665693
73221927
33809310
40723333
79564787
55749811
119604670
90770623
29937443
67035639
186542666
50792180
97121265
119562179
222311208
172027048
31658246
178532620
129495519
236702608
142099732
171383273
198096733
119687581
67243654
19079817
31268986
35233024
67291553
166343421
25758244
232595142
16334682
137017706
48036764
196519290
26226097
172261358
75928446
41675851
215809463
130595331
14961336
45025305
224776420
63626589
172350013
227750174
20063104
101402764
15040688
227197043
135563714
179679759
165001539
109228396
72712100
86919140
13353913
118518793
28472578
96434881
88219991
120104346
19049007
121694109
78888611
22193605
116799261
43693655
22265291
127655516
194849595
120232005
224892312
161098906
15364879
122554493
28380350
92050835
71677506
174773299
120319499
120331128
53793222
15442546
16457485
264880962
120354597
19202605
232103359
166681317
127266249
148960922
15527472
254033607
231386332
127632184
127317449
21556139
30019188
76911640
68052079
204836465
27806695
20114201
35386512
172982022
139824138
43785766
225473976
71942282
151777710
120606768
173061897
15711622
45906055
82381374
15759369
23197315
120679791
225598882
212805482
212549406
35437686
120750497
120758274
156346053
214280458
120810625
90534769
120546755
226940795
15952788
226459370
41522004
130490197
68421734
27284231
221112519
5055002
133627053
19489301
52389816
46110856
84388946
28124141
215099862
91302963
198198910
16080639
34413338
94877764
40774236
229808799
90125004
39452882
109514999
118190818
130595089
224195621
68648810
21076929
21527620
99292472
91978969
119147337
200411365
198373005
7556156
105950413
88936789
40303022
226104026
68758984
112106447
111686480
65767110
241455044
179003973
20728633
92972511
19038536
12687875
107599512
60594382
56343533
43130062
32692444
111850345
42904628
84511775
29004957
50361611
27693851
18966814
30746263
22500647
62407374
95379590
12513719
43222232
68420011
182363141
32508049
84102038
69023391
16774723
54192473
39913730
55872320
211514704
16624124
69092807
15361749
244814690
135398962
121575308
69132655
90258056
55892789
67426405
16725159
121140693
25255969
197625172
76839714
174110280
40815080
105632782
173881890
16789513
96516509
246658402
69255935
180130112
193497226
16851030
27345517
107548205
100460048
13978396
217619476
45280998
121838884
32467000
109258770
69423239
113151106
63359882
241280791
197276862
226794228
64138345
21865481
204692786
191284698
25860247
102109136
69513429
29793554
69522715
51843394
37875277
52799326
112116538
122008968
193025989
98186051
186419248
41184613
17181110
43334776
15904020
193671282
17228133
75559241
227064004
222884304
73162371
27581019
56189717
60583961
102733903
89776506
21209862
23596479
122297507
99015682
164673213
119296818
109268913
25419714
45864741
70345503
226325906
90053032
13414905
21443894
17557542
29783210
13148577
37752260
107076882
37270836
17634969
41695808
70095780
107742670
137846845
141790398
70123301
112376484
237941436
138246315
11991096
87922452
15166422
126507831
73970006
14941072
118036866
122652062
31529351
193333156
143124222
16119011
34351548
21701440
30786977
108633776
168360706
12349570
129519246
227672575
226080004
35857250
107609460
39913472
47595721
224092853
102805489
54028322
80363074
122849427
136125964
122851973
227769914
70425130
122880249
24702602
17997656
139557359
205418349
32436062
17122774
163126495
10997457
84992886
18084229
119685923
154604309
122994484
38448682
45946553
58374894
119358128
227997085
133729051
207519622
25880499
25399076
18257683
61249574
23842135
43856956
232316260
214669221
7189907
123274971
68737176
69556615
74543525
121201818
45075841
87860850
133903132
124930262
193384230
123537212
123395448
225921815
130277094
6961614
175110701
228376675
122861149
16497834
117524541
197491641
123557584
36871155
228394766
60214947
124428312
40773730
123615405
226755876
12853602
152658009
61567009
74985338
228569500
50187032
17778179
228595621
142117953
127460218
123715843
15442767
105086541
12666911
18847111
183356259
11222643
118302964
18876489
176232276
118765367
90933662
18911755
18924117
6142102
18938857
54058853
137795377
12298140
214392529
31155501
182145293
50494280
82104177
6531322
257392634
176368423
7369538
239692725
83282111
200933208
75661317
37096421
58145785
15729521
65359267
208420834
33828896
181543196
19145154
19155397
228968226
218366773
36952999
128310315
74677966
114963683
97714535
19221568
157574558
71677583
157963787
6469815
50248396
121550938
198997240
124177388
12605360
62652657
187955275
100459568
113242828
124258644
113980316
19017462
68552609
11683472
74913507
250806302
133226904
150138267
132059193
227513709
19181330
20666564
31376109
166608823
178449730
125708522
71994359
167325829
56711670
69843195
176939043
55103513
212538422
20277309
229431576
176991156
229452869
217700879
19685316
85627633
11396611
231518680
75466574
90083334
215611296
229537204
173860826
68255495
132919553
37966942
19769670
78160470
11161005
15995699
229609113
20553830
16292739
208533362
72506321
169015866
19918756
109483542
72355081
144033176
27273218
42596745
131800311
145536918
11714092
19976629
177325716
31780124
27529277
179156405
5568280
26945420
20044282
12940198
92316241
32169343
177435389
19201702
20109331
20116430
54191783
228077670
69412871
20175892
239802619
140745116
223754385
38386812
186234271
72707511
20257546
39349648
66432135
67702261
187965320
163428664
100541312
78139869
177722557
132220200
198433654
20419327
31278134
20425843
111030124
17890524
79645570
20475622
122031101
176011710
20494556
125409237
151787010
162695804
125433108
218550879
23729018
40076247
237971603
24087515
130317667
219442009
164230468
24128471
38120408
63512804
73135738
26013177
105611529
79758196
42022982
175479028
76418973
6151992
161927531
191990735
168800581
34443147
20812369
108131285
42340495
105416887
21793034
38407178
239297471
20861002
119961940
21352440
195493817
210049117
20923502
154757396
43497928
126333067
260588067
36471224
27631514
41090809
53986745
69945338
48332192
21053290
118620071
71666158
21094550
69924841
15800827
21108390
169824815
50739695
182331515
126049628
143152034
205122182
21183760
51344021
20707207
153026274
210141241
21247119
109514006
12871299
71989278
73722980
37741299
21290543
205839167
116130971
62677089
21344980
20369154
113646842
185535756
126309055
225177928
83076788
178786948
34340592
140611715
219144795
191652580
44715058
15966257
178844577
161712285
73952194
221234356
215498275
126416588
85606787
166516242
87399308
183323284
7145399
74032449
139177665
24927242
22776206
65469029
190720432
102333583
21664919
36559402
126574195
149195304
35211199
15390993
154265586
179045685
167499540
138481120
65018323
24978435
127285327
112740455
151182433
89468357
21760270
152350131
78057649
21844916
179237663
157389662
122471273
135346721
18627735
179287170
106645830
21953637
32097273
204312829
21982536
6930217
48649954
22004145
22015239
163453493
225823118
109780170
22042984
111060541
111562446
232419602
18545761
39646340
74543893
123526265
173932066
61166877
231924182
20737753
114563628
143377186
179522269
22174778
217218963
27989780
74676554
110025965
205900442
149493757
99813686
41018855
127232941
29874469
54570341
125616422
51282334
108182198
36768000
22383419
27907803
22387339
22412539
242170870
63297357
179791569
24076908
186797201
176093264
22495232
39277510
59179658
22518492
17992553
132169433
48127720
70569851
5168295
15995145
13055403
128135507
148406403
188026326
12584219
40455417
31441576
22960371
90719139
232529462
161087221
18955352
86610365
126476119
80095813
236516662
29454414
19918180
231528313
57530552
204640434
251135427
21874581
22894751
22899241
23687585
23492966
135057603
29802652
154961868
171688685
8876197
75422663
232773149
180338245
232814370
96607480
23033827
234119750
143735515
25244490
199395972
23093737
85032873
107885005
113969346
26646397
44347671
75590342
128044641
175775598
128080169
18627489
90373953
206258756
86139092
114952650
84244135
170961372
23261706
103654614
139095390
73171439
75770307
206985954
128234298
203995030
112514796
23472350
23368620
104187232
13618624
54252603
108960465
35046975
71542780
180780862
134465527
150895296
35589844
75916477
65058953
41039114
256542752
139771388
63010344
19641480
36583401
128461480
139433353
26278930
42514082
113672202
264305758
128533831
39092914
66154918
109656938
40219640
64905269
9890115
177404135
77902944
135653665
118056190
23699559
157493520
125616690
233527441
230319462
54273019
20594034
87142804
33756286
76235175
226314438
23801989
21577351
12573753
166638713
124376094
17674760
15523729
30652638
26637380
153742766
26186683
47841280
132478291
35617059
147709625
90287364
258856414
23983841
225781765
111162594
127950867
54211509
108353795
217679544
123331270
92796885
11733779
104494386
138388472
19487727
182279725
24088025
40643299
23953669
129005903
21720693
88925014
77555047
125851021
182884044
76628896
120043235
129106420
97928593
31256905
221750769
82707490
37457305
170141736
191314015
88976199
209536306
12098644
205060113
129804561
143618028
121077750
21241051
23636089
9000066
8906654
119932667
24356604
60003414
219174956
168494145
17623442
173027029
237806967
105559290
113876908
147320302
66216227
60062599
207313551
30128878
30816417
231089566
118680869
234240904
57489185
60854508
30294018
129356868
79095538
166566888
170125522
129370504
120088158
118117495
128420779
181830526
120097900
49120645
7134587
95212455
179862295
26616764
44337152
89759849
164825560
55850282
126121471
37310451
77024901
20365075
180036410
180150085
44234714
56584364
24618117
164241697
186154825
241156376
21011057
90092611
21777485
182032013
108362176
24690193
43226574
125328525
154551803
65652804
11343082
138531748
45689195
122265859
60397940
27938062
120331521
24800801
4368562
112463294
83015224
182184119
198033311
226160585
81119702
77339598
148687296
24891521
127150607
12286738
28796933
111756310
129812847
186789806
177916044
59934957
108417288
25664320
111623346
39912101
35735566
43312776
240492524
234753098
11559472
43527874
89969634
174691150
213705072
135909790
167054176
212629555
240532411
4891271
207658579
149122953
120715210
182363968
8890430
42267974
191384443
62426196
118150497
28890613
90263393
109922985
151763922
43486885
87624678
52736312
71436691
120792798
182436875
240675126
182449126
138274743
216317014
46641718
25151903
120863808
77572049
149224326
25141312
261171103
111613917
25157227
20791960
57929494
47153857
11682390
46406117
22740875
125062113
115467955
225074764
234982617
220994409
37070103
25208867
215108317
78252287
25236762
160555919
120063516
121062504
59824432
26310226
167724193
25254579
57438231
99597997
12143260
130189994
95747094
104053697
53529432
194582955
38754570
46511120
80033856
121829285
111415512
122365785
143735071
108186826
235133758
235158613
25379813
229745531
87099044
143531443
226041852
20112291
102329100
149020440
61341645
214637096
29033935
120285817
25467105
21331195
218944058
21198034
90911890
56398033
25505037
111694930
138581221
44367688
121352357
130445829
112424058
68428493
12552926
119562800
25590216
150887888
224962010
61479859
188988592
117226133
121479508
25617133
223578281
22375951
131365794
141778601
241403775
108458121
21580168
111961225
144236342
141118743
106611701
152308619
39365359
23611289
109787027
175947507
170169510
107330123
85224308
127640515
92640239
35750616
91862106
175115376
46536493
70234186
33138646
39745378
176243114
8145721
142410703
196821527
34092243
39488506
195905821
143425017
38209422
126545589
171972254
91973637
65598696
172883875
123370371
86033477
232119137
20406569
196023635
227673671
249406461
16265348
39627360
80573941
117589287
57465728
149757448
86996296
203582729
144573921
196091348
162599875
67329731
34530166
142021684
119609998
113888514
100947248
108909771
115760790
144650283
177585366
136235756
61634602
223071926
240682240
6742362
76360680
3013909
24472993
5208720
61962372
192184791
62156988
236349444
233429672
166953116
104067234
165129860
97730918
131122208
144778035
12654025
144793017
228196038
85121781
34880493
92368079
205125698
113253433
123512538
40835565
170835197
136411969
218198828
132633156
179306155
57161698
130867005
5584869
16956968
150349187
3763422
145125256
35898735
37952746
134384988
153411841
250444385
50459445
126665937
35391990
26373096
52579742
6936933
130528970
197421049
42654268
167494751
197435206
187027765
80732107
258393344
194721842
254418851
15622986
213119221
202516762
73727501
252676730
40139865
23233526
27391324
30393382
23447273
86955227
229652193
211714966
136737345
208529391
206845420
117817381
191925483
76846218
75851806
231130295
93019073
145227642
20129882
15369292
117755914
136268146
114795683
17031845
226659484
17044103
77593104
136911796
88788702
244455207
92740128
141184238
235232869
221548218
228491562
250110242
144523679
85490447
43033211
20548150
109428335
78205582
116997910
45916979
18060770
196909539
204503854
112125579
151465598
45501762
229334620
17630558
17163946
163869868
68968472
80350392
115154157
148341476
34135838
46536296
90074278
21102924
118841628
257057474
69798143
117008812
146415782
76087343
120085479
20775140
92944253
223168632
12068587
228009764
128265178
215560747
18142684
145416144
41506965
116680324
37122958
44590102
195359836
200969982
122220515
80696675
219375176
90523155
237476028
202793229
24892803
24349917
163091351
117294896
138846167
136399780
165119457
137298722
22260335
79661734
17866079
79047517
112245077
70330720
19341064
111457617
140566968
121596390
227550520
114457639
91502993
131494281
25230780
242648694
40852774
20334618
94563297
198214726
179592777
17635277
80829770
215484043
208559977
187914128
179172805
250749794
110780287
103322475
249122243
78484441
13307896
17738323
113463947
145911417
93466722
133688401
53832985
69285882
91285004
193359333
17230945
236871593
197598919
5123714
137671250
198465246
242443779
139837369
50776758
229553470
35453229
39894890
254602210
142487017
130272674
205180990
184181581
77842827
41213120
193783078
107410291
90427396
25097541
93708517
23701304
52190269
85749286
225307209
137827259
119765955
160065477
60106725
108690649
51697892
61941591
47785763
159884953
225491569
179848760
46280039
42161293
41364116
87369712
228605436
16825302
69582857
137724158
36231648
142432227
143456483
225133052
110045082
166584062
130968617
41434229
198786101
24555279
25476489
49934421
87180310
129422440
46945981
104572920
125368280
55113933
94008045
190093204
13410210
56912230
15602210
25584471
71211456
218045992
198956570
80886900
146512586
43683164
35514595
101274903
69879859
13715749
41636711
149263106
184093131
240302888
57987729
168228026
170907297
6547381
221013153
17066939
128297020
126585094
76066617
8142686
47253055
38751364
219283199
169728602
57643111
56758554
19402326
202783048
22731300
199136710
143702241
20856828
214249016
213978345
18546704
235160866
74673540
6905851
258289662
41867813
105139850
13061890
76607456
123952602
198399275
238059619
110401109
146829632
75923168
120840702
37552889
146851141
198495164
216641545
140045239
44415688
18721598
36538813
24195996
72624899
185523244
218549559
39335145
176242622
46505244
138652728
235150573
199457435
24544218
39365865
166892166
184386255
28847170
191341251
144205833
129770577
102687223
124485188
206150036
165151265
76291869
135496408
10978394
54218199
142508730
116751712
16726617
39447790
138775622
27914171
78866819
10019646
118957424
111732633
34100935
26252238
42281100
78904253
26090905
18972993
42301287
79723249
77832971
199662798
65966895
42338098
140231317
83441451
217499616
119046118
78971597
55570245
221352453
56317983
19063193
91769005
102923630
175596573
84209668
12088704
118183982
199764718
76442422
147029979
13814141
174173928
23591597
5092725
121442808
147356165
187574766
4795662
96752810
157365145
152960653
110933622
19220332
25281655
45030158
6239916
20569871
53263366
42620636
128274962
187438575
139137265
32779515
51796194
216180429
145112890
87948310
74559161
96265624
11659953
164197194
19330305
45009644
98986376
190081252
200344737
118431798
132628263
53911310
25222956
95671514
28456947
42759491
61674993
5821323
130835727
60558501
117512067
147951774
199238024
209850220
79390848
35442658
63119242
79405934
241511329
177717924
37265907
86526385
7817280
88584796
29552925
45128214
69961559
16595528
72117496
110718454
156781223
42905717
16452777
56054966
38720399
114569812
19577373
130630835
230631639
128296799
33314914
212133290
157733807
91519101
30095782
164770743
21460929
130927866
145891825
7305098
58190333
57239720
19722113
115850165
96352445
214049804
105678863
147869778
231217371
71619982
114564933
15776046
12379706
148005249
194527268
96583070
139658417
43117847
15259286
43126981
218067608
44610083
35547774
111148610
14438101
22946135
119154335
98426798
207860142
127527160
180381141
43186583
19899766
110226729
19387043
62361184
96468001
126132453
231239239
180002036
119866010
20795081
247462427
54425338
57669877
126635994
242374361
46494759
39807455
119110516
43364094
209737437
133340743
110427953
52804428
12357758
29235282
79303065
60834934
12543886
121627137
124563104
18582556
204942127
213773163
139962779
18193319
228589548
106190923
12621117
116198058
61152450
113537448
26111145
176047643
43558589
80103195
85489813
146461086
58294646
156473419
43595246
200944310
115278330
176929061
186731501
78944522
187673113
35278612
154924652
96099889
20248247
62108062
140116699
36487283
31584162
17957691
203066304
141887747
85628423
132945604
73551675
5809487
205717053
30894593
175300730
56584034
213830260
140361530
54817931
43742849
175464956
162426036
88869314
23273791
19102284
144499694
186216868
133160689
22976736
63007769
134768837
73648852
103081107
16308537
112124979
132669015
214914190
20866668
123342943
127547511
119496511
138476789
159873559
19432642
72415133
43901848
207676889
31703753
18756596
253728379
28425987
126117782
194856763
26910020
146456071
110492895
148889872
220728058
253797146
173899207
12918072
126236378
229947136
96493240
38095357
45062320
153083273
173067363
148979259
80575889
149009592
64553005
81599118
54269032
201520604
44097730
61039651
171950853
96647792
113427843
25440475
44217943
140745596
133898103
78796152
101222930
10111442
105402220
124034086
83219544
72665438
167636332
126113408
80768411
44322275
80780192
18408256
173713021
41291114
80818820
67728296
12401399
81679260
131071004
50192275
140044834
29962347
124330616
7824707
149317253
61142034
69125910
78009382
168355512
122701601
19237915
50558638
124464253
87621001
40492138
102626175
254280544
135772520
21095005
196636425
116904912
20777343
115419675
72719392
70616790
197271484
106310922
44532872
35306656
200426326
34973148
137231785
73003402
21094850
166757580
71395249
142266561
122022722
148258714
44617676
89361853
157385221
188067086
13593986
116679527
167023104
199699040
15919132
46616946
44200050
194034280
115296709
120807442
111150345
147162680
138993651
104900061
81322507
202128112
234381819
64025841
50939931
21417551
240097411
46419843
71661277
81398805
112090636
112520841
150271099
16226393
6576421
160273701
51894330
141139774
30412389
233203857
203384688
113770475
212603745
61725790
144161451
79299668
118830510
81500096
66949714
104316177
28817317
178506225
252709922
149859220
162260231
227047799
44435592
210578163
96873069
89648191
141526162
259343971
180205631
120745935
21676858
146916799
81619091
248232028
157913464
188021952
19473386
21705522
97516193
134666160
224023522
7110077
201502949
23109641
21727444
45127817
47057770
142727190
106794937
64179063
150084644
118376612
109437627
215360489
215242409
20641053
139125060
207479564
111066254
5963217
30802105
151628712
97716230
20317354
97724227
21847519
83000429
226730202
150201935
107241460
198244413
112500259
56974598
96971870
108761555
52857771
202750236
30620350
15017614
150095836
207114834
21934626
91850350
124597218
18839219
105995929
18007094
193911597
55682601
112377315
128537246
76617028
146885977
17230079
17004732
81237557
202874981
81953677
150432260
141941958
107952324
79138764
34167790
73842329
214114604
115941860
133453320
88306243
35175801
22160139
220352200
83821493
21706252
205607218
79476766
222753351
116453994
27729127
66273535
61025666
58939546
227835196
107747440
150574199
90242149
228074554
6987044
183719764
22269364
22822719
120612638
25179506
18947191
62811385
168994886
45756824
216709480
195294340
142209207
40348478
112551634
244655355
17503362
140494284
142254021
213035209
22411557
90334311
204304244
237782295
257866751
126338454
68481895
118164534
23084696
34945101
72982659
69887942
92239497
41772232
82464866
30904407
31923165
81791629
73207990
26694525
205014911
155868996
22616611
119813634
24740606
150882214
138425162
227614622
27708572
150914747
82597629
216169527
83696806
237105693
241121470
173333295
18940555
249425019
31396041
46079823
65074977
117324565
46105936
25244236
201573234
12692313
101777744
98582831
22779646
153441371
22807636
32102792
55794850
82764041
65914933
142767704
6136781
225285765
22917292
45080665
234055078
91373060
78698183
6827981
104848561
46249002
53547362
46258935
185515656
12521092
105577006
127249993
23008592
46298800
229245957
135157586
103127721
151222831
81478248
139992276
88781230
202597489
233879822
23119642
147756454
207632620
203802557
142949695
108505269
23102552
159372004
21685593
70551133
41331666
6072471
210300191
44916711
69376994
142995362
18540984
29360990
96902714
131155302
184806571
134730107
189010983
84803060
98221874
94782403
50889345
108579718
183957953
128691342
18420828
121403948
23330776
260989697
31747237
22323399
51064516
46896353
144722261
146038348
245015100
20510379
123094023
7980197
187573706
128750526
12364826
36745528
91340716
138069278
211347699
128791593
31316730
230047805
42727429
85926112
18297872
189970457
96535690
35372946
52695891
190008521
228186457
232632636
136236753
125357696
143627327
25867435
66962349
172485734
139400843
58181326
58839645
246686020
226303216
48131198
24239419
137647582
28170108
198554157
69074288
234517329
185443109
229084255
30364088
254529730
222932487
52396777
60755064
152596877
49713109
85290058
223171787
64135251
37203021
232099964
189007775
85309434
50839833
173200545
137772661
129087041
210907188
129099586
264571965
148262672
242706627
65976979
30896703
89780104
52304572
137828452
207755571
232366264
83856684
202456701
18491152
26430745
255734083
20356644
145466703
137885039
30688331
26440981
23078775
134248554
129262926
107032902
129278935
33043802
64137520
162119746
179440656
226423594
41918136
219657110
92754144
149643764
27206532
182667195
5001959
83781271
176791768
101307043
43060679
220535562
211084026
47254730
238423420
16730589
17210079
53195667
17883769
30896644
134911820
22989045
142072465
138888589
9653598
75795574
189443141
139871912
69598569
138167034
47155576
12223644
69601821
21974979
22432728
122264191
153557950
19475684
138991004
234496735
190672038
33324991
69703166
243838346
68242595
193637400
129659423
31500951
12633344
69256646
16013528
203841491
23218337
243733890
8362002
179090993
48995982
87124008
61021263
129742786
190796183
120743760
13258151
126984682
30701978
106893265
146314717
235152254
69912121
210200304
133797766
26609130
97947265
127057870
36830600
193965145
120358945
95889504
17252905
125824063
75740433
189894258
32730075
59566731
125418945
78917839
39961625
70075467
24795181
7136891
176592998
70093855
265399807
120048610
5724465
47234141
26420364
113878684
114643322
184994266
12909845
16177357
104922393
157848289
26549446
115001819
10290356
113578041
137922671
243527259
138641097
147448293
33745167
138669224
190148870
127733857
82674005
230870622
29995143
190174175
23050386
160142697
135702898
191189430
266434304
185585335
35495625
116517352
33867519
30972813
33880518
245804895
17672798
117294725
86946206
114141370
190294610
138813853
190316320
138832932
152134427
135825794
120860768
91268930
134002535
157017673
38322671
70535415
81281810
167791486
138895435
69841987
159671483
122473573
101911203
6687897
86493598
52509211
13759940
20878816
218496294
59791972
34115973
130563283
86569978
36366225
34152465
206069171
92149601
23849275
165831589
34183359
26549359
116886440
127149924
150503962
113987666
108765396
19854492
97553613
232048479
34237084
71407396
27721113
81589965
22814712
25147868
32217782
5165942
34306651
24786549
205447393
145751100
135405756
73579005
114809223
23347331
60785494
135108699
88192195
86837977
23337073
121280637
20079796
70928593
48596305
109388507
8566655
151893463
93050916
136317341
210021700
21831327
20932469
154683035
100528291
70994400
191946974
130933759
175875794
29800367
26352218
118760817
241992772
139563644
178754066
22465316
7532077
212771065
177672231
30989987
141428568
44253224
11172707
21011856
193127369
145720380
166103949
119320157
91186645
190989575
94717541
113112071
115185991
120634033
16720031
25454373
139656974
192126576
7519907
72779965
113703306
217124319
93360062
118504714
204474212
16191507
87259628
71236903
21769819
25071143
59197740
22957985
259663492
11331455
26450867
79290583
89424830
191152080
121331774
21381320
82305942
46078226
143753693
114261685
42388963
220609319
138796078
6501623
34906811
145413049
101221419
118125694
70758699
119836274
151272040
11822830
137935653
52027557
247744861
34988982
21228016
147051916
115021531
99513359
58562635
11518409
68549558
126666871
87503624
161988344
41692405
71486021
227384336
132141368
167824070
251291971
30588988
27819291
119539194
123732529
187409310
167271567
137134100
104628976
167076642
8977028
87657922
83166280
4110803
41077789
75392673
178139369
27546782
113747014
118115384
167922665
140191885
139820299
248989058
16914541
140352933
243663830
232698426
172147200
11828808
126739980
43673399
78966627
143769156
169545475
206561670
103826384
19224278
116998880
215997474
200786618
21636547
43290239
178856341
18151269
40811426
23674886
172054982
71593330
27157503
71874943
169658117
58111844
112030993
162152491
141356695
65619952
16166747
16114723
19198674
35275472
48800942
158780032
97301545
86321048
158780186
88078686
134565573
30865433
77275824
24949173
114874689
77952501
178856291
40892294
34419744
72103917
18850382
62224554
72636372
60621331
24893746
230528963
113208889
108787030
54847080
188977505
193196242
57808484
42655088
37051713
72195702
20161455
82323287
209697926
5932113
60334498
69440524
72237742
137894491
69064043
35943341
12370120
140629465
176387668
12338370
86956030
20297190
196760989
139947859
108558515
211762348
39377292
108064367
113239561
13612484
165995523
175015088
117020644
128317250
16125608
88583217
240503464
88611492
223884431
57615408
60201290
5286090
113987281
141899455
72411799
141090677
21151187
225523304
30742415
12496702
193555586
212430214
72892356
104210297
114161402
12665707
63899000
79134643
21452007
37359378
68948789
217268444
16213176
88751868
41671675
72523590
221725899
141228769
114816934
12609390
88820031
4930023
77798724
28253332
132498568
22168989
85521943
113042278
82817790
230211358
220442737
129464409
182648899
22107524
20691286
169473564
79246536
234813659
176336371
39561591
137068199
36453649
101560589
141358067
190817477
223249304
199772339
149593847
77829421
12811412
116373829
202251140
82432673
126698771
34158531
193919741
123633758
114017933
200919544
89041107
131103253
140733177
71386559
173984088
89073264
46629432
123082977
162469851
117705401
87304964
185534540
26603707
89742003
12946130
107114130
143994796
48964618
12950707
105147472
215618226
5503566
124445280
19092682
83852269
29840929
115695704
166451819
237974135
137044165
227408343
141648762
51206085
9979747
167177892
97362779
43837405
35617974
237667551
67094709
13093533
90592148
189163478
18071706
132980933
44898121
42446875
64359818
85005637
73486330
169412024
100104304
49374305
259631231
29636041
214952395
38899389
41528157
152331027
130611526
13203445
76405569
106284399
145049934
149856032
51403136
105762003
78883875
16238182
252977762
203213903
241430535
126831849
81591575
35518961
85743941
37195352
236309827
37019895
263729533
133230039
246832512
103202830
40001924
186787494
8750530
200090528
12140962
152756865
141969514
224758618
196422770
86910705
118473536
12038521
248835463
37123465
118811550
107759347
214269461
173875727
37178643
48368431
104399635
72206179
23725766
144900453
88202660
108015408
112706701
156393026
212872997
16125452
133509259
103651886
125757718
121011783
20975786
89717436
133546365
51176987
14373535
177790709
231060575
13711802
37318513
183547270
222021314
64216319
33370043
28191687
180218029
24452990
19884610
235696602
116534850
220125015
5975629
5380518
38461308
163378792
28867715
60370255
154549324
102972811
169411913
90173428
206594002
236052869
185911480
22751815
115994663
24085256
67176522
191014695
191885045
21238514
109277668
73880788
233430647
210312195
183174220
54208874
84978845
140100852
43238619
121772224
61583831
32012319
142429930
46651130
32995612
69972499
32422003
73962828
37565228
14025571
166502864
129177370
54621991
37617095
133944925
87140954
25876712
245035939
19679695
132809216
118749990
79130064
55705925
125633283
111436481
19158159
90140744
87631747
174841987
167035482
32264107
234588066
117184549
98663454
207021093
133540868
139696908
151416027
246316770
118334185
124250460
256072602
25897173
55300785
91308548
158927418
37806951
130093396
47571350
111907106
19157267
261579934
149673571
88615044
77655031
142789568
41121810
22107237
37895748
12827074
201841152
19198218
35103258
112634863
22508502
25384987
74427364
25016238
122806158
21654471
233092538
194308406
6273680
74450812
92763435
222404380
142881759
150776018
195332848
220935401
137433155
118862594
204951663
25374732
136787841
47897994
7941143
128177270
33743259
117567687
38044467
148340272
231433154
90499924
172542611
4909206
226740160
241256184
5206248
164954951
5994957
90564770
106596777
143016019
102348564
18686029
18276308
27687329
127097939
7004667
22783226
12008357
94771028
220783888
40800656
122527561
22844675
12928069
69102061
18435411
53051279
207163323
12304500
123154368
108230316
35187373
140157743
35535739
62406584
117162204
66561783
47326391
21892059
52442988
30762496
89658638
38290688
225699961
130099108
38297781
73356127
38307728
21468251
213077647
137228231
155696359
140199200
142401144
222842247
28877771
33446146
67968640
125363577
141020364
140475247
134947463
174758560
143343011
55256841
50777286
78665802
104809106
124803441
32196473
203131655
248323676
28245650
245384023
113044462
107963933
87081202
30557581
115984199
140582378
88102749
91048297
137484245
155089798
248433376
184290780
222941592
99501722
248440247
109279176
131133579
126370579
26088670
33251464
16012494
83698236
88268038
49486615
15326345
11679700
227397278
22782066
42377968
153436482
143648956
21796654
228892748
135220364
91233241
19658985
21084964
91246941
124188793
11537429
143240960
29110572
142574976
212647337
16552065
248644837
202486279
45391729
117151839
86023467
53788638
151107380
30643416
112245435
82796808
65932040
75350144
164418294
156802479
213712586
240393399
16114870
119417897
193134395
122275585
21174908
16957149
167588345
80406603
17200618
19289283
220268092
12621341
138785021
26581315
157488736
170497341
60326128
17200602
75607162
21748491
119487194
75339863
38241986
196510566
195509564
5933291
58026826
243529917
75675854
150881981
19716271
110606504
156994831
90397427
118001948
12273701
236922526
28385938
135665347
10091932
15825643
25067196
6353234
255567705
147921735
12183339
58390452
114348457
129330688
125220813
13195553
46158083
185071362
123655101
28785396
54763989
129556029
110852310
91774939
105370262
106499033
15967427
190756539
224395525
233142067
144938628
238396723
212253075
16164593
84806712
169809592
203974789
23232369
131388097
156117545
46643839
165794330
34725978
22986420
23268395
152539882
35523849
203086176
97985662
220070643
11985431
125109963
46739596
119493123
4540883
190940876
126215805
99214270
24123375
143235490
238509363
168764774
115531902
100074421
16205529
58233450
130947614
36390194
108497373
208585116
64081307
203239497
125242257
120880549
240621887
199893238
23471787
121761107
91050976
78849456
243304384
222417590
193355044
131841048
203220122
208302733
27544511
61827831
23537084
219303712
248735080
17383452
7024955
164508948
54390328
160222084
23561511
224476422
29941209
65709920
121527788
50929266
125508547
23605154
204336954
52885675
197110530
105575664
83560050
103414390
11809652
23631662
242395590
123582853
118943644
19370569
5671355
45930664
31529005
68021806
80910507
180139564
113729078
214540682
23735069
113565185
37999639
215488970
23760056
143310853
233111232
87138236
203594218
62711458
112106933
14048765
155282490
46033073
104087789
19042765
83768559
224886091
18807173
108873871
58594688
141047133
119365250
21346185
206253413
71131287
143577151
226281311
193235214
17100456
245980736
203329510
114415327
138599021
221802937
23922467
47261666
181442448
197465567
23975436
11288798
176303527
121420024
42724563
79025493
204627091
136595333
119907933
157365585
152208233
80715843
108781662
15326785
207566746
73934826
24064272
24215449
142026552
57249123
203883902
6392627
158318134
232158588
156821322
147971319
204746290
91384893
150470653
58058128
11811161
165210328
125044106
39006321
180555535
17424319
79824734
82375181
53207714
243794617
24952921
83432629
248946844
7473735
175473804
115429335
124201022
123324960
37049892
22371671
41141903
149815074
135839801
136284070
45592547
91934308
211068211
138796026
100026878
112518425
67328188
23634441
100073602
217749258
107009563
24400570
27882387
184098377
82386766
44342882
8568607
18479305
113065862
186525962
111198938
11831404
131592750
174838693
24462553
127631796
151884341
210369611
47741290
144363308
224875739
12394217
6013557
227154423
184292969
80470669
42120120
171040796
98528319
257635517
60423047
50335000
58571182
140504128
204351233
108665626
26886254
179079258
84530088
34591498
19134356
20292269
35765885
151105621
107974539
82282903
84560176
123736320
24639045
165722373
112014715
22658391
196164567
76137092
133540445
104776518
137197403
169543006
224931617
187089260
117741027
75365153
172628362
124996189
156421710
92229850
231144393
46430182
21890144
214245504
30460175
243041373
31416132
80269749
17936340
79435310
22462810
7283617
17465158
204938840
11585675
125242001
112803002
