45868492
72518946
49221332
160928011
236482405
49238135
30956215
99498402
98821007
49315271
189761911
42568603
139270863
114013886
30714269
122781246
49342492
229054056
21656591
106504524
27116495
228550841
11621527
132371131
49613417
257436668
49540973
108652790
108265708
212915360
17079328
49604960
45674861
222609128
61787063
90856770
39500930
147184978
67893233
96304899
269097410
124261747
257717253
237023012
111764033
51355222
207754895
190245735
98685423
177301370
30839968
235014990
49884208
237134668
170121023
6482952
96527432
82718345
150031556
134883000
229634555
133687099
126187421
62735329
115068543
108420438
57560639
241188866
231347356
58216148
117439387
231018335
80734524
187858913
164914745
198106854
47803688
134925715
49748760
80686125
167740414
55825897
181501093
13121291
21337062
107626870
124348725
108246192
209099884
12956770
6898966
50374224
107462348
126913116
91572708
114981369
87527718
237683971
38552419
21888622
228937713
190911571
42697387
262710431
216946831
173246552
15675960
146189658
140393134
6531191
83889127
217247863
107336494
93372581
189416803
50659344
185323426
13624953
126506617
23717520
132128950
212380308
97570046
202442023
8398818
253962366
103668875
216270445
12143804
6115030
74744313
230295638
118939170
126767853
209602971
82089138
21994964
104084951
118735925
165137139
144659641
117052116
19449891
66799450
81169793
73283035
12714689
57548227
155044000
116094074
50338854
78527954
225115147
51195909
150486117
132922360
219773433
13179159
51848447
22952916
238560349
106775086
183291121
15308077
133019104
113703803
139957497
109203989
29378412
96343249
15549975
47784061
151918252
191969681
169046339
5079447
5553283
4740850
7034197
235904922
51582171
209041567
15443504
233998546
14127427
226653700
168872331
194158331
205567510
110534383
259381305
116103642
55457881
190422998
197332374
64438126
24220512
152818162
73767329
76544044
51787331
145308801
239052965
114816570
90691808
192278402
221002285
185332853
192909940
92752989
175878418
145551133
234462974
226585894
37061846
145595348
51997769
44077662
227147142
179710485
69112481
258907038
5320919
59880173
218050734
192609901
13333795
82834003
113103655
141621773
54673925
108855446
52278359
240114270
145915074
254745892
3792250
229614718
5509040
145959073
115164834
120883937
103668553
27505459
109503782
99204043
108545755
115551902
58709199
5614484
5622797
32484525
5642993
25952546
119567843
114674596
138167034
254271679
134480095
22275278
147862671
134330142
237540136
239816515
72421476
184810152
76553546
127048129
112503597
52664802
7953276
146358133
78788909
54799623
210534092
52760684
30752274
250168568
78837282
118735552
98984794
176642718
43506551
235982079
11988556
116504611
190509849
110413319
20755913
240136323
229682330
194961253
240197541
152227618
213241102
99769556
165968954
46206397
76688944
84043463
17494731
26852389
69373123
189106630
129041488
30084485
17010856
6342641
146786970
60092857
193287215
257735900
82349949
118232264
105690867
146857930
47096630
29357998
111613185
6454712
128451159
55988671
193746155
61466960
123864251
6543078
103995787
70331081
33597188
6568048
6600984
147045928
6622672
42794726
12975483
39244738
6346735
186909872
216502133
6162858
187577576
68676276
89181838
17310751
120457891
3512705
56918704
58215421
115990365
108245509
53651683
157114352
29629551
34468049
34545462
73088951
102952172
6944250
134715223
79620915
5302244
227891905
87614109
77917752
7036273
167662246
91339744
205170294
6501483
240694559
172142690
72295403
100715655
106581012
7096387
82049814
7112698
7127613
7131069
68889087
164316742
109000250
75914586
194417814
22410450
19304129
94223462
117322460
33638610
204579959
7255591
98482320
77424175
234791547
211373205
212786046
114119348
39877402
7355474
147799862
249448873
101025332
44570732
8422035
75856470
194196501
149401667
7431487
54262983
114870326
54270158
198831776
7475532
73872668
107926030
54317817
198125344
101143118
102168205
7559486
109048547
101217394
23126459
47764092
44290045
40496659
7688726
8136585
184393641
188177347
46041570
65056872
28903599
6936808
143711525
213279477
148216703
87023651
105700258
7818115
6317463
241904860
77433725
119983493
238489468
120438306
104074498
111429016
135021541
18500780
54782157
84033419
84633391
69005033
52941987
134518320
209650544
139734215
65298730
220962951
3714298
86239750
118788476
97252173
94797084
3511064
224920822
236088079
210429702
64001983
55025556
81139943
55051183
101873232
230020583
13875109
148709669
101912658
55102982
101917107
228075497
56115204
167768427
28497039
180803339
225888480
99971355
135253695
106532358
252858272
119025359
119557592
25037758
174464881
88204102
218824240
41677077
265602850
131798968
21862756
149030775
102680862
121551008
208198865
102286448
81778533
136172945
234094502
242803135
100145466
115028691
51297730
27171197
172471346
116460869
50018585
111186898
11135692
49708915
111467528
16197459
42780174
110644973
186464266
232138236
5659195
129834458
107345109
18094135
56860195
7168799
207018201
90332932
141495230
55852551
95074656
80510768
22729399
128228051
114675303
196343137
15781304
111980360
216317773
21810072
9135714
172955129
102777664
113170620
68182246
70998250
110906195
87884611
35919112
111341649
123621761
8833185
146894943
38357709
196547796
74472268
118225342
146159480
241961778
4497874
86287877
24771187
53153823
196639069
249703364
116712349
219753044
56247189
214653263
197060476
126263542
114196319
168726213
7149340
180977290
121396000
86207749
7314756
121628236
25584001
124415200
32183712
14223198
124202300
25651729
124802270
83442770
100077532
59288974
37786677
28835449
47666889
103386009
103410818
208159920
155942824
212127485
253390209
229381571
156891163
19013266
82794372
254154687
19187446
179457919
35860914
239272748
77878445
197302298
56774732
41696132
231336296
9997923
190150977
210385582
130589035
150504444
48692579
74926925
142288520
108709327
95316357
238758522
226865488
103796022
53763305
103406314
150640530
107373877
203331008
202721351
12113479
73020514
76900987
260580122
25090325
57924385
115241255
43099217
12268293
230397548
47738404
41754107
180860973
12839221
16022953
107857678
244559930
11203791
229700771
104165775
104393296
159474779
135466139
144901209
77781535
130298613
12568224
240684144
109464021
30625500
197689225
22835511
103696522
140014302
151832952
174348295
24325761
110451056
69797977
139888486
6313399
135291908
145984989
115337929
104436849
127405146
5581384
8629635
206811009
240142178
180493138
113098996
58708088
186725116
137653046
251396503
18713037
34651055
16020773
264121754
200824496
68956016
6316791
204579163
198348900
50801949
245202234
104766479
79552312
53492150
87303587
212098175
59027386
26754589
26986836
172257956
253196383
151678380
27760979
192057083
260144453
104946447
151766346
182331688
25428809
245418359
198612374
11377952
131630461
24867534
180822063
58224880
237551094
29541518
31776899
44366675
110363814
54767194
230658596
54074452
111696522
215097973
59259563
38086286
94716086
28709265
77781331
152039504
166790373
29328583
121811670
159242305
47850356
116111909
112521740
224465275
180570400
44202115
15858181
198974679
23125605
40969991
54585525
36247605
3249032
11807561
219955768
206901494
70629975
206233775
63401253
17304883
132675871
193411120
116869966
5824338
249636700
12642338
110035814
11844341
233782077
131850358
6007773
159672695
11511089
134016659
117043947
117063972
231307563
217049208
117117582
233959554
117144399
117168489
6023027
216326285
212244655
117245813
117259057
117274665
120644945
16097151
128548322
117304708
71359653
87823751
234151538
135030004
91584348
31353566
234235617
137002017
86142167
5946559
67170993
138362551
223541712
234548351
138117954
110616638
118581164
53641987
140487430
190292474
18879342
28770030
77627281
110112151
250003484
4509550
202246894
39929524
20331587
118336543
205503015
111656120
234647515
219169589
234672349
13207834
216249767
70625802
78376307
170954377
145241639
145073480
87854237
173476720
198608545
101383224
69555684
109439464
175295859
11740244
234982402
21478061
30696118
115554254
214201264
230160891
19597752
122051225
22701011
151906734
232897259
118282728
105785843
118871513
47331653
44779393
230420747
150347439
204753871
143789313
118433652
46885011
175387532
45249300
15531368
116410279
5472519
23740483
118588510
60199975
117526223
5778252
22838540
105984532
254394661
118993766
36612121
36535685
46900270
52403589
215531164
235576857
19826985
147651842
118779899
6083969
8300582
75670390
235654243
197951101
206611149
266253411
118889857
15638328
161690324
178429588
118972463
205908146
57906873
149093821
6160370
133516366
106381939
235919390
63104438
220529963
257824520
79904848
5533589
112651303
121310455
216585905
58166723
119229202
182816918
71130094
99324537
153068409
236125920
86930032
199443484
236168551
42268225
75119987
99246820
70732616
119387897
181532790
17686723
174149167
39730573
236269168
54711828
142306336
44698839
200198202
236360925
38232432
119558671
26617265
43215990
255995740
212137333
103569056
28509882
51287511
203179138
10517066
137047560
119879384
41096388
30695895
18145266
104287509
29488215
20805198
99395660
236840036
158816227
15867489
120027622
30619441
89887139
120063205
7872380
236955716
136385931
19788262
56362734
120157561
120182352
23679123
21661238
267751363
56622604
13268671
74462531
237085628
178566998
166199814
97943354
229931310
16601222
88801722
127202664
83313686
7276146
174149033
105158799
194022129
18267489
3652952
155743478
237343900
3744833
129449831
25345358
45218456
209385548
174821640
142260328
118030432
218894057
28448610
120635358
87792742
18726074
102666990
217090184
119880149
226140085
209247948
125689205
82197689
243628407
20499351
120813865
34899697
231414081
48398115
120870488
4041711
120889461
133628281
163493929
197828530
113429002
235434548
16111956
237814485
178062431
40601726
59542316
41274349
23617862
36244920
121100329
4274834
42145695
121714529
60902842
39929077
147060372
84139077
110573079
121212588
6068362
150530511
175784634
107360020
141893352
15867322
171748859
19322181
79935134
21233053
238173026
25110563
4535634
93295967
197278140
221584468
4386771
197889616
37437263
127401257
31857504
48810786
234456112
76449678
229487833
121515796
43755849
70304292
246303522
158861881
213833932
134953011
189313582
238456937
70197276
156049067
135319887
29809012
224473669
80149100
116394575
166291341
59909107
238606856
76082750
13969314
165175384
4996550
5009591
161460638
15423926
186378445
5594382
173491502
20361616
25605053
111808445
117006024
33737732
5204716
6588015
5226775
86080411
163661932
22146864
8453017
5304919
142596440
232224120
25574451
5370038
246104709
35266402
6159953
21492811
189420505
40020652
218251784
5484059
33538960
28310805
5511644
44163419
13329536
67613672
122408174
107054130
16937264
5605758
122967893
19153875
5630038
115844147
68928343
5660975
122799729
5698765
8024929
249024483
13039063
237253489
221049268
143941639
197706017
4722928
51412773
78341420
5822855
3745096
5864541
37024344
37742832
240341442
17487555
64204626
107359826
95145512
44178653
96399044
142728724
138178410
48566015
24672432
6016604
122852836
76097895
117021193
203698482
177236684
91369604
122909745
33905769
6107137
144079175
6115585
239795139
34303223
197002763
215530606
27974401
148634691
145592576
123047717
239895276
6241772
32957954
117647933
11204548
49941803
6323334
123162446
6338240
175004745
244713460
160512663
56805650
6462534
199387494
236611337
6506888
104057756
126529645
6531786
255353192
117602034
31001178
123397919
123417952
29243167
70059456
110417134
11556104
6642283
254848707
36107023
6668812
245248467
6684305
187830492
126269742
6711560
6734599
236947615
260260287
187020269
148130138
244484098
58178993
6834761
123674404
212243811
193945271
123702561
219459271
7321571
240568033
12228696
6943804
110997997
240638371
25406080
6996838
5899864
7028048
47312343
231780571
7107067
123939691
232254459
7123667
177419988
12655261
41992452
124014381
32300489
36183386
134371785
7232540
5395363
7252819
206235966
124143500
212075594
21938432
171717911
176059418
185720800
86477595
7369819
241079160
6801740
154810473
7464420
124316067
7503772
223280940
71572751
41258628
120995617
124398013
7595372
174530683
121156768
69279686
220865577
211861533
203591265
16447809
124506851
104256335
19688648
202658748
10378861
7744958
89382075
39408871
124594521
219245137
121698788
174362502
18847849
7861923
147442085
7886117
91843260
218205600
32483836
147101381
99257448
161643692
241658821
12595437
87073700
241715082
8077079
189922905
55997973
211387573
86981966
88694109
6282378
124986643
184620029
181639060
57294600
190948838
125089493
115140603
144659799
116317700
122218481
84857050
125145955
158616823
153816704
187035353
125199300
147671325
125209788
82121483
125241092
116470552
241732228
243199779
171320304
235174102
37207450
5425776
242150853
82915576
12931688
4982445
8548735
88327166
118366120
109947026
8576711
99257366
125437028
79197635
8146841
116776262
96505698
17915229
127324285
111058914
8748044
133087474
51149153
125623698
229472005
8845220
27821182
157638383
132919303
181577823
88801019
231413436
57630812
31749920
143421452
83832725
125886042
44759151
7000260
242735319
80515440
219764720
125964921
85514278
240417445
237069590
102192388
242939357
224855268
37711813
9305855
50308298
33767759
150025391
43062249
178612077
152456019
104775863
130763762
105173323
23632461
204462383
256499329
126352753
168751946
74016820
25894928
243240210
172910002
136236488
126446722
203973181
13573595
9323808
9653701
38598405
134906501
6969594
126608250
217043544
70241953
82013471
113091940
68132872
168216859
243704063
22424736
217150538
58089302
184818530
243610306
238460611
212900746
15683158
76877018
126814158
5700744
170636012
212289256
10062754
157363059
240616060
103812695
32055516
30863129
36809769
132078352
26654885
38032724
127022648
36045410
10218987
13099620
27041363
15514963
43413737
153602432
193104037
107265902
79598059
41304122
141855784
204538705
127196655
5165648
221002800
37726955
130473181
12335244
133973901
220681764
47531501
126009371
6664509
226047491
29915280
26001806
244268135
147762754
82548408
193027556
25910070
55627997
42114286
170479223
46012467
216691821
15881784
116623112
87761255
70670388
20926489
87058048
143237770
244529223
229884480
159411406
4920981
127791220
6664821
4907277
197197995
121698366
230786395
54313264
192079706
87333181
45202208
27224695
206923379
11126319
104576911
123991399
100357692
125459613
85223558
29334285
67537048
11242092
38338324
7320995
117891865
24182553
90619854
6648361
7443284
68988744
212151498
115996265
40860659
236304953
5816309
11422515
76234771
11453620
11475279
67964500
211020243
200686230
126528992
130564757
245217215
244682210
12059930
42572781
253716824
151981838
138526636
11615132
100120455
245281158
11652373
245337348
7168073
11706648
233904855
11711338
7152782
243184061
6250846
34868108
45660729
5333620
26628408
78650068
15850021
109361649
11860338
254404702
114360494
132750753
20238432
194387935
31168635
245578944
13435713
169898156
11942232
11967060
66282865
66451018
128840685
36198041
12047192
185812298
39928065
205302830
248824918
21415505
12098705
12107863
194800654
144261831
28294648
187329144
12168979
88770015
12187345
212380694
12226053
20146661
5333555
12303356
12306235
36855345
7534878
26475469
148328145
38445187
246039614
38827357
34577569
101794507
12443462
29288258
207809843
135548192
157271018
12519476
28875502
35005587
53869744
12583677
26964615
85850138
235173553
31790298
173780958
12682616
19902013
146784111
31137955
210072288
12741124
239530334
99012229
12777557
209491373
172496832
246491039
206112941
172363361
47243688
80986305
12890816
73360625
12901983
22821801
234042279
221720956
50017370
24212913
12964775
60167934
32070427
79429550
228115767
251714038
30557008
246706012
107303654
13069791
81202832
79719991
13110425
38139343
169852133
164608687
115644423
46079982
16936253
66802445
13348280
150376467
247066876
116255876
11815090
106242888
35662807
247143685
152730651
11310612
176073892
126375853
63852022
22867574
162988214
114395039
45186587
49986700
48549719
13716829
60014965
28340298
130604116
107059220
89794034
173505644
55008920
25130016
234485478
29499370
130730636
113335998
130753662
39927820
100235032
76647190
13995262
176884045
198270557
212487466
58287494
104530666
12319481
4663158
83770914
12778084
8727028
146478182
247826404
14175653
112281159
75164320
140883124
68881351
131142475
135211638
6281074
102757330
80117281
100922886
149561333
87714916
34592589
248137082
80239567
126742617
234332521
5379121
24640739
23876385
52539508
131446772
20589675
241335775
26108279
45003009
52262006
81355491
253273091
81279053
164455617
131575284
128592311
131614823
89014266
12961439
206158543
13053158
106456727
80453539
195503499
243886853
113427594
58165088
5486082
43825876
234335267
128164251
104958581
248668832
103934348
31947864
18388289
45950749
154253299
83113444
114502214
131950823
81401296
123165376
6481407
230678844
143986265
34210317
35448558
132089568
110721744
49757185
248957943
138620513
257339354
12293060
132179752
115995745
93906029
89151770
55795535
132232406
249083289
108077071
130594820
132289326
234898018
72076180
239239524
15488299
158768752
195060088
206800502
56712735
15589521
168368975
227850691
118701508
49466683
132494133
16416187
172083707
249382043
122339803
50949512
152699782
43168426
181011304
226398406
21246865
15790710
63958739
132651690
249485276
211738165
46546842
91643491
15193203
241807690
169561326
15893155
36946599
15918726
7261507
15927177
15949720
181317018
55229840
13618624
179008676
16013528
113493656
16028082
16446713
132876374
21262116
130013833
144750497
21736006
132962177
34989831
173841650
16171561
6433706
16251631
109896113
77716975
6617137
16314407
168047855
88387297
233843100
193867594
16368417
57094453
16376043
205699728
151308581
199034591
81875022
7717781
90129997
235650739
142365673
81982021
85681474
45048626
49543000
146691884
46370793
211462901
250256733
255581180
197398857
229593278
182295299
16659221
7274430
250341308
18984270
80911905
170417287
51346843
7274419
238673736
81808708
12297077
56498552
133658737
5883288
24609861
233552576
11478326
101870355
183120759
163476963
126436561
215315177
250624769
16991798
7977590
83250776
170294953
153892001
22760114
45170855
17055873
231427659
171823645
186835477
23860769
158202923
79276140
224426203
6036118
33858457
12273209
252492710
248518500
10255316
91780883
46072751
134167523
28569134
251017825
25374148
17370177
75087470
239804894
33155225
17439808
251110462
134300170
144719742
17498654
18739569
235692672
17536940
17556403
36900519
198927430
127752901
17597242
16156054
134385711
241761598
197673889
17658422
236242986
84244344
30556399
7824629
15330544
17723213
163507431
251413956
134596172
134628658
147700665
17828641
134665499
251501432
123424901
209536570
239239208
160794793
251583005
204981037
11478190
16721842
49053633
169292150
6143020
38704326
59280626
21185421
72228713
39835558
18076212
140790903
18097543
212104755
12471821
67138130
25954951
7075505
135006230
208267708
2764564
229042734
18112706
39713235
163064037
91368004
138543685
231947253
135178517
33843017
122966226
18359521
226153474
6907319
40110681
24793106
142457144
42694180
222346998
37863481
18505072
125595566
7230544
18568609
76341017
212028259
151812763
18607176
27147268
135536232
28614815
222224666
18755488
5531438
242281205
79061905
18807361
135653543
11951971
15085805
57904688
4568343
120921569
228950925
135752657
174223462
24562267
118043727
41685161
210551793
126331772
151583398
34469688
18999243
136311680
6509762
89564032
17837426
142441760
229302492
252836807
76875813
19186253
192384383
62962102
144826519
239315464
136121459
254327294
19311915
45552731
26092376
194570401
241305829
217372653
205161537
110736485
26581548
57231980
166870343
7048011
93446880
6310979
19523690
66037282
29180323
223646248
72963607
28125505
6570834
48021765
136532942
128377647
19739536
225190213
19755612
136589611
48441914
152638105
81293675
19831923
232680830
6693108
19856154
42586982
136719262
48854648
158752889
75010701
87194439
82593048
218326318
21857793
101808802
205176904
20082390
253758857
118884368
136940702
171593941
39942295
171288198
42831535
24869309
111042127
78511390
38780475
79046428
137078283
34912857
137096508
148051942
5470092
72381289
96962783
175385092
60916035
20329501
103612624
137204637
173902245
137215984
137549757
20417647
194264523
163262486
20450929
87958722
225633443
20469123
137315492
185505064
205271154
87561252
28033672
76952071
39422484
20559693
222484306
20575515
7656092
112876512
20608473
25266713
20624990
4308234
20639989
192078449
12364475
216812809
183930471
201693960
63698207
20814652
228889527
212253035
18212249
20838577
117753033
28400517
137700379
195670868
112341429
57965568
20910812
20818154
20969147
204460881
17343539
20993412
137837903
254676895
24288293
21053884
34392990
21093786
144902711
87362441
21141817
21160456
139017207
138015960
21190474
138030592
86598079
21226268
181855203
16722381
47677371
248947576
138101322
254941155
23707348
6099378
21355692
101273579
46148649
230571016
111133684
225709747
139582787
255146360
255187835
125121276
215192279
156887660
36120358
151842946
21604242
28752017
107082604
24181201
131344471
78694641
16002651
149870908
21705372
30387714
21743395
16644697
138596223
113701851
6280099
50963999
23462267
138161045
7029151
136143151
6620409
21979249
66205121
212453196
73099549
138883126
44849170
106226474
5393420
77242319
24425731
98002060
244986564
22162963
228996357
231212970
158309266
191405620
138696043
82943753
119587289
69522363
26856341
22322111
164638068
195166204
94012124
17194947
122400080
139235962
20772100
129997713
222270042
73955565
139314005
45567603
22516524
112004898
77410416
185795245
250703843
18647179
18081559
81033424
206203378
204323075
50612288
5622646
22708664
187339213
22717157
5897806
158034029
57338558
123034783
34988956
130303400
72810466
108565281
7395909
22575896
195181412
128682961
139799125
184174763
150100039
23035240
117722170
240904810
85726469
25939005
23209887
140045507
23223950
55534631
150665631
17821598
228644614
23286571
6769093
23296230
23312661
23330884
4893616
43182716
41501145
148494857
50324101
11278742
23431292
233612867
177952899
23451290
23475915
108580488
120825371
23537172
23566513
30983665
264951199
54433919
23607550
140466686
186238424
123439425
57109131
16537431
7563961
87943001
23779114
209441357
182340216
204215911
82592537
117278738
72289095
23970779
257651067
172823310
23997602
90998127
124188443
243488189
23951581
24085639
140924599
196312500
147898569
17882633
118944987
40446241
24167696
31931378
192062702
24200182
62428939
141069923
24249204
24270186
86093207
155007002
203955971
156122947
143144281
81415731
11767800
24389253
24397178
136280411
24431193
239207778
154548371
121360293
24482906
24488483
258196316
141376352
228476289
24563306
48640017
141423512
214993149
7242818
88493222
258292377
236991137
105033749
50413294
26657291
81262453
134889247
20802363
135928759
3084725
124463500
81124854
205163570
31059925
139077864
111775279
16262100
24979517
42249998
24992796
128593571
201892134
159868168
105048981
10284866
262642661
32405153
141963768
227681289
88416718
25153457
115680321
38474085
31747804
162283494
6080927
230066048
25255681
190258695
209596749
110812152
26259752
66357551
26779507
25376201
78204970
139368256
87942787
7334435
64446666
20465965
20802278
24081608
231808735
89395041
25514108
25539065
25543972
93858836
22468544
25578514
12409696
25593073
22927149
29898020
37281640
25648460
197137794
158232376
199874163
25697494
185229215
259383485
108243880
25741872
28843199
21123262
124957183
175720691
4786953
134827962
25843932
119861985
187078923
235905600
25875025
136692966
227406021
25930400
25957314
88905794
25985325
26008639
62810874
43258800
109879544
121115488
46652509
84701851
101150661
54135808
226718074
80253326
21138489
74872291
26270598
103008240
233627774
179374210
19932480
81277526
132965556
35997428
32771865
86826696
260150012
180795882
199124986
79244331
97848609
242677645
183730971
146903685
132488944
137778245
26641954
143510280
26690736
214931726
121358773
143543542
127352500
121054255
22972861
45215445
24333402
179358866
136830431
91336317
26812091
26836464
8220889
169468162
26911811
191160412
138007510
38030529
11832569
26984960
214485162
22850527
31151366
138374382
24195778
121161215
124035164
170156042
237785728
64354709
146613390
229836479
158048720
97282894
41470056
210544273
117048980
240369204
27395350
85741193
63957217
186528382
31487623
136860912
171929286
27558540
192108123
27569498
144403166
27589049
30249363
27591400
144435308
23767672
33322045
27658529
41240702
17515277
117813282
144560138
112700475
27589403
44068787
24073383
120977675
246514518
27858277
15099910
51284238
47340187
96671335
47905803
5698395
45582176
27958260
138389551
27973035
144839267
14717713
28037242
256894365
20604666
228499811
56909828
12256497
28122190
43075084
81827628
213402835
28190257
16399261
5774795
145077947
23996893
185274741
6508562
23278400
39131008
164866580
141813783
176392975
43961691
177340765
234458423
163750620
116513789
152438234
177126738
108105932
110765865
125135644
240521919
113523780
90021402
22208267
114434735
44878884
28658480
215038478
29454297
51437002
244893985
68497291
225265472
17637437
127138217
116620758
206737621
49908287
120610661
20098634
29867026
104712177
46178251
38657042
258438240
109909745
145764481
9321283
149824099
50993643
145806145
51650980
22559818
5530098
29023045
29039786
173144913
29042993
222788935
182171372
19639987
242738463
162221833
73694814
8190015
29196209
6493152
225708731
17836104
69628459
132595610
121160932
99392242
116559542
5285468
86724587
131831252
27345122
76767475
5426800
24363635
62000227
29396527
20389008
80222325
64125112
38718115
58988674
146328255
12702933
29560685
211659934
230692830
92324938
103290386
109206454
21428499
29630655
32710302
86199514
146501463
29682653
130378938
145054456
34584648
29739176
217377248
53470033
183990437
213005162
133635054
112905881
173656417
89027584
125655235
178150790
236951547
123194016
107876441
8724957
206110700
193284901
19532858
176606782
80650281
55625461
47920812
236302512
30067652
121879312
50183281
112340221
30143889
85358662
26626700
5499372
225341718
6768191
147882487
30205645
65500841
58117219
179725300
170522525
182813271
97005166
16949315
32878368
30353035
110582186
10941519
172035924
7394933
8021694
118699572
31670680
51635500
208052083
29943242
195761328
30537410
18206047
19609224
30568223
9519801
32664318
147414117
105720883
147470245
8510848
147493982
33719101
180856474
183868012
114663761
206385759
20893299
76262811
164315930
174940394
218138302
106495986
147726300
114893049
120824401
43273445
217789836
174237172
147834251
151872286
147859865
87407004
219547831
5025359
29760064
219150364
211048253
147936538
192382824
50137288
135973791
17484252
23385033
147992847
31173143
49250631
70499557
198528181
189524137
17744117
71493208
264957950
139568455
199521825
111988462
128177394
23935338
172326245
25005425
19976000
122105933
31436288
31450427
52399720
24134054
164575721
76152230
28506131
148372578
246376450
31574523
230416819
164488476
130672625
35094816
86994180
221611501
116498086
15955484
179633392
6102064
50688260
31720083
88125403
31744219
114434328
25586283
148593551
22738341
132346129
72237644
24098880
183477687
11838703
21454221
183551472
68385301
183609578
29449308
38438063
234157523
59151945
173284686
125711541
206442187
259999175
66901057
120040048
229800707
37643116
47896799
67029610
226911453
79636490
191879729
17617127
92951462
183982209
87020104
254886648
79040286
134287502
184066601
164525182
184087494
216393969
184115015
145645731
218228404
5616805
42672491
184185307
19726701
4164529
156560629
12372775
78673357
29556032
67539456
184372718
230931869
209316049
24052895
45469979
6687516
126307633
130022372
49459881
178084697
72405665
67688137
184533077
244521991
184555860
211517356
18320249
13244964
153243309
72298642
36267179
183542135
28256786
26223614
176051500
67881207
75875784
67901792
7573465
91162780
108773403
129884748
184781221
55883539
21194175
18901123
22233687
15492118
10676712
69501081
140524480
32735841
68155707
38269729
20231068
129181515
185030092
72925352
45500472
170808010
75279545
220215591
43069832
11593898
60634593
12739675
115117457
30886084
35732061
115025729
163959415
214559383
115683063
5677807
4928743
23915194
18916342
12312356
18977486
194090065
40379278
142037827
25180077
204317063
150032925
68644232
99203646
131933111
80551178
43299075
166023107
185630903
19237330
24183789
233820946
47288968
193738426
233133024
63233305
26712661
225367225
88762589
120299669
66749305
70937941
76961017
25764853
185847848
12679177
77343183
124320133
110989865
5845875
137145914
120330212
4042002
186045080
29708867
186088196
226100953
186118295
156789692
186136080
69321631
50957785
193524346
186191454
69377365
127469215
92156242
143795727
232888359
89389289
128034822
106755316
33714029
123311134
104676280
69521586
186368168
25487112
77771153
20613055
81929211
156590911
117746642
228760835
124258902
161131145
12755521
155933562
189901272
4746861
186640297
69825971
62988587
213580823
49857052
164708281
154144963
46738498
45225081
24220742
158119574
32261701
93914168
70005939
38896253
10997477
129502299
149360110
59533694
33423495
144605845
234493404
216087855
122149238
10248396
37994297
122424397
67406481
28424629
103957694
38590481
104584458
158914281
157874935
187171157
81394067
51492687
58952739
66244637
43693925
39568819
166512062
45698899
201993184
70576562
8994806
179979898
82295965
6426583
16072677
63064913
159296577
10171891
11792311
5570496
115331155
19481663
21346674
57729733
113190966
12847094
74086813
194257916
26376081
187766112
242305973
138582656
103728293
111570523
19496919
129976067
229066399
207756319
90781851
82387624
39308857
13290374
76547979
71214000
71242555
123968248
88242526
220291631
110225229
225886669
71317956
11394767
203781661
15415242
138674320
136151964
71640821
188284745
60175565
228959331
199608290
109934746
48328135
71543694
134562099
155291264
222156600
6059567
83197768
230595016
97659261
30839783
77679150
65082661
181447304
73047180
236801522
197697373
34187617
246600475
190864070
202273165
60315119
239660160
36908678
23777143
79834570
13580709
6122635
5969806
31099605
189003706
47377481
72191250
252440070
91773699
80757739
111020030
238804062
229234399
71411409
129823034
201595498
55986819
133522481
117134812
43787781
172871206
125726094
164050598
72508193
117287663
54381656
68201101
79284171
118281305
34630833
135540319
72712576
175943854
17845698
161497636
35532753
31431369
248832262
169385722
230090398
15415056
110240316
87523832
189697816
24312079
112426344
177168984
209284770
44506196
131183485
188953057
69041825
266458142
73037652
156876489
56526091
144681894
66397166
224129359
64457973
143535364
156446358
39920074
189988087
20393641
221575490
152432385
190051481
73238356
223003843
22554026
160855514
107870771
77984685
30931297
90122560
51247717
15139820
102413302
7282299
132589834
17509297
167138452
174430349
222813703
38146740
40317492
141193974
159005755
167597047
16515625
196107300
39806555
214340512
67008581
11807222
48572453
25672525
73648811
179658473
16439169
12051797
83594955
66979756
73795514
219419941
29755135
12740397
143168380
152060232
137114726
5722960
190719066
201717583
43420693
232062271
216347234
76715773
6364997
57117836
52883335
191368264
210645169
9024924
130418989
70463374
226574217
20169141
78336175
233269919
110607028
19893968
133873839
213253417
106274510
39155580
176188247
35053634
225855707
18273528
16836549
11272079
155382627
209758484
40577251
257117600
172198311
203016902
7908920
184015159
130143770
5753450
191339104
36938928
86957988
6854105
50223323
12892468
177946205
196778396
43512323
212647690
136380844
196564883
149573513
251553078
72863333
7037509
32562587
238146373
74940855
85780838
212662934
249336446
153609250
30441888
75022659
18304008
230609863
135203695
34187192
220428711
79192116
197024311
141364343
213228529
168361183
94754277
27674918
163010728
105409311
156911211
75242395
154786316
75270570
194608947
25853402
28316959
192133721
37611452
114535634
55802977
136105586
244109949
21558896
114978945
97781068
196535087
19087011
17723045
120619841
27384427
121323041
7358452
25427685
241234263
24724480
32108096
88150237
219878313
17554867
153624449
106357044
16744644
237702940
43145290
5890869
7205550
13213340
19006683
15888562
224486630
167566172
160824604
3093337
170944596
138887755
12968733
223012107
228475511
205917807
76038530
131763990
188692777
179061966
76095108
192938078
75018637
141685240
268750783
6028400
45851030
81867199
43184448
26342583
116797989
111462824
129287465
138352653
193142305
193167560
123310240
193186789
159371265
84114368
193209944
221468060
34294028
126337053
76443344
24067019
89525948
174124205
11806838
15659159
229631294
160213025
211699639
6074200
120527967
6914982
197712026
117134248
50253621
178343393
193550918
113159622
13595389
193593761
96955395
106685390
49428109
211546742
104369584
140997233
5095802
63094679
167137997
198996100
9085692
61290796
19557285
214359525
219297225
48067536
12586407
121078245
114382537
43099252
77104396
175729258
11378718
129197299
110942939
189701561
125985344
194118373
126948422
35593307
41203634
77617265
260220479
57927606
217829623
190358881
62085663
102061166
259654847
24877100
42625304
111691969
5814206
24403197
194373020
93852031
7113592
77583651
12068437
213763252
73076990
229677017
210889286
87400899
194571270
190114246
67466642
230227330
138642911
5863570
146867309
205294222
117883154
77901266
77934563
62131457
128966220
77980563
12448700
44352668
48296713
146790851
26787899
60373437
6165734
217951831
228025961
35073446
194974492
29356100
111340280
34630108
55695592
215138999
153226645
138566411
222767206
124609376
168024453
144971655
50666145
215995049
7327497
174078092
210369429
155794835
142999615
152232962
80796810
195355732
7342771
122973638
56689204
229722756
189059335
220764572
151529746
32430149
226818215
22079419
270141565
172570662
155076307
121016864
50574366
26436191
78877532
228353631
13717403
195737554
239965000
21101019
18807966
62528782
188860548
195836250
125113755
5569413
41784313
31557309
6563062
163798264
133857907
21024559
12280394
79136507
255037952
55863628
203153871
13111210
217997546
196025878
35103876
80903726
172778595
227827080
133261696
194944740
79269304
22385081
24127796
79321740
173955680
116935163
196427562
79398700
113746478
78411918
138352242
158913254
10491766
196356028
203795874
12937677
81316426
120940328
246263148
37595593
169124936
12114571
78580029
91191801
121062598
156559010
11885334
133796664
201640368
6043202
108190933
129195268
20993880
72923818
6318358
181125199
155259594
40362501
137664253
215306920
175667726
5034231
80120566
120558082
15628109
15077775
17921156
130143018
34721562
80271062
197124151
159616343
109016371
146759973
91191726
214817687
80452812
227383592
31985156
193874482
197377090
61244468
110300450
149478289
197466008
6776875
228331363
31526521
177593804
174368242
80777302
7296614
10231715
28956576
28071641
9146332
97061868
29692056
67802545
180849908
197802192
157491366
197818208
80989133
197841835
100409702
34048833
88180099
250635047
197881070
197920195
37702418
158087541
79344203
111446902
137572380
24219271
143045120
26558179
6379338
78381101
198123487
136738402
55557607
6165309
103421196
30288187
249060443
104216116
13854656
23133864
140721467
58844294
68616042
186765908
51430096
81483325
198322747
5385647
166709357
133322546
207372773
198378860
81547266
215000983
23623029
43924163
198521593
252928025
143014494
11332274
81638601
5507923
105729492
195051432
31432537
47271997
82798984
157124377
155729186
39185170
81794708
196549542
218333516
127941484
256352283
216758952
214190735
24249759
81855255
116629098
252729257
85504763
106768972
148670638
87446199
23454815
19235599
43603074
136425737
18180789
198948095
157063180
164079912
244981960
80322437
30578537
113204768
46700318
6898968
87965927
208717937
26924932
6016983
172897994
256902552
124303113
224662267
124685286
97596720
124027940
82372724
199232855
121291562
165318121
112875743
199282528
199289748
198093442
199311778
82486391
12448111
82502828
173924689
207846541
50161134
109551128
70615136
140690743
38695877
23133710
136593822
82621139
82656715
15215035
126091645
213120533
20320888
114580529
82941496
82774274
7739677
20458457
199658800
11897734
23485279
106998159
199689009
166464582
112567637
212814764
191422243
33085502
171662156
82958576
26833113
11209798
35653707
83039624
199942818
53677068
168390711
145169757
146729030
132682609
32810304
23347649
2771345
200053912
83229644
141026970
43480622
235714645
44718865
21115736
83302197
138825633
83329743
200167205
83342700
7938333
63552438
200211342
31403873
55144583
252071716
211683461
35543891
54013339
128583324
169781788
76240633
145185000
26083982
12570273
190984849
19143681
200374010
137006448
213838908
26634305
25610071
102136790
184304414
174000974
200514395
83710573
199652553
38206545
83739841
209128253
200599154
231838795
194821852
24799834
141699520
56122891
176263421
222842909
61687354
11026234
257024637
200781056
45635996
121413652
3489731
6317821
235515811
152904862
84092121
156298571
31805272
8890434
200707292
131933877
25472497
25686423
84255001
201118607
201127100
84306738
43969666
142677823
248020539
40117338
201194166
84358070
188875126
171249213
12203263
191794938
201298134
250976452
115375217
91313478
203779936
115130619
85917161
236570543
231097795
86956062
206439861
139635670
151651247
141119022
84702329
32229199
225044128
84733735
29507276
11790475
74543609
84766745
226251791
218409556
200661348
156909953
23974200
5583935
185695368
218975165
155702271
11683436
154357003
121459378
85023755
15199439
104551952
89188511
90824219
29676218
31953980
116231210
139757899
5767343
128235518
76622584
155931539
51246162
24631491
69407113
85244444
49121262
11973848
109642490
85319415
96786116
50558226
202238883
133994665
123696499
5048818
83211248
139360398
26649346
244122207
220106327
160135425
19449163
85518053
226557437
85524293
170515293
20182934
85563610
246216512
188615087
18058025
200172055
4666611
178678531
31967964
213594037
88729820
139069910
149189902
143487849
131716857
234797096
126244107
64943236
43403846
26634006
138487667
68428662
202713201
85897114
46614110
245497978
198245858
202818158
221757255
238557667
202857370
13655321
31693977
132420019
23099754
168451476
234995786
231586783
152109669
52300845
86157794
80994539
74711578
86204261
133933414
137189542
88928480
77847054
73519182
86281146
203120196
152552967
8044955
24677209
167595371
138672365
94645804
86381334
42654713
203239855
86417816
192069846
36341176
228131876
34399723
7204147
47898140
148180858
25869568
211576043
7861479
86568724
201716365
89020158
136228714
86634871
231082243
31005984
204742735
165149404
136272260
125785377
86712379
203560962
7616864
55144146
225028571
86798441
203638412
86837703
210536486
233314115
210628203
218699738
192451958
31311690
13930369
163421941
133765160
80445805
32748662
86974243
63460240
203841774
87659558
254960484
172594127
171524035
194968403
203920404
108541589
18118981
191519417
133642834
17721512
128353530
49518470
7517792
230066418
217675465
209542780
43281367
204094057
170056454
56351745
81162543
23515264
87368421
132419846
216712361
174864246
93697867
12951929
6699540
87548836
47882713
204408807
97244433
27153537
12355718
134483557
182102561
58553026
125189057
215504651
231479565
118661501
54226792
102258545
204616751
87789860
194897762
47500507
88469666
206622886
177562295
50114575
187911586
87971200
204818606
6087998
206561715
29614689
103909507
111644727
20824657
215596319
118049971
215840909
36768986
204681393
205039890
47790906
115466454
191697265
158786636
235010789
189776555
147844313
221879252
172043630
205157777
38878569
202632912
205191218
137235123
131838810
198138528
203305533
87368924
90135867
88439777
88943478
112424309
79266804
88495648
7448476
18042366
38037758
27978910
156221552
122498427
151589586
254498205
230149474
130401798
206576916
240422333
176813125
28101187
210796123
24203000
35548748
88750778
144129503
92107841
191962523
219586130
113096887
39352397
112775857
79786510
6286613
225502192
188446503
257375585
54724774
5980865
168190958
242470752
235561026
121718735
89016961
32824827
37196905
91710346
42990675
82247688
262313795
61258635
18363312
17247359
4497998
151604798
71638498
17919979
52860288
67037104
184976308
14205230
160394810
4956593
12279063
206140467
36661824
30394153
120388721
162122230
113249688
167029352
61090441
188446437
126564658
17721217
84885546
24126462
76850255
129270446
232763435
117361871
233695939
183401706
6293033
179197778
42042813
7524763
230913693
86497403
131945653
78548161
109519622
40208362
86512682
30180086
39566299
24646186
15703289
70063860
78594004
7035556
206689638
135522783
151894218
256763975
26495890
89959099
88851558
174489330
5644413
201226289
162810056
88622242
7310686
247209574
152628898
123690604
105789526
143288536
28773615
37303758
118951623
122887134
133046235
109962864
110024007
20747926
79315308
56840529
5399771
140124097
158300339
120740177
74099536
27474182
258552473
88683328
26923847
207414510
249594280
125601422
27672899
36264192
207474515
224600030
5697136
263138555
207510314
254791849
22432030
145214625
114564186
150947243
234934019
122620427
177011572
90884058
35515095
90903461
46108983
57497797
22062530
69757968
90960613
207796627
239015629
205720541
239718828
16910802
7882651
231616714
143502442
32472958
90135518
122345226
5476109
5950004
222429210
208115699
91299299
250863006
111414990
190708656
88713790
120495461
173113314
62618877
91426493
133458832
164995911
42577614
136867829
122987228
208358612
12599798
208376092
91553753
140399113
152215963
13272419
4497680
16956584
167365376
180053584
138258925
49349731
125295546
64193404
129591188
169291524
7753794
185587462
41094737
218546230
208618316
62313086
240314912
59454411
8848542
183324968
120342526
218423917
108311655
67877539
245848791
84463929
18378227
40957123
21542631
7035266
208881273
233573315
143869196
92085950
52040184
84878554
181047168
92092134
4207150
208395771
55021132
84968364
154784091
7493845
144755815
117927129
209129469
92335289
133321132
168511805
118003554
115832798
142065282
51046483
173938671
106584148
218454410
179136244
103710184
85900826
47958491
249502297
192252481
233232261
219081161
60967717
34256232
5980376
208181522
209549418
22612627
208349676
92763931
33817993
87261343
120846880
4497522
216253045
113019933
67265941
92834880
235254782
6270804
160210893
171141097
183997463
160883518
130156647
92927611
29751628
40282866
89997691
245756933
25394825
23023788
24416452
209882012
37869008
35086772
18530949
42531537
68916898
154738115
47371208
12507865
122727133
11942898
146758291
4910215
93246631
36982338
80596147
99597887
108311475
168924429
210151092
22903002
251341154
26082695
164047865
166126893
21221419
61823684
128872465
4466858
210342835
36661276
180450795
35560603
70552545
211437535
6316568
21251966
207822676
133657274
80641956
66516766
19478666
227626456
237746448
20136002
145351816
7862109
234597319
6882164
134574470
120907888
136791080
101018100
125448123
226128304
49242425
8013385
48841474
53507495
95531456
204802930
124530892
208655250
114242736
210885027
128276195
18301516
20028945
85671322
228907378
8685984
24401018
211001345
142982274
226709172
174290048
4696069
233389588
50939242
113936968
211095523
48783769
164261765
81283925
16930621
16517981
78685131
166585380
211195118
62771358
29674999
7294828
94447203
11086002
79067289
224064481
36049664
110329194
31266106
186091561
8792924
232701611
116856724
40284140
41659967
135583292
41659963
187115767
122512900
104233100
108525289
21225215
6958458
244136262
21312949
211755074
11147088
91281540
203824433
91297464
161525300
21114204
17567618
68565046
246337567
26420569
139297990
211915317
104458915
85503034
266210657
153744196
154997728
88376980
188069773
103388809
205291950
95232805
42881275
17781605
31967940
8043782
212124035
117773865
79449355
109304860
30286354
264804220
129407259
134650697
87979485
3335365
21679764
268320220
215106172
134635402
138869899
212352943
17078366
220487185
73915428
223055399
61517664
212446998
53614280
113967354
129682388
113401731
75275952
112362210
7737980
75382954
102532662
68213346
52146708
12920264
99215377
105513616
107409199
70574160
108035963
212768063
4420675
242118237
95973562
51367049
104504658
125019809
115052684
201592390
231482465
125784155
154431991
180596502
25210977
27723821
42607579
87979394
138533502
215350676
241888907
212992160
184677079
178753588
47163091
88652008
206744082
15197971
68626035
177454187
213103862
213129354
69680831
30393238
198645760
210749253
138319446
161126006
28558784
5964595
77186727
13118909
266393924
20869413
167991499
11987662
213410146
93039330
163634694
81436494
161234633
213482832
70613290
96678331
97151520
207493085
52406464
96774478
118278142
204343951
6377296
56182337
80733258
31753705
193780617
26556122
209969547
140643001
97166772
96979975
49410178
85273478
85563930
150854704
97068985
13730310
213923079
179105074
213940170
190662039
121284898
97166941
230591678
126854095
97208092
46964231
152811417
229215842
227702424
68610608
134497577
214181193
120127792
214264308
222487386
97454401
5842167
238953626
6575936
28329335
97554656
23315195
214414332
97592911
214421884
38372885
6835800
213439603
50862355
33878496
206147695
47193468
160837024
115251189
214587688
214660809
180664245
114196367
24476963
50663592
180878257
158100626
6492806
123827168
193153711
102455939
145137242
151206180
132999360
177194076
72432262
107026740
29750954
54836919
87092488
12079178
191227530
32976502
194560091
98197949
54026694
63795085
212873908
215075474
7309616
71988903
134199956
201485075
220500720
140153626
215249993
24140579
228573626
222946013
172317461
52574389
117314831
98551079
29475724
215411535
41766467
84936954
40451783
44487549
209250833
95806005
186656645
44273526
23039877
215568607
39289954
82796754
194040252
111735039
235559738
217673426
241399363
45068421
205062162
12828135
138120386
116783876
23758335
98970703
34352223
43279828
51825259
150930879
215304584
99066800
149843176
209143768
215939733
88559907
6086538
153804816
99214553
139867722
201571888
227916179
32670610
116015333
191762415
193566280
4955270
8975748
20247699
99448668
90577747
216310439
79861557
20853733
19080440
118140199
4404916
213194760
138502477
42867004
243860477
26402901
142629960
229230814
204053122
64543959
184562195
155868489
110894134
205413651
68854876
136713868
92488574
210152611
4725896
38220574
216784778
6269878
22519955
8792228
100009633
216557842
168312067
37898669
136820845
104290105
122848521
247926754
243325365
164826617
62831752
126731407
188032276
53690117
25057562
159002255
103877330
56686360
7477505
242408119
32242442
60997288
217171439
222687885
74923740
172898119
88819614
105344856
206929692
29062720
224629310
171369401
16741391
12325485
16435642
53093867
209189422
217517126
13041920
96371356
143164862
100737375
61593428
