64498736
15744750
91069542
139020789
214071652
103479758
130760304
170277854
182728497
120339945
7253302
106584287
202740709
131650467
52302076
215521643
99243555
167114504
136577232
125012621
222814360
121625409
45458244
89594253
91888114
34562064
120810689
148634495
44984144
22521486
115480086
123768791
188405551
52225816
190807795
26567219
161282901
139681336
230231868
188440484
89844747
44542258
30983118
29942629
148171956
110992110
95594462
59347486
112463919
69118528
103359525
55776943
85698038
126381856
84179110
6144846
142206613
68838585
116253742
193063100
163113020
68060897
100069815
43527882
162970492
205636080
228463577
13486040
120724127
6658933
188155709
159093118
27637214
212536280
28279980
25141835
141748107
194062106
84702952
195244613
148366935
71052548
24369259
76289452
60142019
81949684
61713873
203085482
147918669
41413996
132792692
41198533
12540760
4189677
174755887
4036499
40674751
91577952
61389215
211077283
169852037
142029327
3894199
82182455
122383929
150033408
176238450
33972429
180064059
87337483
102511187
167045288
131210690
12055017
38061190
74794379
26724161
55843006
21645433
211399736
15962326
35738639
196274949
99687805
218724827
51174213
197291463
72384681
166238707
87846524
61650251
31320486
75223225
103612284
181514429
25340525
67053132
61747703
53944688
127670320
102845755
191459067
155638395
208821310
178926561
15729457
130265921
160731034
85624039
109342939
58490371
94544390
123948976
102205366
131085254
25557702
189511208
26495131
30054522
21241503
21746140
129009297
181718763
92195490
112907559
34268599
4727544
20473374
169189031
71178585
26089043
20663304
212032350
36793465
57058795
10196209
132101728
56120798
19850067
4344300
53564077
50776931
77579767
116072365
30704316
147369635
36874737
201036578
145256367
79022938
51870229
194070725
206423313
98697840
140097420
16255639
28246243
19647274
30990021
90860276
67812725
67342615
66563897
113953484
88366819
69919273
59882132
172753167
166576592
197128598
73782060
86710027
199040216
125843731
213506061
127973697
12969349
87078751
235721439
142291853
37530807
21063655
18199741
177423576
162304672
28350879
68791862
30412893
48071456
18219036
29340654
191628173
233923966
164736907
38732222
54040809
16399862
182171872
23546167
229613885
33517020
189935961
71408055
210283597
29472075
186065383
40936580
68692747
166330864
128114174
198369502
38084953
60362166
11230309
234998372
24866016
181935207
23536102
79584681
32273747
50703201
176787389
147815588
168315045
55095686
156121558
180836290
81445123
195685260
214893961
205532174
92736050
45950842
153637070
61674948
116642492
40073928
56664172
81524750
97605940
34957382
98152417
178132937
24310947
17030601
226878310
51602224
218475542
162806679
195095497
73918570
68342212
228083804
176420037
20928444
106065615
61811245
21116114
26600783
4082519
58321602
49040920
82985300
110975048
40286296
176272346
7686078
27151541
35425545
145330783
40773178
63160031
65311530
54038661
20799969
158176553
25929474
148537166
193666032
54412014
24352577
80798998
138506862
163019727
135073393
107948935
226566756
198108037
175289198
106581900
31620660
43561663
154515328
68515078
166014924
84926873
162354723
66229750
150366562
85559896
34985586
141949890
145509241
38114856
20117061
211098764
203666156
24128112
79168115
44614026
118219819
73207789
51817756
24491864
187440511
60066085
213840078
60419922
59811425
32213519
21075269
96211606
158425645
36835258
233828162
40702219
67818365
56415464
79852046
220671894
93193192
21669450
98685146
80671462
208255742
160291193
194470924
147752247
82466134
12746607
75458526
99232929
51489395
77119148
36014572
183887495
82080597
148766734
125165109
28023952
108406908
24929365
153463943
52379521
31674310
192239266
30761905
45236864
22807641
186366958
7339673
114758771
186834020
24347112
8198945
77733209
36173075
82377363
29562254
158567270
140777674
94122230
184638813
176258549
99773054
201559523
23781076
87137122
205822467
108545869
109176091
124925070
113830278
89307478
105463123
229880487
29678962
48732830
77390146
176999630
115102960
175150000
41664980
11541330
48719247
113578741
228343676
220091177
20031466
90331001
25874540
72211122
141672623
48102101
101289778
49648412
22734185
97120467
197280786
144931570
6874422
96956101
26228168
22812100
93113132
156895546
41637312
81765277
93689964
37919800
35419890
102908298
105886194
35421075
15026789
235312996
55121799
201763672
156027286
5378489
78827056
6221313
28042019
96120769
53609213
112631198
82143580
31046102
90378942
20875002
35067595
78113224
85661780
45575098
204198031
148059451
6560312
17404365
149001923
150052384
38860226
121854020
155770371
44327308
4685266
69023966
153375262
77136969
141209195
109240764
189617587
142779710
31519840
184721560
127835514
238256611
201067634
156797766
45900626
35297101
215756227
110431729
36461494
28200717
37275739
28989554
65329345
149773229
207185779
29993924
155022755
121378591
47787589
180156821
129686607
27311814
68538278
13050777
47722374
148198306
44105929
72226286
20960994
194948228
114519179
117129079
200765811
68049155
37905738
4818963
57908385
87781796
168149127
28092289
45180359
128770955
57311481
160039597
44032226
68921342
46081134
159961761
156633722
189313570
151375624
132415527
193404651
68449294
127108424
5360036
25694770
18309378
45638061
227254047
65025157
138099358
14888301
62684441
62462914
149652449
118057827
147344685
6173864
108571341
162228205
142132063
59725756
113453569
117748769
190853479
113708039
41745037
33035251
74398219
58457279
205245114
105206581
37431624
214628603
232776093
195788567
19957482
144088446
92130276
144362770
18053644
181582707
177893596
122186343
44908702
61930172
63607001
92402204
38487242
33626390
141355871
126924523
11338369
117893564
38319276
51812114
222199011
123250276
102000939
29569389
80019354
42755442
26888215
210126662
65696776
25307186
33058213
55890476
22189143
81868166
124012097
220192889
22735970
97496855
102925035
193648268
106269360
25807692
37919732
134385903
47283168
204228765
46908836
204905664
42231862
102556951
143743225
87367300
18522952
123184722
56228348
85681064
7148736
223989761
49498169
199458568
11562993
35753489
105671606
31491434
135156631
164223783
141944959
90004119
111832395
207042784
132379395
31498595
182044884
36731335
187955096
113501597
132918449
117824083
96270080
131441667
57065122
233091076
199040639
82490569
130077813
171438560
235865057
13818170
134716452
40929129
209742416
44248081
75687863
82202634
67846581
175542268
21609528
165143781
54617780
38164807
6522185
56734956
7409631
111576348
129430494
114843246
77861578
17334175
33197314
153862590
206373159
232321372
130056578
147857951
35553774
15662712
149869424
12810063
79132060
123518101
45266870
203113782
153056972
65535642
26913686
31248986
125350065
57297664
75216430
12526772
192960167
26392782
106663808
52130570
40607743
98458079
17536247
129834677
168831407
142821856
80777020
80008616
29096035
119654862
107605741
93281281
21809047
23098574
38348531
168632141
28989754
148773333
4652506
57699625
186111124
17968446
22056378
31188260
134664623
6445617
80126774
120194309
197797403
201337732
141382576
133234711
137285665
157104617
92282498
48289560
226573208
80040592
140661690
109163388
145190630
92495373
20063527
74621832
32537079
38970617
27333624
137728995
229219426
69399446
207053683
26057727
29852714
19576338
163630830
182726039
137650355
67722898
61723647
107796744
130282232
152429659
190555815
135403064
24279054
75195106
134018328
45619602
204353964
76621761
116717392
213340802
98566554
91173817
168625553
184852711
59139526
25828633
165981155
24469812
26513233
37108756
74325306
71130160
206003662
20259200
28809148
66930709
36790640
91353103
24852767
37190873
37198669
11753559
159943377
174334846
89948226
56736156
196239418
27075175
100788810
180323140
22609702
225945893
221272662
67977906
159143762
85872638
171331476
63831586
103174723
58100045
152065942
37149590
119236349
148874318
17572148
125802260
65337681
47162208
82726098
36194314
146250564
8819423
24564138
171217220
73765613
74171663
23684759
56609222
76085033
139751719
115036689
87524269
196365891
27861652
172675426
106083290
153233338
29560399
12647092
117490087
68670632
113495280
12339065
177022798
119254656
222963588
69947881
19536595
200356618
28546625
160367354
25881927
185492504
136664767
85066626
120970176
43468638
94270378
16482541
167472986
26333653
42660978
232745025
115935433
216822056
56384330
143578223
231344710
42380230
25154445
29570339
26787009
101189691
149842558
55610081
166713197
26963345
29106899
32654987
182223411
113368615
26260067
12824112
105227069
53717378
102853688
16615307
6468171
219351894
57347884
22852315
191896330
136643510
177677902
165678245
50933680
68863841
115545410
25737555
115944260
108379085
138479917
79529260
35738475
120210309
65833181
27630219
6992811
123975063
16430052
112461043
27143941
30432468
37191344
80112409
129502711
128066199
227538040
7325304
121202837
86193158
164316859
137421116
32139633
48297638
135266502
84790603
64572055
31315811
37612694
169648429
188995031
27733174
87593962
30432393
13219978
140647652
79690684
101614760
18600592
96103909
152677721
59783949
23853089
224573048
15616724
31823195
61329712
167237133
39598909
5055992
30335433
145747503
174962150
119375216
204656928
109315794
132285495
212352007
212041628
119545650
38541691
94975258
55626253
26364545
43541308
72886293
38319983
19769955
135323759
58236629
32074336
220724104
107889822
89173500
188735576
146245384
170766189
48041819
69692406
26390111
172489537
217097994
40482205
213177824
156137123
30182215
199704543
39007812
220704553
15397133
154251104
89095470
19555690
172440490
13764035
61088758
96694585
41886922
211922119
80708704
185596620
28564031
107179003
210449587
76986279
86588379
27163719
56449107
29680242
80190113
228354339
49016577
7129881
208278937
26129905
36127491
29392802
21174265
188528813
6902246
95059746
138158732
72912864
80503659
25166822
81236667
38632293
26365481
38239600
102550262
161356092
13646312
22344478
12712436
75546886
49792318
52630229
128954267
51596434
75129683
51289525
177908992
12451026
37183256
104066685
37898681
21127408
81460533
57852703
165826535
120125794
15502254
8241192
61273160
30562407
38601692
169170179
39542353
72287825
146225674
27074114
140542043
138834280
182676303
73454164
103215787
110221728
181994514
66827521
130083223
97750024
24758417
107165451
86238403
149567072
63748783
55621775
72528393
208411877
177111261
51826549
49425129
36364592
105312831
42838878
67955952
64632889
189635942
59040046
28628399
23133590
43362068
16047984
128842711
173005569
137660575
228594723
178286479
31246273
139168363
6093820
13016212
205510000
187178961
39352817
200350671
223999994
27763174
23141891
202152220
200818755
154202475
4192724
146530725
21341632
37558128
214286428
190081361
6710346
157236252
11725014
146484914
21821194
45776092
111649135
78338305
184116502
147616844
61578167
24996634
209798089
186524841
177714879
39618988
45978813
27977686
155906660
16122495
30361085
53315610
120374214
172448434
10803129
61847722
33357728
24216799
61908988
17042637
21127116
66934236
92736703
181758670
39522590
135462983
203233956
69953709
207515441
30893684
179562571
31045018
74846383
105684126
66374962
169843838
148095768
197862046
175584830
205417743
200534523
156283465
226717025
90778321
60352100
72066918
196475650
7875941
170715512
116665344
53754976
188088890
40097888
52481666
45670109
44112736
169492321
148131924
136329091
37377480
179433087
162105372
204785488
57211679
7623079
66760881
180299760
202185403
75900657
20450776
193375151
148026608
33553154
52874550
59287591
39334179
85263834
45259533
19340651
71077594
73977893
61079995
201730655
74980482
153133149
12330788
91903807
76866476
64462085
65202334
40934954
85499419
176857434
194678090
213694069
165033988
162593770
71398386
180737483
68753188
169304496
4797329
71751742
62787374
131094284
208854886
70523868
199136280
196520605
147390419
53718607
18866002
200136633
191016824
183724624
18127998
110833927
97731781
16272033
97324444
119875702
53042384
196126214
182700285
16088770
178696005
136252604
39963453
174868843
209188396
97597477
101552598
8375409
39494994
61368203
132517331
66921666
185407817
23759175
110709650
128123140
120164386
43302056
26074598
11467827
141215962
213438804
56859976
35065679
181607918
105005934
25073648
42252082
19760978
101551970
145146131
82105421
31695806
87452060
40203977
60297748
90871476
69114357
200389370
47812029
35630438
190467270
141975437
20641251
162390818
50081793
32854119
155617685
194345894
41761868
31819417
138486587
125255048
194585949
153167426
81855272
29697231
48489296
12327183
57593738
131452770
76227889
31938440
160334879
216540075
74854870
196227392
18650516
7645567
89302880
85086945
62029919
96128901
2890442
9158908
39579457
59459342
174071003
38126238
70758639
13572004
147727248
34557724
21948724
210218620
116425946
138066526
170589732
135161746
138838501
121449517
24571412
16287358
155733134
85287997
43150906
212343827
35499952
187761506
198798979
41448704
48041441
37965780
101058859
58207155
148963620
163114761
152413118
139897327
20545037
120695864
88331933
86789599
33765982
33827234
21925505
137926641
24925821
114444072
200002610
84221878
171398763
160750808
77275445
36444557
13473317
20775586
11639633
48060423
71023662
196601075
50480381
27040698
190579796
140641398
86468130
210044149
26046438
21702393
41709444
39220038
207667976
190209921
180230707
5167834
7898245
52403422
22439280
174583827
113923283
21752490
142588625
183481772
19331599
12501820
43893225
162501908
5798309
208461729
109556822
78848958
121458234
36911756
96744688
117011132
109780713
48713886
233709310
118647031
121020401
150147044
97771198
169843671
197485909
200575028
179116045
22285452
132652037
93514051
114259850
178463231
11958662
12900545
67191334
93746861
34502111
20750963
101843409
11378252
209105453
86613354
182583903
61283776
47493891
85413567
19067625
49846325
150765812
183018339
41249021
81357476
27894385
37299379
201868877
88998396
168212706
130191884
127132282
104676262
6526732
19266432
133525511
42243236
100641900
25127737
53230054
194348226
109023667
20412716
