118085267
207536115
132051325
115995452
120480757
54025216
214977068
155914184
42819999
17762149
88998334
94079043
60307836
136320630
166345735
115090255
32704882
104771031
160324828
91872810
39447058
190619099
107821491
79020410
203482687
88247877
62775165
103639166
93514076
164960577
171721882
73877261
53645089
168778520
14401099
113699135
81398418
162395548
141948854
60312717
65651004
44400784
43927154
39405329
112172647
49915900
123132624
53305879
31554247
132761058
86223129
19599382
82433762
98384422
65048331
102737805
182887286
22293412
47609307
156096305
30525466
205805467
26603635
53645289
26600059
50442684
48639491
108438826
182645270
71344731
111680155
41819437
81408674
204030857
183123247
116388736
40844796
21595059
22759855
168378262
103742290
20226588
190035000
49845560
214662093
22004741
94206336
41751122
31664936
42006785
204182871
195428026
141562555
164584895
14946065
112512784
63266918
23326333
148586977
41265165
214869691
7648394
38617568
28120091
27484094
41679622
30394496
90212772
4997608
80526857
62927623
27801515
229544314
29056597
63128321
228776030
143781125
21002244
45603680
198176593
56185172
166719895
178428554
220062945
174194704
20359550
86515960
91832582
147074337
104407158
133255115
59156698
89603419
190160342
59169391
180745876
5338963
147453051
27527683
216303960
202257305
20756843
196000313
105832973
199973750
144693087
33715144
78292656
147311962
31835906
44486705
155941674
20348705
99910680
140021855
26645137
139350241
23030034
134221342
157196976
220157017
102709514
231958815
23355410
23277293
15741495
21626224
39142612
16144379
141401116
40444808
94798077
130620499
153025667
133600165
13093088
136829832
126700590
133519856
159388772
106551700
56120732
12953332
31042633
143372590
177673786
39948926
25806594
180143519
72655766
104281783
56304128
108988407
28267584
186543540
157143704
139420031
71068143
117711275
21900086
231266371
139100024
178719846
28745949
63280209
24671933
151927900
86604325
218382119
56150050
224013609
177668572
139659393
17834781
19689586
105391538
34473839
170048941
57251711
167751098
7947081
172901637
98948608
49251353
21152883
12237055
142229939
183463546
158007173
215225921
20874131
97537649
37810408
44334086
20875494
165960988
77642899
66128983
21401373
173393616
6413033
149325092
22526467
56286155
77723408
28460008
46726788
179186628
20867791
224440506
19313137
48305249
146389655
63884318
159705428
32768246
140062500
147927622
167871708
85806647
144527702
118389617
175663097
180986588
65278952
6788939
141205585
23712819
152536414
204104272
202992272
26204201
68455718
12785125
85300821
51059967
121748992
35578153
48644216
49048361
21757736
15726958
122162656
122703766
29473079
86539446
67722433
184270516
114340155
4376712
64091862
77425896
203650059
82909654
38834713
61895647
47699321
6109996
38435322
100929866
4502930
28615121
21496909
123540251
181954240
232499228
26912774
134691125
99924642
144233811
86493733
24357709
28798911
150594932
194581685
185208570
118424038
227098023
77853415
66632209
35258671
48694554
43932140
33078419
36613440
131124450
180136481
170911752
126214581
171117825
35105919
51764140
51566830
143012206
177024024
58785985
122445616
170770837
169658838
143382598
107062652
38323292
16513043
23753787
155732863
92466545
95762113
200123017
101935781
142171333
14372267
29242695
82705953
30408410
126553569
33938098
23388520
48520598
77513903
47578171
24207917
179737826
7329062
27844035
109648663
158267267
175634428
70120958
38121566
197848953
219797494
88580258
113626986
155145245
179546054
122064025
213734837
226437054
7059471
75977081
141518604
5294405
48574945
12645650
25008229
216873589
20201350
79916547
42130434
124915255
77623984
175595083
203786047
188195690
161856890
228555675
168655185
182757748
165127974
202700255
118711614
63253602
179895775
163370647
178067986
16281351
215530089
98560904
201040383
8239713
40212509
97753686
119305622
30513796
124437062
26409604
134174065
143110934
44924095
203734022
137629551
35339035
52151479
185650270
50455888
109299627
172114950
186161205
202206755
51169295
28616119
30485992
99977048
43445623
190145795
22863588
43853769
163958091
100068573
68880251
150397848
39410134
24178049
192964187
163728314
183625944
89802148
41292320
52184404
41839783
53396054
138801863
75030966
46276255
45958161
177642363
57796398
228424611
26066571
23158145
194729193
16679901
58676543
135398376
37255521
22671279
17889178
73411587
102408473
118415904
5254229
118667440
31050095
151859579
22182308
140904361
131173496
29027381
137207892
88616682
65369554
112620093
181455924
18282624
148832355
62574273
82384177
26418680
197656698
16579438
23543604
69411557
40480751
193380997
121716551
37388983
81400621
128154300
31894502
115696431
86171150
228331290
101332176
36022902
61192302
23334776
22716650
26926832
124768672
33141472
81905770
22017525
185856652
38826505
103361234
145456340
45978455
46593452
215953211
59973893
38529544
60755196
114887509
232238944
55802223
71855704
11273489
149233788
47195254
44107388
25770359
123745585
185107494
27595762
33056095
20051566
114407061
7554400
212014958
34050429
187291384
55553682
38779644
227873914
21653851
101058224
15968809
210171167
152728170
194989606
149676423
72338446
33178756
181302562
80116467
166326857
18073697
229004962
6079930
159197270
183033552
26091505
28483430
129397071
22294367
156026822
105635221
16179150
73190786
130338941
182493615
156047859
16695308
45999456
149708959
3632797
152580060
164509912
216573688
171816297
122993634
141889650
22513330
114690377
45055394
209811974
216346592
82904375
6637695
33279966
113831271
67858269
157735495
113327111
25147420
64709263
22436707
144419319
92105438
4381939
14509802
65029794
62033252
12019023
76869452
3613344
83629485
80712362
142409704
70799238
209661099
5730543
24907228
39121411
96318794
113974574
26239951
16359420
25341543
28674353
120056211
142361658
28964877
48548173
28122921
47481034
22030557
78403367
157161567
109453130
187026536
152360889
176602103
141557338
144452648
36179670
49429805
80344293
114822828
132781643
167079263
218458206
178027269
22019035
65051449
12883269
105735614
174548415
83027212
229560705
187911434
76428126
232082051
25846902
141962653
76326015
32337846
94517371
211914449
101340297
26921178
12345884
138772746
29298015
84714074
89246397
4410480
120812871
129779899
61361717
61264457
139839584
6223179
175121221
184346154
30207933
176676721
181398227
8386430
192998490
6292641
175953305
21286208
76119382
20111472
167285681
28556397
56257646
191357773
25808758
141016602
28262627
52628487
208591137
111675502
203429730
42380764
49703801
169648999
18722708
103008593
163816271
22460063
186679915
3724431
200765087
126182275
66279323
148130807
212981560
217953030
108793738
51375166
19374959
171876169
7686108
43776772
59487849
74763792
200627682
92189532
66984406
7182353
39404016
21487014
77932447
40242474
215415558
125401736
133214315
171676481
197066583
88560548
88662189
60972986
87624421
82939432
131000120
147799295
139303109
148507921
41530334
5410094
76496915
99388400
164535236
126237012
198304838
33785270
20848994
20562774
26913199
31544568
58247204
122754539
136596325
73395557
212064465
173373212
175195059
115552573
89863069
204001775
30836740
49606594
204340413
56223301
184389171
43304111
77971357
93893404
32111092
129482224
157181157
20489311
185806982
7533991
119752014
73672412
37636910
89782085
55948967
4601348
232999867
162769755
26775782
28155374
134486282
125840779
73393126
164550694
221154520
216070954
29132405
58188798
65748887
23115075
37378762
83144632
211120376
168141121
43940483
23023783
44103233
5388208
64142238
31932006
151147551
156224005
12211311
134801472
173227115
141516309
30790401
100421284
145848769
72739140
128458610
145661600
24265153
26264057
118539532
193810751
224613029
208106383
20843009
36083054
190590625
193644548
30412701
118813017
16836464
197785650
187645314
178023641
62624621
149245488
137741015
167668695
39659179
31938755
141112254
84953318
125037239
215443018
50231300
156794640
201339845
206895039
129003265
49081607
37318869
143934830
137724738
139158733
20403911
25855330
167307361
171273438
13652926
106791340
69620790
32984046
93578179
5825667
38946588
76670160
142601694
88813356
180481874
53423186
108100408
199143295
118240182
26978618
169418617
70178562
185555104
22083182
122037479
8138461
22787062
104775119
60279472
115037950
195243478
56333188
215247101
30904144
118439864
65488376
151107001
39894651
185143380
186911361
126228208
40608382
101499063
91780328
230509242
69771500
40794995
42363914
91872207
115594160
193573273
146443426
126878089
55034141
190051410
201843995
146362820
138123884
71797235
142610375
50737433
88039976
129679375
133677338
16334222
117095976
25325064
79965121
97282895
185928237
20303425
46293403
111488452
173114009
175549091
45867825
108608922
77062091
141530929
89351244
116257274
113244678
38749620
29555522
233631746
175783121
114160912
139003218
89142874
133995099
114112108
199423486
36822952
140176745
22973622
119100348
171659241
149204893
67362285
109396539
81696110
19315638
110120665
78181227
176102461
92982974
15359542
34980080
62018904
59151423
25795003
71874081
169281544
23012506
67648403
189781089
19967335
229985854
24284082
23496052
27832719
44965480
122240313
113768357
91498921
99153212
57043738
12213862
199183721
102601589
54893424
168044629
184257222
225333183
45970825
51925710
202329634
63543890
29793306
180046840
175697779
98532669
211882165
20124320
130094500
29813885
33106867
99769182
25214726
153733562
123648876
84105771
213938571
102474513
66377568
151010372
154676545
101895779
22531077
4823485
29329256
59735879
60849321
61227523
209693644
26353194
121780102
73716013
29051850
220837531
23229289
185230744
130748343
143529820
212732013
32576531
117897788
210837132
67750783
94349491
83464593
57194244
122161852
7539355
50092483
72535682
133831857
97274832
31151690
95389385
21986810
43228561
67604553
23677857
163499042
136233699
196127835
124340560
154475632
45664302
61777753
42880249
15693238
48610822
21182468
218472459
23563418
45484926
144766275
138901063
97294578
72183598
57596324
75486046
61959300
213703917
138878812
73841760
98406016
70872213
48283812
41419343
27646399
166417930
77676849
64694205
143833668
179756398
32667174
165831390
192640911
125109115
16211158
215286292
175508688
152947402
20762386
38486678
70959218
42449965
11512833
12363925
114247022
148991010
208958183
208503669
127476877
203666121
12106578
45055355
62670470
212348622
70681240
55442275
194562493
58433919
140772442
31865014
208132117
63165623
69015235
60706465
222042628
11138476
137338522
12597813
139074129
27793323
121181608
81934829
18343248
90937612
144308235
81785539
26574021
30158314
100856092
52844361
204203535
161786870
31912292
37808693
24237943
34754101
137541584
30560444
12189464
16090136
117659085
100794787
93843426
26302162
27511408
207566668
42786572
27887931
136057330
214851657
72961476
130133425
64614829
85847111
88628768
152287183
130348063
130605360
68467585
146963918
47485944
67237161
60796567
161083859
150396141
11513199
161526107
202417704
192578298
197867567
75105880
67372558
205958883
158111132
150027528
81924507
44539076
20910656
19205046
22942594
6014302
40920589
91331726
118496537
20541231
166582071
22386487
60189903
173411882
26088493
117917763
24781365
72102590
26410758
47951937
76587167
169697479
189164222
177971678
66470150
51572442
217446955
21412850
197518863
133237040
53881524
32723497
74420987
82979905
135216553
128576129
179280209
4969551
111457566
114998022
5801347
179031982
4532998
18493200
92486927
18680466
20992780
140638504
29757763
192038686
153349254
158682555
103649649
44561478
94477116
23419605
36558283
119223415
86596915
27249407
123037784
12183968
229569955
168174120
49927071
63439471
72049367
198267301
161453285
154818964
145342081
31587185
142774151
178453004
18481525
90843359
124730719
162602900
136515334
184669079
174722624
18666399
192963411
102562181
18592430
26182405
177245096
219850696
210092537
40966018
36353225
209454767
76706259
115983729
68441356
29789399
115825404
6615087
42844281
35346572
144081926
16535687
79593318
166732668
152872835
171264407
62363464
101038532
23321492
99510623
69359288
5296272
224337789
65296479
190507780
20053858
204036688
187865532
56210547
44965463
196005605
17963392
195965640
14562935
88672351
61911796
191971825
42830427
197815910
22012173
206367647
135583974
61118964
10753209
175086175
110665058
177828571
17570251
19097434
28382609
96134521
59697092
81437628
12768965
52661760
133007036
48281599
97028767
118104937
197126580
20635355
35224036
45082102
135549455
23192205
77525095
145780793
20646833
197079895
109446918
189828809
34644595
40889039
150911049
31426872
116221387
52361954
57104101
58542135
14930285
60937021
115513715
63119016
27954736
50469793
219923287
120891635
104764700
41876303
64217097
45871329
222894024
45131713
19186570
12849256
207337567
136125691
55874918
15922028
92280610
28397750
68603526
110154736
141525276
7234070
74338582
20447816
53251942
7776217
26941539
119847080
180298267
48508161
79525373
4830219
119488582
156398067
136523855
77998108
24662348
177680439
169646346
126611148
61763182
148848703
166888380
24404469
124016743
34050832
231428251
18207884
46199161
152521316
28947125
21100419
158867358
5644808
201142364
228114878
141193302
195236511
6311752
166942714
14870671
49849943
20568015
100509123
88323602
8045437
152933761
5320425
84536029
67426706
209645205
183430100
147825946
63654003
214456834
56422646
124029363
90183118
20483618
47248355
92259419
124980157
64600425
7906839
96155172
12509648
107093706
59633448
102995076
18596357
113277771
14010302
153984956
118725400
52970289
194967260
18187526
31263910
48267737
36177974
52353341
201711773
159623930
160105487
20566735
158011707
189449342
180301270
68678764
21617986
45080685
54077061
19935894
50854252
143507302
6414863
13380889
27656345
130252260
74068998
82516183
67478615
33351696
94713205
180336177
55714380
94979188
20043053
50291272
5863000
63158039
217620812
113036322
39137946
173293370
40729509
32600537
161481024
35110471
220120743
165300159
207404786
151666779
145192895
229479964
168374913
180611643
8170722
148413080
39546114
44155191
25012644
127714985
68056572
174681702
27217377
85609922
191739930
38398281
83227917
145907669
33450863
26102318
146085318
17491855
157171141
20840544
65689633
235730685
38106065
143157822
110150446
67658342
3569438
103353795
50690156
61138004
89352321
26962252
19422030
115205425
70985976
49704392
231927391
202782031
207546870
44549737
24351170
114360597
206934244
46414042
214797224
55604985
79967284
23698486
34735084
149614179
30507611
24627215
23863231
99137209
43524788
29528019
21551487
14924761
43461792
172872394
172992287
16072081
101065409
113404160
51393155
180383218
128716843
81356727
61411446
5627387
25472622
28461631
27519150
154744669
5007260
185893162
194218251
16213373
122130588
200118117
16216145
36431384
198299001
166330178
88571771
17872819
90005370
211188394
46486988
100699993
7939872
63139545
222540995
22025028
74145172
167857815
225449253
5434392
114026990
8576643
90830669
173637325
42216825
22923418
58096425
199786121
138787068
23313661
145557013
113217485
181246610
49493025
99414202
117803598
222449242
138274123
212763230
43796456
26147017
95567239
53437597
30375866
43966763
219563434
32265979
25807979
74683559
145560243
131877239
121814876
42027403
132911022
45439867
106745544
149947480
152545349
174110087
139295171
91274844
137335577
223824408
187081263
130879954
114088836
108640236
124870809
157309031
138491795
175339054
213491276
39370644
145718713
26089005
88719724
120649242
131024438
100412108
82332383
187128471
170195333
17545155
78180948
6400568
16746062
24104380
149474200
239828222
53808312
178912539
11910914
93559917
152244313
152107488
153011457
119047233
146277541
219597541
75899534
68767255
59906611
102670254
163773958
46636476
91432763
241110496
221897283
15507979
60689871
25151224
63112354
154498574
32547319
121754012
170810507
179020068
173655008
106130863
69396844
31640422
132325706
113707596
208555260
29680216
66324612
32610651
25561276
133954582
34933649
120460547
49684974
52683909
184287820
127952723
37303725
28495087
157389190
125336081
75302170
54644721
50110132
156940051
6135630
49362577
3803359
65994492
99053474
167210432
181967310
23115302
199261420
37271127
115823531
77905264
85257703
25995516
160045672
218547659
174006640
112462899
83701834
199941051
8035616
216846102
222880104
20576441
8373851
61659190
149363236
137785917
55587860
73943152
173473035
104715411
26746594
7087946
43973610
107274064
27936170
56896349
19819724
133410951
123428385
193438937
11626293
77534384
124529655
104508944
7997051
152384759
160416068
198932609
59152083
32497101
22553041
39502557
186582473
199236295
160215411
37194869
7635432
221754916
231959874
134029201
30319129
135362824
142957951
129055405
227642013
30511265
21910022
6568587
204689051
57701387
108216857
37166162
206216701
92040291
15473281
205432222
73459097
117493542
206653786
208755502
37996273
4772136
11758541
201077120
80993747
111343203
160223430
8351873
163852007
220988706
51324733
151442969
130282048
168144360
62291057
25063572
216448534
24702296
44740471
155606286
210477638
215367882
133655759
141184318
35256087
31146376
20201901
213646876
225696218
155897662
108978612
169335324
66308480
58703080
113510194
30398785
19149810
60410018
108433916
127703203
51279573
69442155
20475777
121535301
43433093
51325847
55208903
43335425
136179829
44813057
99092083
161580380
67256792
50561206
24760995
46480065
46277570
22461935
56850471
145188924
8302528
138416496
44625245
53689602
38971169
7194493
205761982
87813678
205924353
31460320
108997594
201104996
84745255
19044373
40842160
154340505
82791601
155811420
22247223
5163416
158217633
8148099
21242525
18228681
131248777
25076224
11285760
117456771
27404536
30104427
218757341
112386746
163087217
143306494
130279846
141053317
176899637
133082739
211777206
50701274
83763830
157013108
110570060
40601984
118945668
24795400
25405314
105748663
88621467
115562760
31235424
60419993
24583212
67104548
22188067
146456436
138191880
20929243
132797120
68375613
27905663
120520837
51857212
169658252
43893213
33427739
194096056
20420912
100746194
195558730
93688197
106942255
67784597
53239655
109096169
32065848
171748634
54715129
35293644
175135174
163989046
12032761
226479429
168150944
216215587
178545115
29711896
67187995
128286995
30165870
211361868
134357224
123032249
49753327
212580018
38972027
173289791
43604037
120749650
202979000
41193641
24917792
40808992
40965507
83154913
103264839
18591368
27253524
177285675
6759562
157875882
23811551
63279452
97726557
4540336
159512894
22827878
143905602
75229869
200470759
7369997
26482332
90711671
218065816
206840592
92659488
22593343
132533775
206887371
31373328
188359321
222397031
42279937
27536146
175045339
18910997
159124050
214269274
209231764
131507425
234892191
170074097
45932720
97579987
8913378
139143876
92982500
7320355
104576450
45571210
10441130
24395735
179245076
3797466
13574884
63785091
85131557
50953478
104269256
81991186
102480430
138022597
205489778
20570789
135340265
30482042
160306487
43096418
110793635
8630363
99284896
153084410
18619593
125366971
180481208
198001990
152353571
131058381
91640604
37651707
115084728
44426490
17696059
16215549
124446216
120893664
29439275
98650276
53081694
108992796
142816620
159885327
203300133
34357019
164921160
72287045
22732975
96465849
189698711
116799128
76352014
44831381
61787017
115583632
38942773
95906596
197878256
143397527
147676400
166042914
187055737
25631244
150700340
87323205
28694498
176198123
55149210
74072169
67952965
68053223
15308661
39858541
57951962
154108042
154690106
67378127
32562841
203142975
26032560
11307148
21626614
77175736
202299658
154383173
45401664
36714134
223874487
26420213
49925053
48554831
71656957
133076835
82110729
142444963
53373978
204644813
64178103
12804321
21670645
68738258
57567380
156266772
27782849
178725026
71901332
204410310
193787996
186013146
26626379
6791063
26941985
55761405
74322742
39814309
26821185
218390464
66684852
24653270
5609177
167587558
7613127
115153384
229506501
152040561
33618314
57769807
39591571
128240476
226179581
23652410
212715718
192540970
32411811
5789385
66994078
53933968
72653310
144027160
82516376
211354385
159878669
69694857
143423371
173690593
37420340
35692817
40079839
18036016
141846135
216193003
101827226
150400571
27421480
139475523
28038813
73134439
6286784
9587040
76222298
84890790
106157681
19743482
201841029
123124686
69730139
20874129
34349102
6142593
38984072
54949426
141625243
14874257
29823528
30288572
106820241
155771133
61018346
52172955
215032501
141147818
151502167
24890738
128949389
67701469
70150906
92211004
76926106
42533598
136567014
173403452
34655921
28133209
78691952
26071982
219937399
43777777
210635287
64193749
142401304
135923382
71542754
42332684
57223358
139585371
106137324
193981909
63160483
106406088
25058626
17628548
25921691
169791101
186656849
114492967
113267834
92543624
37346728
141306337
130834550
103750530
25845233
201038950
42000287
23867771
111164894
198837181
44745907
235709346
55384797
151903039
48177607
235402781
176002476
47523394
77758122
78590067
21203481
161408794
184167214
55220025
40159432
128848437
214514570
166729773
157854788
227770108
90746351
94967651
68209849
38559406
79177765
28382408
144275836
165915511
103638915
233642915
196424954
38248698
154887237
158848500
117833643
126223716
114694156
26307266
82080747
23130866
98946748
181017366
83135425
150555949
116895837
229517766
192405280
148985411
31289464
65485190
8445817
117749444
29630537
88979248
62572787
21130352
24480237
153633863
99853011
5021276
186293856
48598373
188042239
25007833
11132368
107887919
205276397
179040253
17117988
24429792
26894205
60330894
34986810
177271607
78964481
190610009
170847347
28844810
64306437
60169694
233775011
47408123
130789679
49111032
82927703
120022588
58911186
17630331
86993773
38074240
45047541
208417377
121963112
132973112
41141848
96044961
57415669
148160736
76773073
7534203
119199980
25420639
154954982
236629788
32047232
7778043
176990460
54567569
38486289
8210274
120970974
102364374
42020770
174269113
114728590
94365610
120852655
86393052
121759396
40871642
106037399
53312221
25726277
64128086
110654897
150825496
34266927
36953023
68853413
162933825
96454585
146179375
24908827
21763791
157670785
35413441
14194582
136520602
8001378
110752121
216122711
50621308
108182734
175783099
177043119
119426565
202029560
6560067
7634932
38514779
96413655
29800626
49405279
48248816
38091570
185940672
36221696
22437060
179905521
219176358
4693134
90207330
37911428
37568297
223319832
83205826
68112282
117895287
221247484
117441906
120212568
170663325
52752736
124321487
9083524
23264361
207825690
133336976
130029170
141648565
177013438
41525637
64583714
16349799
71869851
58468717
205545306
214632635
19846964
59463988
88205197
167999814
64216864
114393692
17179108
21901422
45609733
62157217
55339932
113335676
55646506
20663963
27262896
44291017
172194888
69448141
44376365
119030228
168737008
175276627
155433536
138930245
21500422
57794159
108565694
158045788
25709410
186828160
47255389
127873781
48124816
124858954
194990591
29185127
45312455
24842365
46562605
22519886
202694365
11791753
104976021
26443433
30001526
113480119
36946855
21029536
197028378
18875015
20254986
18035477
53308892
120769821
72339392
50059750
20222427
74961969
114873565
227129283
199649735
160495687
28945687
77107371
62002286
204340679
17067274
90319101
183000811
208033568
12646046
164701808
34115009
206919580
34171777
7847499
218176510
99633102
174458368
55671807
2847665
73624823
36104352
121457209
37562436
151657936
224484806
153889469
196070320
235316545
237205469
128372682
158662987
142308570
38210801
214597106
99276942
57170717
213459694
174643017
223003229
160019518
12836134
29173873
125275265
21195757
23772260
142443123
197898860
159430749
134790943
87519358
19609331
12668579
144760797
5115078
178728370
73257913
196299138
18675571
84083207
23772651
61810012
189410575
37235709
160482770
123358505
50830898
89711562
180178333
5374467
105819433
65994772
170562981
187708219
91084373
24457846
113761009
96981802
72465463
118532548
190075917
179932565
197986138
108112880
178842000
149003683
196344140
18100666
181621830
29885607
23494700
97864707
11965021
29460016
21718117
175860908
38080274
24465749
3926158
65000636
7351867
5680167
58529527
49604569
42023687
201817543
121590988
92156613
139546898
50218698
159042770
61258493
80789701
108223987
129761236
89652325
4665841
198241052
163363064
57121014
88562593
12653374
6633662
73064465
34126305
39571953
104237381
91898138
98512155
89462142
40094000
224516379
12354015
204973650
13121597
25437142
20902218
26011994
170913021
100402324
216218445
26495927
40787529
84102808
73204163
51509301
113069708
71472444
239255362
51224644
12472282
13101126
203604352
27844906
218597847
4816916
135785624
141585396
184705946
170826030
162092822
179290462
128171550
21472844
111095386
65492477
164906746
81917894
28993752
117644287
71647530
98893972
77529871
152349619
105134805
152764861
186927912
231689661
142431356
57310979
125801812
134669598
20920012
7034890
33339451
39116350
133114542
183805882
87572705
55902007
124033052
73562153
76022008
7564870
240417279
98741475
220799424
43119187
147715782
180216582
80833583
146521201
119993263
158878618
226899007
201487768
63258383
167072294
191940851
13953758
158013941
147222686
87682382
228310395
38246393
148667186
137040924
221257095
20986073
50088924
145568574
192484681
189430646
154935078
212203588
139923925
130477199
18562932
205714526
48705010
175341310
164043120
102198847
14840633
13312778
49019835
174519716
179785593
37521106
124141809
115113426
30738505
94109506
162308027
39134710
97470991
120153144
42818706
72189309
143349955
154910985
64275447
23442890
18274804
148730683
144560486
36451048
39919347
92847850
16232495
170186180
45499498
149054708
215701428
29441184
104688364
7929605
31343334
85174598
23555915
17593080
56445091
170181703
50990938
48877113
31839036
110563739
69171397
29504083
28261412
36175824
4708665
71101948
55049204
82262552
136847994
59091907
71221282
152719144
39727673
156180893
80501300
94265883
47062917
153416495
43278656
17971358
27120637
26218851
92037966
194516443
32972075
148165520
76430145
31887967
107932391
146692906
25749267
138881304
80300604
93914920
126379577
40705259
199894187
133712560
60827436
11482242
17565795
108716058
134242248
238368384
90615777
8828093
39605156
198871507
106451279
74336329
107405418
123163503
115231261
125292908
132366800
79878461
175728131
197055660
26324019
35364127
211923097
140811462
34386022
40339237
174456224
32389730
178674639
205989150
85117581
92404803
46017257
62399768
234586848
83939664
202152048
159356195
127009243
164162543
39807835
56600823
150053725
20515046
88931328
79506885
66035282
58937430
16682295
186904834
105376144
39382824
5960038
86770153
213601837
15993832
204385711
7834682
80091711
99529338
104672115
224703385
48378904
81253043
217527543
215439381
57592225
21458576
58116915
28305155
180145582
25076781
203990191
133524721
116210324
46350711
92828575
124098604
29693176
211894944
54929723
154876130
97926777
45120219
45784334
26264401
12508040
54450130
182718871
40679971
182223690
26175124
212994035
17912577
198460820
210527073
6507998
68060953
64466631
94449380
105073039
129508625
141982082
221116742
5028591
80954931
54788740
134907618
104293782
173728843
120332592
27363711
28126252
25143511
81923532
22973433
3680615
45750363
66456327
4132335
199096773
27372216
50566080
19684885
176309381
19874816
21595388
22048228
160047762
159067638
75756900
118743416
86274213
127962877
132517464
191798415
42373830
177035681
42656290
65407816
194471462
31403167
149681957
167880862
25079940
21710337
132029770
117964204
183343127
142060605
71192285
40457024
33413756
62573812
186599330
47431204
168962475
21322383
203839026
18145805
112878692
45124653
107371628
37860254
30339081
42081748
186561976
52512681
119502508
177061771
172886496
120359167
78245582
210340286
183831651
221050278
176499188
227114329
13440772
116389967
213148661
156228830
136625214
25911138
123923938
177071763
83045703
45304496
91872645
116181629
88480346
91101235
101876748
60390827
132982965
210384798
50927394
50012237
16427921
56071279
206670702
185228984
185460693
214880314
48202518
128565361
17232810
119718520
127550493
157062425
229033663
180613817
177272205
165057364
107947980
129870942
28304219
214493162
192937816
131771968
69796326
57638046
89428566
185968609
54573422
16696306
62072852
161898961
157644593
39758326
61513631
5931153
140190432
145930873
82016949
100145466
7145399
70143212
24867464
42841850
111345598
144779359
213296646
7834113
91421697
17989600
165908742
69973356
140295652
133372697
29610835
109498559
172327601
215163127
218631562
28510750
91729134
63617899
63255847
193760944
97803246
32150732
41780704
51527646
69141096
228415399
31342032
131994642
118673508
28481203
167234730
146039389
64640518
158341841
9730341
207961070
3989459
36155530
71619717
29689870
185918725
79819296
92155729
31698947
179026003
213356697
20846337
73016642
23699304
37696649
50414691
42318137
34560239
30656225
47568412
30961006
38333348
146467645
70267814
192149993
116942179
89641761
62861930
45545913
35767219
149690985
133077831
126122973
108173304
86163447
17771703
225263355
85308147
65714211
70512351
43989401
154818472
24561579
125707252
35887986
101438633
5844207
117068122
29563363
30508809
169396284
92086882
24789823
185714566
45411192
27564453
174545168
90532621
155520329
118249308
99526652
179238691
205774170
214017080
44415106
141402205
99640184
23084286
73352027
207496341
143237919
66125432
47327481
215074669
35377966
67482372
160700350
169428394
154661975
12502225
125807607
216871465
49780117
30657816
87915934
193327770
39246907
168773317
16118263
113738790
138065361
21242148
96181572
23731333
199260987
203826805
24199787
122972591
6059266
105200487
145974766
5688066
74538185
183943047
108707973
61327207
102368667
122922941
186128910
41610979
122210315
47269020
154603923
31444991
24622942
83056576
89436362
142874380
41713783
60459323
77977482
132502113
187436509
21373467
90408590
41834954
101858861
45755673
29551264
84388079
33917733
213049421
149417464
31566597
210509806
211843607
220861576
22765721
185834660
229682912
23469598
166585715
82526919
159451623
96896986
160736313
144633943
21118949
79621264
66211000
74189507
91735715
114340097
173883085
201863905
168847398
180135694
91040158
41323450
57399963
20128175
46752023
168330890
139605954
203603403
232577791
201928594
171826301
136901975
27014359
234683867
62121860
80521617
209879331
29216206
61497366
120653325
144208741
21864453
60061012
40278500
22809307
22590559
77241178
151362268
62194876
105525036
196439230
45854350
55063161
159705402
181278189
184078624
25940421
163706438
101635732
96120024
112566406
18429174
56289566
188551213
129403767
67659962
208246430
67386003
137023772
151792568
8136132
218396065
40641695
30734076
12487643
11457425
115070056
30284749
43401995
111963124
123697996
171881738
117076372
12560333
16624755
34946712
201569918
24028395
7252111
182982825
12441677
138210601
21184357
57712400
55022088
51078527
149200203
25390799
144974241
26231308
57154275
234701920
171335369
42523179
28766931
224197449
67570159
41249677
6883331
114383768
85266588
34099453
234228994
84993652
56510341
48672234
37267100
123567830
91222694
11622260
228213380
124933880
202451012
98356623
177476801
2909649
67547827
187345715
194943266
115572921
97167969
20079167
19802894
107473579
35586754
45028303
91981730
167428493
131447403
232581892
30247742
220918817
78141933
70859156
82413005
43322784
124028557
74912433
97991169
7614011
178636404
194109304
138071761
136267078
115861380
51072253
21786304
207382600
58200174
127173481
170311457
21152426
158785450
42256519
77452862
208175186
166536650
161055211
145163438
46745984
30123994
70576118
7485688
139879170
148969409
4701393
81061620
14097981
121558688
19730362
90572379
49055296
117317312
46855140
47311878
157162302
4848979
29884457
194715793
199590647
215557608
4452375
199163977
95553621
171724483
179367076
122059572
55418022
103545443
196898085
31198938
111893755
110888367
8271680
7383821
85406152
79416173
164879465
7667812
164674480
3200730
23351315
217524856
12438011
35308427
210003678
60697042
24444693
28012831
27971610
125526816
129014678
39407073
83610882
23377407
144416342
97642822
58351694
46593209
25760844
132242533
26248770
33837337
38034331
150018609
186861372
105689534
166000049
68384127
114917577
119266071
66610631
220290268
156300993
208300282
126839031
19771926
172728580
177387327
27856217
24157734
119082786
142790933
60815014
112369261
28923976
36923347
101258208
197678249
76001595
48579369
34975754
41720677
41678124
157724058
61304015
55325528
75860091
101542106
41900759
26563360
45685725
39426714
31524733
138765434
179008126
174964754
105635627
101229756
108014013
195418452
20098802
33393275
185478765
142617627
180589424
6021163
181524619
127521665
223555836
152563122
48849777
12295194
51280737
180078337
31200328
127957910
61016535
122881400
35700873
73136841
134898112
125663959
77362231
162681819
105918505
152477575
110102121
157022127
129950696
164493161
38254122
39728500
150788728
182840178
27847685
207924113
141274605
38552664
202206503
174142057
99222213
6800315
75882234
118002571
24451949
96833224
13324447
189898451
21517931
75086814
79948306
8885125
129182085
101610582
140495305
195568758
45571360
165076260
161831734
134622840
211450962
115663021
54390323
165435490
187205297
31285400
196230919
137027387
92778839
115004162
176583850
41672322
150837635
32451740
104487434
89944715
38910695
7216836
209801633
28557169
201426571
154612390
24941673
67001855
94591178
215197827
19418453
82938732
182524203
197968696
147994655
181685102
126291145
174731681
27794046
85496458
21457608
135108442
65274008
33306112
48919202
85163904
154332720
185519149
38476717
40740919
11545204
85848996
121473599
22187730
106214023
145997771
138267697
15421342
118865152
136215701
93668139
51972232
227813787
12006361
197945771
31416695
42562818
21056482
33219133
214398421
121948672
13474591
56602543
134911170
118687430
18898093
117267632
58991407
90490412
124940680
55594091
227289598
63141139
41233214
30319355
127659558
71717262
37104722
209410998
51962135
18204586
112705204
120448054
85936689
114702040
107539087
27784249
69753803
13265639
64728789
90388822
66409001
20146251
88167090
162908689
217584360
57427362
79636064
160663410
179215965
108788760
143875980
237853375
200593056
8660324
85980826
38940498
46775256
212004290
84498077
172027281
43617056
45433986
79751311
53466903
23087140
103072338
44382912
153253574
28910561
58241622
66609987
17304309
20516006
178558627
89205798
19702223
180538756
51459017
106642120
50914268
156419438
190541912
78517966
96590492
102521422
23531023
56514933
19912723
133212552
223088187
107824793
69763211
213489116
86643645
66101585
22269297
181508376
229783972
29377972
48688897
68708586
21054857
83389854
5418121
107035526
135201085
200689806
39460955
101649416
161642065
133261721
141384735
109957420
134951744
26032808
139299289
47969438
48319926
37028113
228949028
35421450
31304554
63695669
22087422
33027275
56126970
62937901
44203468
122431920
192724739
12464506
49674520
99122854
39291777
41996139
170244241
59509634
17509969
125331198
22275551
127711206
17996682
156682491
233841605
116460774
55522302
95811739
126261348
6770131
55486964
68712485
21011878
24116812
52829836
180180684
193436105
28848251
30504135
128367806
33838135
131206750
57187331
182674218
19167760
183238750
18056971
112200359
150485053
24682499
161165540
33324790
103143140
151810624
215148795
27437666
67549748
21287867
235884892
209480024
23829325
59408464
174783807
79572884
69391421
128561490
65826422
210991387
131926466
26939696
53447479
133946374
55948180
182222364
51976191
45367056
170868954
11974070
12952276
55343141
51719834
30073293
22149966
57042295
132743445
24514077
30334906
136332710
27730836
227508124
114437362
92268482
118412519
154933739
32658532
136610598
132567148
71828131
44479197
152951645
60980894
57866428
151326181
25728083
206488930
135164306
33735172
101888558
130138136
178176868
214815599
82597130
37304899
113060525
25863046
159727078
23898108
118253279
179380733
97307557
55731540
39580604
156830161
117664918
88398474
58634679
7900767
118336238
27493109
144838368
147551689
64754429
120345587
41496583
145252421
29641253
220316778
194548696
121289151
25615269
32061881
134510776
87611974
107658089
142563914
171166173
85379632
6700184
189478584
224429669
32331785
214958438
21151752
144885157
164105609
6995542
139587189
6507319
156882887
194219772
175126866
104909271
113763976
194590723
115637643
16590230
155646950
27224471
30668958
120928578
196888895
45707945
43355175
165094206
21215535
88322894
64406983
26556896
109233782
44600057
67174703
129265162
40083331
34647567
203404632
161928181
94609157
18313523
100935555
28767288
57702321
160681035
25490449
115482710
195467352
94924951
28128395
138057979
204548113
188872456
221626282
187161347
19355362
93978029
182076489
196364650
73099992
232922784
99930677
124006443
41087523
38910206
48739583
189900091
26881246
92178894
224822873
17342600
51668055
81279514
195842714
41896267
78409950
65828326
4575592
153599888
70374621
49049251
125778783
110347096
135539091
223746724
209100965
91398557
34532707
41560368
181690982
23209441
120778012
174516257
67356696
183836863
66085062
85049796
24790193
105229904
15196979
19216847
136386817
195587498
129539044
212436238
23091976
50760217
76979402
180443993
204393702
88981067
158005054
23612085
53012771
74324282
110236717
38098505
155716875
31802198
216780148
158198858
6123373
21328911
