2823474
2839570
3015829
3122283
3132623
3138644
3209714
3213850
3224143
3228912
3272081
3277864
3367345
3404808
3415386
3425404
3512746
3527798
3555722
3605187
3607020
3618305
3621988
3692317
3714651
3750463
3781151
3823273
3844147
3861668
3869569
3917853
3921337
3940871
3973044
3991556
4011288
4020509
4050271
4054032
4119694
4144779
4147683
4157345
4191442
4285852
4295614
4312137
4317985
4361003
4387147
4406736
4518475
4562069
4563685
4618634
4648372
4676623
4677961
4720649
4724338
4743560
4755622
4786001
4821009
4863025
4871245
4957248
4967988
5052361
5067367
5091895
5104902
5112700
5121704
5135205
5224067
5231210
5252456
5313099
5362772
5437720
5454723
5458832
5474480
5489996
5493451
5499965
5512477
5513137
5542338
5543181
5564611
5567480
5591087
5603217
5665985
5688974
5702896
5763635
5794758
5806539
5826993
5857536
5865298
5867442
5886907
5887021
5910484
5934155
5953803
5968579
5973480
5993877
6006354
6017959
6020757
6029327
6038130
6083655
6093430
6109099
6109168
6141776
6148377
6156184
6160917
6181011
6183485
6190589
6206432
6218578
6239434
6248268
6252474
6254455
6254624
6256787
6263009
6263279
6266981
6267845
6294160
6308988
6311327
6314911
6317199
6331659
6342645
6354120
6360910
6400256
6419347
6459571
6470072
6477980
6486431
6493622
6495805
6520843
6531694
6531746
6538565
6541037
6556666
6560574
6567415
6590292
6601523
6608313
6610859
6634378
6642942
6647357
6665098
6675678
6680550
6710781
6738412
6741120
6752053
6786755
6787169
6796410
6798309
6801101
6802201
6842505
6870464
6874368
6901685
6902913
6922816
6949404
7000407
7001839
7010539
7012803
7013743
7050768
7059280
7070485
7074760
7077185
7083829
7138927
7155070
7166508
7182196
7231505
7258692
7259621
7275715
7279089
7307811
7310885
7319238
7335532
7341550
7356026
7421996
7423521
7431677
7441024
7460550
7478395
7483674
7498278
7502908
7520411
7521471
7538110
7540600
7544012
7560342
7581515
7582585
7586717
7592575
7604166
7637578
7650113
7670235
7671612
7682000
7692447
7696382
7713446
7715062
7716087
7727017
7762198
7771590
7773916
7802983
7817318
7865820
7891362
7904630
7907134
7913980
7917343
7927648
7929098
7934057
7938305
7939004
7948323
7975047
7995068
8015806
8040604
8070816
8072513
8079037
8079397
8088712
8143017
8146439
8147901
8149701
8159930
8219970
8236615
8267198
8273288
8294180
8323010
8342343
8368540
8374623
8380538
8383418
8409825
8440639
8467204
8532582
8559814
8575200
8596639
8653828
8697510
8701733
8763765
8911773
8950555
8957210
8970819
9018718
9058880
9106658
9109470
9110819
9126207
9167424
9212705
9349984
9596281
9814949
9837372
9976671
10059090
10199189
10360501
10581833
10816905
10857432
10866137
10909456
11027663
11032593
11054630
11059888
11108079
11109390
11110353
11225776
11238818
11245874
11250843
11276654
11354803
11376189
11377981
11386059
11390030
11390670
11393202
11396594
11410352
11426327
11456786
11462865
11470226
11499436
11537774
11548023
11565932
11575757
11621665
11623092
11623314
11623465
11631213
11643508
11673360
11696237
11696334
11697040
11698857
11704265
11705139
11724822
11795285
11803696
11804463
11818071
11831797
11834220
11844428
11846195
11860842
11862898
11868009
11870551
11877719
11881848
11882470
11904261
11918189
11925304
11953872
11957681
11957928
11962551
11970543
11984772
11992506
12029160
12029587
12033720
12040187
12043816
12047030
12047553
12054310
12071263
12074575
12080706
12094166
12125652
12126554
12137968
12175591
12182041
12185222
12195737
12197385
12222106
12233321
12240420
12241606
12248262
12265999
12277280
12280813
12284076
12288297
12309195
12319708
12343116
12347394
12359717
12369048
12376178
12390040
12410313
12410658
12411382
12413034
12419364
12422577
12426681
12434209
12440616
12445182
12461387
12461685
12475869
12476841
12478095
12478142
12486344
12486439
12490077
12502579
12505829
12508040
12521224
12521269
12523101
12529704
12542627
12554385
12564071
12571255
12573376
12575454
12582084
12586211
12586795
12595888
12599284
12599721
12601427
12614613
12616189
12617661
12630147
12631574
12632743
12635483
12642759
12646054
12656651
12667827
12669528
12673053
12686402
12687603
12688653
12701533
12715813
12723578
12730310
12733579
12759009
12763922
12770264
12773375
12779848
12786815
12800011
12801059
12805080
12806327
12809424
12826040
12827542
12840748
12846279
12846887
12849143
12854615
12858220
12861048
12861351
12862564
12862918
12870014
12876421
12881261
12888150
12907791
12907994
12910076
12911172
12923131
12933279
12951675
12953681
12960709
12966143
12969370
12978838
12979952
12989814
13031153
13035015
13050139
13064325
13067071
13107775
13134682
13152926
13154485
13176666
13182585
13186309
13254262
13263073
13263555
13288726
13289406
13300735
13308519
13328091
13378908
13391973
13434662
13438310
13446468
13459017
13480221
13506207
13513480
13515165
13517912
13522502
13536544
13543558
13587010
13616926
13617091
13642334
13644473
13675930
13707908
13760609
13773063
13789348
13854845
13868094
13871329
13904794
13907362
13911004
13929380
13940476
13965210
13967569
13968319
14035822
14044709
14071845
14100348
14113362
14120516
14161989
14175235
14197036
14199136
14215477
14222668
14226397
14237235
14244223
14245602
14298943
14322014
14343458
14364822
14370780
14377963
14406603
14447542
14572810
14741833
14742473
14762383
14764712
14787544
14802024
14824079
14882471
14890937
14895791
14940976
15019410
15041615
15041837
15078255
15094158
15098028
15105425
15125583
15129806
15177910
15191116
15200435
15287381
15301809
15311228
15326473
15347042
15393193
15421300
15424803
15433392
15449302
15450575
15452124
15462180
15488590
15505615
15515062
15546658
15565427
15585173
15605481
15643384
15644504
15660902
15669045
15672581
15688362
15700051
15722695
15782552
15944210
15947885
15955845
15963752
15984731
15986537
15993848
16003350
16016185
16027267
16036176
16045233
16067861
16078345
16083528
16089506
16099120
16101034
16104572
16110276
16131075
16136512
16152547
16168359
16170036
16178243
16229553
16230308
16238244
16248314
16256781
16264992
16267579
16293685
16297392
16308065
16317820
16319723
16326492
16346897
16348839
16349149
16350820
16352384
16352946
16356359
16376488
16378047
16401855
16404222
16417955
16418487
16426859
16430959
16439282
16440610
16443195
16449365
16453189
16464570
16467513
16481453
16496789
16496810
16509637
16509872
16514770
16528819
16561531
16569819
16574726
16604503
16612752
16619228
16620712
16631701
16632289
16639554
16655697
16661779
16671583
16682342
16699173
16702611
16703832
16716037
16717927
16718156
16719914
16737428
16737617
16766484
16767147
16778712
16783686
16785867
16791645
16812880
16821965
16823026
16828358
16828617
16841467
16851286
16868300
16876292
16891323
16908527
16925647
16928949
16933440
16935794
16955264
16956271
16963869
16967126
16971371
16985366
16991987
16992005
16992395
16995245
17000328
17015950
17019402
17038513
17043931
17069574
17082579
17089133
17093334
17102995
17103438
17129937
17132567
17134237
17146167
17155376
17157672
17158614
17158729
17164909
17191936
17194429
17210431
17211879
17217180
17219795
17238060
17260027
17263385
17265398
17279418
17286696
17291328
17296768
17303887
17319052
17320142
17334933
17338005
17344936
17346426
17359886
17375857
17381784
17382201
17384428
17387352
17390174
17402508
17402909
17406037
17408899
17418301
17419863
17444159
17446729
17447729
17448568
17453369
17453716
17472869
17475206
17476197
17481075
17481127
17481261
17488982
17552608
17553575
17557136
17567658
17579567
17590888
17592416
17597918
17600457
17606120
17606709
17610455
17614777
17633210
17678373
17687401
17718962
17720877
17724076
17726868
17731441
17733915
17743514
17750681
17753201
17779150
17785731
17786176
17788760
17821775
17828865
17850322
17854229
17854685
17859355
17865849
17871559
17882065
17883201
17894614
17904589
17918245
17919141
17948120
17951391
17955790
17967343
17978642
17982102
17987252
17989329
17995846
18002175
18002361
18002591
18006376
18007368
18011951
18020043
18033443
18053411
18054027
18069803
18070216
18077162
18088124
18093771
18100677
18102525
18115499
18117145
18128518
18130857
18152978
18163349
18169501
18179440
18187372
18203466
18225968
18226717
18234944
18235066
18235893
18237620
18240022
18261374
18262849
18263614
18266789
18268224
18275621
18281514
18293311
18298826
18313208
18323089
18333876
18337913
18339941
18342117
18357552
18362406
18386064
18387507
18390014
18391150
18394906
18423663
18427723
18430697
18437198
18452254
18471423
18503175
18515856
18518468
18523982
18529576
18536027
18541358
18561414
18562229
18562463
18564986
18566504
18567582
18568100
18572687
18584093
18593271
18595057
18600461
18607209
18607557
18611840
18619609
18621616
18626399
18628974
18633119
18647139
18670673
18671473
18679976
18691099
18691432
18700980
18707340
18707715
18713488
18718521
18727421
18729446
18732063
18740136
18742910
18747110
18751844
18763344
18804378
18812682
18814544
18816787
18833099
18837442
18841752
18856036
18862775
18862896
18863394
18878114
18882626
18885970
18894830
18901349
18902755
18916107
18921579
18923163
18929368
18948927
18955179
18967486
18969866
18981034
18984617
18999295
19006050
19006282
19008323
19021264
19026707
19035196
19035599
19038160
19042076
19044623
19053304
19063037
19080365
19087601
19099018
19103555
19103719
19106695
19108038
19111625
19114530
19124813
19137812
19139501
19145997
19146184
19149782
19151328
19153279
19159588
19172985
19183924
19187251
19189881
19207328
19213856
19228913
19251219
19253217
19254984
19266002
19266029
19275369
19276642
19281659
19282651
19283189
19292995
19293219
19300827
19311842
19316238
19329242
19329245
19336712
19338718
19343733
19375853
19379585
19381911
19382929
19391070
19397101
19397568
19400436
19402231
19408530
19411748
19420698
19420876
19433460
19436278
19441060
19448019
19462379
19463379
19463644
19463829
19472886
19487564
19488133
19496163
19497155
19497650
19501665
19504188
19506530
19535595
19555289
19559048
19570597
19575800
19576549
19588951
19594924
19594971
19615312
19631763
19646713
19649146
19658184
19678011
19699448
19714230
19714913
19719284
19727403
19731911
19733331
19759163
19774798
19800121
19809110
19818327
19824851
19834353
19835643
19856241
19860013
19868308
19872977
19874394
19876078
19882217
19882415
19902123
19910389
19937807
19938650
19950210
19955918
19956591
19957498
19970615
19974991
19984664
19984845
19987864
20000213
20005279
20029284
20033605
20079095
20087939
20091697
20092284
20098616
20108866
20117068
20124684
20134871
20148902
20152120
20179786
20179850
20187471
20195609
20213700
20235296
20240741
20275700
20276498
20285849
20290182
20299315
20321969
20323312
20323978
20325013
20341158
20352538
20362124
20371713
20373421
20376802
20383911
20385604
20398651
20404797
20408776
20414630
20418724
20435540
20438965
20442349
20444725
20446560
20451079
20461369
20484617
20510219
20513972
20521370
20530470
20534601
20540826
20552013
20569697
20578491
20592886
20598342
20605793
20607227
20607387
20621118
20621173
20654328
20662644
20662812
20681977
20686207
20692326
20707471
20713365
20714076
20727497
20728402
20731926
20749568
20754297
20761110
20763938
20782640
20783466
20784664
20786465
20802326
20807602
20812170
20825832
20833064
20833805
20834823
20853251
20863130
20863733
20866822
20892143
20903822
20913526
20919898
20945932
20963957
20968286
20968575
20996092
20999610
21002143
21003139
21005203
21009297
21010295
21019950
21024757
21058716
21064657
21079014
21079486
21080554
21083157
21083497
21084936
21091381
21095512
21098037
21110764
21111019
21112394
21127696
21136297
21139107
21141177
21144377
21146967
21151509
21157463
21158008
21163017
21163046
21166406
21176977
21180105
21192919
21196993
21198720
21198891
21209377
21216552
21221296
21221862
21228253
21236418
21237076
21237327
21239883
21244749
21267406
21270342
21277233
21279022
21281366
21284269
21295987
21301896
21310034
21312360
21313480
21318900
21325584
21330961
21345789
21359738
21365815
21366663
21367830
21372171
21377624
21391427
21395074
21400883
21407026
21411827
21416806
21417144
21419398
21426905
21427557
21438752
21450613
21453737
21456323
21471166
21471437
21477889
21485289
21485810
21494149
21496234
21499535
21511880
21516707
21518467
21523507
21523824
21536175
21536643
21555173
21566687
21576053
21579116
21582851
21583268
21587083
21623298
21627011
21629145
21637591
21644549
21646098
21650290
21657858
21662328
21667699
21669498
21676435
21681198
21690239
21693284
21697720
21699433
21701585
21706595
21706912
21708766
21717149
21735185
21737099
21739169
21741427
21743326
21761809
21778297
21780943
21784806
21801787
21808739
21813570
21835448
21845630
21850027
21851051
21855233
21863059
21868458
21879968
21882695
21886135
21888779
21894560
21897039
21898918
21930098
21964476
21965404
21972842
21976614
21985120
21986716
21988166
22000977
22016560
22026915
22033332
22039579
22041776
22044300
22047732
22051187
22055191
22057590
22061663
22067377
22072123
22072394
22073552
22092494
22096782
22098873
22115722
22116778
22125336
22127773
22137059
22142513
22149048
22157348
22157782
22159631
22159813
22173891
22174403
22175533
22179904
22202695
22206112
22209957
22226762
22228288
22229385
22238026
22244637
22249516
22254435
22257066
22258039
22263643
22270991
22275336
22278611
22279634
22281853
22281858
22285720
22295165
22302053
22302939
22307506
22311822
22314792
22341851
22343000
22350168
22353574
22353910
22359356
22359620
22360080
22367372
22370617
22370732
22384705
22406264
22411641
22413135
22414650
22416238
22434579
22436693
22442854
22456513
22466277
22469208
22471395
22473073
22474242
22476131
22482028
22482306
22494607
22494884
22498741
22499016
22501955
22503574
22504285
22508445
22514270
22528377
22529865
22535743
22556177
22561698
22567402
22576527
22579720
22587497
22598471
22598933
22614888
22624772
22637928
22656295
22661629
22666328
22667288
22668274
22681053
22681064
22686193
22701129
22721625
22732329
22735894
22738710
22739607
22744546
22749282
22759609
22767273
22774081
22775775
22784121
22784323
22785786
22800578
22800804
22803314
22811299
22829366
22830002
22831768
22835876
22839428
22853082
22854835
22859595
22870951
22871299
22876499
22887194
22888329
22902425
22917222
22930687
22932715
22938158
22940417
22941104
22944033
22948490
22956640
22960338
22987003
22987729
23014620
23015756
23025963
23033318
23037715
23063512
23064534
23074225
23075318
23083714
23086955
23091088
23092587
23094347
23096858
23099440
23102014
23106417
23112612
23113566
23113622
23114221
23122656
23140961
23141340
23159510
23169710
23184905
23185795
23188771
23195259
23217315
23222454
23233265
23235578
23236816
23248449
23252619
23254200
23257127
23262020
23263551
23271074
23284322
23287785
23291358
23301493
23308513
23308604
23320131
23365867
23366492
23370219
23371543
23375694
23376768
23379779
23386768
23387810
23390961
23400288
23408258
23411183
23419738
23424105
23430140
23431024
23438942
23443891
23444009
23454743
23483074
23483641
23497601
23505130
23508371
23510930
23515998
23516023
23522753
23527308
23528017
23532502
23534763
23536521
23542565
23545097
23549611
23555483
23563979
23578035
23580383
23582078
23590553
23590803
23597068
23597537
23598597
23610896
23610922
23617135
23622862
23623889
23636588
23641034
23661608
23664852
23670024
23680593
23690468
23692104
23694158
23696769
23702443
23705094
23708806
23712029
23730884
23733200
23737412
23758697
23767692
23769744
23789012
23790229
23799400
23800066
23812332
23823084
23826041
23829830
23855832
23861766
23869269
23871827
23882438
23888874
23892326
23895423
23898371
23934243
23952306
23955765
23959221
23972511
23985552
23987964
24001065
24008241
24011920
24022078
24040040
24041457
24050681
24058763
24063614
24064739
24068947
24079517
24087808
24090124
24094000
24097759
24098572
24108044
24124296
24130783
24146205
24166617
24168692
24178063
24180204
24191117
24199541
24211779
24228140
24231065
24240687
24240811
24240835
24244514
24275369
24281981
24285092
24285199
24301831
24310653
24314088
24316048
24317113
24328222
24330681
24343542
24343933
24351303
24364995
24367846
24372246
24382236
24387513
24401863
24402388
24417881
24423086
24425018
24435055
24448362
24458238
24463605
24465775
24470883
24476730
24483450
24489903
24493290
24504568
24510782
24510835
24512563
24520433
24520871
24543693
24546399
24559762
24572494
24575750
24577356
24582673
24585066
24589727
24605362
24611252
24611725
24614575
24626406
24628311
24628597
24638168
24639200
24660676
24671047
24671591
24675042
24688127
24691503
24691533
24696203
24706855
24712963
24716914
24721533
24721622
24722154
24738354
24739539
24750052
24763822
24763916
24772080
24796260
24802321
24802586
24802649
24818997
24822631
24824701
24825862
24831686
24845731
24850441
24850970
24851929
24855362
24855770
24864190
24866347
24882970
24897884
24906600
24917434
24919538
24920463
24928773
24933895
24939034
24941824
24948032
24956417
24972048
24990408
24991667
24995739
24999565
24999977
25004318
25031742
25032356
25036361
25036593
25047257
25051213
25069476
25085018
25093692
25094236
25094438
25116666
25125912
25133437
25136273
25137604
25145051
25153789
25158192
25164277
25168975
25171639
25174285
25179305
25185504
25194840
25195375
25202579
25211025
25214749
25216795
25221429
25223144
25227588
25247712
25252641
25255751
25259398
25268951
25280843
25284195
25284976
25307553
25308095
25327263
25347352
25352760
25356108
25361856
25380967
25389649
25397653
25399476
25410369
25424216
25424381
25428043
25433044
25447567
25451535
25464254
25485803
25486349
25487660
25489313
25490186
25507530
25507878
25513940
25514356
25527975
25541830
25541949
25563761
25570372
25573095
25578343
25578882
25584488
25588204
25600319
25609198
25615101
25621465
25628247
25629320
25630906
25631228
25633434
25642759
25662445
25683640
25685427
25686294
25693162
25694354
25696856
25704509
25710121
25713863
25731605
25732890
25748840
25751980
25777068
25780510
25792922
25799528
25806754
25818722
25824294
25853378
25863832
25864104
25873172
25873902
25874704
25879672
25881657
25883895
25885361
25887282
25895426
25904133
25940586
25944960
25945954
25947981
25962215
25967171
25993915
25997120
26004456
26006929
26018476
26019580
26026121
26038416
26041162
26050126
26058043
26064238
26065453
26075607
26082080
26083932
26085805
26091362
26100217
26100359
26108871
26117390
26149627
26151658
26167136
26172122
26191911
26225322
26230485
26245072
26250099
26258745
26276295
26281685
26284814
26303525
26320775
26340270
26341851
26344394
26357827
26358982
26365267
26374290
26384627
26390334
26402798
26411700
26415151
26421566
26422681
26426801
26433887
26441536
26447858
26461514
26461738
26463088
26464776
26476529
26481544
26494893
26501623
26509276
26509980
26519734
26526594
26529774
26560099
26565165
26565438
26575889
26584279
26590201
26594818
26594914
26605137
26634145
26635969
26641950
26644232
26646260
26648481
26664483
26670878
26673207
26677382
26681096
26684718
26688527
26689540
26691675
26692986
26698051
26702096
26704690
26714896
26716727
26719181
26721792
26723655
26727687
26731020
26732420
26745306
26762197
26768452
26773232
26783997
26790385
26794195
26794218
26800577
26813783
26828416
26849161
26863556
26869700
26872857
26881437
26886787
26897929
26915859
26922532
26924869
26925760
26928024
26937068
26942111
26942354
26971055
26973967
26975110
26975647
26980538
26981958
27005421
27006627
27008298
27012493
27016512
27024234
27041730
27041775
27063434
27065240
27065622
27067056
27068740
27071353
27072189
27087636
27126329
27138071
27139417
27140393
27154401
27162914
27164044
27188704
27194593
27197127
27200606
27202876
27204423
27209254
27210114
27211330
27217986
27219705
27221207
27227672
27229927
27242559
27247237
27257966
27272593
27292165
27299829
27309335
27324119
27325237
27325655
27333785
27335409
27345780
27352966
27356692
27357187
27371225
27376208
27384089
27385486
27391757
27393382
27398034
27406454
27407469
27416616
27417552
27418185
27418625
27420801
27421167
27421315
27439260
27440581
27447677
27459388
27464465
27473637
27484791
27497316
27498048
27509558
27516653
27518406
27526103
27535008
27537240
27539896
27543581
27580463
27582585
27592555
27595278
27598017
27604179
27606989
27637876
27641358
27646817
27651408
27654808
27688356
27695426
27702533
27702579
27703354
27722049
27722914
27728826
27737753
27742785
27765484
27767946
27776862
27786335
27790337
27794471
27798030
27798801
27817508
27828272
27830535
27838000
27844295
27849941
27851520
27851622
27862599
27867786
27877580
27883314
27887874
27890183
27892275
27906211
27906722
27935939
27936446
27940526
27941043
27943071
27943795
27948854
27954536
27956870
27964471
27969429
27975059
27981109
27992514
28000927
28000970
28011974
28022852
28044666
28061917
28063612
28065587
28067734
28073538
28080237
28086720
28106058
28111414
28141005
28149586
28152108
28155161
28165475
28166814
28170205
28178061
28187309
28203123
28222458
28230063
28232846
28233183
28234239
28243931
28260770
28261261
28262093
28269091
28271584
28272730
28276812
28290228
28291944
28298353
28301100
28301331
28317971
28321761
28331708
28339168
28350012
28356001
28364515
28375683
28393165
28399407
28403475
28428560
28429738
28436959
28437733
28438619
28449470
28455215
28462896
28463432
28466197
28471619
28472565
28476359
28496564
28517698
28519006
28522656
28527393
28530935
28532324
28536063
28544337
28556173
28562861
28563058
28575503
28576048
28590269
28605839
28609198
28620285
28620540
28620645
28625113
28627847
28629354
28629918
28661694
28673603
28677722
28689240
28690519
28699553
28700014
28701984
28707702
28761011
28775361
28786394
28799738
28801930
28807093
28821062
28846017
28850991
28865799
28872782
28879207
28884750
28898621
28917404
28922785
28931227
28940831
28943462
28946005
28979902
28992517
29005900
29013283
29029463
29040475
29046037
29050199
29057279
29057426
29060753
29063355
29069806
29080846
29082398
29087974
29105831
29112498
29117887
29125065
29133679
29136251
29144816
29151635
29154268
29176699
29181017
29192698
29194874
29201486
29207412
29209851
29216956
29219535
29239129
29274296
29290686
29294959
29299668
29308351
29327635
29329756
29339013
29343750
29364747
29371618
29392289
29405031
29406687
29408744
29418585
29445132
29447445
29468106
29479594
29480360
29483830
29488310
29490967
29494316
29508386
29520795
29522430
29542451
29551044
29554155
29570349
29573112
29592038
29601872
29608927
29612537
29613993
29620628
29625367
29635114
29636775
29651392
29672031
29674413
29693583
29711515
29726095
29745684
29749093
29751267
29763464
29763736
29765405
29769570
29791328
29793551
29798583
29801892
29819623
29819909
29821034
29823991
29826448
29854377
29861726
29864782
29868155
29886649
29888995
29891868
29894473
29902018
29905763
29906136
29909862
29919100
29929027
29943298
29975002
29975783
29978118
29980600
29986660
29988895
30009216
30024110
30024314
30037935
30052526
30069625
30073964
30076057
30091749
30096203
30105001
30159764
30189718
30192105
30197237
30203521
30208197
30208288
30212271
30221566
30232483
30235290
30242784
30249869
30264062
30265689
30269791
30281665
30289108
30292612
30300108
30330715
30341826
30343368
30351485
30359192
30370109
30371040
30375385
30375967
30386034
30388631
30388970
30397393
30407561
30411084
30437273
30444667
30446462
30464353
30464943
30494916
30497246
30511814
30520118
30522135
30522416
30532648
30541653
30544445
30565557
30578889
30581160
30603990
30634644
30636165
30636659
30655457
30656951
30664652
30672280
30677960
30697701
30700148
30708370
30709753
30713062
30721167
30725814
30732830
30735486
30742778
30749128
30757862
30760995
30779202
30780839
30793415
30794583
30795927
30800215
30834165
30835736
30841629
30843895
30850396
30852630
30856611
30865238
30865378
30886010
30899654
30909047
30911611
30918598
30921946
30930232
30931490
30937170
30938438
30942228
30957875
30966855
30968229
30991783
31003800
31009865
31017252
31023810
31031140
31032466
31049529
31050055
31065896
31079832
31085920
31092627
31102852
31108894
31132126
31139173
31157605
31172436
31185769
31198302
31198782
31219037
31228791
31234853
31285143
31296164
31297940
31316131
31334652
31335014
31337825
31356521
31370667
31381463
31399359
31407113
31413794
31423896
31427820
31459697
31471257
31495330
31523325
31530629
31531593
31534424
31562177
31591806
31599007
31613798
31616379
31618815
31623062
31640837
31651919
31665991
31673895
31674024
31678850
31686659
31687096
31697541
31709047
31737911
31741376
31751000
31764553
31793481
31797394
31805970
31816088
31820231
31822628
31858290
31869043
31875179
31882950
31883239
31885474
31909186
31921433
31924708
31963203
31983312
31996134
32007209
32039671
32043100
32043257
32069635
32069791
32075140
32094560
32097905
32106157
32111839
32112051
32118866
32122095
32122904
32129890
32150464
32158400
32169892
32182222
32198037
32207878
32231523
32234814
32234838
32236889
32253962
32258050
32260599
32262553
32287789
32288202
32294138
32335803
32337589
32338205
32351429
32378281
32390085
32400643
32403675
32404679
32437764
32451644
32495715
32500289
32505223
32521406
32526961
32531932
32539226
32543711
32580934
32584638
32587929
32591020
32596034
32601070
32613249
32661328
32662783
32665347
32685088
32697267
32700765
32708283
32717417
32722529
32737949
32744341
32780633
32792457
32797083
32808579
32815779
32839938
32854145
32868594
32869141
32873763
32874336
32883333
32886623
32891038
32905598
32906619
32911097
32921212
32923476
32926011
32926638
32928007
32930267
32966214
32975221
32999004
33020258
33044834
33064194
33068842
33072911
33076637
33080853
33086627
33102470
33109501
33115318
33120766
33122634
33124252
33126628
33138012
33153120
33154563
33178232
33196541
33201159
33211145
33217393
33231969
33233099
33257789
33260419
33292003
33298238
33306453
33308336
33312215
33317068
33325479
33368298
33372443
33393436
33394593
33396411
33420093
33424293
33447176
33458259
33507094
33519286
33526834
33543006
33568988
33569859
33572265
33575714
33601586
33622563
33628469
33641224
33644626
33656705
33660210
33661458
33668494
33727888
33734839
33762612
33763994
33791391
33796645
33800107
33803567
33823048
33823186
33837452
33838527
33860131
33904210
33915354
33919814
33926377
33928160
33931132
33931906
33954930
33983139
33983855
33991758
33991864
34025930
34030566
34058565
34079903
34080150
34088894
34108644
34112520
34119637
34121715
34128429
34129697
34147477
34149736
34155855
34166640
34174621
34184512
34185292
34191838
34192467
34208994
34225219
34242450
34269919
34272279
34279110
34339551
34341236
34347218
34387611
34400277
34402265
34413329
34413789
34418200
34424098
34446402
34453617
34456433
34457601
34472224
34475886
34502618
34504174
34608075
34619460
34636488
34670097
34686347
34688525
34708184
34736752
34750211
34764180
34776458
34801522
34805524
34823807
34854304
34854834
34863192
34873887
34875820
34885578
34888322
34889555
34904758
34907635
34914542
34954289
34962577
34969326
34991221
34992065
35016600
35018304
35023458
35041084
35084587
35088236
35098001
35109197
35115350
35120078
35121871
35140005
35144128
35173003
35178993
35202807
35218033
35222969
35249556
35261671
35288969
35298160
35301558
35305459
35328719
35341273
35341714
35350944
35371026
35389123
35398036
35400154
35416261
35417702
35427567
35436402
35443534
35445196
35458035
35460597
35467310
35482722
35497391
35499342
35501168
35505857
35523504
35552462
35570233
35588720
35600739
35613802
35616383
35630550
35639076
35652617
35682805
35684152
35699680
35702924
35706515
35712613
35731437
35753654
35755173
35756368
35817333
35819946
35861868
35867793
35891768
35940521
35948094
35950803
35954645
35956977
35962574
35981268
35987893
35988395
35989556
35992883
36013663
36013859
36019696
36050414
36063088
36065581
36085542
36096476
36098152
36101036
36132056
36134144
36147831
36156829
36160275
36173292
36182002
36182920
36200492
36218518
36236642
36237326
36259152
36259500
36272942
36281777
36308526
36327495
36332599
36341927
36350166
36360792
36360991
36397196
36409129
36414066
36425551
36425954
36439060
36459254
36494296
36517109
36545069
36548140
36558353
36562747
36582314
36588981
36589199
36617374
36622006
36631032
36632227
36682110
36695187
36704552
36734292
36738677
36745429
36749943
36754031
36767074
36775668
36779926
36792185
36828461
36844719
36857480
36883892
36927289
36942582
36954887
36960929
36990644
36991666
37021735
37033580
37049721
37054103
37056006
37088437
37142839
37157557
37164296
37182619
37208716
37235059
37237078
37247492
37275188
37277643
37289383
37293490
37306096
37351532
37361631
37363985
37383370
37385029
37413977
37449182
37451730
37454967
37463084
37474075
37485721
37494395
37495546
37497755
37521989
37545584
37559386
37561256
37562791
37602927
37607386
37609875
37614928
37649934
37662583
37662733
37667111
37677992
37687771
37700646
37702294
37718172
37728518
37729975
37743192
37752825
37762837
37766754
37802514
37818376
37836955
37840009
37851695
37853677
37884560
37905039
37913192
37945763
37954754
37958680
38008345
38017065
38032452
38068988
38078989
38081768
38083493
38084672
38098180
38103805
38109055
38111352
38139368
38140817
38150912
38151165
38154149
38156554
38185391
38206489
38214613
38215664
38225722
38225784
38266830
38278064
38284885
38298636
38309375
38348413
38357230
38357275
38362237
38371863
38399833
38410698
38413736
38430988
38443557
38464800
38465837
38466771
38473056
38479018
38488598
38530369
38534523
38535847
38541863
38547400
38569617
38598225
38600154
38620453
38628639
38640859
38656839
38705795
38711611
38719004
38754538
38763698
38765871
38768052
38789720
38817809
38823414
38826056
38826756
38833135
38859987
38906307
38911894
38923376
38923816
38925187
38925778
38939683
38943034
38943508
38944438
38946998
38963451
38963593
38972125
38979497
38986601
39008984
39025465
39037244
39040610
39043395
39067258
39068126
39076371
39080986
39098574
39102185
39105216
39135922
39165222
39170048
39190124
39191629
39194095
39211294
39219294
39219483
39228282
39230595
39236974
39239036
39239643
39240284
39261987
39303524
39312825
39322197
39326356
39335594
39338944
39357030
39364531
39371658
39380623
39387663
39389944
39416232
39420097
39433718
39446428
39474417
39485376
39487143
39490126
39495220
39502782
39509474
39522122
39589154
39595393
39606157
39623450
39668291
39683371
39688236
39698173
39707878
39736423
39749965
39750404
39766878
39770580
39772129
39782390
39809006
39818742
39837835
39863515
39865247
39888328
39889316
39893374
39898006
39915802
39925054
39931542
39952009
39979520
39984934
40002809
40019732
40019787
40026492
40030346
40032411
40040560
40081076
40102653
40106943
40111813
40118114
40124509
40142031
40146508
40164048
40164438
40169167
40171018
40174187
40177795
40178454
40206846
40207073
40208216
40213970
40222757
40233601
40250331
40257844
40262476
40293215
40304900
40360609
40369350
40408246
40409286
40416820
40431300
40432928
40436888
40464670
40469829
40477458
40477565
40483000
40483289
40502479
40549118
40578078
40609399
40614714
40619076
40626614
40636105
40650702
40650711
40651670
40658186
40660987
40668887
40670594
40672626
40718562
40718693
40748803
40759527
40761202
40772542
40792097
40794538
40803685
40815804
40816847
40817344
40826161
40828105
40837913
40855802
40901392
40905760
40911779
40957536
40969605
41000519
41009930
41020522
41020536
41022785
41026651
41042363
41056709
41059301
41060544
41069216
41083344
41098406
41100654
41116654
41119446
41131935
41179756
41194224
41199905
41223727
41241060
41244451
41250570
41267489
41276794
41284832
41291774
41298791
41303953
41304982
41317490
41319006
41332890
41333921
41343129
41369063
41417212
41426252
41433101
41443977
41445410
41459296
41469609
41473671
41481005
41486269
41492397
41506302
41509116
41534964
41544881
41547108
41548787
41558689
41562212
41568463
41575757
41618867
41619708
41668887
41683810
41688227
41717658
41764768
41774395
41801547
41819925
41820563
41844613
41847950
41856229
41858505
41858900
41885764
41912836
41936509
41951670
41975130
42004939
42005263
42013998
42022274
42057620
42067908
42082713
42090056
42090314
42095978
42103108
42125849
42127773
42143466
42158428
42166501
42183930
42200769
42216240
42239130
42250190
42263644
42279212
42289691
42291716
42304731
42314966
42317933
42350431
42379612
42383142
42403868
42406788
42411041
42424269
42429674
42439175
42517216
42526807
42550841
42562365
42566367
42595962
42621658
42634309
42636067
42654123
42658094
42660485
42680696
42682811
42708149
42710287
42712779
42755182
42760165
42777111
42780865
42781028
42789025
42835636
42880022
42880061
42881115
42885853
42891281
42915249
42953110
42959459
42962251
43018286
43028368
43052906
43060011
43065133
43068934
43074130
43078652
43105436
43112702
43178967
43183102
43186131
43198309
43213988
43224136
43228891
43241086
43251251
43268744
43288641
43295554
43310646
43320304
43369370
43384048
43392963
43462883
43467487
43470589
43484606
43497909
43507404
43581081
43599920
43615494
43631950
43648655
43657761
43662787
43696626
43712198
43718403
43736058
43742127
43761412
43776325
43822434
43838253
43897322
43904406
43913285
43921772
43943978
43956466
43959277
43959902
44016836
44023466
44031696
44032706
44048459
44060408
44081643
44090528
44090971
44100170
44109460
44113431
44122501
44135671
44141780
44146442
44187539
44203779
44210337
44215410
44216236
44221535
44252035
44254304
44258794
44268376
44327655
44352869
44357374
44413597
44414634
44435272
44488221
44500214
44527522
44538926
44544360
44599555
44605597
44629418
44645938
44657475
44667087
44727413
44754400
44762304
44762819
44775166
44788313
44809365
44815689
44837783
44858056
44892524
44904406
44916678
44920777
44923203
44931654
44935660
44943767
44963501
44971534
44975659
44980550
44986813
45009016
45010120
45026211
45060063
45075871
45085025
45090680
45120928
45138330
45179007
45180681
45195391
45213882
45214327
45216456
45227483
45234473
45246270
45258611
45296411
45303784
45307764
45308231
45371191
45387311
45391743
45443420
45445568
45451493
45458740
45475879
45494234
45497367
45505323
45507642
45529842
45567376
45573095
45615494
45618517
45620077
45652890
45657473
45689595
45711622
45739815
45740088
45745127
45811386
45826534
45835643
45865609
45900475
45904905
45912756
45915497
45949021
45957582
45967922
45994429
46018366
46051928
46058526
46069115
46077448
46094637
46103340
46143184
46189493
46196166
46206803
46213762
46248843
46266436
46266576
46267390
46269133
46297768
46307254
46309116
46366039
46370336
46380220
46400939
46419464
46432467
46505109
46525693
46549095
46573152
46599882
46672144
46692962
46756086
46758328
46775757
46786376
46787761
46806002
46819210
46844846
46863748
46886965
46889863
46898372
46938885
46975741
46992218
47010995
47016666
47019764
47031251
47032070
47036640
47043647
47048595
47059181
47059708
47071274
47078432
47080286
47088261
47091966
47098789
47112444
47117687
47144441
47163897
47166408
47171381
47190149
47224022
47278748
47287507
47295620
47297206
47317657
47386783
47388725
47389235
47401686
47405412
47414135
47424095
47428042
47433539
47441077
47448056
47456642
47498493
47600076
47661761
47681820
47686377
47706846
47748984
47759269
47789917
47867435
47876675
47905672
47920380
47957847
47961189
48007897
48033697
48078410
48078857
48123426
48132392
48153573
48173503
48177465
48234966
48247770
48262272
48271707
48338311
48349663
48353093
48354112
48361493
48380196
48429698
48464099
48483196
48517301
48526746
48544670
48569502
48582834
48585969
48609185
48618457
48621265
48631117
48664347
48677591
48696287
48698277
48712632
48722044
48742442
48780893
48815141
48871550
48882620
48920547
48923544
48948834
48965530
48969655
49043256
49106877
49107618
49108198
49118841
49188552
49189789
49196871
49227166
49251024
49333587
49355838
49378115
49388121
49423304
49468674
49491922
49492953
49504957
49512935
49532640
49547033
49553774
49575616
49601500
49619200
49644868
49702557
49710555
49725636
49758800
49764596
49772291
49776311
49817484
49839397
49854200
49904990
49907570
49976528
49977364
49996206
50010450
50071729
50078635
50087486
50094301
50110848
50149761
50182817
50186476
50209689
50212132
50251853
50284925
50335076
50340900
50359645
50368462
50376508
50405180
50414562
50444974
50457052
50488499
50515517
50526126
50532103
50596090
50631458
50642131
50694161
50698264
50705437
50721314
50723219
50734714
50755861
50760078
50771240
50771318
50778919
50780396
50781100
50810351
50823443
50850684
50864563
50888462
50889297
50900099
50969269
50973181
50977013
50981876
50981956
50994826
51003937
51007555
51022687
51071647
51128343
51135802
51145819
51192983
51220823
51274006
51291479
51297053
51350243
51366508
51388627
51428561
51441564
51470161
51484958
51517617
51536127
51549038
51549395
51576317
51591747
51620436
51628436
51660353
51668213
51712800
51721252
51738611
51759842
51763322
51809461
51843970
51855084
51866099
51874509
51916120
51928320
51936509
51948627
51985496
51987734
52021546
52067766
52101032
52123390
52131741
52134040
52158310
52187382
52226998
52232829
52333051
52336373
52343979
52408959
52458391
52487120
52490112
52492854
52532023
52557602
52576236
52603479
52614244
52641236
52644201
52678172
52679351
52726883
52735540
52750654
52799550
52806168
52813650
52826417
52827222
52858693
52876811
52911253
52974409
53093111
53159497
53167125
53195586
53228128
53254134
53267843
53298278
53327901
53335338
53352337
53376985
53413938
53435830
53449450
53472062
53563283
53580250
53587560
53596018
53610121
53629855
53638973
53663267
53669063
53671215
53740166
53762831
53842610
53886238
53894207
53914370
53978551
53991991
53994929
54022615
54050560
54097170
54100486
54104170
54121239
54142348
54148565
54150232
54194815
54220054
54228268
54236786
54238347
54245881
54254087
54270444
54273392
54290001
54331381
54351430
54359137
54393877
54394957
54398409
54419752
54424264
54428744
54451915
54455148
54465486
54477550
54591419
54602456
54653720
54697272
54715792
54717447
54778747
54816228
54823226
54858993
54864115
54893004
54906342
54929062
54934253
54953881
55010862
55025820
55090708
55094138
55100023
55105848
55133979
55138425
55184404
55186883
55219219
55246872
55286027
55308600
55363146
55371243
55383133
55420217
55490302
55510299
55532854
55548374
55557544
55562041
55592781
55613497
55615156
55622001
55647593
55661522
55718738
55722439
55732032
55797731
55828191
55834660
55837405
55846081
55891647
55895593
55906861
55914942
55964573
55969688
55984230
55994395
55998916
56058337
56059692
56059771
56073351
56098029
56100764
56112989
56124439
56125598
56147468
56173518
56184195
56257781
56284852
56285830
56296459
56299574
56369561
56438404
56478147
56478237
56538333
56563115
56563669
56566490
56592731
56606228
56647708
56673850
56682271
56724456
56736030
56768942
56794569
56806237
56846395
56855201
56871423
56914216
56946574
56960742
56968030
56987370
56993798
57011379
57012951
57028737
57069526
57083776
57099768
57106615
57110890
57151413
57153823
57179884
57182484
57185324
57203005
57214592
57240220
57254260
57277386
57279326
57288726
57293084
57303974
57311671
57342876
57352253
57357143
57400569
57428559
57434717
57444227
57462248
57502669
57504569
57524272
57534449
57556528
57566839
57616385
57622492
57629982
57692536
57735033
57739112
57788033
57859074
57891988
57926752
57929924
57936615
58020233
58022923
58030008
58040883
58051318
58080530
58080739
58088296
58119961
58123077
58165791
58243921
58285660
58356568
58379005
58395047
58427826
58432626
58451454
58461135
58485066
58498244
58513631
58543182
58575064
58595918
58616482
58618385
58644544
58651532
58654969
58671784
58730921
58772377
58783282
58788470
58806128
58807768
58855614
58895136
58903853
58924328
58939600
58992424
59046178
59074256
59086198
59086703
59098310
59136753
59140345
59171885
59188968
59199542
59215128
59224646
59228603
59285722
59289814
59300875
59326173
59330984
59336186
59337380
59354573
59408640
59443622
59461570
59504397
59635220
59686040
59704469
59714417
59732136
59739169
59744892
59767789
59820721
59902673
59946837
59951531
60004915
60012907
60091024
60103693
60129996
60171643
60247754
60247856
60263370
60272291
60274181
60299469
60303576
60304986
60309418
60312431
60346028
60356661
60425071
60461217
60495995
60524959
60537977
60589415
60677008
60699758
60751167
60800692
60813672
60816879
60906787
60916965
60924237
60928233
60957416
60973870
60996087
60996844
61021730
61034506
61034609
61065857
61066517
61075851
61087094
61109788
61128138
61214920
61239937
61275664
61305804
61306468
61314167
61333602
61334739
61357809
61401982
61412598
61417090
61466494
61479698
61480341
61487050
61500405
61510006
61511053
61512658
61521141
61544509
61562008
61620251
61639589
61712391
61728593
61737989
61746154
61759678
61779720
61791825
61806651
61818094
61857926
61862146
61875866
61877836
61891935
61898107
61905477
61906049
61911795
61915840
61922193
61937717
61939296
62063748
62116472
62198721
62263242
62266549
62274718
62320156
62333677
62341749
62342040
62343557
62377461
62405088
62426563
62434600
62436944
62454125
62455558
62486967
62498420
62501503
62543596
62543978
62545034
62579250
62602658
62644055
62647932
62669639
62692088
62702856
62740943
62747304
62766403
62775404
62776991
62786145
62851999
62855307
62882359
62888518
62896684
62962528
62983733
62989536
62998048
62999499
63018434
63024096
63030730
63041671
63045503
63049943
63077480
63080348
63093442
63158321
63187567
63223562
63267255
63292672
63298643
63327729
63340640
63389978
63441426
63495023
63507537
63543566
63555244
63564092
63580673
63656855
63661503
63690785
63738827
63781993
63810933
63811239
63815041
63830641
63856922
63861987
63864440
63892823
63913841
63931103
63932018
63932756
63952134
63955606
63981206
63985166
64006643
64013224
64073194
64114040
64128290
64149102
64156435
64189272
64199125
64225997
64285536
64296089
64296213
64316973
64336452
64349742
64364313
64375433
64405089
64417202
64445152
64448969
64503307
64523150
64533497
64577179
64603696
64620671
64630612
64667290
64859604
64904301
64918210
64934442
64993124
64998367
65043189
65069900
65079110
65118113
65122601
65241685
65251203
65261531
65280757
65381267
65389241
65402613
65485271
65553558
65600140
65639977
65654121
65700459
65702907
65706231
65728995
65752865
65787068
65813833
65832619
65837257
65870291
65875601
65888187
65964305
65996231
66004494
66038504
66042962
66114979
66125683
66145179
66150376
66160229
66293636
66295176
66295983
66305445
66321726
66469874
66487223
66509427
66544640
66583384
66599456
66603017
66619160
66664342
66670112
66674337
66675309
66679830
66703410
66723472
66724211
66752676
66760055
66802303
66819754
66827505
66842534
66858272
66873543
66908669
66922242
66959859
67014246
67014775
67022575
67026660
67046474
67056016
67056060
67073107
67095189
67163940
67180866
67235376
67254899
67262286
67281850
67319298
67324322
67356097
67371734
67372691
67378171
67383451
67418700
67441009
67487142
67487418
67497830
67502617
67536711
67555051
67611794
67618333
67618569
67680872
67681316
67729462
67749870
67757236
67762148
67783755
67790905
67828905
67881884
67894128
67927361
67995300
67996950
68019783
68062128
68137668
68190206
68191385
68220936
68226433
68232514
68263842
68274297
68293927
68294154
68297516
68303156
68323192
68340330
68408026
68415589
68423336
68428995
68450486
68491983
68531723
68545213
68609793
68665896
68670588
68687731
68688555
68694664
68700746
68726237
68787599
68805145
68834484
68840192
68840936
68850512
68853354
68904906
68923698
68951947
68955259
68984773
69001136
69014579
69030537
69041216
69051259
69060392
69078885
69110952
69139342
69153298
69155215
69156796
69227232
69230646
69259050
69274157
69283385
69304882
69315838
69324083
69341706
69358607
69388318
69437279
69492255
69502093
69534418
69545485
69563295
69570583
69580595
69644522
69681972
69713245
69739162
69763843
69777428
69838260
69868295
69876895
69878055
69889140
69925148
69932147
69934318
69935766
70000888
70002914
70150911
70154108
70183729
70186992
70191247
70191722
70194291
70255911
70259580
70291609
70307629
70325432
70363935
70460004
70484432
70510177
70520219
70571682
70702775
70725768
70738864
70766402
70786877
70802610
70815829
70818204
70842399
70857555
70899266
70942669
70965071
71028002
71034301
71044803
71045069
71146114
71210355
71234538
71240306
71264416
71305377
71318145
71361809
71362061
71376027
71431481
71450566
71494896
71515588
71524358
71530336
71551624
71560018
71602242
71636887
71649789
71658865
71697039
71722451
71734261
71746514
71746855
71750994
71831695
71831729
71879133
71895312
71928343
71930374
71950892
71960006
71974929
72015546
72033744
72125665
72132400
72144444
72164962
72260868
72283192
72284883
72285183
72287001
72308064
72336634
72370034
72372537
72384381
72389423
72392040
72448756
72461297
72463567
72481166
72485606
72512842
72536032
72544718
72545409
72580287
72680635
72688718
72700993
72719197
72811343
72900381
72935310
72952113
73023615
73025773
73032179
73043931
73050024
73139343
73140375
73159501
73160887
73177404
73222098
73258155
73259183
73262335
73268206
73286739
73294804
73304160
73308544
73322638
73376546
73407110
73423929
73424899
73448582
73463341
73509058
73533801
73587960
73597058
73612340
73620980
73658952
73660290
73660378
73665158
73712945
73744931
73795256
73799781
73812699
73821935
73837024
73860167
73876152
73890463
73907912
73979812
74087066
74101279
74141185
74243850
74293988
74295830
74334720
74397169
74459974
74529175
74559942
74582240
74586420
74601179
74633379
74736484
74755080
74774774
74838436
74847119
74864861
74925821
74951046
74961368
75015773
75018115
75018570
75030710
75045734
75076341
75093182
75140042
75180947
75190922
75193596
75205707
75232310
75255029
75276000
75283087
75321013
75334858
75337649
75385275
75391739
75406291
75458571
75461150
75488409
75507041
75532722
75541478
75551368
75570351
75582591
75586899
75667235
75695224
75704566
75714990
75753574
75775592
75788001
75815632
75841056
75851299
75917477
75947602
75951204
75973695
75999703
76047767
76054653
76054816
76061734
76079575
76095882
76100967
76102565
76143282
76188088
76193783
76233895
76344414
76367504
76400159
76465109
76495780
76496147
76499443
76501514
76596306
76614809
76622552
76625885
76654081
76695477
76699726
76727511
76776093
76789722
76844387
76877003
76891390
76915514
76922207
76940222
76942544
76962326
76964952
76982599
76995304
77001145
77004663
77004849
77035815
77061521
77066250
77072922
77075602
77085327
77093562
77158968
77224082
77234991
77289872
77297755
77346063
77373458
77386217
77403711
77406548
77451658
77466682
77530962
77554216
77567847
77594835
77596304
77618095
77621587
77692967
77707216
77723830
77724718
77725017
77744024
77745850
77766739
77786070
77791795
77795684
77901873
77922577
77928507
77931203
77936133
77962012
77968783
77978480
77984465
78006709
78021042
78028266
78033815
78049289
78061490
78079599
78099737
78117192
78134863
78181080
78183485
78201300
78220690
78223797
78271320
78278515
78301903
78334435
78346934
78370080
78372583
78427904
78449479
78464103
78504817
78505124
78510430
78580726
78606732
78624370
78642611
78643524
78675970
78703629
78720563
78764911
78786755
78795922
78819012
78837049
78862184
78880838
78894964
78895464
78900335
78936557
78943011
78952136
78960681
78961465
78985521
78991697
78999408
79020878
79060337
79093682
79127843
79130318
79135696
79152548
79177577
79188967
79198278
79199220
79224825
79298277
79310160
79320973
79336445
79348372
79369684
79372435
79374804
79379629
79380109
79403988
79412848
79424369
79464182
79469803
79475141
79476761
79479304
79508467
79548240
79549530
79555693
79572121
79586286
79588576
79591654
79599836
79669906
79686158
79692038
79693346
79719383
79722763
79769683
79769738
79789707
79815022
79820491
79874164
79886470
79886888
79898676
79902226
79903777
79939309
79946992
79979126
80046067
80062096
80089936
80093835
80106894
80109951
80123574
80125362
80138059
80185959
80197940
80201980
80218541
80251755
80263243
80316624
80327919
80362261
80391434
80419615
80443051
80458967
80470911
80487533
80490882
80499918
80507759
80517241
80531493
80549944
80552106
80566252
80591462
80630415
80641878
80680398
80697971
80706926
80720917
80771173
80775135
80811189
80821626
80822125
80824153
80845013
80859381
80899193
80935948
80950638
80962117
80970284
81006987
81006993
81019995
81023954
81047223
81061845
81063435
81064693
81110510
81133467
81139052
81173343
81187313
81189260
81235569
81241892
81246701
81247414
81278037
81284722
81298990
81406127
81431025
81440497
81478868
81488726
81493301
81497822
81516978
81517533
81528278
81561906
81590442
81597353
81614223
81619401
81623020
81626000
81627881
81641340
81647573
81651098
81656174
81666848
81690955
81704684
81774000
81786605
81791396
81795122
81809796
81813717
81821516
81849892
81858507
81894436
81908875
81930198
81958677
81964118
81977431
82000528
82023470
82062703
82088742
82108044
82118278
82123817
82123945
82140545
82185171
82193619
82193833
82198565
82238154
82258249
82269642
82273868
82275082
82279343
82280080
82283823
82285237
82299667
82308050
82335644
82373354
82376190
82393053
82394867
82409389
82418634
82445988
82446450
82452178
82463535
82473729
82475670
82494057
82504405
82511380
82543402
82546584
82552084
82558390
82592420
82595217
82596227
82600704
82658233
82675154
82678722
82711281
82722887
82731908
82747692
82748700
82760249
82775350
82777973
82785661
82793072
82816645
82823006
82836728
82862518
82890531
82891376
82895359
82901656
82918868
82926600
82928964
82944275
82954920
82956009
82957655
82959114
82968308
82993418
82999666
83000650
83002086
83010735
83019224
83019963
83027350
83052461
83061824
83073924
83078436
83102510
83119863
83130204
83150775
83151576
83189279
83190219
83212104
83219714
83221149
83232955
83233673
83247356
83255154
83262249
83277848
83290103
83300218
83302223
83304573
83310281
83323636
83341768
83355323
83367259
83378475
83391891
83399669
83406905
83421899
83435005
83447426
83491159
83501906
83546487
83567815
83573086
83574764
83584464
83607308
83608533
83610019
83612802
83623656
83638072
83641098
83651775
83673428
83675626
83678569
83681864
83683106
83693184
83697015
83706842
83714242
83737495
83740786
83750539
83762346
83769004
83774951
83818679
83837759
83839765
83847352
83882761
83883735
83913794
83936556
83942771
83976566
83980055
83985707
83992163
84009661
84015445
84018743
84028819
84068537
84077473
84089310
84113345
84178020
84183580
84241848
84247792
84251808
84263825
84273764
84288392
84292519
84295541
84297036
84301968
84325492
84328274
84353077
84353820
84377492
84388891
84433983
84470980
84476122
84483443
84513353
84532239
84562485
84584276
84619930
84642858
84670281
84672346
84690601
84710124
84732491
84760072
84776070
84781190
84799690
84810983
84813630
84827449
84827696
84836059
84842291
84856681
84885287
84897510
84907001
84955649
84964147
85024134
85026912
85034920
85038772
85049482
85064539
85076647
85079789
85094697
85118743
85148889
85150386
85158606
85180634
85185479
85203682
85227537
85244229
85267430
85275373
85302247
85317002
85319632
85364600
85375004
85379228
85396821
85401409
85407656
85432075
85438732
85449592
85455529
85476521
85494186
85502569
85509331
85561885
85590690
85604123
85639202
85650827
85656201
85690234
85746228
85749063
85777388
85809020
85810404
85819559
85826550
85827435
85848189
85874968
85888390
85904630
85939653
85942101
85942732
85968374
85986013
85995249
86024494
86025701
86026513
86037611
86046855
86055124
86087979
86088345
86093829
86093894
86097718
86103557
86111483
86122469
86126455
86162743
86165561
86169814
86174374
86177097
86195867
86208969
86221494
86238036
86272344
86285511
86309021
86309657
86369064
86408585
86410106
86412423
86422443
86443710
86456218
86471353
86540884
86559802
86564231
86580328
86616235
86643287
86648060
86656040
86684251
86695287
86702467
86708764
86726816
86739722
86778459
86805387
86915416
86921029
86961189
86983136
86990012
86997196
87011810
87029754
87034678
87038042
87078524
87126179
87132753
87138010
87148449
87154828
87157391
87169908
87180105
87221400
87249125
87264365
87316485
87331324
87336807
87384421
87394299
87400525
87416092
87428646
87432626
87454856
87460624
87463398
87473957
87478300
87480145
87486900
87519074
87543161
87550372
87558049
87559687
87575637
87582971
87642536
87643206
87653743
87664357
87668506
87668824
87671149
87671293
87694713
87705817
87718851
87774456
87784443
87787517
87824983
87827030
87828406
87836057
87843364
87855335
87877493
87933758
87944606
87954416
87990724
87993819
88044403
88057761
88085433
88085667
88109734
88119590
88133611
88138998
88139685
88143558
88158342
88210973
88213373
88217840
88228057
88254504
88271113
88313215
88323735
88326396
88334359
88346997
88352608
88381919
88388702
88437852
88439578
88440174
88448083
88470525
88488684
88493169
88507430
88511658
88533264
88549885
88557244
88609754
88612813
88635421
88651752
88664271
88666246
88691903
88694173
88694355
88706920
88706942
88742180
88748889
88800040
88803882
88812862
88817786
88825869
88837383
88847265
88880482
88887934
88908861
88912899
88924068
88924449
88938162
88939012
88970310
88980272
88982727
89005359
89052611
89063936
89069038
89100851
89111031
89116272
89178151
89179214
89193510
89212478
89213004
89215198
89225133
89234310
89248441
89257048
89309160
89343942
89344561
89350370
89360516
89403205
89435035
89462432
89499932
89508698
89515330
89516528
89517890
89552476
89553562
89557764
89559677
89602301
89618212
89618536
89645283
89651586
89656003
89661319
89669859
89671358
89715655
89728183
89738556
89761725
89775072
89798434
89808385
89810721
89811503
89812284
89827287
89828057
89832368
89862834
89878965
89897316
89911825
89920897
89922681
89977771
89980800
90000352
90020617
90022915
90028828
90029163
90030929
90036398
90046440
90047332
90058109
90066978
90076262
90117044
90125374
90129195
90163617
90180350
90191841
90222331
90240541
90278425
90283037
90287298
90304488
90344708
90353912
90370681
90379898
90387141
90396514
90411205
90413304
90435208
90439169
90440043
90442006
90491873
90495140
90507989
90521213
90528531
90532946
90538500
90581316
90581384
90602812
90621570
90629689
90635122
90678773
90681247
90683451
90690110
90726194
90748320
90748728
90753876
90754107
90760665
90780947
90791136
90791653
90817179
90833521
90835327
90861147
90883447
90905274
90913762
90918403
90937590
90950980
90951333
90985825
90994872
91045729
91079103
91089381
91110070
91127431
91133601
91146530
91155106
91158438
91162587
91167010
91168477
91181742
91189259
91193601
91213057
91278844
91287902
91292372
91310224
91324625
91340504
91346583
91381415
91387138
91388965
91399467
91422306
91427740
91429150
91441878
91443266
91456067
91456394
91464099
91465635
91466717
91480236
91489269
91492011
91593528
91654461
91658971
91670393
91677085
91703007
91734901
91745543
91768088
91781707
91819858
91820303
91853441
91855063
91863620
91867581
91886017
91891537
91895723
91913070
91915517
91936192
91953599
91958110
92071121
92073125
92094747
92098430
92108227
92111339
92160025
92160478
92180240
92180543
92202177
92209120
92221079
92233211
92248956
92337949
92341462
92356688
92365250
92367792
92381884
92399201
92402784
92412029
92470178
92573059
92601570
92607233
92610114
92612657
92633637
92639258
92641815
92751778
92759170
92765351
92766905
92857189
92865634
92897770
92903840
92924098
92924422
92988824
92991135
93005129
93011902
93062189
93097017
93132445
93167499
93172577
93244455
93277379
93288510
93303458
93304924
93313952
93334782
93353631
93356264
93391540
93411268
93429413
93431156
93445849
93448613
93543993
93551455
93557503
93566685
93592247
93600364
93628002
93633862
93691501
93692795
93697783
93703227
93712275
93713014
93737928
93785955
93804908
93850396
93863905
93888929
93894301
93962849
93965248
93982845
94023521
94044866
94049269
94052638
94063396
94085799
94111935
94171240
94216609
94218489
94232318
94232601
94257732
94269373
94271910
94272629
94279490
94306785
94335129
94384926
94419104
94457387
94503679
94529686
94548524
94573308
94575045
94654464
94664769
94716450
94721419
94726877
94727359
94741548
94753089
94799617
94814014
94848699
94851647
94892030
94898403
94910414
94924404
94932888
95036483
95059618
95140743
95211610
95240220
95269828
95277867
95289801
95404837
95489120
95580451
95606370
95688203
95695072
95705051
95757941
95773438
95799216
95810111
95874165
95884830
95892825
95941304
95985471
96060968
96081499
96099024
96123586
96162535
96185225
96187300
96197664
96207680
96209166
96225674
96241879
96248737
96273415
96283491
96395164
96410375
96417009
96448893
96460542
96489817
96492164
96503049
96581784
96629603
96643198
96668100
96669997
96712957
96727090
96729512
96730963
96741518
96772897
96799073
96817186
96839511
96858054
96866822
96894216
96904485
96939272
96964329
97045770
97083652
97119513
97134328
97143424
97151494
97210724
97214278
97216711
97230847
97269753
97272313
97320049
97321604
97326969
97332450
97337120
97357936
97371078
97371484
97436104
97472210
97499836
97534912
97575488
97578789
97618627
97627240
97681476
97743279
97796753
97856190
97878735
97882220
97937275
97939468
98022989
98029852
98090737
98179833
98210868
98215716
98222414
98238367
98253072
98277888
98304990
98315271
98333562
98428475
98438497
98447207
98452508
98506355
98524569
98532146
98569022
98648196
98765584
98792299
98797169
98797171
98806305
98844840
98913231
98931353
98940698
98945933
98959827
98977444
99024260
99064876
99117985
99164117
99170631
99181827
99259033
99324486
99413889
99476683
99568909
99580296
99583381
99585126
99587110
99587996
99599179
99613378
99643109
99664368
99682051
99706162
99748744
99792441
99803005
99808939
99879153
99922654
99970078
100006079
100010864
100028519
100042449
100056142
100068074
100117025
100141910
100159170
100205390
100216272
100267776
100267858
100271821
100366828
100424332
100436598
100459437
100470227
100487494
100507515
100523985
100556566
100594730
100615477
100622196
100645095
100673690
100720418
100760511
100842047
100954548
100959087
100973013
100987118
101004142
101004770
101021586
101030417
101046448
101060367
101064032
101067341
101074065
101074534
101084055
101088833
101101931
101113929
101137396
101186444
101192041
101233429
101250821
101264014
101279124
101371727
101399085
101448348
101458244
101459797
101466864
101468566
101486389
101493060
101511579
101530095
101541558
101566330
101595893
101631963
101639742
101660148
101679314
101685535
101718204
101743086
101774294
101827516
101838388
101856286
101966602
101997695
102016129
102027649
102071535
102108202
102126435
102211573
102234967
102243245
102398126
102436407
102465745
102491857
102493135
102504047
102538991
102599710
102689139
102730515
102754561
102781508
102807267
102835369
102837932
102906207
102922632
102933096
102945640
102958251
102964252
102989489
102993552
103001000
103009455
103023005
103027581
103028757
103034845
103048462
103052572
103083375
103092651
103103473
103122243
103131345
103139438
103141826
103166856
103168312
103245629
103317103
103365572
103376173
103408434
103416716
103443549
103447367
103504959
103527296
103533138
103540661
103572588
103577362
103601900
103642045
103653487
103716752
103752643
103753132
103812673
103852694
103855299
103861678
103866125
103870653
103886307
103908959
103921425
103928104
103948775
103950542
103975779
104011064
104099966
104115474
104162905
104175916
104181363
104259587
104268929
104278583
104283696
104304170
104363672
104368815
104372149
104448569
104463690
104495106
104495402
104515801
104517844
104616864
104633822
104676782
104735829
104843670
104852653
104864775
104880463
104939565
104950987
104962451
104966371
104982708
104984406
105025230
105034225
105053359
105084212
105091096
105137270
105164826
105168729
105193002
105219883
105264780
105285214
105298274
105306944
105337845
105363828
105386498
105419199
105424978
105439665
105440199
105480770
105481524
105486144
105486645
105524623
105567910
105606568
105649037
105708559
105772597
105785203
105786753
105789037
105790836
105804623
105875983
105957690
105993962
106030011
106034798
106053573
106056183
106074386
106087959
106132391
106147783
106160875
106185353
106206226
106208777
106236449
106247447
106265626
106328699
106345385
106403121
106434968
106435400
106449640
106466842
106470189
106505936
106506016
106517033
106518278
106553717
106588021
106591056
106622646
106786458
106793656
106805754
106852917
106875235
106966053
106998295
107017595
107050921
107054099
107060968
107061082
107062542
107071592
107083770
107095080
107129169
107154599
107155687
107157144
107198119
107260773
107262184
107311188
107323604
107341544
107361295
107372709
107412099
107420043
107436474
107456215
107481171
107497751
107510191
107510889
107540195
107555035
107601617
107643993
107650544
107673229
107706022
107772516
107814653
107837201
107874153
107882363
107890296
107890362
107917786
107921211
107925157
107995817
108026070
108039560
108045652
108177690
108185688
108244350
108260532
108275131
108305355
108350588
108396775
108409294
108423545
108453023
108480789
108504430
108575768
108590859
108607259
108623436
108637829
108693513
108695261
108700253
108716123
108721573
108750631
108763763
108767707
108776156
108784781
108829653
108844339
108861371
108881160
108902081
108911749
108986320
109010931
109033182
109049147
109213119
109214006
109249985
109255150
109290247
109307517
109322250
109455670
109501448
109527480
109552984
109573802
109622610
109631609
109676878
109680550
109699422
109715195
109789539
109790150
109827244
109869351
109877974
109886555
109897016
109951455
110004139
110005507
110014622
110016221
110017073
110044343
110098453
110112252
110127774
110192199
110195770
110207725
110246824
110259034
110282636
110292510
110310397
110315916
110326841
110329277
110357112
110390462
110437471
110452257
110465593
110496089
110506112
110539902
110546450
110557229
110624947
110709827
110740757
110775589
110826744
110854421
110893353
110940355
111052100
111071908
111085477
111094777
111106019
111133198
111152833
111166889
111190785
111191681
111192030
111278687
111312545
111314032
111315059
111315369
111327677
111383925
111388813
111453527
111456096
111473618
111478222
111491782
111501822
111531789
111612806
111624958
111678522
111714194
111741848
111750156
111761487
111861915
111871804
111889264
111930701
111941384
111944333
111990879
111997849
111998789
112010747
112014654
112039303
112046249
112059310
112062947
112093033
112108313
112183281
112226954
112230169
112235355
112262343
112273183
112277672
112346308
112415900
112425188
112436001
112442710
112442764
112468985
112517289
112518810
112568660
112577165
112587248
112587935
112615525
112621206
112702765
112711816
112743302
112746669
112771720
112805586
112815864
112827955
112843467
112843922
112862097
112920101
112928615
112935544
112941829
112961817
112968568
112990737
112993715
113018787
113075876
113081792
113088546
113091338
113095586
113134685
113141288
113149120
113154236
113193617
113201719
113235763
113262061
113314575
113338621
113343717
113346706
113381371
113395024
113401190
113405823
113449725
113483481
113510041
113534956
113541712
113541729
113568853
113573488
113575271
113624554
113637158
113669194
113671071
113673213
113699794
113738990
113739269
113755276
113778887
113855870
113885398
113892611
113908868
113914485
113933872
113946811
113967591
113968605
114001056
114025137
114075606
114087523
114140636
114153312
114155746
114182146
114251382
114270384
114305452
114342923
114423983
114424625
114447989
114474699
114474914
114509597
114523574
114534556
114591883
114658186
114760494
114775659
114818422
114878930
114887586
114937123
114943408
114946807
114955228
114973703
114979790
114986461
115006744
115055524
115098988
115100277
115109692
115110859
115159107
115159130
115163805
115166689
115197701
115198477
115298051
115332107
115345630
115349232
115366387
115394238
115407021
115423410
115456990
115464389
115481437
115538753
115573000
115576375
115599946
115616324
115620059
115657889
115710575
115744649
115793345
115887710
115924636
115943529
115957974
116037420
116046652
116047574
116087638
116092652
116097566
116143553
116146992
116171841
116178627
116200521
116209385
116229757
116240480
116254907
116273526
116277581
116292034
116350641
116381552
116394177
116399353
116403163
116439990
116460984
116462821
116481621
116499372
116506283
116533696
116566041
116567843
116611381
116665579
116699708
116707273
116726585
116759793
116760868
116791165
116799122
116830540
116884581
117018555
117052846
117123191
117127926
117138633
117184317
117240132
117260854
117299013
117299101
117301061
117312921
117338518
117377626
117413130
117476932
117498699
117553035
117558868
117660426
117688117
117696573
117733498
117735773
117744105
117788438
117791889
117828820
117884202
117908570
117909703
117930068
117989890
117996282
118119129
118122083
118124861
118131466
118151891
118297514
118434369
118599910
118639203
118687149
118745364
118802401
118836258
118873785
118918129
118918471
118943644
118948013
118969160
118982593
118998049
119079144
119088826
119097694
119125595
119127716
119177615
119238018
119238306
119244342
119283703
119318569
119365823
119423075
119467712
119492741
119589171
119612940
119620279
119651199
119672540
119727459
119874911
119892367
119907705
119928488
119943348
119983391
120023816
120109121
120127130
120172036
120199408
120214854
120215169
120249521
120350889
120355780
120357180
120360327
120376211
120395637
120415772
120439838
120497401
120543513
120564062
120592757
120621991
120626915
120672057
120674667
120699577
120702837
120799277
120822583
120872112
120926637
120978143
120986054
121008770
121011609
121014532
121022432
121038197
121097156
121133165
121138057
121167509
121173851
121203142
121238848
121249370
121264594
121266967
121274267
121305429
121393024
121416936
121441517
121473406
121507908
121526088
121539065
121678862
121693122
121752595
121774880
121782337
121880423
121911659
121918577
121927677
121939311
121956747
122041613
122109923
122143780
122146533
122149913
122154004
122175864
122227200
122345307
122354674
122402593
122406273
122424928
122484500
122584031
122615760
122633073
122657245
122660988
122671933
122709096
122730208
122802042
122841290
122911217
122945135
122972219
123055399
123089597
123094352
123114360
123199484
123260100
123285364
123313813
123325404
123354703
123432730
123438083
123449798
123454731
123487791
123536927
123550399
123553764
123600012
123620344
123678026
123722906
123746703
123771500
123802607
123816328
123892180
123934835
123955444
123973007
123977976
124023629
124024582
124085925
124086361
124112425
124123783
124151052
124161075
124205889
124218436
124224434
124251027
124254065
124260784
124306372
124315417
124319567
124370162
124378556
124429080
124518303
124540916
124550996
124578619
124601229
124602728
124610769
124652806
124676224
124685023
124696173
124721334
124722912
124734336
124755244
124782421
124883789
124888977
124909530
124945649
124967468
124977306
125016229
125037886
125082818
125084970
125100661
125202355
125213758
125277139
125303506
125311852
125321694
125328958
125376026
125425705
125430778
125490035
125534148
125550501
125592385
125620275
125631247
125651429
125730108
125764589
125819506
125859563
125866239
125889987
125915700
125924870
125927582
125937780
125952089
125973616
125983382
125999721
126014397
126018545
126050747
126052222
126052496
126065235
126110866
126112507
126125400
126146245
126151390
126250903
126278374
126301155
126321742
126344597
126367360
126380773
126386898
126394232
126455765
126528095
126566611
126573377
126580828
126583552
126616593
126617204
126623363
126649865
126660430
126667902
126752601
126816921
126868336
126869673
126875171
126902317
126931104
126932679
126966634
126979668
126996161
127057637
127077926
127085298
127092391
127109411
127120022
127141041
127162553
127168767
127210461
127215937
127229124
127283963
127312814
127331934
127335544
127378614
127380756
127397521
127408371
127422143
127437052
127507002
127553226
127553307
127554847
127580660
127612093
127696353
127706357
127733450
127783386
127800528
127802522
127812042
127851772
127922860
127948926
127961165
127976645
127980159
128017395
128021603
128045129
128047659
128092138
128097160
128098365
128119793
128149052
128193668
128213642
128226138
128233109
128286289
128309364
128319817
128337895
128353950
128354457
128383647
128411842
128447137
128560141
128561493
128577135
128656285
128666421
128675490
128697218
128698431
128759662
128763625
128765713
128766099
128781469
128786612
128799809
128811657
128862387
128864693
128873974
128922614
128950089
128962947
128969603
128984545
128999310
129031668
129079220
129140802
129141153
129159222
129166467
129171485
129173603
129238769
129252324
129303242
129334048
129355342
129362151
129397306
129407523
129440551
129449144
129478991
129482222
129497724
129550551
129577842
129621576
129664035
129669045
129711018
129720348
129762114
129792397
129810929
129872140
129888558
129948810
129956448
129975817
129984419
129989289
130015292
130016739
130106564
130133293
130138512
130237142
130280398
130294996
130428920
130446062
130538680
130550958
130552029
130644256
130669707
130697485
130697841
130714633
130732211
130749047
130790142
130818298
130824445
130883689
130908894
130914086
130921088
130943755
130954998
131053624
131054732
131113622
131116979
131155219
131181072
131201056
131202959
131206264
131214856
131239653
131252185
131258297
131287463
131291224
131324120
131335862
131356422
131394770
131434793
131458112
131538912
131562914
131594360
131611746
131640942
131668187
131692577
131736705
131767094
131797023
131832654
131835408
131862802
131874297
131875723
131875792
131881743
131883378
131901357
131902241
131925224
131941285
132010509
132030720
132081694
132086505
132125777
132169239
132256528
132262265
132271649
132276037
132302068
132310932
132324874
132329784
132374210
132427911
132521359
132554616
132555406
132565296
132571294
132571838
132640790
132716800
132733846
132815692
132825397
132837239
132858825
132864001
132904725
132924246
133015242
133068828
133091329
133106380
133108426
133133955
133143846
133168588
133173404
133174507
133246163
133263127
133271332
133369769
133371021
133403413
133467797
133551918
133560850
133633162
133640467
133642545
133650295
133752069
133771181
133802801
133814627
133828612
133894032
133902502
133902866
133911212
133911288
133935501
133948566
134007984
134008523
134206361
134210253
134239942
134246480
134272045
134355184
134364826
134373335
134436065
134438118
134561241
134564479
134564666
134585337
134597551
134626623
134651091
134712198
134784863
134854198
134859974
134898591
134899239
134930641
134963042
134967121
134972507
134980759
135026410
135065463
135082892
135086483
135089176
135141715
135257290
135265963
135276497
135308324
135310065
135333030
135342539
135360459
135374843
135385414
135390916
135409353
135443930
135470249
135498217
135511565
135563511
135607137
135616557
135645966
135727624
135742868
135747473
135795863
135817929
135822728
135868265
135868809
135873035
135918489
135933216
135992795
136013178
136016631
136019088
136036740
136053726
136114113
136126107
136153778
136234968
136249848
136253112
136253775
136262917
136292463
136320150
136380706
136407996
136427333
136431686
136492433
136493253
136532796
136539951
136541415
136542440
136556408
136617958
136692337
136810420
136814903
136825076
136915830
136956182
136971904
137007212
137014952
137043590
137095815
137140052
137168879
137169514
137221168
137275370
137356970
137395821
137397640
137435516
137455413
137543509
137592133
137612150
137645472
137651691
137668563
137705573
137724433
137724899
137788237
137847213
137868597
137934616
137944935
137946406
138024159
138025996
138126751
138129754
138143632
138144942
138154090
138169591
138187462
138239868
138287370
138301930
138325134
138372944
138399376
138436730
138455975
138498484
138498525
138534692
138541984
138558426
138565587
138573534
138591424
138596895
138637475
138658938
138665622
138667235
138689706
138696951
138722526
138742177
138772890
138781979
138820593
138886765
138922815
138973623
138976938
138997410
139036754
139061236
139096332
139135754
139246734
139268077
139285172
139321686
139358010
139396974
139419027
139441232
139446606
139477984
139516478
139531607
139564088
139634734
139661416
139700658
139717616
139758781
139758856
139759093
139780706
139806830
139821400
139915910
139919022
139946125
139953914
139955073
140011006
140014240
140026222
140102590
140174088
140187226
140248027
140261868
140296928
140321533
140328044
140334941
140382976
140387801
140394532
140399035
140410789
140411786
140429854
140452316
140544651
140600948
140635061
140638701
140691687
140761730
140772130
140793437
140861743
141009820
141097907
141140322
141153406
141172518
141191031
141211290
141242119
141278814
141318536
141340118
141384511
141410342
141412951
141461424
141465971
141484444
141488547
141560606
141567043
141634261
141673728
141733635
141745593
141778690
141814410
141814751
141883697
141888455
141994528
142015457
142025929
142031627
142039492
142089967
142092603
142094611
142107866
142118716
142129137
142186263
142196981
142226233
142246895
142272814
142325955
142480383
142506164
142520126
142579751
142580150
142592051
142595042
142632587
142701344
142752985
142765013
142848726
142862741
142869215
142909294
142919740
142931213
142941706
142943978
142946946
142989890
143068544
143087294
143097715
143162628
143167990
143211515
143218794
143222400
143229699
143234446
143261540
143291553
143305551
143376069
143434145
143434275
143459392
143461140
143478186
143479658
143490929
143492021
143492059
143503340
143525131
143528741
143532890
143616447
143689904
143705931
143719335
143839615
143917323
143993371
144000465
144046272
144168982
144172629
144193822
144228874
144262363
144270279
144314849
144319786
144341772
144343318
144349219
144404224
144409928
144495226
144553740
144592236
144659477
144665599
144689441
144708121
144714565
144715325
144721621
144724341
144732766
144854451
144859360
144870778
144880729
144885247
144946995
144981852
144991496
145000137
145028936
145055303
145062937
145084093
145153931
145242804
145272149
145284293
145386058
145468257
145476455
145492716
145514834
145585213
145621958
145727951
145738990
145748607
145812248
145852787
145880964
145899339
145939554
145941733
145980903
146084901
146117452
146121458
146121975
146135773
146167653
146177564
146220158
146247821
146276469
146303775
146356992
146388521
146457852
146487447
146488243
146505880
146527210
146533526
146604743
146613747
146714389
146727970
146772143
146807440
146868710
146890340
147012924
147021442
147033030
147039727
147057652
147143173
147152548
147202458
147202800
147260192
147335996
147337433
147387451
147402694
147441433
147562983
147606643
147640595
147673134
147736850
147777244
147780417
147798777
147865392
147877154
147879975
147883746
147896216
147920135
147964651
148021170
148085092
148088230
148103999
148173338
148176897
148191910
148198648
148203460
148230680
148257471
148286907
148300250
148315325
148342636
148358202
148455397
148464768
148522798
148525767
148540587
148545648
148615460
148619341
148626978
148637965
148644481
148644784
148665224
148684324
148808517
148847344
148852320
148883074
148978116
148988648
148991599
149006684
149068409
149091622
149109036
149141465
149184055
149199639
149236250
149287531
149357652
149365220
149369355
149410887
149415562
149445546
149481073
149536453
149539049
149560876
149604731
149607419
149612795
149641146
149650086
149655308
149667359
149793433
149949757
149969896
149997967
150020017
150022674
150037763
150040043
150107857
150109697
150144763
150271023
150361058
150422112
150473105
150481350
150546817
150558339
150650653
150712673
150735940
150809701
150947067
150982686
151002888
151165130
151239365
151308982
151336889
151345253
151371869
151391858
151402923
151419601
151440475
151480635
151515143
151529521
151544540
151549594
151593398
151648403
151649187
151711739
151716128
151735515
151738336
151772152
151890436
151929847
151993986
152050585
152098715
152267940
152294858
152334034
152366606
152418494
152554974
152559620
152579464
152603679
152607904
152634808
152686224
152699316
152706027
152723225
152741982
152743957
152756724
152870660
152889803
152891415
152925169
152941813
153000451
153038872
153049710
153081487
153086096
153213214
153223030
153258019
153334265
153341127
153392504
153451278
153497185
153521532
153538075
153599699
153625313
153634310
153662296
153710207
153722711
153757264
153874349
153898239
153899006
153910690
154003165
154080973
154202335
154233521
154284724
154340461
154409669
154460932
154479368
154519582
154531605
154618657
154623300
154638842
154685023
154715419
154730516
154742338
154799196
154823868
154853758
154915539
154958505
155038977
155046844
155049628
155065844
155091574
155099625
155215138
155215392
155234553
155236904
155304396
155355780
155392842
155400722
155413488
155457944
155515685
155559833
155697754
155698553
155713821
155819523
155867499
155905993
155912025
155914610
155965649
156013752
156054080
156097960
156101811
156200758
156365950
156413900
156452124
156456556
156492931
156493752
156559324
156607873
156671210
156730679
156751587
156769983
156786149
156921409
157031320
157080146
157115098
157115712
157133282
157168535
157173667
157204158
157255002
157363927
157384469
157400892
157414311
157525596
157547691
157565478
157634399
157644701
157782909
157848287
157936215
158004837
158085370
158088961
158107065
158216154
158228114
158240148
158266313
158271005
158337121
158364040
158385028
158395512
158414473
158430310
158442311
158471274
158490271
158522202
158535945
158562169
158577318
158662289
158695121
158716498
158871503
158933269
158972220
159008515
159035790
159165717
159188264
159201505
159251584
159347772
159396031
159406367
159495548
159626783
159632889
159649255
159673336
159774438
159830566
159860646
159937223
160133045
160174088
160257218
160375781
160402217
160512684
160567998
160602332
160864884
160946248
161103773
161183343
161195904
161257118
161304611
161305523
161327415
161405154
161432006
161483425
161511262
161553591
161594696
161637882
161700337
161725186
161742901
161796825
161854785
161985052
162004492
162062938
162072801
162094164
162099405
162126693
162133222
162164090
162224133
162255302
162334950
162368492
162407524
162467130
162497167
162839095
162843840
162910114
163208621
163271326
163311876
163353637
163373312
163379574
163402424
163461759
163532297
163534563
163672632
163786087
163792453
163816613
163844133
163857598
163956866
163969390
163998425
163999620
164066248
164109115
164128615
164141591
164185082
164287074
164311497
164314360
164337291
164445079
164490373
164593940
164676185
164682172
164689221
164763746
164767954
164797312
164823074
164835077
164882181
164948238
164988542
165020375
165023660
165110173
165150236
165300155
165307492
165369029
165370271
165541449
165707513
165980768
165983498
165987481
165988896
166001006
166034400
166107713
166159415
166215532
166330143
166331902
166475072
166527388
166618925
166682394
166727301
166735807
166737945
166892603
166931589
167041853
167042436
167083341
167121919
167437382
167474515
167498919
167713208
167793208
167864795
167949412
167966072
168129583
168207426
168212758
168404547
168460032
168480508
168502667
168504646
168673167
168718873
168765980
168766108
168831407
168893890
168925692
168940702
168945963
169123740
169304758
169354660
169391134
169396793
169403417
169658204
169677988
169793309
169793349
169825723
169857834
169878456
169909667
170012676
170081152
170139748
170145955
170159516
170220792
170251570
170365602
170366559
170383833
170439904
170447090
170505604
170676868
170744766
170884065
171240720
171258297
171297480
171359044
171392026
171446179
171641436
171940196
171973499
172127712
172184653
172222915
172258845
172389917
172393921
172503356
172564959
172593738
172669722
172992841
173242846
173339904
173358864
173398777
173421600
173479794
173599458
173705600
173736161
173796795
173798694
173884865
174082743
174185985
174242848
174261665
174704385
174723632
174752323
174791996
174826985
174838452
174900681
175018027
175082785
175366784
175385240
175412290
175416111
175970725
175987674
176233627
176237002
176313126
176315172
176644866
176656546
176659657
176805841
176822529
176929290
177004974
177211983
177449149
177630476
177663705
178006654
178023555
178105263
178543122
178571843
178697616
178867748
178886719
178984266
179323458
179468268
179534082
179552540
179743285
179895683
179928598
180108585
180281818
180330333
180331989
180360067
180828547
180870853
181302109
181380733
181562538
181574013
181795478
181900728
182018025
182089611
182353773
182716333
182813468
183140752
183330990
183750629
183781757
183838470
183849536
184030459
184242661
184352068
184514954
184858822
185174845
185196402
185244677
185277164
185295981
185342298
185363153
185486647
185501118
185627170
185767782
186242084
186743486
186985887
187068027
187370000
187395890
187670913
187698031
187777334
188060032
188433916
188664693
189045346
189145429
189371621
190135488
190284250
190887851
190916134
191135320
191197884
191218281
191810146
192165544
192192258
192314269
192358806
192728024
193478464
193839080
193863741
193924292
194192348
194431677
194586461
194672321
194702971
194983553
195005993
195276663
196053304
196660219
196912483
197207145
197364355
197442469
197660963
198164414
199691644
199811358
199930755
200366779
200569959
200766622
201296869
201888379
202917957
203226271
203779772
204558842
206610944
209501027
209900864
210487679
210855137
