2823474
3122283
3132623
3209714
3213850
3272081
3277864
3415386
3425404
3512746
3555722
3605187
3714651
3781151
3823273
3869569
3917853
3921337
3940871
3973044
4147683
4185951
4216386
4265117
4285852
4295614
4321236
4563685
4755622
4768632
4774700
4957248
4967988
5067367
5112700
5175360
5231210
5293711
5313099
5369523
5437720
5454723
5487682
5499965
5513137
5542338
5564611
5567480
5591087
5642024
5665985
5688974
5704244
5763635
5794758
5857536
5865298
5867442
5934155
5968579
5979611
5985621
5993877
6020757
6038130
6049914
6083655
6148377
6156184
6163815
6183485
6190589
6207077
6248268
6254624
6263279
6266981
6267845
6300846
6311327
6314911
6317199
6342645
6360910
6380969
6400256
6419347
6470072
6486431
6520843
6531694
6538565
6590292
6642942
6647357
6710781
6741120
6752053
6787169
6874368
6922816
7001839
7013743
7027473
7059280
7070485
7083829
7105760
7166508
7182196
7202317
7231505
7258692
7305532
7307811
7460550
7478395
7520411
7544012
7548156
7571681
7582585
7586717
7637578
7647134
7669146
7727017
7751209
7771590
7772633
7786205
7798751
7805344
7817318
7859653
7907134
7938305
7975047
8061053
8072513
8079037
8088712
8143017
8147901
8256506
8267198
8272669
8273288
8342343
8368540
8409825
8453374
8559814
8596639
8627379
8639590
8697510
8957210
8970819
9018399
9109470
9150274
9212705
9348898
9814949
9976605
10047405
10059090
10199189
10314186
10816905
10993938
11108079
11110353
11266965
11276654
11377981
11386059
11410352
11414931
11418995
11462865
11470226
11537774
11633739
11673360
11697040
11698857
11704265
11710292
11768791
11772075
11795285
11803696
11804463
11844428
11846195
11860842
11869588
11877719
11882470
11904261
11957928
11962551
11992506
12047553
12074575
12106169
12125652
12137968
12174580
12185222
12187759
12233321
12248262
12255921
12265999
12280813
12284076
12301273
12304195
12309528
12347394
12359717
12382747
12406549
12413034
12478095
12490077
12508040
12521269
12532519
12562176
12573376
12581796
12586211
12586795
12594914
12599721
12614613
12617661
12630147
12631574
12646054
12650623
12665533
12669528
12673053
12728870
12770264
12773375
12776349
12779068
12790344
12791867
12800011
12801059
12806327
12809424
12861351
12862918
12923131
12966143
12989814
13031153
13035015
13064325
13134682
13152926
13176666
13182585
13308519
13391973
13438310
13459017
13504902
13517912
13638848
13642334
13644473
13675930
13676636
13695805
13773063
13854845
13903803
13904794
13907362
13911004
13967569
13998245
14044709
14071845
14222668
14226397
14244223
14245602
14377963
14406603
14447542
14572810
14742473
14764712
14802024
14847727
14889073
15019410
15191116
15287381
15301809
15311228
15334900
15424803
15450575
15488590
15556938
15644504
15653167
15672581
15700051
15722695
15912244
15984731
16016185
16027267
16056071
16083528
16101034
16114801
16136512
16176065
16178243
16204006
16297392
16308065
16348839
16350820
16356359
16365828
16376488
16378047
16378599
16398309
16418487
16440610
16443195
16480751
16495611
16508944
16561531
16574726
16604503
16618239
16631701
16632289
16661779
16702611
16703832
16716037
16737617
16760194
16761292
16767147
16778712
16785867
16812880
16829600
16843380
16868300
16882829
16895931
16925383
16934879
16955264
16971371
16991987
17043931
17064504
17075662
17103438
17132461
17132567
17146167
17153838
17225606
17232673
17260027
17264112
17279418
17286696
17338283
17359886
17361309
17365652
17377589
17381784
17382201
17387352
17408899
17413721
17444159
17455021
17476197
17481075
17481127
17592416
17678373
17720877
17733915
17795448
17821775
17854229
17865849
17869220
17871559
17882065
17883201
17919141
17944814
17948120
17950442
17967343
17978642
18033443
18096720
18121984
18122719
18128518
18152978
18187372
18225968
18226717
18234944
18235893
18263614
18275621
18281514
18333876
18357503
18358456
18386064
18394906
18423116
18423663
18430697
18452254
18471423
18503175
18515856
18518468
18518844
18523982
18536027
18540231
18541358
18567582
18572687
18577613
18600461
18607557
18628974
18670673
18691432
18718521
18742910
18757923
18812682
18814544
18837442
18862775
18862896
18894036
18894133
18941517
18969157
18976696
19045652
19053304
19080365
19087601
19108038
19114530
19137812
19149782
19151328
19159588
19171410
19180483
19183924
19187251
19254984
19281659
19282651
19283189
19293219
19316109
19329242
19333486
19335446
19338718
19375853
19379585
19397568
19400436
19402231
19408530
19408735
19420698
19420876
19433460
19441060
19442583
19448019
19463379
19463644
19472886
19487564
19501665
19504188
19555289
19570597
19576549
19582667
19588951
19594971
19615312
19644565
19649146
19678011
19714230
19714913
19719284
19737782
19754600
19759315
19772231
19800121
19800726
19818327
19835643
19860013
19872977
19919511
19987864
20000213
20021845
20098616
20117068
20152120
20285849
20305558
20323312
20329978
20341158
20366635
20372922
20373421
20402386
20405662
20440130
20444725
20446355
20451079
20459330
20477737
20492750
20530470
20553153
20578491
20598342
20605793
20713365
20714076
20727497
20737133
20749568
20754297
20757824
20772245
20783466
20801338
20834823
20837095
20860602
20866822
20890968
20892143
20913526
20996092
21013800
21058716
21083497
21144377
21148671
21148719
21166406
21172351
21180105
21193402
21198720
21198891
21221862
21237076
21244749
21255161
21265289
21277233
21284269
21301896
21309788
21313480
21345789
21365815
21387107
21395074
21407026
21427557
21471166
21471437
21476836
21485810
21494149
21496234
21511880
21513655
21536175
21555173
21569066
21582851
21587083
21639524
21662328
21676435
21681198
21690239
21693284
21699433
21701585
21706595
21706912
21735185
21737099
21739169
21760459
21766734
21781507
21801787
21808739
21813570
21845630
21851051
21868081
21868406
21882695
21882706
21886135
21894560
21898918
21930098
21964476
21965404
21976614
22000977
22016560
22033332
22041776
22045254
22057590
22064689
22067377
22068430
22125336
22157348
22159631
22174403
22179904
22202695
22209957
22228288
22238026
22257066
22263643
22275336
22278611
22279634
22285720
22295165
22307506
22314792
22377247
22380215
22384705
22408542
22442854
22471395
22476131
22482306
22498741
22499016
22503574
22504285
22514270
22545732
22551799
22579720
22587497
22591671
22658312
22661629
22668274
22681053
22698794
22759609
22777365
22778741
22784121
22803730
22811182
22839428
22854835
22859595
22870951
22871299
22938158
22941104
22948490
22960338
22964318
23014620
23025963
23028263
23034018
23037715
23040131
23061035
23072915
23075318
23083714
23096858
23114221
23141340
23158019
23159510
23185795
23217315
23246874
23248449
23274013
23284322
23301493
23308513
23358241
23371543
23375694
23376768
23387810
23390961
23395018
23424105
23445831
23486096
23505130
23510930
23516023
23528017
23534763
23582078
23597068
23610922
23615832
23617135
23692104
23733200
23769744
23789012
23790843
23812332
23826630
23846864
23861766
23871827
23893213
23910767
23934243
23952306
23959221
23972511
23980532
23985552
24019530
24028863
24044380
24058763
24063614
24076384
24079517
24087808
24090124
24108044
24125010
24166617
24168692
24178063
24191117
24244514
24272113
24272579
24275369
24281981
24285092
24297662
24317113
24328222
24336495
24489732
24551886
24721622
24772080
24810887
24818997
24819648
24845731
24866347
24925517
24928773
24948032
24972048
25004318
25031742
25108910
25226903
25267639
25361856
25424216
25442867
25451535
25464254
25482648
25490652
25573095
25600319
25656630
25784434
25804802
25975341
25997120
26058043
26211791
26462057
26560099
26567193
26594914
26603963
26628921
26634145
26635675
26640811
26644232
26702223
26732420
26917102
26933495
26975110
26977455
27209254
27242559
27325655
27421315
27447677
27537240
27604179
27853539
27906211
27942726
27973818
28166814
28463176
28467603
28552271
28556173
28609198
28673603
28684142
28858953
28865799
28882977
29057279
29140246
29290686
29374394
29413563
29607513
29616780
29713555
29769570
29849806
29886649
30025251
30030873
30096463
30208288
30269791
30445587
30590538
30611178
30709753
30787643
30938438
30957875
31209472
31228791
31253332
31501476
31608471
31618815
31643475
31805970
31873862
31884159
31900118
31979314
32075140
32260599
32262553
32503186
32629525
32873763
32975221
33044834
33115395
33124252
33571342
33660069
33661458
34191838
34347218
34380254
34418200
34739115
35224815
35698065
35731437
36086902
36137142
36425551
36462607
36525290
36577069
36682110
36759436
37289383
37351532
37494395
37498996
37565134
37667111
37752825
38098180
38103805
38154149
38211640
38276020
38375679
38430988
38460510
38474955
38656042
38683188
38705795
38925778
38963451
39008984
39110947
39124205
39140276
39236974
39420097
39478529
39487143
39670819
39683371
39750404
39766878
39770580
39772129
39775545
39782390
39837835
39865247
39882625
39889316
39898006
40026492
40111813
40118114
40164048
40164438
40165240
40169167
40184938
40207073
40213417
40232291
40233601
40293215
40305212
40305721
40369835
40469829
40477565
40480590
40483289
40502479
40537354
40559363
40626614
40650702
40688135
40718693
40724094
40761202
40772542
40793096
40837913
40894099
40901392
40911779
40948617
41020536
41026479
41059170
41060544
41083344
41091904
41098406
41119692
41149876
41179756
41191027
41206573
41268360
41568463
41575757
41727733
41844613
41899959
42004939
42158428
42218388
42660362
42789025
43030382
43112702
43560397
43587786
43648655
43693596
43718403
43959902
44110335
44111917
44465525
44580294
45084286
45120928
45243553
45308231
45387311
45432639
45865609
46150750
46266576
46770436
46775757
47010995
47048595
47389235
47433539
47498493
47845931
47899510
48471806
48585659
48726058
48862111
48948834
49302495
49439013
49498020
49910616
49996206
50335076
50516963
50864563
51470831
51536127
51716353
51738611
51803038
52249852
52460349
52759121
53023625
54304645
54697272
55090708
55105848
55133979
55184404
55379141
55834660
55879218
55984230
55998916
57595061
57617520
58022923
59072038
59349383
59532605
59803596
60145892
60695276
60906787
61395276
61521141
61650281
61779720
61906049
62454125
62518732
62565747
62845716
63897878
64199492
65942053
66169155
66553446
66858272
66964932
66999875
68220936
68334827
68708447
68904906
69073479
69116810
69130531
69259050
69365677
69401530
69412570
69782717
70323339
70359197
71530336
71551624
71636887
71655890
71658006
72123922
72392040
72680635
72736774
72886562
72973019
73159501
73665158
73961266
74141185
74148849
74397169
74847119
75346892
75391739
75527649
75696720
75947602
76290558
76495780
76519841
76907950
77082911
77124575
77642994
77675936
77791795
77920974
77935294
78581972
78624370
78786755
78819012
78837049
79102605
79479304
79585518
79588576
79904087
79946992
80139221
80443051
80499918
80549944
80807057
80870543
81050536
81133467
81278037
81378615
81457312
81626000
81796875
81809796
81894895
81977431
82023470
82389936
82540524
82600704
82629399
82678722
82775350
82862518
82895359
83019963
83099720
83152494
83247342
83638072
83725613
83818679
83942771
83965499
83976566
84074389
84207091
84224790
84292519
84353077
84562485
84619017
84732491
84816616
84885287
84897510
84923272
85064539
85080345
85224875
85286748
85352248
85591224
85867336
85869573
86040807
86155645
86456218
86553445
86616970
86724489
86726816
86921029
86980485
86986469
87394299
87428646
87463260
87559687
87560421
87671149
87862027
88027277
88119590
88190320
88449009
88565250
88609754
88635421
88732866
88794111
88828222
88847265
88887934
89256703
89309160
89522503
89618212
89661319
89810721
89897316
89911825
90063325
90411205
90754107
90937590
91110070
91276268
91298369
91310224
91456067
91466717
91658971
91819858
91911992
91975742
92202177
92365250
92540800
92573059
92644157
92897770
92988824
93005129
93011902
93140228
93175070
93469521
93507411
93691501
93848884
93968961
94044866
94232601
94271910
94456618
94651608
94716450
94726877
94727359
95342304
95576610
96028067
96600368
96629603
97143424
97499836
97548756
98222220
98304990
98315271
98806305
99264511
99413889
99476683
99600661
99682051
99706162
99710747
100594730
100959637
101240001
101526480
102108202
102211573
102377016
102538991
102809287
102837932
103048462
103265000
103866125
104278583
104463690
104515801
104904663
104950987
105034225
105106453
105168729
105439665
105567910
106056183
106265626
106317159
106403121
106424686
106434968
106505936
106553717
106793656
106805754
106875235
107436474
107555035
107582791
107673229
107772516
107777842
107995817
108039560
108177690
108240490
108504430
108575768
108716123
108776156
108835452
109026192
109161760
109552984
109715195
109886555
110044343
110259034
110282636
110390462
110546450
110624947
110940355
111152833
111187899
111190785
111456096
111889264
112059633
112212883
112235355
112328178
112346308
112415900
112436001
112621206
112827955
112843467
113113430
113568853
113575271
113673213
113738990
113908868
113933872
114021388
114053888
114155746
114509597
114658186
114744318
114878930
114945426
114946807
115599946
115616324
115710575
116047574
116231969
116277581
116460984
116499372
116506283
116716972
116830540
117123191
117127926
117301061
117312921
117504896
117690595
117791889
118122083
118131466
118151891
118297514
118745364
119612940
119651199
119672540
119928488
119983391
120086558
120172036
120249521
120355780
120415772
120926637
120978143
120986054
121608633
121927677
122041613
122149913
122657245
123533178
123550399
123553764
123678026
123746703
123941015
124123783
124306372
124429080
124610769
124755244
125058280
125084970
125202355
125220208
125282132
125301592
125328958
125534148
125562726
125952089
126019795
126151390
126250903
126580828
126649865
127092391
127120022
127378614
127437052
127507002
127765269
127800528
127851772
127922860
127980159
128092138
128233109
128383647
128397767
128471236
128492906
128536821
128703166
128786612
128799809
128862387
128984545
129621576
130227238
130343776
130428920
130446062
130538680
130697485
130734201
130921088
131075704
131202959
131214856
131291224
131458112
131692577
131764838
131835408
131965677
132125777
132262265
132276037
132781689
132843316
132858825
133043468
133068828
133246163
133369769
133403413
134206361
134373335
134564479
134805285
134849293
135065463
135089176
135333030
135536376
135563511
136010968
136114113
136153778
136427333
136492433
136532796
136539951
137014952
137435516
137469686
137473392
137724899
137847213
137946406
138126751
138287370
138455975
138498484
138558426
138781979
138886765
138976938
139285172
139705977
139915910
140011006
140065352
140134399
140334941
140387801
140429854
140761730
141009820
141149729
141278814
141318536
141465971
141484444
141488547
141567043
141778690
141860697
142511323
142520126
142579751
142765013
142848726
142989890
143097715
143410468
143548347
144000465
144057890
144172629
144262363
144301464
144319786
144404224
144714565
144714862
144870778
145242804
145476455
145694922
145785039
145788210
145899339
145941733
146135773
146174533
146177564
146230567
146247821
146346852
146527210
146533299
146533526
146550145
146575537
146604743
146714389
146809461
146868710
147012924
147016391
147037401
147387451
147736850
147780417
147850628
147896216
147920135
148042639
148054339
148085092
148198648
148251024
148844141
148852320
148883074
148937781
149173094
149705676
150144763
150147346
150361058
150558339
150712673
151165130
151415800
151544540
151648403
151650793
151716128
152706027
152947755
153081487
153231886
153258019
153521532
153599699
153864481
154284724
154799196
155215392
155236904
155628331
155905993
155914610
156013752
156054080
156387689
156492931
156607873
156806710
157168535
157204158
157384469
157547691
157644701
157669315
158208806
158216154
158522202
159035790
159396031
159626783
159632889
159774438
160488197
161103773
161305523
161406332
162062938
162126693
162169372
162334950
163041322
163489405
163786087
163792453
163811041
164066248
164395714
164445079
164763746
165300155
165369029
165741458
166331902
166527388
166727301
166737945
167041853
167042436
167301359
167437382
167754550
168207426
168404547
168480508
168923840
169935117
170012676
170145955
170216889
170366559
170439904
170744766
170969738
171080182
171386604
171446179
172363110
172564959
172640612
173553645
173599458
173736161
174261665
174851978
175218979
175293517
176396661
176656546
177109257
178838324
178886719
179323458
179534082
181871376
183392142
183427293
183470701
184049385
184374020
184789385
185301817
186525562
188848545
190649990
192258057
192327880
193808357
194512091
195276663
195714583
196976382
197542629
199700003
200453125
201602816
205161019
209167232
210487679
