3015829
3122283
3209714
3272081
3555722
3618305
3621988
3750463
3917853
3921337
3940871
4144779
4191442
4295614
4317985
4361003
4563685
4743560
5224067
5231210
5437720
5454723
5934155
6029327
6109168
6248268
6294160
6308988
6317199
6342645
6400256
6470072
6520843
6531746
6541037
6634378
6680550
6752053
6870464
7166508
7259621
7421996
7483674
7592575
7713446
7716087
7727017
7771590
7817318
7865820
7927648
8079037
8088712
8383418
8409825
8532582
8596639
8763765
8950555
9349984
10199189
11108079
11376189
11396594
11426327
11456786
11462865
11623092
11631213
11643508
11673360
11696334
11704265
11795285
11804463
11818071
11834220
11860842
11870551
11877719
11881848
11962551
11970543
12029160
12043816
12054310
12071263
12074575
12125652
12233321
12241606
12410658
12413034
12426681
12440616
12490077
12521269
12529704
12542627
12573376
12631574
12635483
12786815
12840748
12861048
12861351
12907791
12910076
13134682
13480221
13587010
13642334
13871329
14161989
14245602
14406603
14787544
14802024
14882471
14895791
15041837
15098028
15565427
15605481
15688362
15722695
15782552
15944210
15984731
16089506
16099120
16229553
16248314
16267579
16293685
16348839
16350820
16352384
16467513
16514770
16569819
16619228
16716037
16778712
16785867
16955264
16991987
17019402
17038513
17069574
17103438
17260027
17279418
17286696
17334933
17402909
17408899
17444159
17481075
17488982
17553575
17567658
17597918
17779150
17854685
17894614
17951391
18088124
18152978
18179440
18225968
18226717
18234944
18235893
18262849
18293311
18390014
18452254
18503175
18515856
18564986
18572687
18671473
18707715
18837442
18885970
18916107
18929368
18955179
18981034
19038160
19087601
19103555
19108038
19139501
19146184
19153279
19251219
19282651
19283189
19316238
19397101
19408530
19420698
19433460
19448019
19496163
19501665
19555289
19576549
19588951
19615312
19649146
19678011
19699448
19719284
19759163
19774798
19818327
19824851
19834353
19856241
19876078
19910389
19956591
19957498
19984845
20000213
20079095
20092284
20124684
20148902
20152120
20187471
20213700
20275700
20323312
20325013
20352538
20373421
20385604
20418724
20442349
20510219
20513972
20534601
20540826
20621173
20654328
20686207
20707471
20713365
20714076
20761110
20784664
20786465
20825832
20913526
20945932
20963957
20999610
21083157
21098037
21111019
21136297
21157463
21158008
21163046
21221862
21228253
21239883
21277233
21279022
21284269
21301896
21312360
21313480
21318900
21330961
21345789
21365815
21366663
21372171
21391427
21411827
21416806
21427557
21450613
21456323
21471437
21485810
21494149
21511880
21523507
21536175
21536643
21555173
21579116
21644549
21650290
21667699
21690239
21693284
21706912
21717149
21737099
21761809
21784806
21801787
21845630
21855233
21882695
21964476
22047732
22051187
22072394
22098873
22125336
22157348
22209957
22238026
22275336
22281853
22281858
22302939
22307506
22353910
22359356
22359620
22384705
22406264
22411641
22416238
22434579
22456513
22482306
22494607
22494884
22498741
22499016
22501955
22504285
22535743
22587497
22598471
22624772
22681053
22681064
22721625
22739607
22800578
22831768
22853082
22859595
22871299
22902425
22917222
22932715
22938158
22940417
22960338
23025963
23037715
23063512
23092587
23096858
23112612
23113566
23114221
23122656
23140961
23141340
23184905
23188771
23222454
23235578
23248449
23287785
23291358
23301493
23366492
23386768
23390961
23408258
23424105
23438942
23444009
23454743
23508371
23515998
23528017
23532502
23545097
23563979
23610896
23610922
23617135
23623889
23670024
23690468
23708806
23712029
23730884
23826041
23869269
23871827
24041457
24050681
24058763
24090124
24098572
24130783
24146205
24166617
24168692
24199541
24211779
24228140
24240811
24275369
24281981
24301831
24317113
24343542
24372246
24387513
24402388
24423086
24458238
24520433
24543693
24585066
24638168
24660676
24671591
24675042
24688127
24796260
24802649
24831686
24850970
24917434
24919538
24941824
24972048
24990408
24999977
25032356
25085018
25094438
25136273
25158192
25164277
25168975
25171639
25174285
25179305
25185504
25194840
25211025
25214749
25227588
25268951
25280843
25284976
25307553
25308095
25380967
25389649
25410369
25464254
25487660
25490186
25507530
25507878
25514356
25588204
25629320
25630906
25710121
25799528
25806754
25863832
25864104
25873172
25881657
25904133
25944960
25993915
26006929
26019580
26065453
26075607
26085805
26149627
26172122
26230485
26341851
26357827
26411700
26422681
26433887
26461514
26481544
26494893
26509276
26509980
26529774
26565438
26575889
26594818
26646260
26648481
26664483
26670878
26704690
26721792
26731020
26745306
26794218
26813783
26872857
26942111
26973967
26975647
27005421
27006627
27008298
27138071
27154401
27162914
27204423
27211330
27217986
27257966
27272593
27299829
27385486
27416616
27418185
27418625
27447677
27459388
27464465
27484791
27509558
27516653
27518406
27539896
27598017
27606989
27637876
27654808
27702533
27737753
27742785
27765484
27767946
27776862
27786335
27790337
27794471
27849941
27890183
27941043
27956870
28011974
28044666
28106058
28141005
28187309
28203123
28234239
28262093
28364515
28375683
28428560
28463432
28471619
28472565
28476359
28590269
28609198
28677722
28699553
28786394
28846017
28850991
28865799
28922785
28940831
29057426
29112498
29117887
29154268
29176699
29192698
29294959
29364747
29371618
29392289
29488310
29494316
29573112
29612537
29613993
29635114
29763464
29763736
29769570
29864782
29886649
29891868
29905763
29929027
29980600
29988895
30024110
30069625
30159764
30189718
30203521
30208288
30242784
30265689
30269791
30281665
30292612
30300108
30341826
30437273
30444667
30520118
30522135
30541653
30565557
30634644
30709753
30713062
30732830
30735486
30742778
30757862
30779202
30843895
30856611
30865238
30865378
30899654
30931490
30938438
30957875
30968229
31049529
31065896
31198782
31296164
31334652
31337825
31381463
31407113
31413794
31459697
31530629
31531593
31534424
31599007
31613798
31640837
31709047
31737911
31751000
31797394
31822628
31875179
31885474
31924708
32007209
32039671
32043257
32075140
32122095
32129890
32150464
32182222
32262553
32495715
32596034
32665347
32697267
32722529
32815779
32839938
32883333
32906619
32923476
32926011
32999004
33076637
33124252
33178232
33257789
33260419
33368298
33394593
33447176
33507094
33526834
33543006
33569859
33575714
33628469
33796645
33803567
33837452
33926377
34147477
34155855
34166640
34174621
34191838
34279110
34341236
34387611
34413329
34418200
34424098
34453617
34457601
34502618
34504174
34670097
34805524
34873887
34914542
34954289
35041084
35088236
35109197
35140005
35144128
35173003
35178993
35341714
35467310
35497391
35499342
35501168
35505857
35523504
35588720
35616383
35702924
35755173
35756368
35861868
35962574
36013663
36013859
36050414
36063088
36101036
36259152
36414066
36425551
36545069
36548140
36558353
36582314
36622006
36682110
36738677
36767074
36779926
36857480
36942582
37054103
37142839
37235059
37454967
37463084
37521989
37559386
37609875
37614928
37718172
37762837
37836955
37884560
38017065
38098180
38150912
38214613
38284885
38530369
38547400
38711611
38754538
38765871
38823414
38859987
38946998
38963593
38979497
38986601
39008984
39025465
39067258
39102185
39191629
39219294
39219483
39312825
39357030
39485376
39487143
39495220
39509474
39522122
39683371
39749965
39770580
39837835
39893374
40019732
40106943
40124509
40164438
40208216
40233601
40369350
40409286
40416820
40432928
40483000
40619076
40650711
40794538
41009930
41022785
41100654
41250570
41304982
41343129
41426252
41433101
41469609
41473671
41506302
41568463
41619708
41717658
41764768
41801547
41820563
41936509
42158428
42216240
42304731
42317933
42424269
42562365
42658094
42660485
42682811
42710287
42777111
42835636
42880061
42881115
42915249
43028368
43052906
43105436
43183102
43288641
43648655
43956466
44203779
44216236
44221535
44254304
44258794
44413597
44657475
44667087
44920777
45026211
45214327
45227483
45307764
45308231
45391743
45445568
45458740
45494234
45505323
45529842
45615494
46069115
46196166
46267390
46269133
46307254
46366039
46380220
46525693
46549095
46672144
46775757
47080286
47163897
47278748
47405412
47414135
47456642
47686377
47876675
47961189
48078410
48132392
48173503
48234966
48271707
48464099
48631117
48780893
48882620
48948834
49043256
49106877
49108198
49118841
49188552
49575616
49644868
49702557
49710555
49772291
49976528
50078635
50212132
50284925
50335076
50340900
50359645
50444974
50488499
50721314
50723219
50734714
50755861
50760078
50888462
50900099
50977013
50981876
51135802
51470161
51517617
51660353
51809461
51874509
51916120
51936509
52187382
52492854
52532023
52641236
52679351
52799550
53254134
53298278
53563283
53587560
53638973
53663267
54194815
54273392
54424264
54455148
54697272
54715792
54823226
54858993
55025820
55090708
55133979
55184404
55718738
55732032
55846081
55906861
55964573
55994395
55998916
56059692
56059771
56124439
56184195
56284852
56285830
56296459
56478147
56736030
56768942
57011379
57012951
57028737
57083776
57254260
57303974
57629982
57859074
57926752
58020233
58040883
58051318
58080530
58543182
58654969
58788470
58895136
58939600
59046178
59074256
59086703
59289814
59461570
59739169
59744892
60247856
60263370
60274181
60299469
60304986
60309418
60524959
60589415
60906787
60916965
60928233
60996844
61128138
61305804
61334739
61511053
61521141
61544509
61562008
61639589
61737989
61791825
61857926
61875866
61891935
61906049
61915840
62263242
62333677
62486967
62644055
62647932
62692088
62962528
63024096
63030730
63077480
63495023
63507537
63656855
63661503
63738827
63856922
63864440
63931103
63955606
64006643
64149102
64199125
64296089
64375433
64503307
64667290
64859604
65251203
65837257
65996231
66042962
66125683
66145179
66619160
66858272
66908669
67056016
67262286
67487418
67497830
67757236
68191385
68408026
68423336
68491983
68665896
68687731
68694664
68923698
68951947
69001136
69030537
69041216
69110952
69155215
69156796
69227232
69274157
69315838
69324083
69437279
69492255
69876895
70291609
70325432
70484432
70802610
70842399
71028002
71045069
71146114
71264416
71361809
71362061
71560018
71697039
71722451
71831729
71879133
71930374
71960006
72283192
72308064
72384381
72485606
72536032
72680635
72719197
72952113
73304160
73424899
73660378
73665158
73812699
74087066
74101279
74397169
74736484
74847119
74864861
75045734
75385275
75406291
75488409
75667235
75753574
75815632
75973695
76143282
76344414
76499443
76596306
76654081
76940222
76942544
76964952
77004663
77061521
77386217
77406548
77554216
77724718
77786070
77928507
78079599
78099737
78201300
78220690
78301903
78464103
78606732
78819012
78895464
78943011
78960681
78999408
79020878
79060337
79127843
79380109
79412848
79476761
79549530
79572121
79669906
79686158
79719383
79874164
79886888
79939309
79946992
80109951
80123574
80218541
80263243
80499918
80507759
80549944
80566252
80591462
80822125
80935948
80970284
81006987
81006993
81047223
81246701
81278037
81497822
81597353
81626000
81647573
81656174
81774000
81786605
81813717
81930198
81958677
82062703
82418634
82511380
82546584
82558390
82596227
82675154
82760249
82793072
82891376
82895359
82954920
82993418
83000650
83130204
83391891
83546487
83567815
83584464
83683106
83714242
83737495
83913794
84028819
84113345
84241848
84470980
84532239
84619930
84732491
84810983
85024134
85026912
85038772
85150386
85302247
85317002
85407656
85509331
85650827
85749063
85809020
85810404
85819559
85888390
85968374
86037611
86087979
86093829
86093894
86165561
86208969
86648060
86805387
87038042
87249125
87384421
87519074
87643206
87664357
87668506
87718851
87855335
87877493
87933758
87944606
87990724
88217840
88326396
88352608
88439578
88470525
88533264
88557244
88651752
88664271
88800040
88803882
88825869
88938162
88980272
89179214
89309160
89403205
89499932
89552476
89602301
89669859
89761725
89812284
89832368
89977771
90020617
90029163
90036398
90117044
90163617
90353912
90528531
90635122
90678773
90683451
90760665
90918403
91045729
91079103
91110070
91146530
91162587
91292372
91310224
91381415
91388965
91429150
91441878
91443266
91464099
91466717
91670393
91853441
91867581
91891537
91953599
92108227
92202177
92221079
92233211
92365250
92610114
92765351
92897770
92988824
93005129
93062189
93167499
93303458
93304924
93313952
93411268
93448613
93543993
93691501
93713014
93737928
93785955
93804908
94023521
94063396
94269373
94279490
94384926
94573308
94726877
94848699
94924404
95059618
95277867
95489120
95688203
95705051
95799216
96123586
96162535
96225674
96248737
96395164
96448893
96492164
96727090
96964329
97143424
97214278
97230847
97681476
97796753
97937275
98090737
98238367
98333562
98506355
98765584
98792299
98797169
98806305
98913231
98940698
99024260
99324486
99580296
99599179
99706162
99803005
99808939
100028519
100205390
100271821
100523985
100594730
100622196
100973013
100987118
101046448
101084055
101101931
101264014
101279124
101486389
101566330
101660148
101856286
102016129
102126435
102211573
102234967
102398126
102436407
102504047
102730515
102835369
102837932
102945640
102989489
103009455
103048462
103092651
103103473
103131345
103572588
103577362
103653487
103716752
103753132
103855299
103886307
103948775
103975779
104181363
104283696
104304170
104515801
104517844
104616864
104852653
104864775
105025230
105219883
105337845
105424978
105790836
105957690
106030011
106185353
106265626
106403121
106449640
106518278
106852917
107017595
107061082
107129169
107154599
107157144
107311188
107323604
107412099
107456215
107510889
107650544
107925157
108045652
108260532
108275131
108607259
108623436
108750631
108911749
109033182
109249985
109255150
109290247
109307517
109527480
109552984
109790150
109886555
110004139
110014622
110098453
110112252
110246824
110326841
110329277
110357112
110465593
110940355
111085477
111190785
111192030
111312545
111315369
111453527
111491782
111624958
111678522
111741848
111750156
111861915
111990879
111997849
112010747
112059310
112277672
112425188
112442710
112468985
112517289
112568660
112587935
112702765
112920101
112928615
112935544
112968568
113018787
113088546
113154236
113201719
113346706
113573488
113637158
113671071
113739269
113778887
113914485
114075606
114140636
114153312
114342923
114423983
114447989
114474699
114474914
114591883
114937123
114973703
115055524
115098988
115159107
115163805
115166689
115197701
115298051
115394238
115573000
115599946
115657889
115793345
115887710
115943529
116037420
116143553
116146992
116292034
116481621
116499372
116566041
116665579
116799122
117052846
117184317
117553035
117688117
117733498
117989890
118297514
118599910
118802401
118836258
118998049
119088826
119244342
119283703
119467712
119874911
120023816
120127130
120350889
120672057
120674667
120702837
120799277
121133165
121173851
121249370
121264594
121274267
121416936
121473406
121507908
121693122
121774880
121918577
122109923
122143780
122227200
122354674
122424928
123055399
123199484
123285364
123313813
123454731
123487791
123816328
123892180
123977976
124024582
124112425
124151052
124652806
124722912
124883789
125082818
125100661
125202355
125213758
125277139
125631247
125866239
125889987
125999721
126052496
126146245
126455765
126580828
126649865
126875171
126931104
126979668
127057637
127085298
127092391
127162553
127168767
127331934
127437052
127612093
127733450
127948926
127976645
128286289
128354457
128383647
128411842
128447137
128666421
128765713
129140802
129159222
129238769
129355342
129440551
129550551
129664035
129888558
129975817
130106564
130237142
130280398
130428920
130550958
130552029
130644256
130790142
130914086
130943755
131054732
131206264
131214856
131458112
131668187
131835408
131862802
131875723
131881743
132271649
132324874
133091329
133133955
133173404
133263127
133369769
133560850
133828612
133911212
134206361
134239942
134597551
135082892
135308324
135310065
135360459
135385414
135390916
135511565
135727624
135817929
136016631
136114113
136407996
136427333
136532796
136539951
136825076
137043590
137435516
137543509
137651691
137668563
137724433
137724899
137788237
137934616
138126751
138143632
138239868
138301930
138742177
138820593
139246734
139285172
139321686
139358010
139419027
139441232
139446606
139564088
139634734
139700658
139759093
140026222
140102590
140544651
140600948
140638701
140761730
141097907
141153406
141191031
141461424
141484444
141634261
141778690
141814751
142031627
142039492
142094611
142129137
142186263
142246895
142506164
142592051
142595042
142752985
142909294
142931213
142943978
142946946
143167990
143261540
143305551
143376069
143459392
143461140
143479658
143490929
143492021
143525131
143705931
144000465
144262363
144314849
144343318
144404224
144659477
144708121
144724341
144854451
144870778
144946995
145000137
145055303
145242804
145284293
145386058
145476455
145492716
145514834
145585213
145738990
145880964
145941733
146117452
146121458
146135773
146220158
146276469
146303775
146457852
146613747
146772143
146807440
146890340
147021442
147033030
147039727
147202458
147202800
147673134
147865392
147877154
147883746
147920135
148021170
148173338
148176897
148230680
148257471
148342636
148358202
148619341
148626978
148637965
148644784
148665224
148847344
148852320
148988648
148991599
149006684
149068409
149091622
149236250
149287531
149369355
149415562
149445546
149481073
149536453
149793433
150022674
150037763
150107857
150144763
150422112
150473105
150558339
150712673
150735940
150809701
151002888
151165130
151308982
151345253
151544540
151716128
151735515
151890436
152334034
152603679
152634808
152686224
152699316
152743957
152891415
152925169
152941813
153049710
153334265
153341127
153392504
153497185
153521532
153538075
153634310
153757264
153898239
154233521
154409669
154460932
154479368
154623300
154638842
154685023
154730516
154958505
155046844
155099625
155234553
155304396
155400722
155515685
155698553
155713821
155912025
156097960
156365950
156413900
156493752
156730679
156921409
157115098
157115712
157133282
157173667
157384469
157414311
157547691
158088961
158240148
158271005
158364040
158385028
158535945
158577318
158972220
159035790
159188264
159201505
159396031
159406367
159495548
159626783
159774438
159830566
160567998
160602332
161305523
161511262
161553591
161594696
161742901
161796825
161854785
161985052
162072801
162224133
162334950
162368492
162839095
163353637
163373312
163402424
163672632
163844133
163857598
163999620
164066248
164109115
164128615
164445079
164490373
164797312
165110173
165300155
165307492
165369029
165370271
166034400
166107713
166331902
166727301
166737945
166892603
167042436
167437382
167864795
167966072
168460032
168718873
168765980
168893890
168940702
169354660
169403417
170012676
170139748
170159516
170366559
170744766
171240720
171258297
171973499
172503356
172564959
173242846
173358864
173599458
173798694
173884865
174791996
175366784
175970725
176233627
176313126
176315172
176656546
176805841
177004974
178543122
178886719
179323458
179534082
180281818
181562538
181574013
183140752
184858822
185277164
190284250
194192348
194586461
196053304
197207145
197364355
197442469
199811358
200766622
202917957
203779772
210487679
