2823474
2839570
3015829
3122283
3132623
3209714
3224143
3236505
3272081
3277864
3404808
3415386
3425404
3509911
3512746
3527798
3555722
3605187
3607020
3621988
3692317
3714651
3781151
3823273
3861668
3869569
3917853
3921337
3940871
3973044
3991556
4016780
4020509
4050271
4126689
4191442
4285852
4295614
4312137
4317985
4563685
4648372
4677961
4720649
4743560
4755622
4786001
4863025
4918046
4955883
4957248
4967988
4974166
4979702
5067367
5104902
5112700
5121704
5224067
5231210
5313099
5437720
5454723
5458832
5499965
5512477
5513137
5542338
5543181
5564611
5567480
5665985
5688974
5763635
5794758
5857536
5865298
5867442
5870473
5910484
5934155
5953803
5968579
6017959
6020757
6029327
6038130
6083655
6109099
6109168
6148377
6156184
6160917
6190589
6206432
6248268
6254624
6263279
6266981
6267845
6294160
6308988
6311327
6314911
6317199
6342645
6360910
6400256
6419347
6477980
6486431
6495805
6520843
6531694
6531746
6538565
6541037
6556666
6584886
6590292
6624652
6632498
6634378
6642942
6647357
6675678
6680550
6710781
6741120
6752053
6787169
6796410
6798309
6802201
6842505
6870464
6874368
6902913
6922816
6969181
7000407
7013743
7014198
7050768
7070485
7077185
7083829
7155070
7166508
7258692
7259621
7275715
7335532
7356026
7421996
7431677
7441024
7460550
7481373
7483674
7490592
7502908
7520411
7540600
7544012
7559770
7560342
7581515
7582585
7586717
7592575
7604166
7624260
7637578
7692447
7713446
7715062
7716087
7771590
7815779
7817318
7852151
7865820
7907134
7927648
7938305
7948323
7959996
7975047
7995068
8072513
8079037
8088712
8119548
8146439
8147901
8159930
8267198
8273288
8342343
8368540
8409825
8440639
8532582
8575200
8596639
8697510
8950555
8957210
8970819
9109470
9110819
9167424
9212705
9349984
9814949
9976671
10059090
10129778
10199189
10581833
10816905
10993938
11059888
11084878
11108079
11109390
11110353
11238818
11276654
11354803
11376189
11377981
11386059
11396594
11410352
11426327
11456786
11462865
11470226
11537774
11623092
11631213
11643508
11696237
11698857
11704265
11705139
11795285
11803696
11804463
11818071
11860842
11862898
11870551
11877719
11881848
11882470
11904261
11944821
11957928
11962551
11970543
11992506
12029160
12033720
12043816
12047030
12054310
12057117
12071263
12074575
12094166
12125652
12137968
12155349
12185222
12192398
12197385
12233321
12241606
12248262
12265999
12272536
12280813
12284076
12288297
12309195
12347394
12359717
12410658
12419364
12426681
12440616
12476841
12478095
12486439
12490077
12508040
12521269
12529704
12542627
12571255
12573376
12586211
12586795
12595888
12614613
12617661
12630147
12631574
12635483
12642759
12669528
12673053
12701533
12715813
12723578
12730310
12733579
12762420
12763922
12773375
12786815
12800011
12801059
12809424
12826040
12827542
12840748
12854615
12858220
12861048
12862564
12862918
12881261
12907791
12907994
12910076
12923131
12933279
12951675
12953681
12956005
12960709
12968716
12969370
12979952
12989814
13035015
13064325
13107775
13134682
13152926
13154485
13160356
13176666
13182585
13263073
13287190
13308519
13328091
13438310
13459017
13480221
13492800
13506207
13513480
13517912
13543558
13617091
13642334
13644473
13675930
13760609
13762555
13773063
13789348
13854845
13868094
13871329
13904794
13907362
13911004
13967569
13998269
14044709
14071845
14161989
14222668
14226397
14244223
14245602
14322014
14377963
14447542
14569353
14572810
14742473
14764152
14787544
14802024
14895791
15019410
15020218
15041837
15098028
15129806
15165170
15191116
15287381
15301809
15311228
15323262
15344863
15345034
15347042
15393193
15450575
15452124
15462642
15488590
15505615
15565427
15605481
15644504
15688362
15700051
15722695
15736629
15782552
15944210
15959738
15963752
15982831
15984731
15993848
16027267
16036176
16067861
16078345
16083528
16089506
16099120
16101034
16110276
16136512
16178243
16229553
16248314
16256781
16267579
16293685
16297392
16319723
16348839
16350820
16352384
16356359
16376488
16378047
16393665
16400783
16401855
16440610
16443195
16453189
16458635
16464570
16467513
16483727
16509872
16514770
16561531
16574726
16604503
16617743
16619228
16631701
16632289
16639554
16655697
16661779
16702611
16703832
16716037
16718156
16766484
16767147
16812880
16828358
16828617
16841467
16851286
16868300
16891323
16935794
16955264
16956271
16971371
16991987
16992395
16995245
17019402
17038513
17043931
17069574
17089133
17102995
17103438
17110538
17132567
17146167
17158614
17169098
17260027
17279418
17286696
17320142
17334933
17375857
17381784
17382201
17387352
17390174
17402909
17444159
17453369
17481075
17481127
17488982
17520319
17553575
17592416
17597918
17600457
17606709
17633210
17678373
17720877
17722469
17723741
17731441
17733915
17749096
17750681
17753201
17779150
17788760
17828865
17854229
17854685
17883201
17894614
17918245
17919141
17948120
17951391
17967343
17982102
18033443
18088124
18121984
18128518
18130857
18141701
18152978
18169501
18179440
18187372
18207081
18226717
18234944
18235066
18235893
18261374
18262175
18262849
18263614
18266789
18268224
18275621
18281514
18333876
18339062
18362406
18386064
18390014
18413921
18423663
18452254
18471423
18503175
18515856
18522466
18523982
18536027
18541358
18564986
18572687
18584093
18593271
18600461
18607557
18611840
18671473
18700980
18707715
18713488
18718521
18740136
18743149
18763344
18790349
18812682
18837442
18856036
18862896
18894830
18902755
18916107
18929368
18955179
18967486
18981034
18999295
19026707
19035599
19038160
19042076
19044623
19053304
19080365
19087601
19108038
19111625
19137812
19139501
19145997
19146184
19147191
19151328
19153279
19159588
19187251
19203439
19207328
19254984
19266029
19276642
19281659
19282651
19283189
19285240
19292995
19293219
19300827
19305270
19311842
19338718
19375853
19379585
19397101
19400436
19408530
19420698
19420876
19425917
19433460
19441060
19448019
19462379
19463379
19463644
19463829
19472886
19487564
19488133
19496163
19501665
19504188
19535595
19555289
19570597
19576549
19588951
19615312
19649146
19678011
19699448
19714230
19714913
19719284
19727403
19759163
19800121
19814867
19818327
19834353
19835643
19855335
19856241
19872977
19876078
19956591
19957498
19963040
19970615
19983174
19992592
20000213
20029284
20033605
20079095
20092284
20098616
20099439
20117068
20124684
20141097
20148902
20179850
20187471
20197352
20213700
20238697
20240741
20275700
20321969
20323312
20323978
20341158
20352538
20373421
20376802
20385604
20393784
20418724
20442349
20446560
20451079
20484617
20510219
20513972
20534601
20540826
20578491
20582946
20598342
20605793
20686207
20707471
20714076
20728402
20749568
20761110
20763938
20779112
20782640
20783466
20786465
20802326
20825832
20852667
20853251
20863733
20866822
20880462
20892143
20903822
20913526
20945932
20963957
20968575
20995634
20996092
20999610
21002143
21005203
21009297
21023963
21024757
21079014
21083497
21095512
21098037
21111019
21128797
21136297
21144377
21146967
21157463
21158008
21163046
21180105
21198720
21198891
21221862
21228253
21236418
21239883
21277233
21279022
21281366
21284269
21295987
21301896
21312360
21313480
21318900
21326003
21330961
21345789
21365815
21366663
21372171
21391427
21407026
21411827
21413686
21416806
21426905
21427557
21438752
21450613
21456323
21471166
21471437
21485810
21494149
21496234
21499535
21509922
21511880
21516707
21518467
21523824
21536175
21536643
21543054
21555173
21576053
21579116
21582851
21587083
21627011
21643594
21644549
21646098
21650290
21662328
21667699
21669498
21676435
21690239
21693284
21693462
21696860
21697720
21699433
21701585
21706912
21708766
21717149
21737099
21761809
21784806
21794383
21801787
21808739
21813570
21835448
21845630
21851051
21855233
21860748
21866253
21868458
21879968
21882695
21894560
21908098
21930098
21956360
21964476
21965404
21972842
21976614
22000977
22026915
22033332
22041776
22047732
22051187
22057590
22067377
22072394
22096782
22098873
22114914
22115722
22128707
22157348
22159631
22174403
22179904
22202695
22209957
22238026
22263643
22275336
22278611
22279634
22281853
22281858
22285720
22295165
22302053
22302939
22307506
22314792
22341851
22345856
22353910
22359356
22359620
22360080
22384705
22406264
22411641
22416238
22434579
22442854
22456513
22471395
22476131
22482028
22482306
22494607
22494884
22498741
22499016
22501955
22504285
22514270
22535743
22562998
22567402
22573903
22579720
22587497
22598471
22624772
22661629
22666328
22668274
22681053
22681064
22701129
22721625
22735894
22749282
22769107
22775775
22784121
22784323
22784622
22800578
22803314
22811299
22830415
22831768
22835876
22839428
22853887
22854835
22859595
22871299
22887194
22902425
22917222
22932715
22938158
22940417
22941104
22944033
22956640
22960338
22983548
22987729
23004324
23014620
23025963
23037715
23045074
23063512
23064534
23075318
23083714
23092587
23096858
23102014
23112612
23113566
23113622
23114221
23122656
23140961
23141340
23159510
23184905
23185795
23188771
23188922
23195259
23222454
23232931
23235578
23248449
23254200
23257127
23271074
23284322
23287785
23291358
23301493
23308513
23320131
23359815
23365867
23366492
23370219
23371543
23375694
23376768
23386768
23387810
23400288
23408258
23411183
23424105
23431024
23438942
23444009
23454743
23483641
23497601
23505130
23508371
23515998
23516023
23517658
23522753
23528017
23532502
23534763
23545097
23556181
23563979
23580383
23582078
23597068
23610896
23610922
23617135
23622862
23623889
23636588
23644415
23670024
23690468
23692104
23696769
23708806
23712029
23730884
23733200
23737412
23758697
23767692
23769744
23789012
23826041
23855832
23869269
23871827
23892326
23907903
23959221
23972511
23989687
24001065
24008241
24011920
24040040
24041457
24050681
24058763
24063614
24068947
24079517
24090124
24098572
24108044
24124296
24125779
24130783
24146205
24166617
24168692
24178063
24191117
24199541
24211779
24228140
24231065
24237981
24240811
24240835
24244514
24254436
24257381
24275369
24281981
24285092
24301831
24314088
24317113
24323627
24328222
24343542
24367846
24372246
24387513
24402388
24405743
24405997
24417881
24448362
24458238
24463605
24470883
24476730
24483450
24500501
24512563
24520433
24520871
24543693
24546399
24559762
24604051
24605362
24611252
24626406
24638168
24639200
24660676
24671591
24675042
24688127
24691121
24691533
24696203
24706855
24712963
24722154
24738354
24739539
24782333
24794929
24796260
24802649
24818997
24822631
24825862
24831686
24850441
24850970
24864131
24864190
24866347
24882970
24897884
24917434
24919538
24920463
24933895
24941824
24953605
24956417
24972048
24990408
24991667
24993359
24995739
24999565
24999977
25032356
25036361
25036593
25047257
25051213
25085018
25094438
25107683
25125912
25136273
25145051
25158192
25164277
25168975
25171639
25179305
25185504
25194840
25195375
25211025
25214749
25215624
25216795
25223144
25247712
25252641
25268951
25273473
25280843
25284195
25284976
25307553
25308095
25347352
25380967
25389127
25389649
25394941
25397653
25410369
25424216
25428043
25433044
25447567
25451535
25464254
25490186
25507878
25514356
25525874
25541830
25541949
25570372
25578882
25588204
25591562
25600319
25609198
25615101
25629320
25631228
25633434
25655986
25662445
25683640
25685427
25693162
25710121
25713863
25719436
25748840
25751980
25777068
25780510
25782118
25799528
25806754
25824136
25863832
25864104
25873172
25874704
25878072
25881657
25885361
25895426
25900330
25904133
25940586
25944960
25945954
25993915
25997120
26004456
26006929
26013449
26019580
26027014
26041162
26050619
26064238
26065453
26075607
26083932
26085805
26091362
26100217
26100359
26112618
26117390
26149627
26172122
26215577
26225322
26230485
26250099
26281685
26284814
26320775
26321595
26341851
26357827
26358982
26365267
26374290
26390334
26411700
26415151
26421566
26422681
26426801
26441536
26456103
26461514
26461738
26476529
26481544
26487076
26494893
26502174
26509276
26509980
26510683
26519734
26523037
26529774
26533296
26560099
26565165
26565438
26575889
26584279
26594818
26602366
26634145
26635969
26644232
26646260
26648481
26664483
26676046
26681096
26689540
26691675
26698051
26702096
26704690
26721792
26729951
26731020
26732420
26745306
26758172
26762197
26772678
26790385
26794195
26794218
26799066
26800577
26800656
26807350
26813423
26813783
26849161
26872857
26881437
26915859
26928024
26942111
26973967
26975110
26975647
26980538
26981958
26991796
26998938
27006627
27008298
27012493
27016512
27024234
27050954
27067056
27068740
27072189
27087636
27097924
27126329
27138071
27139417
27140393
27154401
27162739
27162914
27164044
27194593
27197127
27202876
27204423
27209254
27210114
27211330
27217986
27219705
27221207
27227672
27229927
27232154
27242559
27257966
27272593
27299829
27309335
27310407
27325655
27333785
27345780
27354450
27356692
27376208
27385486
27393382
27398034
27406454
27416616
27418185
27418625
27420801
27421315
27447677
27459388
27464465
27484791
27509558
27516653
27518406
27526103
27535008
27537240
27539896
27598017
27606989
27626772
27637876
27641358
27651408
27654808
27688356
27695426
27702533
27702579
27703354
27706335
27722049
27722914
27737753
27742785
27746824
27765484
27767946
27770027
27776862
27790337
27794471
27798030
27798801
27804800
27817508
27830535
27838000
27844295
27849941
27851520
27862599
27867786
27877580
27906722
27935939
27941043
27948854
27956870
27964471
27969429
27975059
28011974
28022852
28044666
28061917
28067734
28080237
28086720
28106058
28107018
28111414
28141005
28144276
28152108
28155161
28166814
28172130
28178061
28187309
28203123
28206248
28222458
28228988
28232846
28233183
28234239
28260770
28261261
28262093
28270804
28291944
28301100
28301331
28312015
28331708
28350012
28352420
28356001
28364515
28372939
28375683
28377597
28380931
28399407
28403475
28428560
28429738
28438619
28462104
28463432
28471619
28472565
28476359
28517698
28519006
28530935
28533787
28544337
28563058
28590269
28605839
28608571
28609198
28620645
28625113
28638561
28661694
28677722
28699553
28701984
28712284
28786394
28821062
28846017
28850991
28865799
28872782
28905344
28917404
28931227
28940831
28943462
28946005
28977449
29005900
29013283
29040475
29050199
29057426
29063355
29072151
29080846
29112498
29117887
29125065
29133679
29136251
29144816
29154268
29176699
29181017
29194874
29207412
29219535
29278033
29294959
29299668
29327346
29327635
29329756
29339013
29343750
29364747
29371618
29406687
29408744
29445132
29447445
29468106
29488310
29551044
29554155
29573112
29612537
29620628
29635114
29636775
29693583
29711875
29745684
29749093
29763464
29763736
29769570
29801892
29821034
29849337
29854377
29864782
29868155
29886649
29891868
29905763
29906136
29919100
29929027
29943298
29978118
29986613
29986660
29988895
30009216
30024110
30037935
30052526
30058517
30069625
30096203
30123373
30159764
30189718
30197237
30203521
30208288
30232483
30242784
30264062
30265689
30269791
30281665
30289108
30292612
30300108
30301892
30304552
30341826
30343368
30370109
30375385
30375967
30386034
30388970
30397393
30407561
30410783
30411084
30429407
30431502
30437273
30444667
30445587
30446462
30447814
30464353
30464943
30497246
30520118
30522135
30522416
30532648
30541653
30578889
30610881
30634644
30636659
30646503
30655457
30664652
30672280
30677960
30697701
30713062
30732830
30735486
30742778
30757862
30767175
30779202
30794583
30795927
30834165
30850396
30852630
30856611
30865238
30865378
30874320
30899654
30911611
30924387
30930232
30931490
30938438
30957875
30968229
31009865
31049529
31050055
31065896
31079832
31085920
31092627
31102852
31108894
31157605
31172436
31185769
31198302
31198782
31219037
31296164
31297940
31316131
31334652
31337825
31381463
31407113
31413794
31423896
31459697
31495330
31529991
31530629
31534424
31562177
31599007
31640837
31665991
31673895
31674024
31679306
31687096
31697541
31709047
31751000
31755460
31764553
31793481
31797394
31805970
31820231
31822628
31883239
31909186
31924708
31963203
31983312
31996134
32007209
32043100
32043257
32065167
32069635
32069791
32075140
32106157
32111839
32118866
32122904
32129890
32150464
32158400
32182222
32207878
32231523
32258050
32262553
32288202
32294138
32381514
32437764
32451644
32505223
32513022
32526961
32531932
32539226
32543711
32548735
32587929
32596034
32613249
32661328
32665347
32696916
32697267
32708283
32717417
32722529
32737949
32744341
32792457
32815779
32839938
32869141
32873763
32874336
32883333
32891038
32905598
32906619
32911097
32921212
32926011
32926638
32930267
32966214
32999004
33020258
33064194
33076637
33080853
33086627
33115318
33122634
33124252
33126628
33138012
33178232
33196541
33201159
33203750
33211145
33257789
33260419
33292003
33312215
33317068
33325479
33368298
33394593
33396411
33447176
33507094
33526834
33538939
33543006
33569859
33575714
33622563
33628469
33641224
33660210
33661458
33727888
33796645
33803567
33809669
33823048
33837452
33919814
33926377
33931132
33942160
33983139
33983855
33991864
34028118
34030566
34074958
34108644
34119637
34147477
34149736
34155855
34166640
34174621
34184512
34191838
34225219
34260387
34279110
34339551
34341236
34347218
34387611
34400277
34402265
34413329
34418200
34424098
34453617
34456433
34457601
34502618
34526605
34619460
34670097
34686347
34688525
34750211
34764180
34776458
34805524
34823807
34854304
34856388
34873887
34875820
34885578
34888322
34904758
34914542
34936583
34954289
34992065
35016600
35018304
35041084
35084587
35088236
35098001
35109197
35125531
35144128
35178993
35197150
35202807
35218033
35222969
35298160
35301558
35305459
35319909
35328719
35417702
35443534
35460597
35462897
35467310
35497391
35499342
35501168
35505857
35523504
35527092
35552462
35562686
35588720
35616383
35652617
35682805
35684152
35702924
35706515
35712613
35731437
35753654
35755173
35756368
35845974
35861868
35867793
35948094
35956977
35962574
35988395
35989556
36013663
36013859
36019696
36050414
36063088
36096476
36101036
36132056
36134144
36156829
36160275
36173292
36200492
36259152
36259500
36281777
36327495
36350166
36360792
36360991
36395530
36397196
36409129
36414066
36425551
36425954
36439060
36453128
36494296
36517109
36526004
36545069
36548140
36558353
36562747
36582314
36588981
36622006
36649255
36682110
36695187
36745429
36749256
36749943
36754031
36767074
36775668
36779926
36850887
36857480
36883892
36942582
36954887
36960929
36990644
37033580
37054103
37088437
37139822
37142839
37157557
37164296
37235059
37237078
37287195
37306096
37363985
37379241
37383370
37413977
37451730
37454967
37463084
37474075
37497755
37521989
37529840
37545584
37561256
37602927
37607386
37609875
37614928
37649934
37662583
37665943
37677992
37687771
37700646
37718172
37743192
37762837
37802514
37818376
37836955
37884560
38008345
38017065
38032452
38084672
38094915
38098180
38111352
38139368
38150912
38156554
38211640
38214613
38215664
38284885
38298636
38357230
38399833
38410698
38430988
38473056
38479018
38530369
38534523
38535847
38541863
38543256
38547400
38569617
38621686
38640859
38705795
38711611
38719004
38754538
38765871
38817809
38823414
38833135
38859987
38906307
38943034
38943508
38944438
38946998
38958018
38963451
38963593
38986601
39007305
39008984
39025465
39043395
39067258
39098574
39102185
39105216
39123395
39135922
39191629
39219294
39219483
39227165
39228282
39230595
39236974
39239643
39240284
39303524
39312825
39320905
39322197
39326356
39335594
39341859
39357030
39387663
39389944
39420097
39474417
39481408
39485376
39487143
39490126
39495220
39502782
39509474
39509911
39522122
39540643
39548294
39554355
39595393
39606157
39683371
39688236
39736423
39749965
39750404
39766878
39770580
39772129
39818742
39863515
39865247
39893374
39898006
39925054
39970217
39979520
39984934
40019732
40019787
40063514
40106943
40111813
40118114
40124509
40132857
40156247
40164048
40164438
40169167
40207073
40208216
40222757
40233601
40250331
40256459
40257844
40293215
40392295
40409286
40432928
40438174
40464670
40477565
40483000
40502479
40509857
40614714
40619076
40650702
40650711
40658186
40668887
40672626
40718562
40718693
40761202
40794538
40803685
40826161
40901392
40911779
40954734
41009930
41020536
41022785
41098406
41100654
41141043
41184192
41199905
41223727
41256541
41276794
41284832
41304982
41319006
41332890
41333921
41341923
41369912
41417212
41426252
41433101
41444437
41445410
41469609
41481005
41492397
41500833
41506302
41547108
41558689
41568463
41575757
41594497
41619708
41681458
41688227
41717658
41801547
41819925
41820563
41856229
41912836
41936509
42005263
42082667
42082713
42090056
42095978
42097653
42103108
42125849
42143466
42148550
42158428
42166501
42183930
42250190
42263644
42279212
42291716
42304731
42317933
42350431
42353360
42406788
42424269
42447331
42526807
42562365
42566367
42600864
42654123
42658094
42660485
42680696
42682811
42710287
42712779
42755182
42777111
42780865
42789025
42835636
42869939
42880022
42880061
42915249
42938175
42953110
43018286
43028368
43074130
43105436
43183102
43186131
43205398
43213888
43213988
43251251
43268744
43288641
43379994
43392963
43462883
43467487
43507404
43581081
43648655
43657761
43662787
43742127
43761412
43811346
43822434
43913285
43943978
43945039
43956466
43959277
43959902
44023466
44068018
44081643
44090971
44100170
44109460
44113431
44122501
44198664
44203779
44216236
44249807
44254304
44258794
44268376
44325775
44351129
44387698
44400238
44413597
44414634
44435272
44544360
44548681
44629418
44645938
44657475
44762819
44815689
44837783
44858056
44911665
44920777
44923203
44935660
44943767
44963501
44975659
44986813
45022176
45026211
45060471
45075871
45090680
45120928
45180681
45214327
45227483
45296411
45307764
45308231
45335857
45391743
45441684
45445568
45458740
45494234
45497367
45505323
45507642
45529842
45562379
45615494
45657473
45711622
45739815
45811386
45826534
45837488
45904905
45912756
45915497
45994429
46051928
46058526
46069115
46156143
46206803
46228127
46248843
46267390
46269133
46297768
46307254
46309116
46366039
46380220
46419464
46490394
46505109
46525693
46549095
46580872
46672144
46708170
46757928
46758328
46775757
46787761
46806002
46844846
46886965
46988160
46992218
47006537
47032070
47036640
47059708
47071274
47088261
47091966
47112444
47163897
47171381
47278748
47287507
47295620
47389235
47414135
47424095
47441077
47448056
47456642
47565058
47661761
47686377
47706846
47748984
47876675
47920380
47946658
47957847
47961189
48033697
48078410
48123426
48132392
48153573
48173503
48234966
48271707
48338311
48349663
48353093
48354112
48380196
48464099
48517301
48526746
48609185
48621265
48631117
48664347
48712632
48742442
48780893
48882620
48923544
48948834
48949314
49043256
49108198
49118841
49188552
49189789
49196871
49227166
49388121
49423304
49452642
49491922
49492953
49504957
49512935
49529431
49532640
49547033
49553774
49619200
49629280
49702557
49710555
49764596
49772291
49776311
49817484
49839397
49904990
49976528
49996206
50078635
50110848
50149761
50164210
50186476
50209689
50212132
50284925
50335076
50340900
50359645
50376508
50444974
50488499
50515517
50526126
50705437
50721314
50723219
50731374
50734714
50755861
50771240
50771318
50778919
50780396
50823443
50888462
50889297
50900099
50969269
50973181
50977013
50981876
50981956
51007555
51022687
51036673
51071647
51128343
51135802
51192983
51220823
51274006
51291479
51457434
51470161
51517617
51549038
51576317
51591747
51628436
51660353
51668213
51712800
51736189
51738611
51753165
51759842
51809461
51855084
51866099
51874509
51893586
51916120
51928320
51936509
52067766
52107256
52123390
52131741
52134040
52187382
52195669
52343979
52408959
52487120
52492854
52557602
52614244
52641236
52644201
52678172
52679351
52696320
52726883
52735540
52750654
52799550
52806168
52813650
52974409
53093111
53159497
53195586
53254134
53267843
53298278
53299684
53327901
53335338
53352337
53376985
53413841
53449450
53472062
53556058
53563283
53580250
53587560
53596018
53610121
53638973
53663267
53669063
53671215
53675338
53762831
53842610
53872822
53886238
53894207
53914370
53991991
54050560
54121239
54142348
54150232
54194815
54220054
54236786
54238347
54245881
54270444
54273392
54348212
54351430
54394957
54398409
54424264
54428744
54451915
54455148
54465486
54477550
54588527
54591419
54635922
54697272
54715792
54717447
54734220
54858993
54906342
54934253
54979825
55010862
55025820
55090708
55094138
55128167
55133979
55138425
55184404
55185772
55219219
55246872
55280915
55286027
55308600
55363146
55371243
55383133
55420217
55490302
55510299
55548374
55562041
55615156
55631204
55647593
55657996
55718738
55732032
55828191
55837517
55846081
55906861
55925827
55944607
55964573
55984230
55994395
55998916
56058337
56059692
56059771
56112989
56124439
56125598
56173518
56284852
56296459
56299574
56369561
56478237
56538333
56542262
56563669
56606228
56647708
56673850
56724456
56736030
56768942
56796145
56846395
56871423
56946574
56987370
57011379
57028737
57083776
57099768
57106615
57151413
57153823
57183739
57185324
57240894
57254260
57279326
57286056
57303974
57311671
57342876
57352253
57357143
57400569
57434717
57444227
57462248
57502669
57504569
57524272
57544731
57556528
57566839
57616385
57629982
57788033
57926752
58020233
58022923
58030008
58040883
58051318
58080530
58088296
58198631
58285660
58379005
58427826
58432626
58451454
58461135
58485066
58516291
58521345
58543182
58575064
58616482
58654969
58671784
58772377
58772488
58783282
58788470
58855614
58872140
58895136
58924328
58939600
59010800
59046178
59086703
59130713
59132300
59155360
59171885
59188968
59300875
59330984
59336186
59337380
59388702
59603577
59606736
59646905
59704469
59739169
59744892
59767789
59820721
59946837
60091024
60247856
60263370
60264622
60272291
60274181
60299469
60303576
60304986
60309418
60312431
60346028
60356661
60524959
60589415
60606159
60685145
60699758
60751167
60873216
60905260
60916965
60924237
60928233
60957416
60973870
60996844
61021730
61034506
61034609
61065857
61066517
61076685
61305804
61306468
61314167
61333602
61334739
61412598
61417090
61479698
61480341
61511053
61521141
61544509
61562008
61639589
61728593
61737989
61746154
61759678
61779720
61791825
61818094
61862146
61875866
61877836
61891935
61905477
61906049
61911795
61915840
61922193
61937717
61989658
62030356
62063748
62116472
62333677
62342040
62343557
62384682
62436944
62454125
62486967
62501503
62515177
62543596
62647932
62669639
62692088
62702856
62747304
62766403
62766410
62948544
62962528
62983733
62998048
62999499
63024096
63030730
63045503
63049943
63077480
63158321
63267255
63389978
63441426
63495023
63507537
63543566
63564092
63656855
63661503
63690785
63738827
63781993
63810933
63815041
63830641
63856922
63864440
63955606
64006643
64057440
64114040
64134216
64149102
64189272
64225997
64296089
64336452
64352976
64375433
64417202
64457830
64503307
64533497
64577179
64667290
64859604
64918210
65069900
65079110
65118113
65122601
65241685
65251203
65274041
65280757
65381267
65389241
65402613
65485271
65498541
65506308
65553558
65599126
65600140
65700459
65701917
65702907
65706231
65787068
65837257
65870291
65875601
65888187
65964305
66038504
66042962
66068301
66114979
66125683
66145179
66150376
66305445
66485508
66593719
66599456
66603017
66703410
66723472
66724211
66740740
66760055
66802303
66827505
66842534
66908669
66922242
67014775
67026660
67060136
67073107
67095189
67178947
67230331
67235376
67262286
67319298
67356097
67372691
67441009
67446281
67487418
67497830
67614361
67618333
67618569
67680872
67757236
67828905
67940745
67958055
67995300
68019783
68137668
68175023
68191385
68226433
68232514
68263842
68274297
68294154
68298655
68340330
68408026
68423336
68428995
68450486
68491983
68546107
68665896
68687731
68694664
68740902
68814074
68834484
68840192
68850512
68853354
68889570
68904906
68923698
68951947
68984773
69030537
69041216
69060392
69110952
69155215
69156796
69227232
69230646
69259050
69274157
69304882
69307358
69324083
69341706
69358607
69387071
69413468
69437279
69492255
69502093
69545485
69563295
69681972
69713245
69734445
69739162
69868295
69925148
69934318
70002914
70003356
70191722
70255911
70259580
70291609
70304182
70325432
70363935
70460004
70483502
70786877
70802610
70815829
70842399
71028002
71034301
71044803
71045069
71077187
71101234
71146114
71264416
71305377
71329418
71361809
71362061
71393406
71450566
71487383
71494896
71515588
71530336
71560018
71697039
71722451
71734261
71746514
71746855
71831729
71879133
71928343
71930374
71960006
72015546
72033744
72255136
72284883
72287001
72308064
72384381
72450101
72485606
72530593
72536032
72544921
72545409
72680635
72900381
72952113
73025773
73032179
73038332
73043931
73050024
73139343
73159501
73258155
73286739
73376546
73407110
73423929
73424899
73448582
73463341
73509058
73597058
73612340
73620980
73658952
73660290
73660378
73665158
73712945
73744931
73812699
73860167
73866554
73890463
73979812
74101279
74141185
74321914
74397169
74459974
74529175
74559942
74582240
74586420
74601179
74633379
74736484
74755080
74838436
74847119
74864861
75018570
75030710
75045734
75075272
75076341
75180947
75190922
75193596
75276000
75385275
75488409
75541478
75582591
75586899
75667235
75753574
75775592
75788716
75815632
75973695
76044581
76054653
76095882
76100967
76102565
76143282
76188088
76344414
76484907
76499443
76529531
76596306
76613671
76614809
76625885
76654081
76695477
76699726
76789722
76891390
76928242
76942544
76962326
76964952
76982599
76995304
77004663
77004849
77019521
77158968
77202518
77234991
77236068
77289872
77297755
77315098
77346063
77373458
77386217
77403711
77406548
77451658
77466682
77554216
77567847
77596304
77618095
77663647
77723830
77724718
77745850
77786070
77928507
77984465
78021042
78201300
78220690
78334435
78408078
78427904
78449479
78464103
78482264
78505124
78580726
78606732
78624370
78643524
78675970
78705804
78819012
78837049
78880838
78894964
78895464
78960681
78985521
78996044
79020878
79060337
79093682
79127843
79152548
79161241
79188967
79199220
79224825
79320973
79348372
79380109
79403988
79412848
79424369
79475141
79476761
79477316
79479304
79529513
79549530
79555693
79572121
79588576
79618905
79669906
79692038
79719383
79722763
79769738
79789707
79820491
79847532
79850580
79874164
79886470
79886888
79898676
79939309
79946992
79979126
80046067
80089936
80106894
80109951
80123574
80138059
80218541
80263243
80327919
80458967
80487533
80499918
80507759
80549944
80566252
80641878
80697971
80720917
80775135
80822125
80845013
80859381
80935948
80970284
81006993
81019995
81023954
81047223
81061845
81064693
81139052
81144925
81173343
81187313
81188726
81189260
81224842
81235569
81246701
81278037
81298990
81406127
81420552
81440497
81451231
81478868
81488726
81493301
81497822
81517533
81587338
81597353
81614223
81619401
81623020
81630589
81647573
81651098
81656174
81666848
81690955
81704684
81774000
81786605
81791396
81809796
81813717
81821516
81849892
81930198
81952887
81958677
81964118
81977431
82000528
82077310
82088742
82123817
82280080
82285237
82299667
82373354
82376190
82409389
82418634
82446450
82475670
82511380
82543402
82546584
82558390
82596227
82600704
82722887
82747692
82760249
82775350
82777973
82793072
82862518
82891376
82895359
82901656
82944275
82954920
82956009
82959114
82993418
82999666
83000650
83073924
83078436
83102510
83130204
83150775
83161835
83184051
83233673
83277848
83290103
83300218
83355323
83391891
83404146
83406905
83435005
83501906
83546487
83567815
83574764
83584464
83651775
83673428
83683106
83706842
83714242
83737495
83762346
83839765
83847352
83913794
83942771
83996197
84009661
84018743
84028819
84077473
84113345
84241848
84247792
84263825
84273764
84292519
84325492
84328274
84353077
84353820
84388891
84395127
84433983
84470980
84483443
84490061
84532239
84562485
84619930
84670281
84690601
84732491
84760072
84790471
84799690
84810983
84827449
84827696
84836059
84883308
85024134
85026912
85034920
85038772
85039431
85049482
85064539
85076647
85094697
85118743
85150386
85158606
85180634
85267430
85302247
85317002
85375004
85396821
85407656
85432075
85449592
85463651
85476521
85494186
85509331
85516933
85604123
85650827
85662402
85746228
85749063
85809020
85819559
85848189
85888390
85939653
85968374
85986013
85995249
86026513
86037611
86055124
86093829
86093894
86111483
86122469
86126455
86165561
86177097
86183165
86208969
86309021
86398664
86456218
86507751
86567522
86616235
86628488
86648060
86656040
86673736
86695287
86778459
86805387
86895256
86921029
86929571
86983136
87034678
87038042
87124682
87138010
87154828
87156866
87157391
87180105
87249125
87316485
87384421
87432626
87460624
87463398
87486900
87519074
87556889
87643206
87653743
87664357
87668506
87671149
87675656
87694713
87718851
87784443
87827030
87843364
87855335
87923401
87933758
87944606
87954416
87964754
87990724
88025884
88085433
88085667
88109734
88119590
88136901
88139685
88143558
88210973
88217840
88228057
88254504
88326396
88334359
88352608
88388702
88414912
88439578
88440174
88470525
88488684
88511658
88533264
88549885
88553989
88557244
88612813
88651752
88664271
88694173
88694355
88773765
88800040
88803882
88812862
88817786
88825869
88887934
88908861
88912899
88924068
88924449
88938162
88970310
88980272
88982727
89052611
89069038
89116272
89178151
89179214
89197857
89212478
89213004
89309160
89343942
89344561
89350370
89403205
89462432
89499932
89507043
89516528
89552476
89602301
89645283
89669859
89686784
89761725
89775072
89810721
89812284
89878965
89911825
89977771
89980800
90020617
90029163
90036398
90066978
90117044
90125374
90163617
90246815
90278425
90353912
90370681
90387141
90396514
90521213
90532946
90581316
90635122
90678773
90683451
90690110
90748320
90748728
90760665
90780947
90791136
90810874
90817179
90835327
90906173
90918403
90937590
91045729
91079103
91110070
91124405
91127431
91146530
91162587
91168477
91193601
91278844
91292372
91310224
91324625
91340504
91381415
91388965
91429150
91441878
91443266
91466717
91492011
91670393
91768088
91781707
91820303
91853441
91855063
91863620
91867581
91891537
91895723
91915517
91936192
91953599
91958110
92071121
92073125
92098430
92108227
92180240
92202177
92221079
92232010
92233211
92282806
92356688
92365250
92367792
92402784
92412029
92573059
92607233
92610114
92633637
92641815
92660682
92733792
92765351
92865634
92924422
92988824
93005129
93011902
93062189
93097017
93105999
93167499
93172577
93244455
93304924
93313952
93334782
93353631
93356264
93404922
93411268
93429413
93448613
93543993
93551455
93592247
93628002
93691501
93692795
93697783
93737928
93785955
93804908
93982845
94023521
94044866
94063396
94085799
94171240
94218489
94232318
94269373
94271910
94272629
94279490
94335129
94384926
94466046
94503679
94548524
94573308
94716450
94721419
94726877
94741548
94848699
94851647
94892030
94910414
94924404
95014636
95059618
95140743
95211610
95240220
95277867
95289801
95404837
95489120
95688203
95695072
95705051
95710663
95810111
95832673
95985471
96060968
96162535
96185225
96187300
96197664
96225674
96248737
96273415
96283491
96395164
96417009
96448893
96460542
96489817
96492164
96581784
96643198
96713096
96727090
96730963
96799073
96858054
96964329
97083652
97134328
97143424
97214278
97216711
97230847
97311600
97320049
97332450
97337120
97436104
97472210
97499836
97534912
97578789
97627240
97681476
97856190
97937275
97939468
98022989
98029852
98071608
98090737
98219598
98222414
98238367
98253072
98333562
98387828
98428475
98447207
98506355
98524569
98532146
98648196
98765584
98768320
98792299
98797169
98797171
98806305
98844840
98863217
98871195
98882461
98913231
98931353
98945933
98959827
98977444
99064876
99164117
99170631
99181827
99257132
99259033
99324486
99568909
99580296
99583381
99587110
99587996
99643109
99706162
99792441
99803005
99808939
99861626
99879153
100013987
100028519
100042449
100056142
100141910
100159170
100216272
100271821
100470227
100487494
100523985
100556566
100594730
100622196
100645095
100673690
100720418
100760511
100842047
100959087
100973013
100987118
101004142
101021586
101046448
101067341
101074534
101084055
101088833
101101931
101113929
101137396
101186444
101192041
101225269
101233429
101250821
101264014
101279124
101282426
101354327
101459797
101466864
101486389
101493060
101511579
101530095
101566330
101660148
101718204
101743086
101827516
101856286
101872376
101966602
102016129
102126435
102160835
102211573
102243245
102322106
102332787
102398126
102436407
102465745
102491857
102493135
102504047
102538991
102577514
102689139
102730515
102781508
102835369
102837932
102922632
102945640
102958251
102989489
103001000
103009455
103023005
103028757
103034845
103048462
103083375
103092651
103103473
103103791
103122243
103168312
103245629
103398623
103408434
103416716
103533138
103540661
103572588
103577362
103601900
103642045
103653487
103716752
103753132
103852694
103855299
103866125
103870653
103908959
103928104
103948775
103975779
104011064
104162905
104181363
104278583
104283696
104294078
104304170
104363672
104368815
104448569
104463690
104495402
104515801
104517844
104616864
104633822
104735829
104843670
104864775
105025230
105034225
105084212
105137270
105164826
105168729
105219883
105264780
105285214
105298274
105306944
105363828
105384373
105386498
105419199
105424978
105440199
105481524
105567910
105606568
105670986
105772597
105786753
105789037
105790836
105804623
105875983
105886542
105957690
105993962
106030011
106056183
106185353
106206226
106208777
106236449
106265626
106345385
106403121
106435400
106449640
106466842
106470189
106505936
106517033
106518278
106553232
106588021
106591056
106622646
106661298
106852917
106875235
106916580
106947826
106966053
107017595
107061082
107129169
107132144
107154599
107155687
107260773
107311188
107341544
107361295
107372709
107376362
107412099
107420043
107436474
107456215
107497751
107510191
107510889
107540195
107550224
107601617
107643993
107650544
107673229
107917786
107921211
107925157
107953690
107995817
108034129
108039560
108044344
108045652
108141143
108185688
108202301
108210264
108244350
108260532
108275131
108453023
108480789
108590859
108607259
108613688
108623436
108693513
108700253
108750631
108763763
108784781
108841140
108881160
108902081
108911749
108996023
109214006
109249985
109255150
109290247
109307517
109375743
109381945
109455670
109527480
109552984
109631609
109763861
109789539
109790150
109827244
109877974
109886555
109897016
109951455
109969329
110004139
110025514
110098453
110112252
110118982
110127774
110246824
110292510
110310397
110315916
110326841
110329277
110357112
110385895
110390462
110465593
110472690
110557229
110607377
110709827
110775589
110826744
110855348
110940355
111052100
111085477
111190785
111192030
111308109
111312545
111315059
111315369
111327677
111383925
111453527
111473618
111491782
111531789
111555640
111570044
111624958
111707531
111714194
111741848
111750156
111761487
111861915
111889264
111930701
111944333
111990879
111997849
112010747
112046249
112059310
112080336
112093033
112151604
112183281
112226954
112230169
112277672
112415900
112425188
112436001
112468985
112494244
112517289
112519788
112568660
112587248
112587935
112615525
112620465
112621206
112702765
112743302
112764229
112815864
112827955
112843467
112843922
112920101
112928615
112935544
112937769
112941829
112961817
112968568
113018787
113081792
113088546
113091338
113141288
113154236
113201719
113212934
113262061
113346706
113401190
113405823
113541729
113573488
113637158
113699794
113739269
113755276
113778887
113789932
113885398
113908868
113914485
113967591
114025137
114067812
114075606
114140636
114153312
114182146
114251382
114342923
114377206
114423983
114424625
114447989
114474699
114474914
114509597
114523574
114523823
114534556
114591883
114760494
114775659
114878930
114887586
114937123
114943408
114955228
114973703
114979790
114986461
115055524
115100277
115106310
115109692
115110859
115159107
115163805
115166689
115197701
115198477
115298051
115332107
115366387
115407021
115456990
115487407
115573000
115599946
115657889
115793345
115887710
115892084
115914029
115924636
115943529
116037420
116047574
116087638
116097566
116127815
116143553
116158201
116171841
116178627
116229757
116273526
116292034
116350641
116367323
116394177
116403163
116439990
116481621
116499372
116566041
116567843
116665579
116699708
116707273
116726585
116760868
116791165
116799122
116884581
117018555
117052846
117169601
117184317
117260854
117324164
117338518
117376931
117377626
117476932
117498699
117530295
117553035
117660426
117688117
117696573
117733498
117744105
117788438
117828820
117833974
117855633
117883766
117884202
117908570
117909703
117989890
117996282
118047770
118119129
118131466
118297514
118599910
118631202
118639203
118726147
118802401
118836258
118873785
118918471
118948013
118998049
119023025
119088826
119125595
119127716
119173112
119177615
119244342
119283703
119293866
119318569
119423075
119467712
119638730
119651199
119672540
119727459
119874911
119907705
119944513
120023816
120119808
120127130
120222497
120249521
120357180
120360327
120376211
120497401
120543513
120564062
120621991
120672057
120674667
120702837
120799277
120872112
120907543
120945853
120978143
120986054
121008770
121011609
121014532
121020575
121074408
121097156
121133165
121138057
121167509
121173851
121203142
121249370
121274267
121416936
121441517
121473406
121507908
121526088
121562932
121693122
121774880
121782337
121918577
122041613
122109923
122137702
122143780
122154004
122175864
122227200
122402593
122424928
122472444
122615760
122633073
122730208
122802042
122811757
122945135
122979176
123114360
123186761
123199484
123260100
123285364
123313813
123432730
123438083
123454731
123487791
123550399
123600012
123620344
123698075
123722906
123794605
123816328
123892180
123955444
123977976
124023629
124024582
124086361
124112425
124151052
124204784
124205889
124218436
124224434
124254065
124260784
124319567
124378556
124447292
124540916
124578619
124601229
124610769
124652806
124656711
124676224
124685023
124722912
124734336
124750790
124755244
124782421
124830619
124843724
124883789
124888977
124967468
124968952
124977306
125016229
125037886
125082818
125084970
125100661
125202355
125213758
125269261
125277139
125430778
125631247
125730108
125764589
125859563
125866239
125924870
125927582
125937780
125973616
125983382
125986092
125999721
126014397
126050747
126052496
126065235
126110866
126146245
126151390
126250903
126278374
126288165
126301155
126321742
126380773
126391541
126524720
126566611
126573377
126580828
126617204
126623363
126649865
126667902
126921105
126931104
126979668
126996161
127025160
127057637
127085180
127085298
127092391
127112837
127120022
127141041
127162553
127168767
127215937
127229124
127422143
127437052
127444866
127526346
127554847
127580660
127612093
127696353
127706357
127733450
127772751
127783386
127851772
127893598
127922860
127948926
127976645
128017395
128021603
128045129
128047659
128055622
128092138
128098365
128131510
128149052
128286289
128295436
128337895
128354457
128383647
128447137
128510048
128561493
128656285
128666421
128697218
128698431
128765713
128766099
128781469
128786612
128873974
128950089
128962947
128969603
128984545
128999310
129008589
129038904
129053374
129079220
129140802
129159222
129171485
129173603
129214083
129238769
129334048
129355342
129397306
129440551
129478991
129482222
129550551
129577842
129664035
129711018
129720348
129778028
129792397
129810929
129872140
129888558
129956448
129975817
129984419
130015292
130016739
130106564
130237142
130244868
130280398
130345150
130428920
130552029
130562359
130697485
130697841
130732211
130749047
130790142
130824445
130849898
130908894
130914086
130921088
130943755
131030603
131053624
131054732
131113622
131155219
131206264
131287463
131291224
131335862
131394770
131458112
131625986
131640942
131663658
131668187
131692577
131736705
131798753
131835408
131862802
131875792
131881743
131901357
131941285
132010509
132081694
132256528
132262265
132271649
132324874
132555406
132571294
132571838
132640790
132716800
132733846
132815692
132858825
132924246
132970161
133013801
133015242
133046359
133091329
133133955
133173404
133246163
133263127
133369769
133371021
133403413
133633162
133642545
133650295
133752069
133828612
133851236
133902866
133911212
133911288
134007984
134168873
134206361
134210253
134239942
134364332
134438118
134484900
134515950
134564666
134597551
134712198
134762192
134775557
134854198
134859974
134930641
134950026
134967121
135065463
135089176
135257290
135310065
135342539
135360459
135385414
135433173
135497776
135511565
135531819
135568725
135635089
135645966
135727624
135742868
135817929
136013178
136026967
136114113
136126107
136153778
136234968
136253112
136253775
136292463
136320150
136354520
136407996
136427333
136492433
136539951
136541415
136542440
136555003
136617958
136692337
136810420
136814903
136915830
137014952
137043590
137095815
137140052
137168879
137395821
137435516
137455413
137612150
137614258
137651691
137668563
137724433
137724899
137788237
137847213
137934616
137946406
138017102
138025996
138126751
138143632
138187462
138239868
138287370
138301930
138534692
138596895
138665622
138689706
138696951
138742177
138772890
138820593
138922815
138997410
139036754
139096332
139135754
139246734
139268077
139285172
139358010
139419027
139441232
139446606
139564088
139634734
139661416
139697538
139700658
139717616
139757881
139759093
139821400
139915910
139919022
139946125
139955073
140014240
140026222
140047322
140162585
140248027
140321533
140328044
140387801
140399035
140411786
140429854
140533461
140544651
140600948
140635061
140638701
140761730
140846132
140859719
140861743
140881160
140998391
141000994
141009820
141097907
141191031
141211290
141224494
141248330
141340118
141379951
141410342
141412530
141461424
141463532
141465971
141484444
141672218
141708396
141733635
141778690
141814410
141814751
141819285
141883697
141888455
142014593
142031627
142084793
142094611
142118716
142129137
142173461
142186263
142196981
142226233
142246895
142325955
142506164
142579751
142580150
142592051
142595042
142752985
142765013
142848726
142862741
142909294
142931213
142943978
142946946
143087294
143097715
143162628
143167990
143218794
143261540
143305551
143434275
143459392
143461140
143478186
143479658
143490929
143492021
143525131
143528741
143532890
143616447
143689904
143705931
143830012
143839615
143917323
144000465
144043525
144046272
144168982
144172629
144193822
144262363
144315404
144319786
144343318
144404224
144409928
144553740
144659477
144665599
144708121
144721621
144724341
144732766
144817741
144854451
144870778
144885247
144981852
144991496
145000137
145055303
145056862
145125538
145242804
145261770
145284293
145386058
145476455
145492716
145585213
145738990
145748607
145804036
145852787
145880964
145899339
145930797
145941733
145954053
145980903
146056454
146117452
146121458
146121975
146135773
146167653
146177564
146220158
146247821
146303775
146388521
146457852
146488243
146527210
146538977
146604743
146613747
146698117
146714389
146772143
146807440
146954624
147021442
147202458
147202800
147225199
147337433
147387451
147441433
147736850
147777244
147850628
147865392
147883746
147920135
148021170
148085092
148103999
148173338
148176897
148191910
148203460
148230680
148257471
148342636
148358202
148455397
148522798
148525767
148545648
148553491
148580498
148615460
148619341
148626978
148637965
148644481
148644784
148665224
148808517
148847344
148852320
148883074
148978116
148988648
148991599
149003485
149006684
149068409
149091622
149199639
149234138
149236250
149238636
149287531
149352250
149365220
149369355
149415562
149437774
149445546
149481073
149519563
149536453
149607419
149612795
149632069
149641146
149793433
149873852
149949757
150020017
150022674
150037763
150040043
150107857
150109697
150144763
150166568
150171502
150232515
150271023
150361058
150422112
150546817
150558339
150602289
150650653
150712673
150735940
150809701
151002888
151165130
151239365
151308982
151326565
151391858
151402923
151419601
151440475
151480635
151515143
151529521
151544540
151549594
151716128
151735515
151829904
151890436
152294858
152334034
152448480
152559620
152579464
152634808
152686224
152699316
152718908
152720871
152741982
152743957
152756724
152870660
152891415
152919793
152925169
152941813
153001069
153038872
153049710
153213214
153223030
153258019
153334265
153341127
153392504
153497185
153521532
153538075
153599699
153625313
153634310
153663969
153688895
153710207
153757264
153810043
153893396
153898239
153899006
154216192
154233521
154284724
154409669
154426100
154460932
154479368
154500446
154509290
154531605
154623300
154638842
154685023
154730516
154742338
154811852
154853758
154915539
154948111
155046844
155057231
155091574
155099625
155234553
155304396
155368587
155392842
155400722
155413488
155457944
155698553
155713821
155867499
155880836
155914610
155995998
156013752
156054080
156097960
156365950
156392323
156413900
156492931
156559324
156730679
156735405
156751587
156875647
156921409
157031320
157080146
157115098
157115712
157133282
157168535
157173667
157204158
157384469
157520387
157547691
157565478
157634399
158085370
158088961
158106074
158216154
158228114
158240148
158315033
158364040
158385028
158414473
158471274
158535945
158562169
158577318
158777882
158972220
159035790
159188264
159201505
159396031
159406367
159495548
159497261
159626783
159649255
159774438
159830566
159851043
159860646
159927865
160139276
160148321
160174088
160180332
160257218
160375781
160411870
160512684
160602332
160995667
161103773
161183343
161195904
161226121
161305523
161327415
161483425
161511262
161553591
161594696
161637882
161638210
161742901
161796825
161854785
161985052
162043778
162072801
162224133
162334950
162368492
162407524
162497167
162545057
162839095
162910114
163098172
163200517
163353637
163354105
163373312
163379574
163402424
163534563
163792453
163844133
163956866
163969390
163998425
163999620
164066248
164128615
164141591
164287074
164311497
164337291
164389786
164445079
164490373
164593940
164682172
164763746
164797312
165020375
165110173
165370271
165707513
165807976
165983498
165992356
166034400
166330143
166331902
166360355
166558284
166727301
166735807
166737945
166892603
166931589
167042436
167589797
167864795
167949412
167959768
167966072
168129583
168157306
168207426
168212758
168278687
168404547
168460032
168504646
168678529
168759328
168766108
168893890
168925692
168945963
169054360
169060082
169123740
169354660
169396793
169403417
169512389
169570383
169592289
169677988
169825723
169857834
169878456
170139748
170145955
170159516
170327060
170366559
170383833
170505604
170744766
170884065
171258297
171297480
171446179
171522055
171940196
171973499
172222915
172310591
172393921
172497160
172503356
172564959
172593738
172992841
173242846
173339904
173358864
173599458
173705600
173736161
173796795
173798694
173884865
174261665
174704385
174752323
174791996
174826985
174900681
175018027
175366784
175385240
175725127
175818610
175970725
176233627
176268548
176313126
176315172
176777470
176805841
176899587
177004974
177397300
177406707
177438128
177449149
177663705
177688073
178006654
178245876
178270901
178543122
178886719
178984266
179468268
179534082
179552540
180108585
180281818
180330333
180360067
181035133
181380733
181562538
181574013
182504383
182813468
183140752
183750629
183781757
183849536
184030459
184242661
184352068
184858822
184965374
185174845
185277164
185342298
185363153
185501118
185721167
186128643
186743486
186979379
186985887
187341494
187398609
187454526
187670913
187698031
187785364
187863581
188060032
188433916
188664693
188841360
189045346
189145429
189296515
189504415
189538543
190135488
190504908
190777649
191135320
191197884
191763006
191810146
191845886
191943152
191979723
192314269
192371183
192502016
192814666
192902382
193014224
193131090
193478464
194544467
194787451
194916531
195087085
195098611
195099326
195629456
196053304
196117826
196715272
196809587
197207145
197224440
197288920
197364355
197442469
197521229
197792277
198330092
198334705
199143604
199811358
200033425
200454357
200644293
200713091
201569168
202705209
202718245
202917957
203008099
203143463
203269242
203271395
203495114
204436985
204443626
204959607
205361643
205990058
206161175
206964951
207091655
207328694
207554919
207557735
207744505
208106312
208405944
208439778
208731096
209205211
209520550
209623778
209926758
210487679
210629061
210962844
211082023
211286392
211319780
211601189
211952770
211971907
212264134
212872345
213208801
213338596
213352639
213498878
213721692
213975868
214292251
214546360
215254789
215513251
216627838
216761666
216956862
217321628
217470202
217879427
217883329
218057916
218434370
218794781
219507809
219807489
219940802
220340321
220780481
221271264
221880670
221911806
225042561
