3473755
4248430
4311149
4379093
4689849
4975835
5067016
5181505
5284830
5733666
5770198
5798294
5870858
5878896
5979275
6092463
6371128
6373985
6455348
6556719
6710936
6813851
6816182
6830090
6941878
6983064
7010082
7108869
7149769
7196071
7229883
7357536
7384128
7478905
7503331
7514818
7525363
7662909
7824926
7991580
8123230
8274978
8411999
8558882
8913374
9000950
9264193
9540346
11069394
11270674
11434387
11641813
11809268
11871921
11904444
12057046
12409429
12586533
12721691
12750611
12753463
12874214
13134299
13212381
13243479
13314649
13466275
13811264
13938885
14185201
14199234
15011532
15058032
15060436
15305066
15371927
15452815
15656023
15675094
15766714
15806676
16043465
16167052
16220089
16249636
16260710
16304281
16426783
16620991
16645135
16705303
16810584
16858693
17038834
17190886
17235607
17353763
17451702
17806244
17867919
18091139
18284067
18569589
18572881
18606458
18705268
18798063
18833126
18885055
19104298
19162509
19442167
19477642
19552484
19649945
19662858
19785088
20155923
20285931
20314680
20500554
20722349
20731880
20779011
20798404
20807126
20841069
20970289
21011952
21092893
21111759
21133158
21134210
21534608
21552567
21577385
21701201
21744142
21760747
21963092
22063080
22088728
22305677
22324195
22460283
22501742
22515722
22656522
22663980
23101853
23132184
23274224
23435862
23508548
23562180
23567088
23623727
23733100
23841416
23903484
23918438
23998209
24016885
24105020
24110182
24203797
24227930
24372761
24465920
24546424
24602034
24919114
24927239
24960082
25066059
25096697
25162825
25474085
25549511
25594974
25923461
26058978
26078685
26172026
26182604
26205941
26236304
26242610
26329623
26406228
26422472
26456928
26554366
26562140
26623990
26717308
26801481
26905076
26966875
27037107
27090557
27100752
27235188
27243532
27380289
27665086
27696491
27757726
28021225
28025336
28052231
28095897
28097810
28113799
28292037
28355985
28527936
28540931
28596367
28678352
28682141
28689616
28869327
28890817
28955755
28967169
29028156
29127104
29175801
29366465
29381609
29438608
29463972
29596068
29622908
29872447
29971434
30077666
30147870
30194239
30198074
30411235
30665922
30747087
30836405
30846431
30931767
30938627
30952670
31023336
31044746
31189785
31219524
31316119
31360224
31463436
31588008
31729658
31904918
31970457
32094631
32165204
32170682
32245408
32262123
32517824
32539363
32708365
32982610
33060516
33096233
33233349
33255975
33265072
33317910
33493950
33532623
33619086
33632759
33884073
34006594
34517838
34540936
34776836
34782237
34852190
34902718
35070727
35119878
35161264
35251163
35282572
35464390
35739126
35754488
35785826
36052510
36123282
36186067
36285904
36291613
36305136
36315419
36381399
36427655
36499440
36523541
36618888
36886265
36904751
37039608
37261676
37358828
37453136
37492720
37692619
37864718
37979440
37979485
38208243
38294910
38365694
38407109
38410104
38541205
38742520
38743072
38749834
38786201
38836133
38853076
38871340
38942426
39000425
39063491
39121992
39378408
39396337
39448181
39460568
39534734
39567220
39580196
39612523
39613962
39682914
39806371
39945210
40195741
40288689
40312725
40366048
40366698
40587882
40610640
40693487
40785821
41041314
41092540
41141374
41232749
41235058
41314936
41367237
41482436
41492775
41647659
41818246
41848093
42059460
42073546
42099631
42107077
42139582
42183943
42264746
42288769
42339532
42443819
42610709
42848736
42964548
42999633
43031696
43256922
43313326
43369854
43380427
43458224
43459486
43477195
43549869
43580577
43746459
43754106
43848181
43856060
43910478
44230767
44240950
44335951
44430905
44515325
44658709
44686818
44719978
44738481
44802058
44905379
45049591
45218858
45298612
45436576
45679659
45887878
45915438
45957261
46064031
46239600
46536347
46632844
46732722
46736116
46771799
46795730
46844436
46974573
47032762
47083564
47117608
47255622
47317313
47462974
47666948
47701760
47843545
47943647
47953303
48054036
48172254
48456721
48529927
48568118
48578653
48778725
48931917
48937604
48944170
48946128
49444269
49566545
49586756
49774530
49849061
49992031
50069685
50312315
50457151
50460320
50475232
50693668
51025371
51174608
51231291
51256215
51334929
52055020
52374651
52499007
52585840
52588668
52696590
52709952
52753344
53028595
53285582
53444995
53586382
53677856
53726590
53824728
54266001
54333880
54871725
54929212
54935228
55137445
55263494
55481608
55568732
55594180
55634637
55902007
56144981
56161665
56212155
56225395
56508765
56684253
56698998
56816608
56906420
56978210
57009821
57137778
57230473
57422200
57556225
57573911
57691720
57887855
57993157
58103242
58227026
58349965
58437785
58467705
58492815
58532888
58670341
58720204
58807119
58936334
58990458
59028748
59070970
59282457
59309088
59523212
59657218
59738660
59850314
59925625
59961291
60071568
60072570
60437418
60499526
60499789
60573611
60630751
60692795
60900863
60987246
61059530
61447110
61715561
61789708
61893072
61946656
62141678
62332139
62337509
62517757
62546696
62711395
62826614
62889165
62980635
63035736
63166407
63301092
63381565
63564619
63713222
63803121
63882125
64000652
64050901
64249159
64406145
64611669
64644323
64686835
65058062
65266047
65505574
65689774
65728475
65740376
65807609
65838734
65849596
65970439
66193108
66353766
66365596
66526999
66590760
66609903
66707832
67284063
67396467
67441722
67587548
68147898
68376961
68471167
68564810
68697378
68764335
68934735
68967421
69033946
69066133
69081509
69168880
69476003
69649048
69738808
69940565
70071418
70125099
70136007
70164483
70198010
70265046
70336712
70709245
70770577
71671484
71738846
71840430
71875981
72081808
72142290
72365290
72665258
72711863
72881031
72931165
72934459
73172180
73691341
73857378
73943508
74079948
74257522
74609256
74653985
74706576
74721800
74879019
74885861
75129880
75137682
75348172
75638754
75639517
75804827
76025372
76045639
76243866
76256857
76447940
76522796
76562936
76630080
76658164
76726017
76755252
76803627
76830867
76898981
77164980
77303385
77494457
77612816
77694607
77915443
77965147
78630959
78808587
79086607
79229195
79420160
79478946
79575114
79857535
80071371
80241872
80479750
80701025
80974228
81066455
81581714
81734256
81771138
81814127
81860438
82113676
82351478
82357788
82436260
82452900
83568393
83747841
84061021
84476914
84480018
84498468
84508231
84591468
84856267
85080834
85145303
85420604
85516756
85786085
85885536
86177882
86532541
86546315
86652040
86774045
86933090
86993529
87035330
87143627
87280223
87602554
87645514
88281612
88409401
88499996
88734753
88756561
88757483
88864280
88941073
88989382
89003866
89404470
89405453
89582419
89616223
89628760
89754321
89834490
90014293
90029850
90175131
90198126
90302720
90501458
90611503
90717128
90923758
91084720
91313963
91323247
91447668
92258455
92340265
92456765
92485430
92608282
92628873
92690662
92831937
92950056
93013088
93412256
93530157
93621129
94158282
94327970
94725513
94841853
94856703
94933885
94995258
95117187
95204373
95283334
95723492
95741185
95794111
95942583
96406399
96478657
96543931
96587426
96706583
96745614
96749016
96750239
96861925
96984718
97078895
97097464
97139431
97242456
97318719
97396318
97807217
97823246
97969076
98325076
99213036
99216871
99457703
99799837
101022173
101221380
101290549
101589554
101590045
102021776
102035660
102165652
102317923
102360970
102379429
102501199
102844886
102886482
102934304
102991868
103015938
103141238
103706003
104284817
104308867
104378870
104437292
104595979
104711539
104777437
104936109
105189349
105270288
105393526
105452381
105708145
105804627
105805097
106028779
106034452
106154312
106600085
106793396
107153931
107534973
107665397
107687635
107731858
107740755
107876217
107887613
107903082
107929153
108113779
108173388
108226134
108919578
109467394
109659477
109817032
110214307
110375884
110432115
110499788
110881474
111037913
111167226
111631831
112330003
112415709
112419529
112731388
113113855
113247563
113286694
113436002
113529418
113550252
113574543
113577063
113851642
113885536
114050114
114111764
114177260
114379118
114509464
114586481
114594299
114597196
114656766
114716335
114806975
114970252
115118790
115135153
115214222
115244797
115323940
115466656
115657222
116145940
116185658
116473937
116537104
116564488
116564489
116685716
116725981
116959632
117006303
117292375
117665986
118124822
118274148
118759837
118926703
119042794
119058545
119140823
119285437
119348392
119399183
119412128
119870963
119885316
120384654
120431342
121044318
121250682
121310568
121609550
121649112
121783374
121963601
121988461
122468903
122529466
122544103
122801144
122891416
122988325
123161943
123280817
123361353
123523310
123595165
123598206
123617467
123711991
123765520
124026029
124156337
124277871
124334169
124543708
124621466
124707014
125004140
125173240
125176694
125331004
125345465
125517711
125551477
125591581
125625266
125913770
126258826
126364668
126538166
126814937
126827713
127112447
127356816
127387482
127529815
127567576
127613182
127760314
128046950
128290782
128375308
128514107
128792333
128822208
128884118
128944383
129233593
129435329
129770960
129879572
129940621
130017187
130021481
130176670
130277364
130717983
131085307
131240200
131342093
131735683
132029210
132216466
132259655
132339754
132403192
132763025
132951422
133077601
133201307
133247772
133269323
133700120
133817464
134071267
134090022
134391584
134582615
134650763
135122995
135158512
135299138
135361702
135642248
135911717
136039924
136069597
136107837
136117688
136147676
136291779
136315369
136320220
136543576
136548196
136673571
136716559
136864023
136871365
136913150
136996941
137121747
137155175
137179216
137705768
137742586
137925757
138046879
138053155
138114995
138167540
138438119
138697530
139023931
139840061
140101382
140255263
140262544
140281135
140312776
140337048
140551755
140588983
140969064
141217020
141439020
141464982
141722881
141971489
142010076
142608417
142697227
143179070
143531727
143556447
144149987
144190884
144606282
144610320
144650836
144888775
145094728
145216497
145527100
145740889
145760781
146207655
146440026
146765014
146910851
147329255
147372109
147593498
147911099
148022482
148368614
148408607
148452170
149007160
149112196
149126036
149133117
149142669
149142739
149185095
149511416
149776480
149885859
149942512
150111533
150207053
150404421
150582629
150600763
150655909
150672545
150703205
151538703
151595594
152016757
152288758
152630270
152655235
152668713
152976015
153093489
153391943
154336412
154627552
154677171
154766600
154767010
154819984
154868455
154907661
154912558
155268397
155271765
155418936
155520907
155523902
155722653
156005626
156017432
156025518
156063146
156080090
156308692
156571559
156587485
157264602
157276125
157384212
157414379
157462007
157921991
157986484
158299068
158360528
158601552
158647384
158721953
158875877
158964978
158968617
159153802
159452736
159736508
159885421
160027505
160152165
160606749
160662296
160817439
160925995
161069161
161114003
161512101
161607134
161671077
161729767
161850806
162088971
162172484
162818374
162961702
163174434
163245977
163451527
163532297
163657791
163675382
163714894
163911130
164169065
164189408
164256861
164308521
164743926
164773337
164985520
165030212
165036186
165092667
165124378
165138454
165396617
165820860
165987351
166041745
166219252
166410849
166468049
166502181
166505264
166729325
167396776
167476993
167660289
167778096
167882061
167998403
168201028
168279758
168300470
168368640
168376285
168635188
169184756
169207255
169311293
169412364
169684336
169685280
169755527
169901817
169967250
170093548
170166334
170251372
170337685
170429511
170797514
171023886
171086528
171157784
171244756
171325960
171328409
171621877
171875529
172229506
172231853
172264092
172479724
172518884
172624594
172828136
172947240
173018190
173237799
173274533
173572635
173891197
174009324
174089188
174776779
174923474
175096498
175138307
175240098
175448979
175547836
175755141
175820630
175939009
176043869
176334364
176479936
176493832
176951823
177229257
177439849
177841319
177845700
177961007
178272251
178677145
178687520
178708838
178748208
178808052
179037522
179048607
179250392
179290763
179385432
179468506
179639533
179761039
180075281
180253506
180535107
180661382
180953771
181085103
181152580
181211578
181213030
181343754
181384801
181571616
181786705
182175497
182302435
182441902
182521938
183060007
183294182
183299173
183439418
183758837
183837818
183942939
183981155
184341762
184615696
184865924
184873676
185050057
185098623
185127049
185439610
185595418
185637036
185914364
186136910
186145892
186247402
186278234
186371513
186389899
186512467
187277605
187313444
187421714
187551680
187637100
187642220
187838251
187874896
188054374
188351345
188529022
188603510
188639068
188777584
189007222
189059358
189290459
189341096
189438475
189471415
189642194
189673279
189883480
190051188
190253615
190427101
191013994
191018081
191123202
191183070
191208773
191743726
191825982
191938804
192331766
192483074
192755677
193021463
193027635
193084711
193347189
193787253
193823789
193910776
193936556
193976369
194177622
194381069
194396430
194846047
195106263
195265428
195532696
195661683
195719646
196152800
196197103
196207939
196388741
196648245
196903049
197029079
197044912
197095715
197163484
197213573
197444316
197471182
197473660
197476538
197499966
197511817
197536368
197663649
198131927
198230351
198424885
199001925
199591443
199867675
199885079
200082847
200819983
201024819
201146567
201151680
201188768
201202219
201275607
201598510
202085539
202169133
202201588
203012769
203136189
203200417
203200698
203395307
203611508
203813720
204119289
204447637
204838397
204860662
204893499
204982251
205045618
205045881
205337136
205521804
205566394
205708707
205757345
205904899
206379122
206539131
206618493
206865706
206896148
206903552
207101481
207134677
207464979
208007307
208174665
208223067
208241496
208903634
209063149
209449824
210058994
210112305
210253173
210362065
210610748
211068719
211663998
212224180
212795073
213180616
213463425
213492104
213577319
214107566
214427527
214466960
214744366
214761162
214886049
215035951
215752125
216205362
216341367
216350772
216370147
216595890
216708469
216711135
216910478
217018830
217230549
217533071
217921614
218459169
218576413
218911784
218919728
218948473
218960223
219165455
219184583
220047329
220333401
220541213
220696965
220798396
220874713
221161918
221292383
221401158
221402344
221550308
221646602
221769968
222335282
222394488
222464794
222734203
222835108
223096582
223321848
223362740
223520056
223748335
224215240
224431274
224695955
225068844
225145606
225187481
225254466
225351717
225511364
225756883
226023606
226084683
226099528
226840765
227222877
227357615
227359480
227504471
227589112
227693870
227945805
227995000
228611081
228822365
228891491
229270725
229287659
229360983
229387109
229680556
229822535
229871945
230102143
230379957
230396352
230614732
230735520
230798683
230892736
231044388
231048952
231096382
231135336
231233931
231322752
231913339
232043163
232277729
232325228
232461998
232511363
232537501
232558472
232586136
232623449
232909190
232910971
233391624
233776404
234113955
234172832
234283824
234284219
234489193
234770692
235745221
235750570
235766602
235767249
236106587
236281811
236996254
237059684
237398221
237817086
237909069
237925029
238081157
238422865
239033875
239059995
239277467
239331020
239749407
239852878
240426523
240671685
240944430
241075268
241088005
241742068
241789223
241929985
242807098
242867209
242957715
242978455
243706431
244260947
244592859
244840349
245641064
245675740
246051256
246129907
246140584
246242326
246467271
246518653
247076806
248012438
248197480
249101031
249175011
249830467
250446763
250455240
250582947
250868734
250993629
251405353
251720509
252219197
252849160
253200041
253356316
253986718
254618912
254798531
254846263
254969528
255698727
256641318
256674854
257012922
257362247
258137256
258298920
258358493
258386502
258599972
258756418
258858758
259174790
260464032
261451333
261782882
262313981
262780961
262862971
262972922
263038785
263318848
263742306
267143548
267600543
269185344
269394337
270312578
271198110
5712087
6162579
7403354
7669443
9866364
11276094
11670031
12574852
15952467
16754249
18530493
18742885
19442028
20748168
21160253
22153149
25862094
26460606
26687458
28734628
29036801
29436692
29694821
30047096
30225116
36236651
36871295
40694053
41103107
44133762
47565627
48040393
55729752
57011947
59488471
59616766
59999341
61493165
63712725
69261688
70105387
70108589
77329651
77414600
80784081
81689764
88283931
91157186
91332673
91833140
91858923
95061797
103185328
105323712
106200955
106481531
109960984
110921571
114767257
115213216
124782873
125539263
127463306
128483948
138436930
139444871
140762011
140871156
146908241
152370766
154136508
157312530
157934678
159060892
159918082
160324431
162876873
169801660
170181396
173003403
175846255
178825504
180816163
181232735
183290591
184485577
188313530
188838552
193600418
193978862
203057879
203647494
213633827
214979879
215781902
231564573
233573611
233626154
236043148
238036148
238096770
242036485
246834948
253652034
254711392
257633753
261209858
3412627
3439185
3628177
3972500
4464003
4656845
4995412
5029431
5034428
5381068
5865604
5872584
6011226
6081725
6096814
6142470
6278343
6358219
6418393
6474965
6590650
6721965
6930880
7021852
7131657
7136112
7151748
7221942
7228873
7257945
7435692
7530809
7627673
7676200
7739869
7863999
7881984
7984028
8171997
8247942
8268515
8967012
8979519
11338159
11581133
11622265
11697367
12025426
12195919
12276027
12287901
12454966
12476384
12479728
12743963
13043781
13049244
13119521
13151327
13224360
13660637
14009775
14035685
14177931
14852296
14924559
15025924
15120527
15176015
15524404
15581933
15668792
15717271
16173212
16187708
16305131
16650955
16716756
16782697
16794717
16894743
17060514
17147119
17234194
17249599
17335598
17488614
17508648
17517880
17702958
17740360
17789414
18029280
18227663
18265325
18401033
18620355
18635540
18682068
18821555
18866109
18949995
19014381
19197847
19265610
19380568
19466314
19539444
19838285
19885624
19925646
19929336
19937390
20071183
20145390
20174602
20213840
20243132
20266471
20362162
20669871
20727969
20762906
20961082
21141192
21148397
21209118
21291805
21370631
21496119
21507080
21571274
21730198
21818829
22044541
22146623
22312069
22409306
22461973
22477393
22662381
22718679
22772400
22778578
22807352
22824418
23286007
23294690
23295213
23332953
23518500
23575721
23673237
23684163
23753873
23768154
23892232
23950698
23994999
24063287
24239728
24302117
24501273
24516932
24556851
24563532
24871531
24885657
24948648
25122281
25187789
25327380
25371887
25508643
25815534
25963764
26062326
26164564
26351101
26413426
26446477
26456589
26514227
26585331
26649539
26754951
26850067
26871156
26949465
26955885
26989067
27000986
27008352
27043189
27451508
27494209
27589717
27838468
27902943
28120303
28195727
28212551
28241980
28273862
28305597
28415153
28629640
28701089
28755638
28823732
28949845
28996455
29238121
29262357
29316656
29343102
29428894
29688178
29907383
30015346
30062976
30488482
30503454
30579204
30669921
30702921
30798920
30807699
30819825
30928951
31196094
31224947
31280272
31366185
31440289
31445418
31470757
31484390
31546788
31727656
31835473
31960069
32012620
32073472
32489722
32637503
32772836
33021509
33232188
33263749
33265331
33581904
33752444
34303152
34365313
34367538
34626251
34659002
34802203
34886607
34937572
34999074
35801256
35928287
36211439
36252437
36335112
36405925
36545179
36693228
36764190
36866074
36924888
36956591
37157281
37277641
37498379
37564909
37955411
38258575
38361285
38500299
38504244
38718461
38762174
38764165
38924093
39069496
39178368
39227460
39243008
39294776
39508868
39513681
39513795
39560701
39573536
39573749
39641858
39835074
40002474
40298543
40532627
40553387
40854026
40986298
41000380
41029265
41305479
41672813
41949391
41979698
42000574
42021938
42152192
42186269
42268880
42272226
42503294
42592335
42648256
42813061
42826688
42842171
42903775
42931138
43100944
43131820
43134838
43281825
43386487
43523306
43564756
43577924
43684982
43745801
43767262
43784091
44006525
44073273
44443005
44918359
44939300
45106848
45119648
45273721
45480560
45564604
45634058
45755108
45756083
45788773
45871021
45949500
46046501
46071603
46097331
46204651
46207061
46233410
46274379
46383884
46975686
46978991
47023725
47060929
47399224
47617642
47795389
47976588
48033017
48050179
48057521
48064581
48215580
48327396
48374262
48455210
48459387
48600128
48648880
48742843
48790523
48813714
48914989
48925665
48936847
49016041
49116219
49171213
49195199
49308970
49428492
49440421
49498544
49579170
49642138
49716607
49918747
49959320
50058629
50177994
50472112
50491326
50511230
50528747
50595635
50631429
50791892
50895217
50916691
50946669
51009343
51044777
51064769
51195806
51720503
51822474
51892927
52314476
52566109
52637889
52839684
52949845
53022975
53162453
53275602
53282290
53566406
53774445
53987129
54051085
54068923
54268270
54651537
54677735
54711673
54915431
55039756
55104949
55305752
55400850
55591430
55625789
55668597
55676617
55809197
56134825
56220851
56243628
56409174
56413194
56450841
56458388
56600060
56733146
56856320
56890590
56895945
56984957
56991571
57101666
57478511
57912659
57962325
58027056
58233494
58311884
58351186
58488560
58553516
58665461
58691232
58940439
59023427
59303422
59482114
59495778
59581806
59969883
60008995
60025352
60141058
60180254
60214660
60250173
60523390
60559484
60830578
60833138
60848599
61337843
61429489
61594448
61599952
61608950
61636506
61903717
62043955
62067210
62096048
62178124
62344988
62377400
62402719
62442226
62472629
62638115
62826495
62941036
62951693
63010271
63038817
63089192
63179315
63205707
63249657
63260631
63454343
63481824
63526904
63662130
63668446
63731425
63901232
63908726
63922612
64383753
64548269
64573512
64687207
65639450
65646055
65656301
65677699
65783156
65842834
65876250
65892418
65945589
66132228
66524808
66649999
67093237
67314633
67432797
67738132
67894758
67930361
68052201
68251810
68289420
68366202
68466542
68520086
68530066
68842047
68972909
68995718
69006026
69163365
69231338
69259761
69272145
69468613
69851611
70074609
70126091
70250889
70496322
70776838
71049650
71220563
71401052
71484386
71554161
71602017
71784663
71830386
72119569
72141495
72328836
72351742
72397256
72461425
72508195
72604980
72848187
72938587
73041799
73389153
73687265
73758519
73987501
74251728
74296688
74563371
74599337
74709160
75293795
75460281
75499539
75517913
75586881
75664018
75682019
75887571
75981689
76077815
76518017
76563867
76727641
76853949
76976616
77118006
77188700
77413218
77446660
77515101
77768907
77860069
77874642
77993354
78095392
78270226
78876175
78913799
78990801
78999139
79017193
79066784
79177075
79326249
79635250
79757308
79821182
79897998
79915193
79944108
80208412
80218340
80270777
80293275
81024789
81032379
81500439
81521157
81547160
81581046
81629381
81674981
81746647
81838461
81957773
82219636
82280590
82290077
82328799
82593097
82777842
82838070
82955258
82976036
83091879
83228745
83493367
83681550
83776291
83829850
84043274
84464651
84618065
84696178
85013784
85238896
85442071
86083672
86196593
86274536
86291292
86416731
86656844
86697158
86768083
86906681
86932724
87030349
87165723
87185049
87281659
87358141
87383021
87663036
87725824
87752008
88040862
88136340
88139589
88314064
88325970
88398697
88549462
88552147
88615922
88617190
89185299
89560133
89756537
89850287
89888492
89976512
90333430
90939805
91059998
91263497
91270528
91335645
91439013
91797979
91826550
91841051
91942910
92147206
92227664
92584648
92604153
92728564
92798048
93300454
93411150
93527860
93530327
93571787
93860426
93896000
94192744
94232893
94509382
94600731
94692991
94872483
95059355
95106231
95124935
95175396
95180439
95406145
96692500
96849380
97024762
97270242
97344387
97503761
97594366
97745048
97780486
98066517
98454110
98584322
98629834
99082976
99294842
99575854
99607933
100682447
100735489
100980641
101264644
101284774
101394365
101555251
101975718
101983595
102142802
102286988
102760299
102776115
102809368
102906269
103101709
103166467
103220829
103375404
103522328
103561900
103607355
103848073
103950946
104002932
104296414
104427213
104824339
104927435
105155861
105252282
105336013
105376495
105494056
105611158
105990390
106091212
106153684
106314732
106598153
106907892
106947644
106988840
107087416
107501560
107619152
107938268
108076754
108206429
108548025
108683722
108836499
109261882
110056395
110173418
110175754
110262152
110272960
110405275
110437077
110449285
110868423
111039753
111220994
111315926
111588044
111650680
111770316
111835802
112164006
112245137
112376207
112431281
112981685
113014249
113245054
113447947
113644293
113696496
113929451
114348446
114372250
114799049
114833076
114853996
114929553
114992128
115485422
115668623
115699185
115710076
115805402
115842951
116018620
116025392
116134756
116176251
116361505
116467936
116659250
116951840
116967805
117184563
117265762
117571954
117676343
118148537
118651269
118798060
118840013
118947844
119264785
119615477
119986415
120018973
120240736
120395867
120895429
120950022
120988264
121146686
121751201
121810914
121876032
121883671
122175969
122971706
123047472
123298976
123309494
123473325
123591546
123630415
123636527
123656082
123831854
123939038
124285938
124465254
124484578
124560629
125228442
125238729
125281876
125407073
125557223
125644721
125734383
125817369
126108110
126226133
126547634
126596963
126616854
126774671
126782681
126822843
126885289
126896806
127221483
127287637
127304379
127334122
127612047
127637354
128041054
128075690
129132361
129464394
129565479
129679758
129791040
129947325
130380198
130514538
130523101
130659618
130666060
130816803
130961426
131448946
131596805
131626528
131714892
131948709
132030293
132046198
132083171
132103737
132340436
132419168
132657131
132842240
132865422
132870380
133038067
133143797
133289867
133350020
133584635
134467587
134824262
135241362
135276965
135395909
135418358
135422990
135491448
135964719
135974101
136375323
136434681
136619098
136795557
137090508
137130777
137281711
137364644
137427554
137450091
137503259
137672091
137728289
138046593
138053736
138190860
138664574
138747030
138758027
138843955
138862824
138967642
139183584
139212489
139555425
139648837
139713283
140110309
140155147
140368302
140823242
140895174
140982097
141011826
141401908
141483640
141500511
141502428
141535598
141559662
141577825
141631084
142277490
142333095
142568658
142626456
142876627
142966232
143337689
143473575
144266025
144305906
144449978
144683394
144753861
144810390
144847851
145251642
145298203
145378475
145379912
145460072
145483965
145960382
146065297
146278112
146403324
146450538
146868036
146916258
147127004
147444217
147666267
147996470
148191650
148200828
148224116
148384110
148743465
148948079
149603193
149776547
149925700
150326451
150395234
150400009
150510168
150532967
150766917
150798001
150986981
151302256
151664067
151761617
151798751
152144329
152238293
152240650
152472034
152583254
153141174
153330054
153340717
153767092
153862186
153918076
154260898
154312413
154420271
154582869
154631480
154794586
154907203
154970931
155056778
155366633
155377981
155426342
155598684
155884675
156057891
156273145
156409445
156500691
156614568
156620782
156658154
156661914
157410568
157545777
157601935
158436158
158473199
158506887
158831750
158889175
159225543
159547528
159562420
159700122
159790434
159844536
160152569
160358550
160482605
160798121
160984599
161029047
161347098
161510565
161796079
161815130
161906115
161972688
162441327
162621092
162688950
162842315
162892227
163060180
163175850
163995342
164000853
164187153
164360196
164370538
164527140
164858506
165001889
165049667
165212348
165328501
165799606
165958081
166061174
166087003
166164811
166258318
167074737
167153404
167245987
167301677
167335183
167362570
168054874
168059110
168243704
168475749
169000901
169105654
169777961
170118453
170784670
170849352
170881427
170893738
170961160
171036941
171865256
172364071
172536851
172684498
172908503
172911313
172957904
173110853
173115569
173202798
173230371
173242131
173316039
173749018
174026627
174101510
174318627
174372949
174886507
175325840
175444823
175747586
175826469
175907285
176003655
176517818
176574477
176610179
176818781
177177228
177249270
177374318
177452412
177574076
177799845
177862272
178094822
178112945
178234825
178240351
178719275
179044173
179177022
179300178
179496873
179748847
179786579
179871830
179988059
180639272
180695511
180837911
180842655
180886321
180918168
181175009
181344507
181694701
181882786
181959127
181969482
181978178
181998667
182048108
182096399
182526112
182721402
183169811
183174050
183405533
184035641
184106600
184495898
184504479
184830489
184857980
184895435
184947469
185074624
185218127
185533204
186111193
186161498
186308930
186448466
186859610
186953610
187252781
187323814
187484511
188078087
188743866
188775251
189172491
189358781
189386174
189724737
190249163
190545842
190658215
190697728
191046410
191165671
191303077
191347535
191400574
191408031
191416758
191700267
191811464
192133351
192167050
192354935
192600765
192831457
192966837
193085659
193198511
193337570
193838557
193839129
193899848
194620419
195470068
195575856
196034029
196497775
197013160
197051538
197064561
197116173
197901770
197934031
197969564
198037211
198482202
198582649
198647742
198818075
198850623
198898107
198932684
198984687
199466678
199494882
199529757
199801782
200079279
200942950
200980803
201032677
201088952
201290731
201679508
201897863
202173573
202473648
202502542
202514561
202624378
202831636
202969951
203083163
203308501
203582833
203757938
203833267
203966515
204098073
204268484
204504333
204808850
204867590
205325474
205380018
205438871
205593811
205813963
206217179
206220609
206289952
206534221
206558381
206693268
207027968
207338785
207692823
207759131
208167466
208607407
208608568
209085473
209297218
209316129
209354112
209722829
209734993
209927438
209969947
210541526
210654937
211187395
211262983
211480748
211590282
211770065
211856371
211917846
212068019
212113494
212480092
212878865
213202733
213329684
214099689
214137586
214149486
214271715
214474587
214491251
214501205
214703429
215189329
215233178
215280373
217405239
217457684
217605105
218105261
218569350
219393191
219575387
219606122
220295555
220422107
220622376
220628001
220980060
221109709
221609150
221643563
221677098
222165686
222223238
222593211
222763993
222912520
223107175
223118820
223125647
223250324
223359361
224328592
224336527
224651304
224697916
224727675
225049729
225074750
225438435
225506650
225538471
225866565
226227893
226472527
226520348
226627803
227153135
227196464
227224127
227525562
227619414
227624459
227821447
228081515
228095409
228165910
228471077
228534350
228602686
229072539
229183310
229699312
229746507
229923357
230017113
230308999
230385635
232055496
232398191
232516156
233437241
233899012
234009279
234112933
234161426
234194907
234316781
234359525
234634594
234634617
234823457
235226334
235268354
235355005
235840604
235893510
236274616
236323002
236615356
236731792
236928588
237212276
237219173
237245341
237346424
237350019
237550377
237596451
237654492
237658480
237771094
237815743
238323942
238446894
239048550
239071782
239197581
239554036
239778333
239880677
239999963
240325939
240424954
240994552
241087625
241472379
241501088
241571587
241776052
242616240
242681973
242720715
242894304
243078952
243228177
243275615
243462393
243815667
244054946
244212526
244250343
244521235
244918327
244921472
245182806
245563688
245953986
246600532
246722396
247385024
247503645
248139995
248334851
248545570
248635658
249133824
249514473
250021961
250125449
250291657
250454088
251238108
251301338
251527754
251581180
251724354
253174746
253348938
253521918
253556292
254031552
254609720
255495654
256057924
256285859
257573384
258151199
258693438
258783804
259100070
259265052
259605186
260401665
260557957
260965375
261265021
261542470
261678112
262247264
262460068
263709285
264266335
264510918
264597178
264646589
266216804
266891840
270680222
271198499
272628639
273512511
273775999
5723795
5984703
6163407
6468003
18607662
19705626
20223081
22225509
22427446
23292228
24068345
24075250
25231143
26424411
28988698
29081085
30604940
38011658
40585390
40768041
41831807
43908002
44727640
49315374
49388008
51172557
53148050
54920477
55332125
56063013
57345556
58964418
59018647
64705702
66929343
68048712
68979500
70436238
70466866
72339523
73263771
73480832
79971900
80734835
82904589
83095595
84498429
86427430
87093717
89306723
89980998
90315547
93720758
94073220
94847293
97106920
97328485
98543622
100172283
100495430
100919676
101790404
106588377
109108275
113296681
118790788
122508908
125132442
130119182
130925741
134587185
137324635
141561833
142415410
142695144
143080931
154773768
154966379
155025165
157724915
158076468
161548083
163553868
164700287
165935911
167901241
170470068
172164242
174073066
176484902
177735403
180160823
180555405
190446424
194294951
195491546
197131700
197410580
200296425
204904460
206728387
211253357
213518411
213917321
216482420
217640355
218246954
223883373
225977142
232484343
233537662
234857240
240423603
254123427
266131904
2830447
4415242
5118484
5190960
6143554
6300211
6965119
8228034
8638759
8819618
8933790
8974370
11128291
11671823
12146872
12171282
12438215
12450048
12563878
12646997
12830202
12929500
12967358
13445958
14705271
14778289
15469824
15582697
15715382
15946892
16215822
16292191
16651609
16874348
16984018
17272443
17286192
17419880
17575103
17632040
17752592
18254850
18368908
18376803
18381089
19353352
19514361
19722969
19777962
20436661
20732057
20844060
21044262
21419536
21765498
22084405
22224154
22277446
22351090
22353871
22649023
23075221
23099690
23110232
24065294
24342855
24730494
25063277
25158023
25548689
25668370
26325217
26363901
26599516
27053296
27313696
27387779
27871909
27931723
27937114
27971006
28928349
28943979
29008696
29184132
29193755
29418418
29715660
29978784
30017139
30190705
30311523
30573915
30610828
30756937
30825468
30925819
31458343
32376060
32782071
33385318
34044195
34177393
34234749
34393746
35144449
35248204
35443171
35830730
36241354
36311466
36554605
36706872
36899606
37016823
37115415
37227374
37552087
37974471
38088206
38181258
38867641
39057238
39142269
39314759
39477282
39518648
39531785
39630250
39937867
40324100
40325575
40436891
40484722
40513918
40926096
41416468
42237625
42340704
42765929
43022562
43403364
43493463
43508357
43563889
43622392
44523787
44626342
44747088
44832393
45254155
45381208
46040967
46722760
47896188
48959758
49400759
49709492
49845415
49971135
50078155
50522326
50638846
50640933
50662701
50730928
50843728
51235409
51247932
51343092
51602176
52169198
52258530
52402868
52706978
53168416
53344087
53521303
53571304
53598307
53615375
53953441
54559239
54673678
54708467
54943248
55842519
56223996
56293108
56415703
57078950
57447433
57563645
57823324
58026258
59112002
59817195
59855041
59937572
60366285
60439839
60534765
60565038
60649408
61380414
61429263
62201874
62346915
62452059
62888459
63679800
63717312
63784683
63830129
65301947
65405213
65658714
66151353
66358510
66778622
67546584
67731748
68520882
69113658
69693544
70055129
70079479
70668107
70741952
70940043
71152695
71592859
71673225
71906349
72874594
73157159
73180788
74163430
74245403
74313576
74480878
74498097
74969912
75347819
75422370
75716322
75946000
76349029
76561898
77235191
78175811
78678769
78771122
79209997
80259322
80282047
80620846
80733482
81186333
81733413
82705589
83172154
83903210
83910135
84144025
84239961
84551370
85082458
85483561
85633161
86075482
87235721
87732526
88648935
88808822
88902431
89000111
89015911
89045851
89399637
89888615
90731920
91151096
91575068
91891921
92143669
92421065
92728884
92878339
92886389
94062611
94134055
94309854
94342626
94958476
94965527
95196471
95338434
96194212
96705115
96842205
99928738
99944307
100383526
100447291
100948734
101140430
101349833
101565326
101691232
102075806
102567661
102992320
103393592
103536431
104003829
104690486
105353221
105993589
106260645
106806375
108869515
109023440
109235576
109441522
110099975
110350161
110498415
111027011
112713339
112918320
113014524
113226354
113862702
114051896
115144710
116516979
116822928
117107008
117430783
118415904
118426749
118437555
118561183
118759724
119094477
120153098
121001418
121650555
121695004
121888170
123390456
123618672
124103279
125101243
125443147
126153519
126240798
126990064
127753273
127787532
128079218
128253926
129007539
129090852
131023623
131574766
131752436
132177657
133070549
135127880
135221287
135231336
135235668
135741497
136102823
136128243
137977012
138194074
138841500
139043664
139090959
139119591
139343722
140348376
140994438
141287874
142078445
142191336
143865724
144580110
144766331
144788688
145149739
145444564
145720841
145889701
146043055
146212406
146418347
146421480
146585556
146767521
147238639
148117632
148160955
148809789
149114076
149182788
149395741
149449479
149454937
149657555
150068393
150579990
150758908
151212929
151260596
151740110
151811581
152048458
152572852
153029267
153029530
153412383
153502045
153525563
153638078
154651549
157417766
157709660
157811610
159287373
159329608
159624815
159821195
160539085
160553502
160747762
161222650
162292924
162310910
162618596
162971470
163028908
164123338
164413303
165612354
165774092
166287108
166793866
167279286
167317637
167714074
167750537
168892835
170834496
171297472
171302680
171342227
171988101
172542814
173513335
174513437
174858968
175341661
175429041
175484103
175519864
176810378
176924307
176963004
177512126
177872041
179492267
179592397
180259652
181656323
181999039
182188605
182199359
182284378
183048930
183066364
183605219
183918722
183961456
184064365
184332797
184397851
184722641
185127622
185205300
186104717
186864821
186981182
187001214
187229211
187346166
187768787
188527977
188732284
189577828
189913347
190373116
190979722
191164829
191815407
192325278
192387805
193718780
194014121
195011358
195831737
196240229
196457504
197024357
197416551
197495743
197821168
198389638
198655046
199095391
199298169
199359177
199778563
201432789
202015519
202022666
202537223
202939586
202972942
204653622
204814584
204989773
206022975
206891783
208093966
208557460
209091926
209163532
209779066
210275258
211028685
211751094
212023643
212033758
213629779
213630617
214059623
215385110
216866005
216908872
217562978
218481633
219024865
219774602
220775878
221769006
222559270
222778831
222807456
223387342
223769601
224123394
224821498
225106056
225465831
225704385
225761812
226137596
226458279
228883588
230224048
230755131
230815657
231348209
231706064
233479588
233557540
233644039
233699347
236281882
236834589
236919142
238512628
238761240
239933657
240840442
240852841
241325764
241701247
241896580
242214220
242567287
243040195
243707629
243726098
243869744
243982071
244753683
244939290
246103077
247465345
248056939
249757013
250226741
250670435
251827223
252982313
253626369
253915071
254852585
255678431
256208832
256515454
257155993
258628419
259078366
259938554
260672324
261441063
262392348
263679418
266276133
266938242
269489887
270493949
272884225
274029697
3160626
5636329
6883331
12020186
12306564
13194147
13203200
16502692
16788639
16828182
17196099
19727119
20223484
21804797
22141626
22699792
22771082
23088858
24607271
25352089
25634188
26710009
29134122
30715915
30796477
31894803
34296316
35275504
35417756
36205184
36662581
37976023
39389648
39739401
42045496
42310982
42487841
45786229
46812138
47585932
47607224
50071069
51441601
51690422
55253039
55360628
56444068
56480398
57563741
57979471
59113229
59261754
62002186
62675721
63166506
63921924
64304780
64453901
65631016
66885401
68460551
68868728
70072836
72102222
73571648
75623007
76062710
76192526
76197245
80362130
80640917
82055230
83695648
84168903
84320465
84419144
85669598
88440559
88442845
90894083
93166604
94427602
96270114
96440189
101054699
101617950
107439851
108027976
108814826
108883824
108950260
112221127
114390909
114620494
116372014
116562363
120279338
124471251
124494368
124595065
124653672
127625246
127787510
129986852
130095687
130825742
132674088
133340496
133732062
133866918
134129001
136140524
138876976
140539347
145040087
145714704
146480649
147013859
148346785
148733538
151224687
154088951
154475256
157372566
160829683
161407940
166577882
166649876
167176868
172724663
174664849
176813775
178204521
178283998
178933250
179200029
181912173
183268308
183452281
186159028
188576689
190520901
192415556
194116244
195761151
196708091
197103612
201535868
202065880
203200000
204171491
206840882
215533930
220441286
221692773
222143288
222411811
223870333
226310302
226327465
229688200
230173824
231028925
231442472
231806663
236630211
237642025
237942655
238496764
241256548
241622230
242048373
255669769
257124539
3211603
3282225
3370033
3672191
3852728
4026062
4528813
5512916
5520885
5647633
5838004
5916300
6663254
6772854
7052028
7066109
7353131
7516748
7581205
7887807
8117732
8322147
8405475
8739520
8856386
11630868
11997471
12001905
12266468
12357677
12596629
12791388
12988807
14005342
14622263
15400565
15549032
15987343
16076505
16081902
16652475
17299306
17405315
18042710
18920842
18974528
18996703
19045190
19537353
19737908
19757466
20237324
20286444
20612299
20751055
20782911
20833304
21053443
21349836
21426101
21467788
21484092
21565654
21723051
21776084
21788583
22088620
22155741
22318940
22355938
22547261
22630698
23153341
23993421
24044796
24136352
24259168
24717193
24752116
25275924
26062803
26095411
26194135
26314612
26366051
26377721
26511863
26681168
26919260
26942605
27326481
27333298
27390556
27585276
27821406
27853544
28303057
28655363
28817468
28931407
29029967
29275685
29295262
29321539
29503447
29819397
29845996
30030742
30106087
30106251
30750817
30807227
30848905
31208891
31229825
31316771
31432156
31785351
32316159
32699619
32829597
33603810
33694785
33710429
33834074
33888910
34188341
34741391
35017523
35356842
36300391
36373699
37201231
38100020
38133738
38205545
38342086
38490721
38518454
38955316
39917288
40052805
41563034
41797598
41895275
42423189
42771306
42910667
43036877
43134353
43153412
43159489
43353149
43480642
43553385
43732888
43831419
43892644
44007663
44023268
44109160
44632236
44839875
44867663
45638821
45853341
46477969
46807179
46807577
46866649
47681544
47817699
48026877
48102475
48171160
48314896
48364906
48550879
48618778
48659594
49027096
49102094
49108505
49198359
49322427
49377507
49432144
49699372
49994425
50093967
51280861
51740252
51941486
52149112
52239914
52334334
52806281
53523426
54319949
54956171
55136729
55408317
55457416
55768252
55951554
56115700
56529715
56783689
56930147
58529554
58608131
58947602
59392213
59752492
59764723
59873380
60068673
60213649
60499387
60588637
62079264
62409750
62465391
62627958
62678929
63155881
63173141
63375196
63690380
64169735
64642686
64673969
64853671
65170624
65244654
65249572
65420653
65973756
66904567
67037851
67089265
67969999
68529386
68680262
69074438
69840299
70217408
70286141
70635281
71020206
71372494
71388441
71670637
71723989
72020473
72552650
73821602
74118488
74707094
74850298
75332961
75463088
75999263
77624853
78068838
78293242
78430050
78558902
78753409
78811474
79712265
79822833
80488972
81556187
81965386
82607689
83022223
83506116
83752530
83882723
84238522
84408836
85272554
86021012
86198530
86217720
86306587
86317158
86841287
87664426
87681905
87825359
87961680
88131824
88253682
89207170
90075324
90167751
90192626
91685877
92519053
92736029
93315581
93869404
94328296
94444470
94520647
94810453
94875167
94933693
95282645
95309189
95567591
95751246
95896583
97004270
97401199
97476129
97625278
97764187
97814495
98044207
98961049
101125895
101720969
101774395
102239037
102665043
102711954
103407890
104042817
105281494
105314836
105926061
106065938
106636332
108817547
109111554
109934285
109985560
110137448
110515421
110824591
110996809
111019334
112088585
112489892
112754786
113356793
113624121
113689184
114025661
114331391
114377873
114749566
114899789
115606842
115618292
116014229
116579312
116598673
117321049
117414016
118031224
118119038
118526596
118601336
119365708
119634096
120037997
120693809
121154885
121175801
121222152
121709070
122036301
122354239
123966114
123986842
125378131
125654437
126221007
126674957
127709187
127711242
128317995
128492137
128642860
129056292
130329620
130329834
130375055
130685341
130948079
130949450
130953661
131460726
132486931
132916773
133371559
134313452
134375691
134714584
134865212
135081386
135126718
135250307
135499718
135760660
136671261
137407461
138211721
138667435
138705032
138869495
139011563
139576163
139978802
140873535
141206508
141517835
141587649
141958342
141986404
142371170
142474840
142727534
143043004
143197891
143291914
143441496
143792224
144498611
144699881
145491832
145704352
146158172
146630821
147670109
148287485
148344020
148453786
149225285
149350667
149640179
149653508
149884484
150227998
150435871
150473448
150877906
151222188
151451740
152171251
152186811
152265901
152885894
153904114
154577339
155004517
155124411
155824850
155846668
155938502
156049804
156446280
157210207
157348968
157689719
157713456
158290740
158293618
158574204
158649115
158916779
159148280
159659979
160275209
161468985
162263728
163356567
163621384
163693479
164024543
164531281
164913492
165159604
165726572
166453596
166724115
166988440
167414348
167618517
167661565
168106707
168235204
168516107
168809334
169462851
169928889
169979715
170491503
170849168
170875491
171346469
171693885
171740811
172393721
173467659
173528612
173534480
174336818
174949321
175120783
175132553
175166866
175890600
176090522
176310288
176868414
177430978
178306992
178561068
178664094
179082939
179156884
179395589
179699257
179950415
180034880
180415866
180439730
180672425
180810836
181350595
181388290
182035917
182300142
182390604
182762385
183565896
183624669
183853347
183867799
183938410
183983117
184499833
185895361
186387242
186525568
186585953
186739749
187023327
187694288
187758770
188008437
188549619
188619485
189224439
189873874
190860751
191104540
191398884
191410881
191493774
191829043
192027545
192680758
192690306
192819300
193204194
193741370
193745787
194326145
194372001
194534843
194712181
194721995
194752352
194784650
194811494
195292386
195636123
195964328
196558273
196696810
197042786
197332254
198031766
198035608
198275340
198482287
199110021
199207181
199344628
199412990
199730091
200020081
200210970
200644636
200961292
201301423
201397147
201897954
201917290
202191001
202348636
202678187
203159965
203376125
204281832
204524492
204998862
205087981
205977894
206265459
206323616
207164461
207324166
207697377
208144508
208960166
209455231
210095456
210702897
211324194
211521503
211608937
211718356
211881667
212569848
212766451
213180991
213356597
213753880
213990485
214103702
214790857
215583682
215840328
217849411
218322497
218776156
220169080
220705752
223174664
224258445
224610446
225409519
226029863
226674141
227296313
227390023
227780642
228890137
228972348
229401717
229445510
229955842
230020275
230366530
230441967
230464930
230766001
231096917
231221415
231254644
231325020
231463792
231602393
231908921
231976805
231996375
232138901
234273397
234645985
234681040
235797974
236950010
237589205
238457363
238607343
238783243
239026156
239256759
239348856
239746049
239816272
239908254
240625141
241218564
242687407
242691840
243573570
244434474
244613833
244797667
245194570
245247783
246268330
247915198
248255832
248263910
248532570
248601802
248669260
248721499
249111334
249332952
249340166
249364794
249815813
250328994
250392732
250816512
251107017
251653057
252529860
253298745
254204919
254656823
256503809
256631773
257650952
258442201
260405827
260910720
260916761
262602623
262963165
264519744
264568666
265183004
265251041
269898047
271614848
271817826
3330308
3357131
3566806
3984372
4505132
5356815
5520702
5545226
5658123
5909917
5940245
5977713
6064476
6160975
6286784
6372467
6383057
6421486
6724515
6758994
6994648
7050825
7139410
7498013
7512748
11648848
11809548
12213954
12530663
12540589
12822686
13011763
15330060
15499575
15762904
15786294
15858267
16002924
16317665
16650224
16955292
17095979
17325686
17564448
17872171
18100665
18306632
18400921
18585508
18674117
19034424
19308828
19340591
19426562
19431506
19533192
19748460
19790147
20080901
20395021
20610835
20613855
20881108
21049872
21120657
21223977
21494596
21503556
21625951
22011838
22155856
22259197
22353415
22717523
22734540
22778287
22798513
22860733
22922878
22961090
23336009
23653961
23658964
23892086
23927117
24130660
24135443
24194833
24403799
24495765
24832664
24855570
24984200
25081121
25217341
25417662
25464552
25600690
25729315
25773339
25922611
26102521
26287229
26368996
26529901
26767786
26792269
26948020
27001528
27599602
27907800
27963686
28120155
28192143
28588505
28905226
28964585
29255995
29326672
29529112
29619434
30322925
30605497
31234818
31488485
32009328
32295034
32330937
33212048
33287663
33355173
33700123
34304241
34367772
34506714
34577669
34645482
34742446
35394218
35714042
36044049
36564620
36885769
37226732
37542696
37947193
38151921
38469281
38519599
38812116
38829832
38934382
39012391
39267478
39471328
39570584
39969738
39976346
40178378
40247735
40990128
41021389
41145676
41216067
41359868
41672748
42193243
42724670
42866478
42971455
43036925
43158027
43351541
43375701
43426061
43895061
44399061
44517434
45599285
45638061
45648454
46329613
46465318
46589143
46852836
46956627
47338007
47448317
47496313
47631609
47852024
48093119
48549841
49034574
49568986
49791731
50262901
50503761
50593945
50618017
50674085
50776669
51351913
51399388
51706829
51993368
52647317
52742421
52890217
53277587
53324356
53403881
53868472
54824597
54968727
55219854
55532231
55936552
56048676
56456466
56713660
56989974
57765980
58401779
59123557
59506428
59608083
59634284
59962888
60001444
60085682
60121540
60256833
60262198
60930714
61008717
61099206
62110860
62398971
62783604
63023626
63529059
64017140
64128810
64411115
64773294
64993145
65008490
65035447
65223775
65351338
65413076
65777020
65915448
65964344
66094508
66697431
67149246
67503053
67503087
67963787
68405142
69215372
69529830
69722062
69792075
69966753
70256440
70656671
71038451
71437875
71450837
71693004
72189204
72525982
73117216
73581619
74320843
74561750
74740405
74913757
75524031
75977125
76386306
76496341
76605859
76625035
76647760
76670361
76708018
76893208
76973023
77328809
77603864
77827153
77994545
78146649
78224699
78295795
78307754
79140943
79265815
79875093
80813845
81159237
81958969
83059453
83267596
83517289
83748722
83820940
84056149
84061115
85109255
85191548
85445550
86143520
86520744
86539182
87492773
88133026
88248915
88624203
88878696
89156770
89405173
90445323
90525826
90583774
90603775
90913659
91400120
91919376
92678905
92781184
92884701
92970347
93013696
93720675
93725874
94721180
94728683
95496790
96480561
98121318
98132735
98330864
98331963
98594012
98641733
98775432
98822571
99344184
99486978
100009700
100205426
100316429
100682215
100863811
101300058
101789823
101966017
102840515
103026699
103541581
103691919
103715798
103721485
104145922
104391849
104816566
104926668
105500550
106274342
106401029
107238199
107681005
107692956
107849908
108044570
108246531
108798345
108960352
109227173
110480473
110565180
110651495
110692644
110834931
110902195
111168144
111473106
111936479
112209986
112272411
113308444
113573398
113858982
113928446
114042912
114530457
116008480
116590191
116766074
117608130
119215446
119554614
119883219
119930966
120046034
120264431
120726192
121080043
121694170
121764609
122368160
122701743
123192379
123577711
123819794
123906482
124230659
124522638
124973398
125335977
125612462
126028697
126152895
126333792
126339319
126947460
127205126
127617596
127663400
128232338
128770433
128801648
128860094
128910656
129081909
129289852
129317473
129658187
129837561
130023922
130182967
130640260
130966184
131743290
132688717
132878970
132991067
133053818
133383804
134023580
134137525
134464213
134745735
135173959
135785145
135806701
136652466
136748028
137769173
137904471
137960256
138310553
138875081
139201547
139405580
139722653
139941475
140024873
140396438
140992544
141084505
141151281
141318666
141493318
141603709
142366293
142647158
142680198
142849658
143485602
144754470
144780982
145421992
145461474
146187925
146474510
146690800
146750130
146796545
146820167
147074099
147550255
147866921
147890688
148106269
148150405
148582012
148607680
148713380
148746277
149101727
150224346
151148718
153260029
153667767
154401406
154604357
154697553
155015269
155134202
155263473
156154143
156592486
156822275
157209581
157385351
158513113
159061308
159317352
159454639
159978745
160775486
160828064
161089947
162781081
163303852
163703945
163934295
163935971
164117847
164179021
164266547
164346268
164447321
165357157
166710443
166789468
166796609
167094076
167377404
167683449
167842331
167894511
168079336
168525113
169067667
169340211
169390326
169741435
169945957
170088009
170366061
170705612
170812004
170975966
171182975
171217220
171598216
171698045
171833524
171897417
172002561
172316285
172668532
172772291
172980257
173590907
173806785
174162114
174329390
174815311
175339238
175500218
175835905
175848388
176064083
176299924
176371522
176420305
176553685
177998912
178335966
178444096
178750505
178862893
179055595
179545105
179646215
179670457
179855510
180881753
180923082
180927681
181295060
181974518
182203164
182569232
182807153
183048963
183091735
183847177
183922707
184177939
184781357
185417837
185769986
186372546
186846075
187102826
187143197
187329407
187728272
188185799
188198987
189005066
189242733
189334846
189409642
189740350
189920161
190482418
191035625
192131656
192184249
193715130
194590723
194625741
195751742
195869269
196086886
196391991
196997094
197593633
197744318
198125693
198612113
198896061
199026201
199298171
199298378
199430947
199566699
199810935
199822279
200004843
200740241
202678947
202685015
202880549
202903703
203528368
203832886
204002766
204461451
205589226
207785150
208617684
208780106
208791040
208819475
209107616
209612713
209622061
209825261
210498005
210702508
210770394
210911811
211220433
212007330
212096576
212194652
212872723
214689886
215893628
216103702
216326900
216347795
216858027
217036175
217086014
217251244
217844807
217988925
218063047
218237737
218267006
219208094
219998072
220610706
220782422
222342657
222817261
223227181
225221239
225233200
226200797
228137702
228198607
228748251
229366250
230321061
233996265
234349691
234489199
234595744
234845205
235074471
235108942
235280432
235483024
235696941
238098143
238359013
238500706
239064338
239071135
239503504
240710887
240860489
241243912
241551488
242403379
242786677
243423557
243778413
243893766
245118616
245913130
246173843
246857692
248673241
248781418
248904358
249576152
249619973
249656511
250915107
251243816
251486761
252123646
252858473
254344571
255099833
255303198
255549279
256226366
256675718
258912697
259597787
260917126
262083397
263643166
266138012
272216417
272355970
3351686
4586987
4963333
5756625
6602525
9176168
9249059
11781966
11909735
13173662
14868082
19900391
21400152
22111767
23515800
24673616
24776593
25650922
26485697
26998506
27712755
33575327
36782356
37636276
37648147
39063447
41397499
42102088
43431674
43825357
44312702
45499828
45673584
46785177
47638374
48370184
50391618
52084294
53348753
57242227
58210046
59851899
60498468
61676572
61782344
62606979
62674236
62719819
62958348
62986111
64341611
66434598
66581197
66683674
68501669
69562197
69637002
69722094
71022032
72282733
73587007
75125639
75418832
75690648
83552295
85368240
85755445
86254346
88344672
89682527
94413343
95590525
96253865
96481416
102933774
103485839
104786484
106619355
107429902
107745938
114098547
117581586
118181027
118438953
120180618
120317557
122781764
123559211
123592488
125836908
125935945
127015751
129941440
130111701
137487274
138032097
141470579
141682837
141870384
144166528
150076040
150710538
154172077
154374935
156073562
165190954
166682003
167761595
168755083
171812587
174935514
174994492
175679611
176153765
181344229
181751665
183842705
184694991
185332228
193284608
193828534
194116436
194483790
194764470
194883855
198845903
200916226
201953300
202219791
204682493
204815109
208384310
209013250
211238852
212228618
212844939
213235417
215044239
218877677
219489553
221137644
222537657
223750710
223888200
227596201
228875457
229591893
229940449
231648717
242830335
245189449
245334830
245488803
246611008
247266228
247828222
249015863
254272328
254351456
255873507
263895808
265207484
268282109