2769172
2848779
2954965
2989013
3221612
3222839
3317834
3591113
3776428
3967911
4177456
4185111
4272808
4337619
4529613
4595117
4669001
4870744
4884139
4894694
4969036
4981094
4985362
5109175
5210669
5223124
5275835
5309098
5340410
5449130
5457389
5539117
5600243
5602043
5607494
5623956
5684822
5694393
5735183
5970986
5971624
6051117
6052455
6112573
6187189
6231028
6276610
6336119
6367727
6373284
6437243
6439220
6442102
6492872
6497962
6523021
6577001
6624589
6695368
6711937
6811387
6828387
7066302
7159288
7324793
7401044
7442377
7493891
7536284
7657245
7897414
8077408
8347494
8477913
9702750
9954788
10884368
10961351
11175789
11238818
11437875
11511249
11540877
11562642
11628976
11638316
11664727
11790063
11827915
11876211
11881237
11897105
11924048
11951089
11962161
11963444
11965166
12057735
12245271
12263152
12270018
12283960
12291066
12301894
12356552
12362155
12379779
12407355
12416527
12437543
12510901
12548866
12578570
12593705
12597714
12638092
12680336
12706722
12709726
12762544
12798180
12807493
12820670
12836526
12853596
12888983
12894821
12912437
12969445
13072737
13075435
13096283
13120485
13147766
13158778
13162232
13192935
13251638
13319707
13353059
13379463
13412347
13493768
13532482
13559898
13614629
13632744
13689021
13740316
13756317
13820966
13930171
14152834
14226594
14331778
14501929
14598185
14656084
14921747
15046476
15048780
15111629
15120237
15122350
15235724
15273668
15319739
15383371
15609839
15644921
15683347
15717832
15763920
15768181
15794534
15935236
15952167
15956668
15979510
16069980
16088075
16136896
16150208
16154172
16157572
16160457
16161659
16167699
16176486
16182903
16208959
16287556
16307614
16344821
16421966
16571153
16622249
16653605
16655799
16731515
16833090
16975115
17004248
17160544
17175036
17221493
17351628
17355323
17419956
17549821
17608424
17618646
18078183
18087120
18090653
18192765
18396068
18542877
18690866
19071761
19150820
19249700
19267473
19352855
19460442
19500625
19533721
19667373
19804267
19846520
19922342
20102646
20599424
20618772
20630221
20632212
21183870
21394074
21628563
21723610
21725423
21728149
21862563
22176807
22253393
22905395
22996239
23100641
23283167
23380220
23400415
23408475
23522771
23639227
23726991
24065474
24606785
24699514
24771929
24894613
25011572
25021870
25046607
25186682
25193741
25600815
25824207
25834256
25859019
26192930
26215981
26776184
26887772
26937190
26966822
27220959
27283349
27448369
27536792
27551788
27597256
27597826
28248836
28518033
28708857
28801923
29008081
29509434
29738937
30070589
30338544
30380392
30394205
30446053
30522300
30768678
30859094
30912214
31128237
31250102
31488962
31995506
32396903
32421604
32434239
32498402
33307529
33961263
34436435
35001858
35069470
35150750
35235639
35241451
35244110
35261331
35441901
35525423
35611551
35783455
35923523
36024687
36050955
36360991
37237061
37242620
37357672
37379193
38152387
38476960
38981722
39060041
39233017
39487143
40123026
40897490
40977494
40979810
40985024
41013822
41135196
41197034
41866051
42165933
42172894
42176199
42197640
42198256
42275437
42356616
43301997
43386327
43618690
43619055
43814650
44102081
44332647
44341608
44645818
44797974
45087786
45368069
45443373
45802588
45940381
45944957
46065598
46181731
46453364
46616576
46914982
46932121
47058295
47067069
47326879
47428478
47622523
48011989
48177724
48215400
48723256
49069422
49081496
49483649
49521144
50068261
50110793
50525601
50535830
50740163
50879505
50978700
51406583
51687226
52088118
52575714
52637963
52886954
53101821
53117745
53174371
53280009
53298705
53460686
53585806
54101281
54665102
54863943
54950968
55124083
55326382
55626508
55634080
55682667
55911300
56022399
56069078
56082814
56536713
56560228
56819526
56852319
56955199
57091051
57124660
57148765
57562425
57659328
57865979
58056860
58138706
58177286
58218257
58234072
58488662
58726180
59959886
60526507
60541589
60876034
60947767
61127015
61235645
62099520
62180034
62699708
62876226
63466546
63517589
63944136
64177774
64192517
64859365
64889741
65123208
65447608
66748295
66998933
67340065
67698842
68191385
68441024
68796509
68871362
68995095
69161063
69546297
69560487
69793408
70085631
70157869
70229564
70266773
70477045
70542554
70914049
71318357
71361379
71652116
71863446
71966914
72000208
72287867
72390446
72557456
73016082
73100141
73104584
73779605
74033588
74535060
74687318
74693590
74946585
75046513
75047276
75833645
75913447
76020722
76100967
76322151
76479170
76498410
76554840
76692886
76868839
76896680
76968068
77321748
77925061
77962088
78098416
78213083
78611980
78697574
78849939
79044351
79301387
79353548
79700113
79916224
79973180
80232029
80325358
80393162
80477840
80548155
80554277
80561280
80576432
80626347
80652940
80765589
80830349
80954442
81044751
81150998
81276375
81322349
81339162
81382846
81400842
81404853
81437047
81495052
81500594
81523280
81606763
81763106
81773554
81825917
81892967
81908933
81951567
81988490
81994749
82099993
82192215
82252618
82263565
82364987
82394892
82410666
82530199
82782912
82829840
82982121
83035627
83068298
83159693
83169676
83290408
83356169
83499981
83563066
83787243
83816664
83897107
83922585
83966912
83979176
84071314
84715367
84793771
84914529
84979448
85034420
85146038
85197214
85924571
85951718
86007592
86068680
86109818
86421860
86458363
86668614
87235868
87466876
87680497
87683432
87725628
87761710
87774869
87976302
88005924
88071958
88103421
88488093
88539068
88758008
88773986
88788827
88846464
88905333
88957378
88965247
89031526
89083945
89243745
89443286
89457951
89571303
89770009
89779130
89834463
89886939
89955894
90113315
90400321
90470301
90889336
90957328
91559428
91717730
91747149
91747748
92013792
92037029
92316076
92372192
92414308
92444107
92605694
92621354
92749855
93038568
93325017
93486830
93609514
93662590
93808909
93885627
94297981
94420703
94690329
94760728
94943102
95670619
95988957
96122215
97761263
97909798
97934479
98560119
98637683
98698861
98743435
99192590
99239132
100119898
100890860
100904814
100906745
100944499
100979355
101115140
101152155
101572964
102126842
102288978
102549493
102685097
102801571
103108003
103110060
103396462
103554067
103745389
103767498
103985019
104227849
104283696
104284694
104803449
105117583
105285214
105587662
105632229
105950737
106199478
106236449
106687948
106717140
106960922
107304173
107371046
107374294
107489238
107607407
107695030
108131306
108191452
108298046
108731908
108822037
108876247
108877279
109255150
109654947
109830574
109832400
109874628
109909045
109925941
110346387
110448621
110576881
110616315
110698000
111564114
111574371
111667533
111795316
112175344
112183736
112231768
112298112
112325430
112435072
112513902
112596953
112638080
112665605
112678232
112693406
112854117
113440937
113678778
113718400
113867020
113965443
114303868
114825150
114949206
114986699
115111330
115151159
115186285
115220588
115361677
115491404
115522833
115540963
115573000
115628902
115690879
115721535
115887767
115976674
116358934
116405007
116661069
116741745
116860026
117065516
117452283
117516334
117608910
117789478
117893810
118050078
118520726
118582659
118750737
118920200
118929795
118956269
119526165
119720873
119798224
119927083
120102728
120125909
120294423
120671577
120714990
120729000
121145317
121263852
121350329
121351529
121414514
121418520
121869134
122109923
122148490
122169422
122173091
122176715
122197518
122373779
122414126
122589657
122686221
122867832
123231543
123299324
123523640
123592434
123852658
123906725
123980630
123990693
124034163
124049142
124091112
124136558
124230642
124295521
124505551
124630399
124993486
125109937
125264778
125286270
125836944
125882816
125985625
126138581
126163708
126360808
126383025
126548117
126566611
126593269
126604048
126724674
126773303
126838904
126910897
127020467
127109616
127141041
127187095
127548607
127557256
127649613
127697896
127709512
127728796
127851944
127860491
128118075
128180286
128186948
128276959
128379117
128396517
128576081
128760797
128765713
129014545
129046399
129135381
129236782
129352043
129461744
129482222
129577842
129660143
129976898
130004243
130029039
130057794
130089857
130199883
130259556
130324413
130344080
130396829
130524784
130653142
130697841
130733357
130782725
130956744
131114167
131192401
131212207
131249612
131423513
131469486
131541458
131558399
131655547
131767755
131848135
131941405
132010509
132031413
132113337
132127942
132261048
132263468
132302778
132308876
132432610
132619804
132901458
133009551
133015242
133243515
133423971
133637138
133642963
133693589
133761208
133802668
133805452
133880526
133908301
134194377
134314381
134342866
134493323
134664898
134672344
134801711
134810401
134882703
134996965
135081201
135211118
135370228
135462407
135504950
135517968
135611065
135801397
136047198
136054646
136185426
136208539
136320150
136387588
136465178
136493092
136644356
136799720
137070919
137095973
137173504
137203677
137242700
137252263
137342961
137397320
137463001
137502775
137523642
137543505
137544295
137570360
137574381
137644915
137650387
137710252
137729629
137842178
138024726
138044491
138143632
138173488
138228477
138229562
138253386
138268100
138396070
138406934
138486786
138545618
138620923
138696951
138787289
138814750
138928779
139003107
139198929
139348588
139379637
139536677
139565078
139580691
139648490
139659081
139734602
139773769
139847263
139851753
139889445
139992804
140172107
140174088
140178233
140219512
140223943
140241496
140254070
140294366
140366119
140567226
140639944
140707245
140710311
140822921
140969769
141131525
141147202
141148131
141156712
141167764
141179397
141291511
141381613
141493089
141701449
141739308
141789750
141804066
141839636
141999478
142200602
142261814
142605710
142718557
142804824
142812403
142856539
143101266
143118205
143137383
143191711
143251261
143255378
143377310
143533577
143573114
143583078
143615435
143760035
143831167
143844074
143989259
144055893
144069856
144166687
144187033
144188961
144310607
144331152
144356774
144380924
144432113
144547046
144561870
144585419
144717030
144845774
144881641
145132926
145186567
145186991
145253130
145292246
145392674
145447837
145631661
145741543
145746737
145747054
145953527
145994938
146092493
146133943
146152022
146274845
146283529
146400840
146433501
146473090
146625280
146665591
146858946
146891945
146928368
147001454
147024899
147053985
147120926
147231856
147322083
147362078
147430185
147465202
147496131
147513760
147674149
147684781
147709166
147796962
147844415
147864601
148173338
148312946
148313709
148319392
148347534
148408382
148448839
148455397
148615460
148733658
148849365
148872815
148967921
149069305
149074694
149103215
149113807
149162509
149210193
149333845
149388102
149427462
149549286
149566175
149604531
149660511
149664276
149688995
149720132
149754964
150022674
150028056
150061604
150188558
150229281
150272446
150377926
150468636
150531493
150552791
150580153
150766782
150792128
150876354
150930120
150955184
151143633
151179850
151422047
151450516
151460291
151471899
151581842
151588044
151722065
151745857
151756865
151782995
151800914
151959051
151971249
151987323
151988590
151997703
152031444
152126013
152156212
152204244
152206228
152256766
152335591
152355179
152395497
152451009
152565866
152692799
152697427
152700927
152787642
152842529
152957125
152978351
153032564
153123328
153130406
153192706
153246321
153340846
153364463
153392504
153393592
153405388
153421982
153501154
153724042
153776160
153890257
154062204
154219799
154259251
154289814
154328755
154341183
154353015
154408150
154409669
154438238
154490462
154508874
154759764
154831510
154850374
154932767
154957260
155013812
155057563
155198561
155274538
155334257
155400722
155430665
155475688
155514003
155556949
155728253
155748626
155828621
155847833
155954608
156014872
156026995
156051042
156125625
156305557
156413900
156443667
156475487
156541755
156605290
156897916
157017844
157032788
157090167
157383699
157398382
157428444
157502543
157561212
157592517
157670045
157732050
157817353
157927212
157954138
157974313
158049048
158201047
158221351
158275346
158298942
158354256
158434266
158486214
158507033
158527637
158722858
158736171
158762727
158778147
158896816
158954158
158990131
159032577
159075201
159077142
159106242
159283776
159317085
159374003
159406298
159527865
159528387
159530411
159563681
159725168
159770307
159780140
159783084
159809767
160087157
160124408
160133045
160146836
160381875
160415422
160815124
161002759
161008523
161054685
161111077
161130453
161353201
161402337
161479173
161518213
161824437
162028013
162037241
162168557
162204635
162237499
162278311
162316151
162332791
162405745
162421680
162441295
162442456
162480079
162545554
162627976
162752629
162754751
162879649
162902290
162993247
163196108
163306842
163374796
163381988
163592434
163701646
163793296
163881394
163969016
164056112
164061732
164131718
164144080
164184173
164204314
164214676
164228167
164273410
164327876
164395793
164410213
164433833
164586417
164813448
164867017
164948238
164953949
165127651
165163334
165270604
165274994
165333019
165338533
165413619
165526201
165547549
165579500
165694960
165857320
165993926
166038886
166050890
166102099
166302950
166474433
166527586
166528880
166531747
166625257
166651399
166652205
166792867
166814079
166885630
166938320
166963690
167062945
167063673
167121988
167141678
167186030
167199654
167215586
167448435
167676680
167736468
167778432
167845834
167903505
167938321
167987026
167998219
168069355
168090158
168105475
168188569
168204274
168214492
168263838
168296820
168326353
168403700
168472514
168503762
168534307
168539536
168691725
168816551
168862637
168863121
168867291
168894095
169035042
169040515
169116254
169148266
169184089
169195780
169252482
169283613
169288911
169380985
169389992
169539177
169545498
169576209
169581353
169629680
169641455
169653390
169715954
169890521
169897982
169925291
169980736
170082056
170085409
170109524
170229923
170248223
170250672
170284630
170312623
170314505
170365602
170432219
170569268
170577124
170667568
170696228
170847886
170888490
170915737
170934024
170971446
171033007
171077545
171081683
171087987
171106906
171216491
171281258
171298768
171375368
171392026
171401104
171430642
171453700
171598279
171606194
171715956
171769651
171816658
171841227
171849173
171852637
172025599
172038863
172063038
172184653
172210875
172234894
172261983
172339761
172366634
172726898
172828239
172851944
172891469
172983192
173109951
173112249
173123052
173157708
173170558
173266140
173385736
173463405
173528833
173545730
173553645
173677043
173767508
173783630
173858954
173866924
173877195
173919617
173999774
174025957
174027642
174036775
174068922
174070841
174111976
174145091
174224529
174241833
174283147
174287415
174289962
174304501
174306058
174311297
174426393
174456382
174490217
174544554
174553663
174602228
174605300
174654453
174684171
174701958
174789869
174832878
174852491
174869964
174902831
174974993
175021150
175024686
175044974
175110741
175113384
175138442
175199076
175204001
175342801
175393194
175528163
175534035
175603861
175635641
175645936
175737155
175741601
175764787
175800690
175823344
175839073
175879078
175899550
175960523
176056236
176061346
176069039
176077486
176175722
176268548
176295662
176298513
176313126
176412758
176438880
176507715
176689692
176720005
176785109
176790324
176842396
176845948
176859635
177057376
177088628
177190072
177278270
177291722
177342443
177355453
177386749
177386976
177397300
177438128
177524074
177543543
177652567
177683124
177771687
177819246
177964683
177969693
177999704
178003982
178059658
178102915
178132486
178141005
178189578
178193174
178206924
178229589
178257553
178289335
178305710
178399270
178514789
178530753
178531030
178541095
178625470
178663845
178695085
178697616
178733699
178752459
178847824
178929697
178940224
178983337
178984266
179012414
179013348
179134504
179155410
179191283
179294423
179301532
179308601
179427497
179521240
179567806
179608183
179711811
180033840
180148941
180228639
180349852
180397952
180406024
180456676
180599139
180668271
180759471
180767272
180793097
181033884
181103169
181119469
181243279
181280674
181297454
181302710
181371018
181520537
181571983
181590912
181693236
181711958
181748365
181765868
181768781
181807694
181815420
181904738
182020655
182083415
182344138
182353773
182377561
182432456
182469249
182560104
182613590
182664231
182716333
182732438
182767752
182778196
182787304
182799109
182805998
182826252
182881302
182937521
183000944
183112392
183194810
183204036
183253721
183300086
183330990
183382223
183395959
183406679
183468127
183555319
183560520
183627352
183658478
183724455
183771517
183794383
183811858
183824839
183926800
183997204
184017369
184133576
184228165
184332399
184378283
184420755
184570757
184706690
184810559
184835596
184901845
184965077
184970318
185277753
185342298
185393285
185414203
185482223
185623965
185833513
185872270
185981020
185997444
186016025
186020077
186045104
186110170
186146948
186212863
186261293
186310269
186356070
186374523
186379771
186431591
186466248
186511375
186528354
186566420
186573728
186727611
186732047
186754556
186797267
187132665
187148873
187171351
187223013
187224285
187229843
187234842
187251146
187332737
187354614
187365109
187370000
187378338
187385438
187395890
187447824
187457203
187487644
187506283
187533084
187616313
187658325
187696257
187743030
187773686
187811617
187823275
187824189
187853487
187905736
187926278
187991706
188074650
188085182
188110293
188161762
188261579
188276722
188435131
188486839
188496721
188580883
188601037
188602120
188674755
188679067
188786733
188798639
188801943
188832848
188839368
188982483
188996428
189033580
189051475
189167233
189257410
189263873
189313346
189315741
189450873
189463617
189515972
189584001
189596728
189657808
189668576
189694004
189749951
189830551
189848613
189857667
189918713
189938154
189956503
190138812
190152058
190175490
190321371
190344470
190359658
190417082
190494215
190624229
190752487
190868547
190913865
190976728
190979492
191013151
191048614
191070356
191111453
191131489
191135320
191192095
191217539
191233153
191325764
191332492
191338313
191339301
191358383
191398359
191415201
191511327
191660100
191677963
191851298
191852164
191877218
191929768
191960725
192041922
192084163
192165544
192185806
192192258
192201534
192477351
192538834
192577250
192600288
192606563
192663749
192693408
192781583
192890688
192913300
192963024
192971185
192979936
193022252
193045917
193045992
193114134
193173356
193186703
193197944
193394913
193399781
193602632
193687977
193696577
193785957
193811866
193816585
193827889
193852634
193918224
193993609
194003539
194028210
194079485
194125567
194174888
194211645
194261863
194287945
194304787
194309119
194367986
194384813
194386212
194429542
194443471
194507466
194553733
194576850
194589785
194661776
194690239
194694254
194701453
194705390
194782563
194914875
194956655
195111383
195271117
195290319
195320759
195405066
195471439
195489373
195505878
195533291
195555871
195641778
195697281
195943730
195963228
196007897
196028996
196071377
196082457
196113963
196310592
196396076
196439697
196468780
196539372
196672940
196698855
196714902
196718986
196783364
196811400
196862094
196929791
196948826
196975555
197067872
197076214
197097920
197100911
197155776
197246960
197275560
197277892
197293426
197413964
197542270
197602335
197660963
197664676
197816320
197830402
197866360
197902174
197929643
197974643
197986569
198020876
198041362
198065790
198164414
198252498
198306673
198314316
198375024
198407112
198419100
198489174
198499744
198515491
198579852
198690254
198692393
198729509
198813519
198877305
198938484
198949920
198951746
199040367
199149961
199165988
199206377
199266836
199353450
199360878
199410802
199435598
199557906
199562728
199568633
199584291
199649455
199729787
199762729
199779888
199807885
199813835
199934032
199962735
199984088
200010834
200084273
200157736
200346955
200369974
200394860
200427817
200433483
200529062
200544567
200591142
200686916
200728322
200736777
200864437
200899236
200911257
200919309
200954705
201123906
201147752
201215591
201260050
201298873
201310767
201322385
201379501
201387047
201410830
201476153
201510124
201615261
201633991
201635972
201642101
201878015
201924916
201939976
202072682
202107073
202143566
202341445
202424381
202474601
202628158
202642381
202662821
202812941
202874537
202919208
202981022
202987572
203052904
203155131
203249466
203272199
203340724
203354441
203598886
203860168
203945627
203975197
204105500
204113576
204123817
204209546
204250938
204268505
204306820
204443626
204451993
204631076
204704857
204802901
204885562
204961432
205029781
205060809
205196026
205421442
205502101
205515685
205520695
205609610
205634970
205688488
205881480
205990058
206075297
206126856
206147240
206153095
206189473
206227672
206376864
206395074
206552600
206582011
206610242
206651413
206813447
206831718
207058754
207066408
207120161
207145432
207163813
207302377
207310569
207364150
207379143
207399773
207427126
207488570
207538040
207701690
207724343
207744505
207748670
207867553
208082150
208106312
208134463
208134533
208408136
208432355
208475650
208593859
208687112
208731096
208858790
209065787
209168226
209221502
209258135
209332760
209456165
209497055
209603046
209623778
209656935
209661992
209663615
209695552
209900864
209923875
209931800
209937501
210008284
210211009
210237638
210268520
210275078
210514428
210516837
210520388
210530009
210536343
210652199
210720539
210797915
210838871
210853890
210934818
210936735
210938471
210960730
211083591
211125891
211310680
211466237
211545893
211601189
211632441
211716701
211820486
211867625
211948280
211953819
212162726
212178983
212186500
212195752
212385056
212408320
212567160
212679366
212825536
212893633
213189413
213224864
213248350
213272895
213350652
213489563
213580002
213734682
213823397
213892133
213946528
213971448
214012738
214032325
214258760
214292251
214416316
214968645
214970176
215678777
215688732
215723330
216062146
216080699
216135268
216183363
216203802
216351906
216439298
216739262
216944320
216985346
216994307
217038620
217061158
217187132
217252733
217272896
217417151
217470202
217475836
217628061
217667773
217691846
217703168
218020450
218118588
218300902
218367747
218528868
218543174
218607011
219120859
219489989
219528413
219691135
219875971
219933954
220044769
220276831
220329277
220358397
220522373
220535108
220555650
220564450
220733055
220738172
221182812
221184123
221271264
221358756
221429312
221443650
221479485
221551132
221601057
221791233
222102652
222236606
222238497
222501378
222584384
222876829
222985697
223196705
223197661
223214625
223330237
223431871
223439935
223520835
223842561
224956002
225042561
225098717
225138434
225295391
225343998
225495713
225645631
225678431
225874430
226978623
