165526201
165547549
165579500
165694960
165857320
165993926
166038886
166050890
166102099
166302950
166474433
166527586
166528880
166531747
166625257
166651399
166652205
166792867
166814079
166885630
166938320
166963690
167062945
167063673
167121988
167141678
167186030
167199654
167215586
167448435
167676680
167736468
167778432
167845834
167903505
167938321
167987026
167998219
168069355
168090158
168105475
168188569
168204274
168214492
168263838
168296820
168326353
168403700
168472514
168503762
168534307
168539536
168691725
168816551
168862637
168863121
168867291
168894095
169035042
169040515
169116254
169148266
169184089
169195780
169252482
169283613
169288911
169380985
169389992
169539177
169545498
169576209
169581353
169629680
169641455
169653390
169715954
169890521
169897982
169925291
169980736
170082056
170085409
170109524
170229923
170248223
170250672
170284630
170312623
170314505
170365602
170432219
170569268
170577124
170667568
170696228
170847886
170888490
170915737
170934024
170971446
171033007
171077545
171081683
171087987
171106906
171216491
171281258
171298768
171375368
171392026
171401104
171430642
171453700
171598279
171606194
171715956
171769651
171816658
171841227
171849173
171852637
172025599
172038863
172063038
172184653
172210875
172234894
172261983
172339761
172366634
172726898
172828239
172851944
172891469
172983192
173109951
173112249
173123052
173157708
173170558
173266140
173385736
173463405
173528833
173545730
173553645
173677043
173767508
173783630
173858954
173866924
173877195
173919617
173999774
174025957
174027642
174036775
174068922
174070841
174111976
174145091
174224529
174241833
174283147
174287415
174289962
174304501
174306058
174311297
174426393
174456382
174490217
174544554
174553663
174602228
174605300
174654453
174684171
174701958
174789869
174832878
174852491
174869964
174902831
174974993
175021150
175024686
175044974
175110741
175113384
175138442
175199076
175204001
175342801
175393194
175528163
175534035
175603861
175635641
175645936
175737155
175741601
175764787
175800690
175823344
175839073
175879078
175899550
175960523
176056236
176061346
176069039
176077486
176175722
176268548
176295662
176298513
176313126
176412758
176438880
176507715
176689692
176720005
176785109
176790324
176842396
176845948
176859635
177057376
177088628
177190072
177278270
177291722
177342443
177355453
177386749
177386976
177397300
177438128
177524074
177543543
177652567
177683124
177771687
177819246
177964683
177969693
177999704
178003982
178059658
178102915
178132486
178141005
178189578
178193174
178206924
178229589
178257553
178289335
178305710
178399270
178514789
178530753
178531030
178541095
178625470
178663845
178695085
178697616
178733699
178752459
178847824
178929697
178940224
178983337
178984266
179012414
179013348
179134504
179155410
179191283
179294423
179301532
179308601
179427497
179521240
179567806
179608183
179711811
180033840
180148941
180228639
180349852
180397952
180406024
180456676
180599139
180668271
180759471
180767272
180793097
181033884
181103169
181119469
181243279
181280674
181297454
181302710
181371018
181520537
181571983
181590912
181693236
181711958
181748365
181765868
181768781
181807694
181815420
181904738
182020655
182083415
182344138
182353773
182377561
182432456
182469249
182560104
182613590
182664231
182716333
182732438
182767752
182778196
182787304
182799109
182805998
182826252
182881302
182937521
183000944
183112392
183194810
183204036
183253721
183300086
183330990
183382223
183395959
183406679
183468127
183555319
183560520
183627352
183658478
183724455
183771517
183794383
183811858
183824839
183926800
183997204
184017369
184133576
184228165
184332399
184378283
184420755
184570757
184706690
184810559
184835596
184901845
184965077
184970318
185277753
185342298
185393285
185414203
185482223
185623965
185833513
185872270
185981020
185997444
186016025
186020077
186045104
186110170
186146948
186212863
186261293
