2769172
2848779
2954965
2989013
3221612
3222839
3317834
3591113
3776428
3967911
4177456
4185111
4272808
4337619
4529613
4595117
4669001
4870744
4884139
4894694
4969036
4981094
4985362
5109175
5210669
5223124
5275835
5309098
5340410
5449130
5457389
5539117
5600243
5602043
5607494
5623956
5684822
5694393
5735183
5970986
5971624
6051117
6052455
6112573
6187189
6231028
6276610
6336119
6367727
6373284
6437243
6439220
6442102
6492872
6497962
6523021
6577001
6624589
6695368
6711937
6811387
6828387
7066302
7159288
7324793
7401044
7442377
7493891
7536284
7657245
7897414
8077408
8347494
8477913
9702750
9954788
10884368
10961351
11175789
11238818
11437875
11511249
11540877
11562642
11628976
11638316
11664727
11790063
11827915
11876211
11881237
11897105
11924048
11951089
11962161
11963444
11965166
12057735
12245271
12263152
12270018
12283960
12291066
12301894
12356552
12362155
12379779
12407355
12416527
12437543
12510901
12548866
12578570
12593705
12597714
12638092
12680336
12706722
12709726
12762544
12798180
12807493
12820670
12836526
12853596
12888983
12894821
12912437
12969445
13072737
13075435
13096283
13120485
13147766
13158778
13162232
13192935
13251638
13319707
13353059
13379463
13412347
13493768
13532482
13559898
13614629
13632744
13689021
13740316
13756317
13820966
13930171
14152834
14226594
14331778
14501929
14598185
14656084
14921747
15046476
15048780
15111629
15120237
15122350
15235724
15273668
15319739
15383371
15609839
15644921
15683347
15717832
15763920
15768181
15794534
15935236
15952167
15956668
15979510
16069980
16088075
16136896
16150208
16154172
16157572
16160457
16161659
16167699
16176486
16182903
16208959
16287556
16307614
16344821
16421966
16571153
16622249
16653605
16655799
16731515
16833090
16975115
17004248
17160544
17175036
17221493
17351628
17355323
17419956
17549821
17608424
17618646
18078183
18087120
18090653
18192765
18396068
18542877
18690866
19071761
19150820
19249700
19267473
19352855
19460442
19500625
19533721
19667373
19804267
19846520
19922342
20102646
20599424
20618772
20630221
20632212
21183870
21394074
21628563
21723610
21725423
21728149
21862563
22176807
22253393
22905395
22996239
23100641
23283167
23380220
23400415
23408475
23522771
23639227
23726991
24065474
24606785
24699514
