100954548
50780396
111315059
114342923
43982171
152321561
81614223
76079575
90278425
8146439
135742868
69156796
87486900
143490929
62478147
75016745
134784863
47311049
109684479
93982845
72523036
54273392
22406264
55895593
136237552
48815141
119642484
86309021
61915840
67372691
45296411
61247461
137140052
158088961
135389882
121939311
99433624
80447765
47163897
185224819
145386058
60924237
39387663
87519074
110557229
25068666
47036640
63661503
55308600
43178967
25693162
79198278
90817179
63690785
7440378
148626978
32209212
12733579
155091574
126455765
82767554
113373743
83341768
144349219
112494323
112587935
151674302
121129168
86656040
85810404
141814751
98789412
94721419
98090737
54827184
66062131
102491857
117546367
99970078
106966053
45227483
59820721
43484606
84827696
79224825
126065235
52614244
42858638
42183930
107154599
150107857
107157144
92612657
59337380
102945640
82475670
118990453
166475072
26992811
108904679
56907169
123343920
50516835
49772291
84915320
50755861
12505829
124909530
49118841
52276901
78449479
13075435
8950555
63656855
75009781
64006643
132268892
94977424
56987370
74559942
65859986
91863620
13366267
101407360
24973115
103103473
148103999
49864531
42209515
104488668
68340330
115924636
96147601
99073035
35462030
24008241
76265858
68850512
80218541
163402424
39230595
70002914
139122051
71045069
65281270
22694265
63625110
151550724
60308869
43507404
49965727
78312301
176233627
169354660
65113081
43074130
83233673
80138059
49227166
86778459
39219483
58295952
43742127
81016582
84690601
71034301
76193783
133044664
71305377
105137270
69341706
47228412
87159122
110621072
85968374
100141910
144175488
42780865
39228282
20898915
145514834
13387241
121693122
105786753
86347683
66664342
106466842
100138721
85038772
88272229
77922577
46672144
51712800
64149102
27094377
101264014
45939802
57400569
69315838
19683153
40475362
130644256
18088124
120015579
149236250
138667235
84907001
158052161
41552171
27008925
41750472
143531191
129238769
183750629
55094138
48132392
97578789
63080348
33854720
64617305
43462883
69925148
88980272
71646695
125924870
43662787
159721243
126566611
93959129
74101279
128765713
128698431
139441232
162731076
60263370
84113345
56058337
162368492
107372709
134854198
31874051
83415757
161195904
87859986
139946125
28428630
58030008
65241685
44853103
106947332
141632465
73043931
80900800
121173851
102611804
107650544
143616447
51591747
8957951
97534912
22341851
34705271
62560188
60091024
99181827
59704469
96225674
43913285
104181363
42555663
125213758
96460542
52976471
88970310
67424618
74557700
42915249
44023466
139717616
69001136
147202800
18565555
73509058
114986461
121264594
87643206
130722605
67995300
98277888
136617958
65507027
114943408
71264416
103416716
151925593
130824445
115444239
45507642
66114979
104843670
138922815
124218436
56124439
168773886
109827244
47776220
99353582
90760665
176315172
123650161
86979243
46818630
131470273
66245255
136253112
135310065
165020375
159188264
85362080
36086222
82916295
162839095
105606568
46758328
42095978
111741848
117294071
90125374
31641771
61333602
101186444
115349232
28516444
44109460
49504957
134021538
80112208
149445546
61994360
126979668
19285240
120215169
29978118
91593528
115188337
50444974
4119694
79722763
59289814
76995304
27351885
116699708
146084901
47112444
12953178
42953110
99585126
107300391
115606048
33914238
65381267
145923736
104162905
21199602
57502669
75586899
69717277
156751587
43631950
24702357
124601229
49196871
112277672
151890436
41668887
27855301
104852653
17411412
6675678
89069038
137095815
144659477
151239365
51576317
67828905
45912756
53524570
107341544
87843364
96185225
12376031
49891647
85809020
156791230
170979206
51759842
138342699
12277280
107921211
125621867
63864440
28187309
59326173
138665622
7321382
39335594
60957416
59268522
70191722
26689540
130790142
49652346
119088826
78427904
101281205
76699726
80438964
89343942
29070130
62457578
53354678
170383833
116310998
85396821
65389241
31297940
95631921
85049482
68441024
54717447
133178858
107510191
53994929
163969390
42484625
107540195
67771007
74736484
15201622
52726883
105288218
96187300
61791825
103034845
77333981
47559494
83839765
164797312
107267529
23059343
139446606
20429255
91936778
98940698
48033697
44254304
88210973
113796957
42688821
100487494
86914363
4237231
13506207
39322197
21352306
136203767
60918770
150233468
58432626
56513082
44256908
42566367
46419464
93304924
118227253
157414311
27173325
63084335
47868202
87543161
33076637
138025996
42778294
115573000
101233429
158972220
135645966
117989890
38931187
61305804
48597213
105804623
127016724
92726188
95641447
85118743
52073021
168048919
12623540
66321726
51128343
85494186
77001145
80123574
56886008
68450486
92341462
148342636
69030537
39389944
132716800
101279124
48621265
36108874
52678172
82558390
21784806
36792185
76501514
47295620
76631798
96209166
90440043
101493060
46909396
134859974
119127716
137651691
22800804
141888455
85026912
23411183
100366828
74409457
68226433
139556909
164311497
100789045
56563669
64859604
99644116
118482690
104283696
131611746
69273746
65352380
74313494
107260773
44904406
42899093
50985135
52765231
33406549
44221535
128138431
77928507
178006654
188664693
190779990
148615460
104616864
76784406
26265372
96492164
115943529
154958505
50209689
29551044
151649187
102989489
48404232
111714194
113268677
29005900
42755182
77096748
75488409
47980353
66145179
174791996
191225608
101004770
47686377
97210724
71361809
105872578
129711018
102504047
164791358
49528066
155867499
84077473
172503356
86037611
110310397
160091649
91466945
12979952
103886307
19108669
54121239
83574764
81597353
100886430
99583381
29220828
21576053
143532890
156824893
180360067
19876078
32847815
92870145
80554277
119701070
89646204
119283703
69330352
121122623
88929585
127783386
66042962
59058000
84483443
127967773
66703410
41547108
136541415
93628002
98844840
83078436
149655308
81517533
20621173
157031320
51192983
105025230
95289801
89234310
109213119
19856241
46844846
162072801
69934318
42414539
89435035
12164770
118918471
67698605
114796126
26426801
26529774
42145196
51370586
45745127
128656285
63211731
87034678
101604934
71722451
92233211
143839615
139700658
75385275
54228268
122911217
11300179
113867601
148455397
100126495
47876675
140600948
109527480
67356097
78475419
100720418
29086006
83102510
65795944
112702765
105084212
59849768
60928233
120023816
96000598
98797171
35446404
66485912
53352337
82376190
34688525
48351162
46453603
124418762
149648958
32233735
81139052
103083375
26698051
7869033
23106417
116143553
77723830
75541478
35848381
84818407
22997607
84652921
146807440
148341684
79127843
5468120
80845013
153000451
142186263
109255150
124540916
72015546
133263127
54274725
135070089
77596304
13305673
102124120
107361295
45192992
152603679
103540661
58505639
112743302
80109951
165814238
101046448
79310160
29219535
41298791
46749599
147229633
29943880
98253072
84836059
144250412
88549885
83342238
63543566
45016962
108590859
136013178
153849466
128342570
125037886
47202026
75989144
41333921
109666748
75493616
85150386
119711886
81623020
107842872
176694074
143587802
82526266
114447989
114182146
81235569
50889297
25360714
72900381
103396077
81437764
97486973
64667290
91885951
48780893
108244350
97230847
75190922
22789243
47424095
29635114
23913809
44793506
190551391
61462418
49195588
98648196
84045384
47834023
137668563
156097960
146121975
20209925
50823443
100159170
40670594
68191385
139960439
30713062
132571838
58992424
113502476
126776532
102617120
111861915
18121561
66854343
103601900
51937941
115055524
17270857
24211779
58772205
89499932
61066517
78178318
47448056
80552106
135026410
75015854
19594385
109340441
147033030
67757236
154638842
16267579
63781993
191135320
76102565
168718873
66599456
4615146
82355116
150037763
88437852
149941198
138449189
142207493
85939653
128182629
11396594
126329219
115889582
136271143
43183102
189145429
83800749
72828721
16261556
111192783
152743957
26125541
150473105
116178627
64215911
37278839
7751209
129692960
112771720
89602301
147021442
98104904
65787068
71697039
126641077
144724341
44287520
117660426
100028519
54142348
73812699
77004849
135441915
3604918
149630594
96668100
28011974
31007765
129478991
37459565
18099698
110856056
144343318
91288741
148173338
70571682
84470980
99324486
20347042
50701120
30230137
58575064
61021730
63446000
44549218
126617204
110721274
66820792
76695477
44899513
85699588
42668745
82649258
66916680
83125423
115407021
160027198
16668656
79921113
111168679
105053359
84353820
24620001
37981870
137645472
51984628
81259723
102781508
31039009
95732739
77592053
43904406
51968355
19584974
17019402
45445568
88280209
71515588
153334265
131862802
130689780
152870660
69358607
26475061
51135802
132924246
202917957
130280398
34502618
87154828
135342539
112010747
121133165
154531605
70363935
43657761
26100359
62647932
13606790
138696951
34291427
30856611
93785955
147029073
38859200
86739722
63049943
24636342
55503884
21295987
80454570
114591883
87954416
68984773
51855084
97529792
126966634
22193127
85995249
25216795
84247792
67749870
81858507
156467479
111930701
136905414
108750631
124119241
39191629
97882220
46886965
56059692
159937223
34857892
120376211
78606732
113914485
43107867
62333677
85639202
86612174
61398531
140209484
45049266
66305445
107601617
165983498
93697783
89108936
128759662
174436732
106650743
45655350
28316603
29935927
110738875
63548613
24395003
154533945
67827068
26394533
100266723
117910562
45544044
78334435
76233895
149365220
86452167
124378556
109845413
139441216
58379005
65079110
159201505
115957974
121416936
143087294
143479658
73658976
43943978
139892025
4648372
55562041
113637158
123332425
109249985
37080044
47940822
47080286
69935766
23140961
23341780
160567998
168893890
18894830
152925169
116439990
103414633
4991738
85848189
125612746
3249940
84448021
55615156
156413900
97472210
61128138
124578619
161553591
169825723
116137420
133173404
47195723
79671827
100959087
93804908
90036398
109680550
108607259
65418047
103166856
173796795
106206226
82596227
118998049
44113431
136209206
93714551
152334034
73620980
49740339
119798224
102922632
130016739
122143780
22749282
163999620
145392435
89036100
40718693
172389917
111941384
53327901
46210219
80106894
110127774
112425188
127976645
90748728
82280080
127696353
17257140
112262343
106653655
52974409
65736324
24091042
38392635
36622006
34956773
161511262
149645729
158240148
78230632
169403417
21083157
101113929
53886238
132904725
123835922
56758768
138674720
44258794
143461140
53267843
133771181
131031479
141461424
80935948
43186131
36797867
17792680
117299013
141410342
85888390
16276226
65553558
39170048
26306737
146457852
21535858
124437779
97168305
31400620
44655740
148847344
30513449
33796645
148619341
42654123
147883746
138534692
55548374
146728382
77567847
50778919
74633379
42866199
18160672
112849188
159317191
168460032
39041119
43273162
61922193
79979126
70936795
115539489
30507292
154623300
106435400
134967121
93733817
94393567
71653630
138573534
103810519
152686224
102674437
60752899
130128932
41856229
121379290
62959082
39159013
39239643
147877154
49619200
160602332
35753654
108637829
21005203
84388891
127141041
130943755
85509331
99664368
48923544
131761779
97939468
134972507
132641257
41304982
25671055
79424369
163373312
52131741
18695054
84241848
93737928
59364829
152184591
27790337
59300875
113984731
30039772
73304160
50407430
114087523
127335544
68482501
79476761
117231835
83406905
98138791
65784843
17678784
129440551
69739162
133902502
23629046
149560876
83762346
130552029
82872200
59330984
77908766
18145590
89832368
77465915
137043590
120159409
153619671
90773621
40673210
108453023
18991135
86093829
41274664
88477058
81173343
136810420
130187956
24205034
16844281
99260286
60303576
134438118
142910895
139321686
153898239
73660378
46173573
148209438
110893353
136947050
111944333
25319190
43305726
12509085
73597058
81619401
94851647
63018434
77947228
152305643
46267390
35955370
26997900
67618569
88269749
112947197
88511658
45355391
116097566
28351238
63815041
62644055
85930696
118988531
129792397
57342876
44327655
44435272
15005904
15811796
25611666
80641878
55010862
64417202
59504397
138820593
85319812
57245844
44358664
68491983
79060337
76344414
162224133
42855183
103408434
59899207
46110493
58928718
27206881
71599860
100987118
86126455
86805387
131258297
40343166
26176603
44508845
126321742
111750156
14787544
79886888
92098430
81774000
2989013
81791396
120357180
141191031
45657473
131112757
44151542
64045246
114317368
58751590
77015016
120395637
73423929
44268376
115858557
49976528
122109923
53334233
119752156
119423075
103185802
25240818
121356396
36494296
7716087
67555051
124883789
158294317
121405752
165807976
161796825
85463056
91324625
67383451
140248027
81548165
86236284
44858056
20765598
92857189
131293021
53086125
91958110
63126095
126052496
77745850
65973171
137650387
66724211
86616235
145738990
48748125
108275131
22613597
54270444
91441878
131901357
117057029
89178151
61306468
78086500
90076262
55100132
122660988
70786877
141634261
31304153
42777111
121507908
92286391
53017364
41506302
155304396
123487791
58671784
51793754
74538207
20728402
24769136
