215443590
213946528
213352639
213124896
213089920
208430343
207811811
207328694
207306491
206856090
206586103
205634970
205529916
203143463
202680423
202233722
200337536
200079624
199562728
199319001
197866360
196714902
194782563
194205013
193696577
192201534
190799661
190696861
190504908
190152058
190061593
188679067
187612986
186746995
186379771
185981020
185342298
184874704
183627352
183442392
182006268
181718910
181520537
178984266
178006654
175113384
173553645
173256753
172919990
172462242
172452584
172385398
171405107
169943523
167613323
166938320
162311616
162039480
159887472
156908405
156151010
155271436
150914124
150461007
147784155
145691253
144157770
143565488
139562203
138280228
134925136
133288976
132550985
130688372
130570854
130258671
129071903
128464972
127129050
124701230
123816622
122695202
122334905
121404296
118389504
115826166
114704175
114480260
114303868
113211785
112913030
109994142
108239749
105939800
105537230
104921520
103985019
103971413
103300946
103220781
102800400
101795458
99106107
92696566
91799719
90871334
88562406
87969827
87164242
86166101
83624113
83332861
82821040
80720917
79171876
77925061
74734756
74146947
73987846
71707500
71259322
69902450
69012269
66452089
66322277
66090677
65317929
64500095
59017517
57855730
55731418
54227668
52233387
51182002
50978700
49838143
47306713
47067069
46429656
45720183
44663089
44171012
42661330
42446359
41800641
39863173
39060041
38726586
37289037
37222958
36837901
36783919
33966983
30566303
30364515
30296884
29813001
28952061
27846036
27748356
27735561
27637355
26773227
26706403
26585512
26492409
26159111
25193741
25167175
24885797
24439311
24283672
24015923
23410988
20853806
20304864
19303094
18948079
18041181
16707777
15074549
14186318
13287811
13239739
13166906
13125118
13096809
12306353
11804463
7284402
5165167
230241087
228494527
223431871
222864379
222819809
222501378
222102652
221429312
221358756
219154114
216062146
213909443
213823397
213646277
211923737
209695552
209623778
208372106
207744505
207470434
207379143
207145432
206509382
206218401
203910406
202348531
201815397
200919309
200682400
199934032
199618902
199557906
196439697
195536077
195127128
194661776
194003539
193901241
193139916
193114134
192272969
192192258
191942534
191013151
191007360
190138812
189830551
188664693
187266133
186566420
186549514
185997444
184846282
184040309
183824839
183330990
182787304
182716333
182353773
178697616
178141005
177397300
177300625
176326318
176268548
175239410
174380467
173056914
172828239
172341858
169403417
169083536
168554697
168515282
168296820
166527586
165625482
165228781
164980802
164766487
163639960
163592434
160027198
158617520
157974313
156066073
155274538
152451009
150982988
148967921
148408382
147796962
145776640
138004225
137650387
135203770
134996965
132024543
131394800
130697841
125737827
124702019
124673004
121602790
121022523
120126087
119035691
118078446
116986990
114003935
113903615
113714179
112158265
111485767
111477296
111134102
110533549
110374342
109908497
109428780
108737474
108457634
108228200
107837706
107244071
107046729
105659115
104856935
104670595
104564190
104506374
102403030
101995957
101023473
99373083
97816414
97245380
95888145
93697818
93271870
92352906
92119502
91860448
91631315
90555245
90539794
89666177
89205346
88799137
88432668
87640235
87230522
86845605
85692926
85564249
85447559
85263849
85023642
84016784
84002233
83902450
83230325
81763655
81542276
81332758
81093695
79694023
79044351
77909307
77684944
76968068
75955277
75562438
75181714
74902539
74858385
73925372
73774188
73265426
72060823
71101272
70949438
70635956
69288954
69157615
68716929
67878238
67869275
66901134
66860988
66288080
65793365
65667101
64616111
64595927
63797754
62939358
62598654
62335300
62117336
62077966
61892952
61014036
60609851
60225180
60111987
59149091
59080953
58932470
