15074549
14186318
13287811
13239739
13166906
13125118
13096809
12306353
11804463
7284402
5165167
230241087
228494527
223431871
222864379
222819809
222501378
222102652
221429312
221358756
219154114
216062146
213909443
213823397
213646277
211923737
209695552
209623778
208372106
207744505
207470434
207379143
207145432
206509382
206218401
203910406
202348531
201815397
200919309
200682400
199934032
199618902
199557906
196439697
195536077
195127128
194661776
194003539
193901241
193139916
193114134
192272969
192192258
191942534
191013151
191007360
190138812
189830551
188664693
187266133
186566420
186549514
185997444
184846282
184040309
183824839
183330990
182787304
182716333
182353773
178697616
178141005
177397300
177300625
176326318
176268548
175239410
174380467
173056914
172828239
172341858
169403417
169083536
168554697
168515282
168296820
166527586
165625482
165228781
164980802
164766487
163639960
163592434
160027198
158617520
157974313
156066073
155274538
152451009
150982988
148967921
148408382
147796962
145776640
138004225
137650387
135203770
134996965
132024543
131394800
130697841
125737827
124702019
124673004
121602790
121022523
120126087
119035691
118078446
116986990
114003935
113903615
113714179
112158265
111485767
111477296
111134102
110533549
110374342
109908497
109428780
