215443590
213946528
213352639
213124896
213089920
208430343
207811811
207328694
207306491
206856090
206586103
205634970
205529916
203143463
202680423
202233722
200337536
200079624
199562728
199319001
197866360
196714902
194782563
194205013
193696577
192201534
190799661
190696861
190504908
190152058
190061593
188679067
187612986
186746995
186379771
185981020
185342298
184874704
183627352
183442392
182006268
181718910
181520537
178984266
178006654
175113384
173553645
173256753
172919990
172462242
172452584
172385398
171405107
169943523
167613323
166938320
162311616
162039480
159887472
156908405
156151010
155271436
150914124
150461007
147784155
145691253
144157770
143565488
139562203
138280228
134925136
133288976
132550985
130688372
130570854
130258671
129071903
128464972
127129050
124701230
123816622
122695202
122334905
121404296
118389504
115826166
114704175
114480260
114303868
113211785
112913030
109994142
108239749
105939800
105537230
104921520
103985019
103971413
103300946
103220781
102800400
101795458
99106107
92696566
91799719
90871334
88562406
87969827
87164242
86166101
83624113
83332861
82821040
80720917
79171876
77925061
74734756
74146947
73987846
71707500
71259322
69902450
69012269
66452089
66322277
66090677
65317929
64500095
59017517
57855730
55731418
54227668
52233387
51182002
50978700
49838143
47306713
47067069
46429656
45720183
44663089
44171012
42661330
42446359
41800641
39863173
39060041
38726586
37289037
37222958
36837901
36783919
33966983
30566303
30364515
30296884
29813001
28952061
27846036
27748356
27735561
27637355
26773227
26706403
26585512
26492409
26159111
25193741
25167175
24885797
24439311
24283672
24015923
23410988
20853806
20304864
19303094
18948079
18041181
16707777
15074549
14186318
13287811
13239739
13166906
13125118
13096809
12306353
11804463
7284402
5165167
230241087
228494527
223431871
222864379
222819809
222501378
222102652
221429312
221358756
219154114
216062146
213909443
213823397
213646277
211923737
209695552
209623778
208372106
207744505
207470434
207379143
207145432
206509382
206218401
203910406
202348531
201815397
200919309
200682400
199934032
199618902
199557906
196439697
195536077
195127128
194661776
194003539
193901241
193139916
193114134
192272969
192192258
191942534
191013151
191007360
190138812
189830551
188664693
187266133
186566420
186549514
185997444
184846282
184040309
183824839
183330990
182787304
182716333
182353773
178697616
178141005
177397300
177300625
176326318
176268548
175239410
174380467
173056914
172828239
172341858
169403417
169083536
168554697
168515282
168296820
166527586
165625482
165228781
164980802
164766487
163639960
163592434
160027198
158617520
157974313
156066073
155274538
152451009
150982988
148967921
148408382
147796962
145776640
138004225
137650387
135203770
134996965
132024543
131394800
130697841
125737827
124702019
124673004
121602790
121022523
120126087
119035691
118078446
116986990
114003935
113903615
113714179
112158265
111485767
111477296
111134102
110533549
110374342
109908497
109428780
108737474
108457634
108228200
107837706
107244071
107046729
105659115
104856935
104670595
104564190
104506374
102403030
101995957
101023473
99373083
97816414
97245380
95888145
93697818
93271870
92352906
92119502
91860448
91631315
90555245
90539794
89666177
89205346
88799137
88432668
87640235
87230522
86845605
85692926
85564249
85447559
85263849
85023642
84016784
84002233
83902450
83230325
81763655
81542276
81332758
81093695
79694023
79044351
77909307
77684944
76968068
75955277
75562438
75181714
74902539
74858385
73925372
73774188
73265426
72060823
71101272
70949438
70635956
69288954
69157615
68716929
67878238
67869275
66901134
66860988
66288080
65793365
65667101
64616111
64595927
63797754
62939358
62598654
62335300
62117336
62077966
61892952
61014036
60609851
60225180
60111987
59149091
59080953
58932470
58825182
58546067
58514069
58499678
58269123
57978668
56782778
56685749
56382702
55490961
55298628
54997001
54468532
54407727
53778497
53226794
52776245
52639362
52457035
52439823
52060163
51522934
50761814
49861785
49346338
49163724
47614976
47436169
47213407
47201633
47041013
46504519
45533400
45278817
44706460
44643121
44463751
44435033
44432880
44139723
43867361
43802594
43363371
42398799
42346356
42182645
41993754
41895729
41854229
41763263
41748286
41310976
41281279
41267214
40861026
40460451
40324520
40087776
40026602
39749944
39577545
39460709
39443950
39011477
38844102
37203666
37172473
35644110
35294941
34638835
34391253
34274067
34047461
34017283
33346409
33178171
33099267
32299081
32145113
31698173
31573989
31424454
31085510
30670600
30337516
29883453
29859357
29842157
29559607
29539961
29397568
29251565
29014950
28851577
28718306
28581926
28501188
28481326
28391551
28024546
27819725
27528592
27440001
27383531
27226423
26606062
26581976
26534779
26253491
26000235
25899206
25720745
25644509
25597869
25401453
24970176
24952435
24698558
24641097
24591111
24331739
24264504
24193343
24165667
23893749
23763878
23524335
23475369
23443292
23308200
23207262
23200677
23169750
23123547
22862881
22663239
22600572
22325158
22319877
22287155
22280950
22234878
22014349
21942612
21685519
21590324
21501023
21488563
21469659
21416388
20665819
20475758
20362314
20355350
20348373
20174030
20047490
19765076
19762045
19387066
19059819
18768627
18126115
18061893
17831347
17740072
17530864
17395880
17379768
17361914
17268409
16938560
16900263
16819356
16818726
16728338
16715821
16599721
16553382
16396184
16359684
16117818
16088131
15878407
15835606
15786767
15752650
15623468
15562328
15489232
13466589
13261024
13230072
13225532
13163998
13043647
12878310
12838076
12621730
12503065
12473973
12415542
12230856
12227227
12182678
12174552
12172036
12055089
11712398
11644531
11502135
11461264
11329583
10313333
8324452
7265376
7230230
7219386
7051077
7037343
6547145
6063773
5919727
5756051
5201463
4529613
4252972
4195744
3254161
225341664
219875971
213100920
211363751
210559613
210001799
209663615
209465705
207092244
202477493
198964247
197942121
196151040
195943730
195497461
194754854
194304787
193811991
189842005
187229843
185326004
180148941
177964683
169539177
169116254
166714315
164204314
161754632
143901397
136185426
131486776
115702035
115331234
112782187
109098274
105366378
102115940
81414202
80636577
79776163
79381892
77708717
76454934
76371781
69721835
67393106
62967100
57747893
54597832
54003361
53393750
52964139
47059174
46751958
45125345
45076740
43019392
39092220
37075448
34821419
34710256
31579969
29390528
28772660
27965217
24743362
24407405
24259694
22956129
22488045
22433081
22036774
18466675
15721521
11882937
11704329
7720228
6763049
6090240
5623527
228028962
228026624
227815809
226978623
223667131
223444699
223439935
222270267
219933954
219856935
217931199
217061158
217019838
216329506
215723330
214546360
214304926
213803785
213643522
213489563
213003096
212932201
212699574
212178983
211601189
210797915
209742857
209296031
209217834
207899285
207427126
207367076
206764436
206582011
206189473
204280265
204072023
203860168
202874537
202852502
202812941
202628158
202474601
202029615
201939976
201834941
201510124
201387047
201147752
201090434
200763877
199538487
199353450
198729509
198527671
198515491
198499744
198481517
197929643
196539372
196005267
195520546
195017515
194705390
194701453
194694254
194689840
194652247
194647810
194443471
194337494
194309119
194261863
194159119
194096094
193827889
193488362
193045917
192963024
192913300
192019985
191852164
191677963
190934700
190753897
189665831
189263873
188996428
188807055
188674755
188602120
188458307
188261579
188161762
187370000
186146948
185414203
183878298
181634618
180417655
180406024
179670891
179571176
178321114
176077486
175828433
175393194
174893259
174426393
173424533
172339761
171849173
171820751
171430642
170514903
170314505
169641455
169629680
169576209
169195780
168862637
168539536
168472514
165694960
165127651
164273410
162450508
162031931
160415422
159975019
159764703
159406298
157991561
157670045
157531304
156308459
155347901
155198561
154932767
154589398
153392504
152256766
151747537
151745857
151422047
150531493
149732869
149664276
148849365
146891945
145186991
144069856
143533577
142261814
141999222
141179397
140969769
139889445
139734602
139057806
139003107
138814750
138406934
137847243
137644915
137008341
136320150
134672344
133908301
133880526
133761208
133642963
133423971
133015242
132619804
131655547
131042522
130792000
130784990
128760797
128276959
126851980
124230642
124049142
122148490
118956269
118037828
117065516
109909045
108876247
107051989
106359022
105632229
105117583
104769549
47309338
40985024
36559111
29459799
28811483
24534617
22293211
17724280
16250650
12416527
11832046
8676636
4680085
225322084
224489508
223400355
220122151
219500996
218285209
218152644
217667773
217013244
214857367
214819551
211545893
210211009
209221125
209163487
207644227
207641468
207586360
205502101
204250938
203741425
203354441
200529062
198951746
198778790
195111383
192387805
191398359
191358383
189881323
189598094
188884881
188817041
186754556
184428665
178847824
174287415
172385527
172184653
171879254
171606194
170787090
170085409
169897982
168534307
168263838
167778432
167448435
166792867
166102099
165163334
164395793
159809767
158762727
158507033
158221351
156329383
155556949
155430665
154508874
153903893
151179850
149754964
147584651
146928368
145746737
143760035
143615435
142812403
142804824
140136274
138024726
136799720
136054646
135801397
135081201
130524784
126371268
108191452
106916889
102740930
102286474
99553005
86326340
86226765
80152246
76939526
66961204
62093299
57998948
53585806
50150219
48428298
37134528
36680115
30386113
26188503
24591074
23806306
23227289
22342756
21785046
20866687
19132412
16448995
14649929
12761539
5684822
5539117
222418438
221660444
214416316
213823740
212162726
211089573
209923875
209168226
205421442
203945627
203632467
202331185
199662000
198877305
198692393
197798510
193399781
193022252
192479664
191550574
190175490
188486839
188126146
187905736
187696257
187457203
187364525
187251146
186889827
186043826
185894142
180461891
180349852
179521240
178514789
178399270
173579449
172632534
168204274
165413619
163793296
163381988
163249167
162421680
159374003
159153685
158458783
157090167
156475487
156413900
154753272
152087057
151471899
148230680
145953527
145292246
141527151
140172107
137710252
136208539
126773303
124091112
105559511
103416716
103310796
103110060
100509210
70542554
69978178
39869258
26169144
21732534
20624451
15794534
12680336
8085624
225468868
221364541
221072002
220452862
217879427
208840253
207566269
206413003
204167690
202521174
200505206
199435750
197481495
195093899
189450873
185428914
167589595
161353201
157407081
135910567
109550997
105213080
101503857
80440501
72109545
59695855
56880080
50016488
47666262
44899513
35356119
31721151
31116874
30061054
28577177
24437530
22356580
13179336
12367201
219054243
204102890
201877811
199512440
187843868
182488135
176106196
153046397
149142704
145144658
137243362
134763480
134053547
112017172
85205287
84129672
79537609
78039570
64877508
64262379
62903043
55353422
51033610
38987675
30872507
28294269
27004930
25090928
24226957
23662006
22190980
21745896
21406049
20268554
17408041
216247685
215209251
204451993
195504451
193156887
183841336
178940224
175839073
172534247
172261983
170583573
168523282
167482197
164916461
159668766
152697427
152349389
134314381
132113337
123998053
116583856
53786455
37746728
204443626
204113576
200369974
198164414
192165544
192084716
187811617
186732047
186110170
186045104
179305853
178902077
178613190
175899550
174640169
172000332
171392026
170577124
170476512
169980736
168403700
167062945
166814079
164228167
161656756
158778147
158298942
158201047
157927212
156305557
153724042
153032564
151971249
151782995
147570288
146152022
138644075
83954753
53918284
51152101
12283727
225042561
222123196
222058500
221271264
217252733
215081881
212195752
210516837
210237638
209512609
208134533
204306820
203975197
202202481
200427817
200346955
199568633
196468780
195320759
192781583
188496721
186797267
182756527
181748365
166034400
165914332
151987323
149277530
141147202
136891502
24065474
201210504
192606563
185721167
209486648
202107073
192073502
171890688
139465427
136543483
116059433
114553121
107337019
105091608
104134731
100023471
99191944
98832140
98269518
90651750
84902753
81629056
78956045
57599128
49140576
47266232
29631123
29334157
24972538
21555289
16135641
223074141
204002740
201075561
200434263
196396076
112219613
106997116
60824846
49488732
36388263
35619297
29249511
29032799
27251774
22825507
22135558
13314245
221719648
201642101
199767695
195533291
118675251
114121394
97939614
83878532
78627215
64500726
54021240
32721611
30715403
27883136
25797707
25217382
23250427
21041303
20809148
12089759
228023807
227191680
219526819
219120859
218695238
213851522
213189413
213120188
211820486
211711289
209697878
209661992
208614155
205485490
204209036
203432716
202557496
200544567
199420689
198489174
198231190
64326652
61939891
53078892
51811404
19468805
5466388
225185826
222236606
221989980
215678777
211694136
211310680
207364150
204802901
202841612
202748877
200546031
194728448
192650752
191325764
189469182
187487644
184792983
180793097
180242470
179427497
178983337
178013255
174070841
173407436
173157708
171753859
169148266
164355598
163354000
162545554
161616850
140534895
131860623
110419176
82581257
78042036
70952684
62460165
43875499
27741918
25015487
8801728
122969800
115309022
99590001
89698563
63982820
61416027
52606180
47833336
45271622
39391871
30612935
30478681
30068302
26900922
26203061
22680277
17719463
12541242
12333124
12173147
8063108
5536403
181033884
135887484
104045465
60636990
58100733
30238280
226905827
225888896
224254371
220790875
218543174
218315559
218266246
212298057
211867625
207982837
202716238
202143566
163008743
130688305
62712902
25046607
3261140
172601058
135675050
130126176
119162818
98951312
66915563
63481027
37462814
31172216
22178174
222899553
211716701
181904738
98377106
86129095
69720506
28591838
