209217834
207899285
207427126
207367076
206764436
206582011
206189473
204280265
204072023
203860168
202874537
202852502
202812941
202628158
202474601
202029615
201939976
201834941
201510124
201387047
201147752
201090434
200763877
199538487
199353450
198729509
198527671
198515491
198499744
198481517
197929643
196539372
196005267
195520546
195017515
194705390
194701453
194694254
194689840
194652247
194647810
194443471
194337494
194309119
194261863
194159119
194096094
193827889
193488362
193045917
192963024
192913300
192019985
191852164
191677963
190934700
190753897
189665831
189263873
188996428
188807055
188674755
188602120
188458307
188261579
188161762
187370000
186146948
185414203
183878298
181634618
180417655
180406024
179670891
179571176
178321114
176077486
175828433
175393194
174893259
174426393
173424533
172339761
171849173
171820751
171430642
170514903
170314505
169641455
169629680
169576209
169195780
168862637
168539536
168472514
165694960
165127651
164273410
162450508
162031931
160415422
159975019
159764703
159406298
157991561
157670045
157531304
156308459
155347901
155198561
154932767
154589398
153392504
152256766
151747537
151745857
151422047
150531493
149732869
149664276
148849365
146891945
145186991
144069856
143533577
142261814
141999222
141179397
140969769
139889445
139734602
139057806
139003107
138814750
138406934
137847243
137644915
137008341
136320150
134672344
133908301
133880526
133761208
133642963
133423971
133015242
132619804
131655547
131042522
130792000
130784990
128760797
128276959
126851980
124230642
124049142
122148490
118956269
118037828
117065516
109909045
108876247
107051989
106359022
105632229
105117583
104769549
47309338
40985024
36559111
29459799
28811483
24534617
22293211
17724280
16250650
12416527
11832046
8676636
4680085
225322084
224489508
223400355
220122151
219500996
218285209
218152644
217667773
217013244
214857367
214819551
211545893
210211009
209221125
209163487
207644227
207641468
207586360
205502101
204250938
203741425
203354441
200529062
198951746
198778790
195111383
192387805
191398359
191358383
189881323
189598094
188884881
188817041
186754556
184428665
178847824
174287415
172385527
172184653
171879254
171606194
170787090
170085409
169897982
168534307
168263838
167778432
167448435
166792867
166102099
165163334
164395793
159809767
158762727
158507033
158221351
156329383
155556949
155430665
154508874
153903893
151179850
149754964
147584651
146928368
145746737
143760035
143615435
142812403
142804824
140136274
138024726
136799720
136054646
135801397
135081201
130524784
126371268
108191452
106916889
102740930
102286474
99553005
86326340
86226765
80152246
76939526
66961204
62093299
57998948
53585806
50150219
48428298
37134528
36680115
30386113
26188503
24591074
23806306
23227289
22342756
21785046
20866687
19132412
16448995
14649929
12761539
5684822
5539117
222418438
221660444
214416316
213823740
212162726
211089573
209923875
209168226
205421442
203945627
203632467
202331185
199662000
198877305
198692393
197798510
193399781
193022252
192479664
191550574
190175490
188486839
188126146
187905736
187696257
187457203
187364525
187251146
186889827
186043826
185894142
180461891
180349852
179521240
178514789
178399270
173579449
172632534
168204274
165413619
163793296
163381988
163249167
162421680
159374003
159153685
158458783
157090167
156475487
156413900
154753272
152087057
151471899
148230680
145953527
145292246
141527151
140172107
137710252
136208539
126773303
124091112
105559511
103416716
103310796
103110060
100509210
70542554
69978178
39869258
26169144
21732534
20624451
15794534
12680336
8085624
225468868
221364541
221072002
220452862
217879427
208840253
207566269
206413003
204167690
202521174
200505206
199435750
197481495
195093899
189450873
185428914
167589595
161353201
157407081
135910567
109550997
105213080
101503857
80440501
72109545
59695855
56880080
50016488
47666262
44899513
35356119
31721151
31116874
30061054
28577177
