16938560
16900263
16819356
16818726
16728338
16715821
16599721
16553382
16396184
16359684
16117818
16088131
15878407
15835606
15786767
15752650
15623468
15562328
15489232
13466589
13261024
13230072
13225532
13163998
13043647
12878310
12838076
12621730
12503065
12473973
12415542
12230856
12227227
12182678
12174552
12172036
12055089
11712398
11644531
11502135
11461264
11329583
10313333
8324452
7265376
7230230
7219386
7051077
7037343
6547145
6063773
5919727
5756051
5201463
4529613
4252972
4195744
3254161
225341664
219875971
213100920
211363751
210559613
210001799
209663615
209465705
207092244
202477493
198964247
197942121
196151040
195943730
195497461
194754854
194304787
193811991
189842005
187229843
185326004
180148941
177964683
169539177
169116254
166714315
164204314
161754632
143901397
136185426
131486776
115702035
115331234
112782187
109098274
105366378
102115940
81414202
80636577
79776163
79381892
77708717
76454934
76371781
69721835
67393106
62967100
57747893
54597832
54003361
53393750
52964139
47059174
46751958
45125345
45076740
43019392
39092220
37075448
34821419
34710256
31579969
29390528
28772660
27965217
24743362
24407405
24259694
22956129
22488045
22433081
22036774
18466675
15721521
11882937
11704329
7720228
6763049
6090240
5623527
228028962
228026624
227815809
226978623
223667131
223444699
223439935
222270267
219933954
219856935
217931199
217061158
217019838
216329506
215723330
214546360
214304926
213803785
213643522
213489563
213003096
212932201
212699574
212178983
211601189
210797915
209742857
209296031
