58825182
58546067
58514069
58499678
58269123
57978668
56782778
56685749
56382702
55490961
55298628
54997001
54468532
54407727
53778497
53226794
52776245
52639362
52457035
52439823
52060163
51522934
50761814
49861785
49346338
49163724
47614976
47436169
47213407
47201633
47041013
46504519
45533400
45278817
44706460
44643121
44463751
44435033
44432880
44139723
43867361
43802594
43363371
42398799
42346356
42182645
41993754
41895729
41854229
41763263
41748286
41310976
41281279
41267214
40861026
40460451
40324520
40087776
40026602
39749944
39577545
39460709
39443950
39011477
38844102
37203666
37172473
35644110
35294941
34638835
34391253
34274067
34047461
34017283
33346409
33178171
33099267
32299081
32145113
31698173
31573989
31424454
31085510
30670600
30337516
29883453
29859357
29842157
29559607
29539961
29397568
29251565
29014950
28851577
28718306
28581926
28501188
28481326
28391551
28024546
27819725
27528592
27440001
27383531
27226423
26606062
26581976
26534779
26253491
26000235
25899206
25720745
25644509
25597869
25401453
24970176
24952435
24698558
24641097
24591111
24331739
24264504
24193343
24165667
23893749
23763878
23524335
23475369
23443292
23308200
23207262
23200677
23169750
23123547
22862881
22663239
22600572
22325158
22319877
22287155
22280950
22234878
22014349
21942612
21685519
21590324
21501023
21488563
21469659
21416388
20665819
20475758
20362314
20355350
20348373
20174030
20047490
19765076
19762045
19387066
19059819
18768627
18126115
18061893
17831347
17740072
17530864
17395880
17379768
17361914
17268409
16938560
16900263
16819356
16818726
16728338
16715821
16599721
16553382
16396184
16359684
16117818
16088131
15878407
15835606
15786767
15752650
15623468
15562328
15489232
13466589
13261024
13230072
13225532
13163998
13043647
12878310
12838076
12621730
12503065
12473973
12415542
12230856
12227227
12182678
12174552
12172036
12055089
11712398
11644531
11502135
11461264
11329583
10313333
8324452
7265376
7230230
7219386
7051077
7037343
6547145
6063773
5919727
5756051
5201463
4529613
4252972
4195744
3254161
225341664
219875971
213100920
211363751
210559613
210001799
209663615
209465705
207092244
202477493
198964247
197942121
196151040
195943730
195497461
194754854
194304787
193811991
189842005
187229843
185326004
180148941
177964683
169539177
169116254
166714315
164204314
161754632
143901397
136185426
131486776
115702035
115331234
112782187
109098274
105366378
102115940
81414202
80636577
79776163
79381892
77708717
76454934
76371781
69721835
67393106
62967100
57747893
54597832
54003361
53393750
52964139
47059174
46751958
45125345
45076740
43019392
39092220
37075448
34821419
34710256
31579969
29390528
28772660
27965217
24743362
24407405
24259694
22956129
22488045
22433081
22036774
18466675
15721521
11882937
11704329
7720228
6763049
6090240
5623527
228028962
228026624
227815809
226978623
223667131
223444699
223439935
222270267
219933954
219856935
217931199
217061158
217019838
216329506
215723330
214546360
214304926
213803785
213643522
213489563
213003096
212932201
212699574
212178983
211601189
210797915
209742857
209296031
209217834
207899285
207427126
207367076
206764436
206582011
206189473
204280265
204072023
203860168
202874537
202852502
202812941
202628158
202474601
202029615
201939976
201834941
201510124
201387047
201147752
201090434
200763877
199538487
199353450
198729509
198527671
198515491
198499744
198481517
197929643
196539372
196005267
195520546
195017515
194705390
194701453
194694254
194689840
194652247
194647810
194443471
194337494
194309119
194261863
194159119
194096094
193827889
193488362
193045917
192963024
192913300
192019985
191852164
191677963
190934700
190753897
189665831
189263873
188996428
188807055
188674755
188602120
