215443590
213946528
213352639
213124896
213089920
208430343
207811811
207328694
207306491
206856090
206586103
205634970
205529916
203143463
202680423
202233722
200337536
200079624
199562728
199319001
197866360
196714902
194782563
194205013
193696577
192201534
190799661
190696861
190504908
190152058
190061593
188679067
187612986
186746995
186379771
185981020
185342298
184874704
183627352
183442392
182006268
181718910
181520537
178984266
178006654
175113384
173553645
173256753
172919990
172462242
172452584
172385398
171405107
169943523
167613323
166938320
162311616
162039480
159887472
