88511658
80112208
18121561
170383833
71045069
47295620
165814238
29635114
45445568
47195723
87486900
99073035
59268522
21295987
136810420
102617120
69935766
66854343
87159122
16668656
96147601
63080348
31007765
102989489
116137420
78449479
124218436
79671827
80554277
147202800
75190922
158294317
44358664
74736484
62457578
148341684
74313494
117057029
45192992
42209515
21784806
156467479
163999620
73304160
112494323
54827184
61333602
152743957
148626978
70571682
63211731
137668563
150233468
85810404
141410342
92341462
119752156
26394533
14787544
107157144
96225674
127016724
24620001
121379290
95732739
41856229
68226433
124378556
63126095
105606568
136541415
87859986
32847815
39228282
109845413
56907169
60091024
130790142
74101279
97578789
118227253
91593528
83125423
87034678
100959087
80138059
138665622
137645472
113502476
39387663
91441878
19108669
107341544
37981870
40475362
121416936
50823443
29070130
109213119
150473105
59326173
84388891
148619341
44109460
82649258
82376190
44508845
75586899
38931187
61305804
63548613
52678172
88280209
93804908
48748125
69739162
53994929
154533945
90748728
134859974
30513449
86347683
116439990
162224133
48404232
129792397
30230137
144349219
132716800
22749282
12979952
114986461
34857892
79979126
85848189
155867499
19584974
26306737
100141910
115539489
102504047
156791230
127967773
80106894
44655740
96000598
33796645
101281205
45657473
89435035
15005904
94393567
122911217
33406549
117294071
66062131
20621173
43662787
37459565
64045246
18145590
99353582
27206881
86093829
48923544
130644256
169354660
65281270
22800804
64617305
89234310
12376031
75989144
98789412
100886430
79424369
49864531
91958110
79722763
131470273
86805387
133771181
117910562
124601229
81548165
42095978
163402424
35462030
121129168
144724341
123343920
125037886
140600948
85888390
90817179
60918770
119701070
63864440
67618569
33854720
47424095
13366267
139960439
116178627
34291427
114317368
84241848
51576317
91885951
146728382
59704469
126617204
56563669
44435272
36622006
119798224
12733579
135441915
97168305
37080044
107361295
17257140
49976528
164791358
34502618
111741848
55100132
138667235
121133165
27173325
168773886
73509058
176233627
83800749
24973115
129692960
49528066
77908766
84836059
26125541
31297940
43462883
49772291
48033697
77001145
148103999
96460542
42688821
76079575
65113081
84045384
88269749
128759662
129711018
159937223
53086125
82596227
93714551
188664693
115957974
22406264
67995300
92612657
122109923
85150386
57502669
81597353
34688525
29005900
99433624
39191629
27094377
66724211
53267843
96209166
103810519
107540195
156097960
79198278
98844840
112947197
44899513
109255150
74538207
138696951
29551044
43273162
39041119
129478991
93304924
111315059
48815141
86236284
88437852
141632465
152184591
149630594
149365220
85809020
98138791
112849188
82526266
71034301
107260773
58671784
112587935
180360067
42953110
49504957
104162905
17270857
24769136
18160672
102781508
78178318
69717277
74559942
139321686
26426801
133173404
7869033
47559494
70936795
95631921
86979243
7321382
29220828
190551391
108904679
36797867
138025996
28516444
157414311
29943880
42414539
35848381
39322197
116699708
162839095
81619401
70191722
42778294
42899093
90278425
124883789
80218541
139556909
112010747
61994360
42484625
94721419
67424618
118918471
51370586
56058337
83102510
120023816
25693162
79060337
115889582
75541478
15201622
63656855
23341780
57342876
54717447
66485912
64006643
71697039
15811796
121356396
51759842
36494296
24091042
130016739
136905414
88929585
67555051
77745850
8146439
25216795
62647932
147033030
40673210
151649187
168893890
44268376
99260286
65079110
141461424
118990453
143616447
55308600
119642484
11396594
49891647
27008925
22789243
46453603
86612174
85396821
50889297
22193127
117660426
31874051
136947050
85930696
48351162
76233895
21199602
86309021
55562041
115606048
79224825
91324625
4119694
48780893
41668887
151890436
137095815
47448056
76501514
128138431
46210219
68482501
2989013
60263370
137043590
4615146
120159409
92286391
54228268
92098430
81259723
68850512
24205034
92857189
26529774
101407360
185224819
153898239
75015854
23629046
51192983
55895593
90773621
56886008
65859986
117546367
8957951
19876078
81614223
51712800
102491857
128182629
151674302
11300179
30713062
31304153
103601900
13606790
24636342
100789045
93733817
172503356
35955370
44221535
165807976
149648958
142910895
99644116
140209484
12623540
98797171
86656040
66145179
81016582
136271143
130552029
74557700
113796957
44151542
85699588
112702765
43742127
13305673
42777111
28316603
24702357
56513082
131862802
103103473
50755861
43657761
106966053
74409457
168460032
20347042
48132392
85362080
72523036
25611666
85494186
114342923
31641771
93959129
45016962
61462418
139892025
108607259
58751590
103408434
36108874
58505639
44858056
85038772
77004849
100126495
126052496
65389241
121507908
17019402
126966634
76784406
91863620
47940822
24008241
107154599
105053359
45939802
147883746
59820721
26475061
156413900
76995304
128342570
126979668
41552171
18991135
47776220
94851647
42668745
83341768
27790337
65381267
135310065
155304396
159721243
132904725
65795944
3604918
84247792
19594385
172389917
115444239
58295952
84077473
91466945
135026410
123487791
22613597
143532890
148173338
87519074
89036100
145392435
147877154
128656285
119127716
79921113
42915249
144175488
4237231
18088124
44256908
81517533
77596304
105084212
85995249
36086222
21576053
20209925
69934318
30856611
28428630
26265372
84907001
154638842
81437764
19683153
67698605
65241685
66820792
73658976
24395003
8950555
107921211
152305643
123650161
46173573
23411183
75385275
7751209
120015579
124909530
158240148
119711886
50985135
50407430
43913285
90076262
97210724
54273392
86126455
47868202
160567998
137651691
24211779
101264014
44549218
107510191
78312301
100487494
84353820
65352380
101186444
92726188
112277672
103886307
20429255
68450486
25671055
148615460
47163897
67827068
150107857
103166856
97486973
21352306
49740339
28011974
13506207
55503884
163373312
136253112
152870660
138820593
88477058
165983498
86914363
69273746
69030537
51793754
76102565
76699726
104488668
60924237
56059692
174791996
80552106
26689540
143490929
58575064
20728402
109527480
101004770
52614244
41506302
46818630
63018434
132924246
164311497
144250412
51128343
116097566
22997607
51591747
132571838
25240818
56758768
53327901
45745127
39219483
138573534
86778459
106435400
120357180
121122623
77922577
42555663
35446404
45296411
81235569
65973171
139717616
86616235
131761779
69156796
97472210
75493616
44327655
65736324
73620980
64215911
60752899
139446606
12509085
133178858
82916295
27351885
69315838
16261556
106947332
25068666
53524570
59337380
49118841
47876675
154958505
77465915
106206226
42855183
89646204
159201505
149236250
115407021
42866199
31039009
32209212
63661503
41274664
80900800
61915840
21083157
143587802
126065235
103416716
103083375
73660378
127783386
39159013
30039772
158972220
148455397
130943755
124578619
54121239
105288218
80109951
148342636
67757236
69330352
77015016
73423929
113984731
40670594
130187956
149655308
131258297
161553591
131031479
128698431
135742868
141814751
125621867
91936778
99181827
13075435
132268892
21005203
98940698
153334265
43982171
121173851
162072801
114591883
108590859
143087294
43904406
104181363
131901357
191225608
145738990
93785955
97534912
42858638
119088826
68441024
23913809
25319190
101493060
55010862
26698051
143531191
141191031
63543566
159317191
173796795
85118743
12953178
29219535
56987370
141888455
62959082
4991738
83078436
31400620
18695054
138922815
50701120
46886965
78475419
152321561
89602301
178006654
102922632
93628002
68191385
112743302
39389944
84470980
46749599
43631950
107267529
76631798
85509331
156824893
44023466
113268677
142207493
30507292
93982845
104283696
44113431
71305377
98648196
78606732
52073021
103414633
52131741
63446000
100266723
154623300
19856241
109666748
110310397
57245844
75016745
99324486
66703410
67356097
89178151
67372691
23140961
110856056
82872200
51968355
111861915
50516835
89832368
166475072
124437779
58928718
112771720
78427904
47228412
59058000
23106417
162368492
18099698
103185802
54274725
26992811
134438118
163969390
122660988
97939468
83406905
81858507
57400569
44254304
23059343
118482690
47980353
164797312
121264594
73043931
123835922
45655350
33076637
61398531
68340330
60957416
47202026
183750629
136209206
111714194
117231835
69341706
40343166
66245255
104852653
26997900
146807440
33914238
83342238
51135802
169825723
146457852
120395637
126566611
113637158
105137270
139946125
102945640
137650387
143461140
3249940
61128138
17411412
51984628
143839615
82767554
86037611
112425188
134967121
29978118
42566367
51937941
16276226
100138721
47080286
136013178
112262343
77947228
94977424
77723830
110721274
64667290
106650743
139700658
130280398
66321726
113867601
151925593
149445546
71722451
28187309
58772205
79310160
93737928
76344414
202917957
109684479
152925169
82475670
20765598
51855084
152603679
66599456
136203767
134021538
128765713
6675678
151550724
53354678
82558390
135645966
5468120
136617958
101604934
45355391
27855301
114447989
92870145
43943978
117989890
144343318
85026912
157031320
95641447
110557229
59330984
110893353
100720418
46758328
79886888
84448021
98277888
29935927
44853103
127141041
111944333
136237552
12277280
78230632
34956773
81139052
63781993
80845013
86739722
56124439
59364829
45049266
162731076
115573000
97230847
143479658
91288741
115924636
21535858
115858557
88980272
80935948
60303576
45912756
84652921
170979206
58379005
64149102
123332425
74633379
35753654
89108936
66114979
71599860
110621072
124418762
107372709
189145429
83762346
53334233
52976471
108750631
153000451
100028519
41547108
147229633
25360714
86452167
89499932
62560188
85319812
38392635
49227166
12164770
85049482
90440043
130689780
131112757
49652346
13387241
81791396
34705271
7440378
191135320
169403417
63084335
17792680
55094138
142186263
39335594
124540916
138534692
73812699
98163290
63815041
160027198
48621265
50444974
133044664
97882220
89069038
61247461
79476761
32233735
78086500
4648372
79127843
55615156
150037763
47112444
98090737
16844281
29086006
125213758
63049943
122143780
99664368
100987118
42145196
66042962
95289801
154531605
38859200
98104904
70786877
67771007
22694265
108244350
107300391
108453023
76265858
80454570
18565555
168048919
44287520
18894830
109340441
16267579
77333981
39239643
138674720
115055524
140248027
7716087
52276901
47834023
62478147
144659477
146084901
65507027
111168679
43107867
17678784
119283703
161195904
20898915
59849768
97529792
65784843
39170048
22341851
138449189
153619671
12505829
87843364
67749870
101046448
37278839
26176603
135389882
135342539
64859604
28351238
90125374
168718873
60308869
85968374
115349232
147021442
65787068
116143553
49965727
52765231
102674437
129440551
87954416
159188264
113373743
99970078
161511262
19285240
103034845
77928507
63690785
119423075
84113345
149941198
105872578
45544044
48597213
135070089
76695477
134972507
83415757
176694074
84827696
36792185
58030008
