121122623
16261556
48597213
63018434
89069038
66321726
126966634
108904679
111861915
120015579
84652921
79921113
92098430
127016724
144175488
92341462
48815141
41856229
137650387
89832368
135026410
51855084
147202800
87843364
83078436
21535858
173796795
93785955
124378556
77465915
50516835
143587802
143616447
44256908
107921211
110721274
120023816
42145196
190551391
49864531
91593528
89646204
168718873
90440043
29935927
115606048
56758768
75493616
48780893
98940698
105053359
111714194
169403417
110557229
21295987
168773886
104283696
48351162
44858056
29220828
58928718
76233895
77947228
41506302
99260286
15201622
34291427
53086125
66820792
50823443
165807976
97168305
67771007
39239643
138025996
73812699
87486900
74101279
61462418
76995304
