225888896
224794337
224254371
222899553
220564450
220044769
219318014
212435133
212336191
210797915
208583852
207306491
206811363
204018403
202114094
201693651
199878663
199144394
198252498
197186012
196328870
196091652
195246284
194860045
194616352
194430137
194357366
193739399
193207012
192874330
192258348
191423641
190799661
189956503
188938430
188662436
187861368
187690385
187159634
186814116
186798622
186697828
186386067
185959883
185923238
185143391
185004640
184800788
184727639
183847923
183582346
183182916
182643446
180537571
180058538
179938493
179617204
179522844
179301532
179160579
178043087
177972693
177739828
177097994
175955884
174778179
173917653
173241814
172418625
171674738
171507367
171255809
169972255
168149237
165371421
165338612
165131493
164766487
163843579
163670602
163547310
162278311
159546349
158633267
158397944
158003843
157065258
156939217
155175539
155006586
154141904
153819654
153808284
153507508
153500502
153276471
153053828
152741530
152607035
152405514
151730378
151444965
150468460
150358926
150228486
148652473
148253587
148124000
148067372
148058568
147881680
146704465
146670876
