88324197
81530073
79409562
69013330
68416480
66570336
66349223
55731521
54084746
51210896
50995474
50206142
43917796
23963972
23028792
20029673
18090934
12920663
118196959
111676713
110362887
85625228
78440726
77903065
75947338
68400122
67657150
67490405
56355204
55416588
53840070
39633512
29687103
25433285
24179491
18148153
17851385
13462819
13133213
7904542
7070045
138253386
135663833
105715927
57584926
47652190
43376945
17623209
13838879
218794781
218514274
217019838
215887297
214360060
211711289
211601189
208806210
208366116
204655176
203155131
202436630
200919309
200604078
200552395
198915818
198693161
197123925
196836501
196526676
193014224
191594897
190913865
189596728
182938247
182613590
179191283
178145930
177969693
177659461
172385527
172385398
171392026
168554697
163442131
110470570
109234347
78630579
52504243
52467280
48353551
29987337
29514175
23704245
12729592
12633122
8161888
6761143
6432977
5922404
221358756
217061158
216588192
216065191
214012738
213124896
212859684
211545893
207364150
206126856
203940251
201296869
199831251
197413964
197117397
195005993
194589785
193574286
187416435
183330990
180417655
143129122
141804066
130477461
126634161
126171772
126168473
126147044
111908512
104712267
100674804
78402431
66592761
65315661
63275027
56247299
49996206
44120365
33525565
30869102
15682859
13043929
11847886
219054243
