110112267
109928733
109903274
109637968
109613745
109605496
109560592
109559636
109549436
109473162
109315079
109305012
109300436
109119909
108985223
108887287
108787038
108772419
108733994
108697577
108646989
108638885
108403672
108307914
108186835
107959213
107929817
107735978
107518765
107469837
107415565
107190031
107185263
107181420
107177869
107137874
107080940
107011054
106980462
106889458
106521270
106445106
106338489
106336217
106298352
106210271
105941392
105774288
105725614
105632731
105586661
105577048
105515976
105435945
105403291
105383377
105363008
