66044279
63517589
61783846
61244907
59643440
55092935
53153823
53145657
50095490
49550108
48774554
48344192
47534132
46241979
46014348
45889940
44709930
44660688
42675393
42510272
40864415
40449587
40263100
39350130
37270186
37039175
36748757
35754644
35571243
34287999
31453784
31182803
30489570
29304638
29180734
26608355
23943960
23853946
23640955
23484134
22674749
22035197
21603164
19602872
19012048
18055848
16395112
16150208
15357056
15263443
12633416
12609565
12262254
12050201
7804618
7478233
6126110
6068036
5634330
5605535
5223124
4357906
222876829
221193820
218315559
218011900
215081881
214857367
209001882
208840253
208134463
207566269
206376864
205949379
204102890
204002740
203452522
202521174
201633991
200505206
200434263
197481495
195093899
193488362
193156887
192084716
191338313
190065099
187830675
186261293
185833513
185428914
184965077
183658478
182805998
181119469
179377351
178847824
177095149
177057376
176106196
175024686
174224529
167215586
166143293
163354000
159530411
157954138
157732050
154239053
153130406
151263516
150580153
148484859
148455397
145631661
143533577
140969769
139348588
138814750
137650387
136387588
136208539
134203798
134194377
129406412
129135381
128384689
127221923
126593269
125282649
125264778
124642388
123990693
123231543
122754370
122173091
120428271
119993634
119384989
118520726
117893810
116860026
114303868
112874367
112754961
112088068
111768413
111455685
109909045
108530343
108523853
107659128
107588426
104408597
102150027
101427632
100979355
98960699
97011817
94943102
92800052
92696566
91515644
91337908
89315402
85114647
84941487
83214750
83022443
82878877
82072810
80626837
80576432
80201858
75493042
73662594
73261809
71236208
71091726
70960272
66922598
66748295
65801168
61742663
61191428
59959886
58771556
57677595
55743586
55059014
51734976
51113143
50247907
49617858
48464650
48343141
45335580
45286688
44620486
43881932
38633363
33873873
32257440
30236772
27864675
27702080
24246141
23933937
23279401
22176190
21817847
19846520
19372443
18977556
17965118
17373929
17133494
16832782
15626036
13559898
13330506
13306623
13176407
12789515
12728870
12392042
12367440
12333210
12317320
12305162
12080470
