211162120
211157441
211125891
211083591
210938471
210008284
210001799
209465705
208122485
207399773
206962460
205502101
204734385
204520719
204072023
202987572
202968230
202931448
202874537
202856088
202742299
202662821
202477493
201924916
201834941
200899236
199934032
199837136
199753464
199410802
199266836
199135790
198951746
198579852
198515491
198489174
198481517
198028629
197902174
197866360
197660963
197067872
196929791
195497461
194694254
194652247
194443471
194211645
193394913
192913300
192606563
192201534
191877218
191660100
191290331
191111453
190934700
190753897
190482830
190417082
189842005
189749951
189665831
189188752
189167233
188261579
188110293
187926278
187426686
187332737
187224285
186598693
186573728
186379771
186356070
185072231
184970318
184332399
183878298
183194810
182353773
182344138
182083415
182000254
181506393
180557126
180148941
179608183
179571176
179305853
179155410
178902077
178321114
178302968
178141005
177788098
177543543
176407816
175685993
175593319
175534035
175338205
174620110
174306058
173463405
173424533
173385736
173198279
172983192
172392363
172261983
171962959
171841227
171610032
171216491
170577124
170305870
170176569
170070579
169581353
168863121
168326353
168090158
167998219
166814079
166532784
166528880
166474433
164587696
164327876
164228167
163196108
162886256
162237499
162031931
161479173
161130453
160133045
159809767
159283776
159075201
158762727
157927212
157670045
157050449
157039275
154850374
154508874
153625584
153123328
153032564
152787642
151756865
151422047
150531493
150468636
149720132
149602642
149162509
148313709
148173338
147684781
147322083
146984590
146274845
146133943
145953527
145746737
145392674
145186567
144839269
144069856
143989259
143831167
143573114
142718557
141999478
141780158
139889445
139132867
137592186
136493092
134801711
134672344
133642963
133423971
132901458
132302778
131941405
131340844
131042522
130396829
130199883
129660143
129461744
129385819
129048459
129046399
127187095
126773303
126559616
126163708
125352850
124492449
124230642
124136558
123523640
122120899
122109923
121790454
121351529
121121790
121016779
119865461
118929795
118920200
118904045
118505184
118204804
118204510
117608910
116327013
115904035
115573000
115532640
115371428
115063879
114995745
114872613
114326934
113678778
113292057
113130649
112678232
112622214
112596953
112325430
112002263
111948275
111667533
110820825
110797008
109941531
109809329
109358057
109272346
109255150
109163756
109114154
108340857
107778175
107672946
107503250
106658551
106167280
105987886
105617548
105362143
105345078
104311196
104283696
104231795
103416716
103294354
102037154
101898608
101651948
101566751
100495923
99654032
99239132
98743435
98733198
97758568
97356884
96999138
95565034
94911588
94086868
93675481
92316076
91150912
90809288
89604898
89330113
89287318
89110563
88770160
87549061
87000426
86974907
86901243
86660727
86010759
85986391
85860783
82505886
82495971
82099993
81416554
80681654
80373343
80092683
79360892
77232588
75565289
74507851
74101145
73969879
73178711
71574328
71473141
70714647
70543512
68862848
68814016
68677347
68441024
68191385
68150890
67736084
67048230
66063467
65319465
62907719
61140507
61010370
60689859
60283998
59624004
57075466
55981177
55468882
55400067
53931464
53102384
53005482
52928296
52841564
52650333
51538802
51110709
50006242
49626237
48941470
48037505
46911297
46884892
44701568
41996037
41856100
41375569
40304425
40277813
39860838
39485919
38190370
35783455
34944907
33300791
33025512
32543223
31751140
31623608
31262473
30831743
30663145
30143627
30014872
28898947
28246272
28044026
27966713
27115928
27012384
26830238
26485073
25299246
25014246
24963311
24583435
24360798
23648641
23331904
22724502
22462231
22106051
19674240
19404261
18409099
18347265
18232785
18232418
17999878
17884559
16828293
16780986
15829945
