43883359
43528565
43395162
43325442
43314467
43229556
43218269
43187754
43144925
43106476
43061813
42961401
42949170
42863494
42860246
42726992
42614596
42578625
42132288
42119800
41989684
41969300
41767912
41658914
41637699
41595249
41546388
41459988
41281216
41273305
41217930
41203296
41074144
41037007
41017814
40996828
40968460
40621137
40531597
40499610
40485927
40478877
40474277
40373163
40298638
40182106
40023183
40003045
39599615
39548910
39546110
39111448
39108381
39099544
38943037
38913240
38899185
38770297
38761038
38636408
38616281
38342931
38220621
38197214
38192117
38089119
38020736
37970680
37939640
37847370
37841443
37814530
37776761
37596759
37584611
37429097
37231852
37130579
37093575
36852606
36835219
36763475
