86035494
85817088
85776152
85624225
85441404
85231375
84829969
84746848
84745671
84676366
84656775
84590647
84537785
84446527
84383471
84333450
84049267
83990986
83976126
83810612
83600185
83499832
83432664
83421277
83326472
83243529
83182082
83170643
83035707
82961672
82944442
82860028
82834953
82798851
82735453
82733961
82702800
82664690
82540216
82520617
82495844
82421808
82410185
82396201
82087409
81790587
81758448
81683837
81563952
81551927
81383638
81381823
81326454
81224616
81099318
81080010
80986485
80966582
80813311
80804831
80790758
80742420
80628815
80511432
80447471
80319093
80211387
80098137
80005590
79924208
79653461
79522100
79423331
79129614
78992949
78726113
78607199
78417053
