36739891
36452623
36258332
36246716
36233096
36208633
36121347
36083043
36054228
36014623
35805554
35770348
35695679
35679869
35566159
35359350
35265908
35238096
35224150
35202722
35147716
34945294
34845532
34555850
34413933
34378460
34361103
34327555
34325223
34227359
34043244
33978492
33973219
33950899
33865538
33749135
33657055
33648855
33488391
33433029
33410915
33348896
33175708
33065930
32896951
32743706
32726313
32716986
32703867
32598679
32422006
32298388
32247908
32230285
32192063
32167771
32090083
31566764
31422747
31388465
30844711
30577809
30562721
30503114
30481205
30346005
30298316
30239264
30234687
30122699
29897358
29893222
29846479
29842064
29807670
29653790
29569668
29557749
29545487
29514011
29490574
29441423
29368398
29298295
29269914
29267291
29193731
29131272
29115134
29088543
28884870
