115502752
115360739
115320031
115282503
115186087
115070893
115017545
114917910
114674070
114548307
114435590
114428104
114323082
114135172
114080616
114000669
113834279
113616131
113518003
113465664
113434920
113361278
113176993
113161387
112827905
112436892
112091736
112063786
112038417
111924100
111923486
111919580
111886848
111776503
111769836
111558364
111487736
111419612
111345207
111331832
111330084
111329052
111300055
111285879
111185008
111053839
111041751
111012428
111010331
110987460
110964604
110954134
110852692
110766981
110758141
110627465
110606299
110557521
