80146292
79301387
78376269
78308498
78274738
78059859
77638031
76656159
76615982
76215251
75965313
75872026
75228901
69258126
68562282
67982457
66661130
65458989
64962665
64673096
64345961
63870407
63734063
63679753
63634251
63591174
63047346
61972358
60869309
58745265
58328435
57424567
56418343
54906490
54808092
53691616
53424753
52008390
51832171
51266973
51115313
50890324
50330917
50222209
50194472
50022130
49314757
48668307
48542974
48208900
48060856
47737634
46343543
45650823
45231275
45010025
44848224
44634291
44609872
44180852
43605993
43560880
42568960
42342224
42168142
42129035
40896810
40829668
40693150
40224758
40088427
39933686
39419052
38757595
38729301
37885809
36780097
33525915
33490951
33442338
32867540
32396903
31937967
31682440
31585340
31269119
30934531
30769110
30438807
30318634
30189858
29774809
29655141
28965204
28581858
28368692
28263290
27706348
26974749
26955757
26818352
26776184
26697139
26662221
26428715
25421162
25384219
24735633
23890475
23568652
23203670
22172004
22063539
21753744
21119074
21103931
20945626
20479650
20209119
19799304
19762655
19361766
19283808
18952967
18771995
18643294
17828896
17773730
17419895
17394143
17351628
17171601
17113038
16754776
16749698
16712869
16470525
16207240
16083008
15460618
14969165
14141378
13650821
12905892
12765748
12544503
12352711
12257765
12221208
12096480
11890159
11727667
11644334
11634642
11577897
7690180
6229073
6159364
5764884
5663722
5600243
4942390
4775929
4319869
4036762
3884848
3421296
3306251
228028962
227815809
227595328
225341664
224765316
222477283
221307173
221072002
220890277
220691396
220137305
219528413
217931199
217272896
216439298
215485992
214968645
214438040
213851522
213100920
213089920
212932201
212238329
211363751
