146235477
146021223
145704677
145003268
144156284
143018588
142109149
141337288
141280332
141247369
140956443
140028465
139466200
137847243
137600188
135607104
133617832
132286386
132062257
131922226
131427124
131415661
130989056
130851378
130816227
130357191
130318252
130147716
129720861
129478783
128562381
128186243
128165217
127003669
126952198
126430719
126320681
126190906
126113802
125812608
125583790
125578857
125404998
125375004
125342110
125304834
125248068
125014181
124769692
124615253
124369734
124251612
124121457
123949944
123949634
123900308
123793575
123683674
123481027
123208959
122042780
122016647
121868499
121626674
