15324116
13756317
12860691
12608472
12578570
12336415
12147246
11981742
7075688
6306535
5684822
5276182
5242553
4969036
4203738
4177456
3948839
2954965
230187711
227599870
225560225
222058500
221719648
218412963
217703168
217470202
217252733
216351906
216062146
215415842
214304926
212408320
212383497
212195752
210566301
210514428
210211009
208867623
208192885
208134533
207984779
207390038
206586103
204834639
204443626
203975197
203354441
202452561
201878015
201642101
201437234
201089585
200763877
200534702
199962735
199767695
198964247
196468780
196082241
195533291
194337494
192742494
192185806
191268334
191217539
190868547
189098870
187148873
185721167
183204036
182377561
178404534
177438128
176859635
176077486
175393194
172021047
170986712
164355598
160288838
158578544
156475487
156151010
150229281
148615460
148034067
146546274
144547046
143760035
138545618
136370048
135964742
133385773
132127942
131310783
131192401
129037245
128976263
126101665
124779039
123712958
122551270
121724191
120380293
119859303
119541281
119174941
117643173
117550243
117407198
116505418
115573843
115515670
115391369
115383137
114927161
113389376
113305128
113111976
113010876
112913030
111740094
111182814
110576881
110240774
110180956
108946887
108481459
107970338
107417135
107103716
105199215
103908426
103710278
103110060
102530972
102527661
102369421
101607806
101342667
100751372
99905157
98605484
95835480
95078311
94437289
94017895
93956408
92526925
91615501
91213438
88486209
88005924
86458363
84781145
81892485
81535580
80876827
80447427
79334442
79140648
78868483
78416813
78194802
78160145
78142001
77772847
76714070
76379092
75131477
75054125
74740808
74215826
73995999
72439487
72400626
71283855
71213827
70727016
70536872
69991400
69647994
69391811
69075584
68976600
68844803
68769456
67535995
67103286
65356755
64664128
62982760
62805777
62720779
59758482
59461435
58459409
57904040
57446206
56896065
56734398
56620074
55608086
55385561
55005295
54892265
54573080
53152433
52951808
50927523
50685854
50369048
49754231
49570588
48766097
48375448
47663094
47219466
45899227
45386762
44780622
44402378
42375807
41507956
41117546
40160060
39890572
39839742
39206930
38915084
38636940
38260383
37795342
37009395
36999373
36912458
36359575
36177774
35622289
32874187
32703428
32547528
32288278
31727747
31511264
31364322
31265055
30893789
30190520
30170562
29640904
29034776
28928081
27719859
27358005
27045945
27020724
27001943
26875030
26688074
25932135
25707078
25516049
25000582
24704625
24633107
24565815
24346507
24097182
23475089
22183590
21667643
21515877
21115951
21000216
20655641
20348023
20228808
20212763
20205321
19854350
19606067
19041092
19008988
18355277
17974624
17783623
17585903
17504894
17065895
16557576
15940067
15781079
14178083
13879418
13421343
13120485
12940557
12853501
12459320
12313587
12296487
12208327
12065240
12047520
11538732
11144849
6851747
6783745
6419600
5941491
5775122
4076431
3367345
223716512
212519233
205990058
194782563
191033485
189263873
181033884
176295662
174544554
173603466
162700172
150310714
148230680
147538179
140174088
139847263
136891502
136799720
136320150
134554399
134493323
133802668
131470168
129456997
127478673
125109937
124781346
124005363
121085537
120596494
120023703
119950634
119656474
119056348
118794288
118546785
116877609
116490987
115816003
115541376
115087164
113449730
113289487
112427208
112097410
111538236
110793480
110313672
109904836
108876247
107653626
107598266
105778807
104767701
104561200
103745389
102610621
101842431
101709234
98299386
96828870
92345972
90788916
89000334
88712925
88601609
88068196
86462182
85830454
85750577
83787243
80185292
79034787
78577043
78237537
77647748
77255807
77038771
74528442
72129296
71811164
70021056
69078630
