96481384
96473786
96257679
96140016
95960362
95511338
95505628
95482871
95419801
95281766
95064577
94981248
94978486
94834465
94482818
94364717
94249570
94201258
93799707
93695424
93695302
93637044
93449755
93443330
93438373
93271046
93246271
93133955
93038425
92677854
92600480
92582629
92490513
92464329
92418269
92338902
91805320
91623242
91314353
91227347
90665558
90657377
90534455
90365672
90149191
89821442
89756432
89717276
89571303
89517592
89462464
89429835
89393913
89376562
89356118
89299040
89286573
89239166
89225917
88968545
88652127
88540868
88426032
88393752
87981156
87974557
87951235
87862660
87657471
87605169
87361733
87277255
87175435
87002475
86912797
86879062
86583912
86470153
86466138
86384922
