13501882
12050768
5591807
225322084
212374392
206764436
200346955
199807885
199562728
194701453
193127561
119837502
118315461
117983871
115605663
114872209
114799807
113806591
111089728
111064195
110441660
108704344
106494948
106181809
105823897
105078240
102044069
100822868
100100621
93917408
89908625
88283549
84088862
83646982
82108297
79419462
75665112
73263502
71845616
71676748
71357346
70805354
70188026
67528750
64732315
61926444
60088872
52983815
52710978
51086595
45964892
45948557
44925099
44260878
44071385
42814721
42209982
41473145
40641594
38661983
38454024
36920078
36429292
35990226
34624464
28832951
28691104
28630982
26550120
24130785
23605383
22374073
21929806
21436303
20775473
19574723
19488076
19446383
19067207
17461353
15815634
15030609
14976166
14125149
12586641
12504541
11846509
150723443
119243681
117198685
115491404
113749308
112395586
111872981
105025363
104909696
103311343
94769276
69233349
56452254
50927353
49252450
45485782
30814878
29800801
24755271
22811222
18069582
15670856
12278551
226646530
221443650
220851907
220535108
220452862
220329277
218528868
215607129
214156793
211632441
210873629
209923875
208731096
207302377
205520695
204097318
203340724
199557906
199532912
195861807
192440019
191362270
180843028
167565283
163881394
162189813
159528387
128668519
117795780
115340668
114392265
110613820
110068929
106685708
105609450
100806964
89748622
86922419
85950171
82973693
78510350
77771802
77481936
72593104
71318357
69689159
63423252
62214196
60627036
58365449
54701548
47562149
44949057
41678440
37611335
34999557
32824889
28365373
26648263
24143661
20930962
20195723
15969229
15948667
15856940
14925073
12984287
12678909
11873195
7041503
4183796
199615892
193098124
114327917
97242615
96645898
91401204
